0.000000000000000000e+00 7.604689276856344037e-04
7.901471645829974758e-03 7.602026595223470781e-04
2.842784876444096748e-02 7.595109418006749068e-04
6.157913135583295561e-02 7.583937875369580655e-04
1.073553194200059790e-01 7.568512599421296783e-04
1.657564129569600309e-01 7.548834221071448400e-04
2.367824119666950278e-01 7.524902645793821393e-04
3.204333164492110808e-01 7.496717175495599570e-04
4.167091264045081345e-01 7.464277379526371766e-04
5.256098418325862998e-01 7.427583536972305134e-04
6.471354627334453546e-01 7.386636167358369594e-04
7.812859891070854657e-01 7.341435487739264012e-04
9.280614209535064107e-01 7.291981496308733591e-04
1.087461758272708856e+00 7.238274284733922041e-04
1.259487001064691691e+00 7.180314062020024240e-04
1.444137149329456138e+00 7.118101048937284722e-04
1.641412203067001085e+00 7.051635475584653364e-04
1.851312162277326978e+00 6.980917608888218603e-04
2.073837026960434482e+00 6.905947754454409273e-04
2.308986797116322265e+00 6.826726258936455585e-04
2.556761472744991881e+00 6.743253516375667537e-04
2.817161053846441554e+00 6.655529974941856936e-04
3.090185540420673505e+00 6.563556144845392746e-04
3.375834932467685068e+00 6.467332607766400039e-04
3.674109229987478020e+00 6.366860028052041169e-04
3.985008432980052806e+00 6.262139166039767772e-04
4.308532541445408093e+00 6.153170893929647009e-04
4.644681555383542992e+00 6.039956214709646084e-04
4.993455474794460613e+00 5.922496284762318727e-04
5.354854299678160068e+00 5.800792440961655356e-04
5.728878030034639579e+00 5.674846233327002784e-04
6.115526665863898259e+00 5.544659464650904084e-04
6.514800207165940549e+00 5.410234238951791173e-04
6.926698653940762895e+00 5.271573021121883423e-04
7.351222006188364411e+00 5.128678710821070203e-04
7.788370263908749536e+00 4.981554734598355903e-04
8.238143427101915606e+00 4.830205161553586548e-04
8.700541495767863509e+00 4.674634849703437705e-04
9.175564469906587917e+00 4.514849632807923065e-04
9.663212349518097710e+00 4.350856561064233002e-04
1.016348513460238756e+01 4.182664214328229210e-04
1.067638282515945569e+01 4.010283114187974301e-04
1.120190542118930921e+01 3.833726272567451222e-04
1.174005292269194101e+01 3.653009931643830797e-04
1.229082532966735641e+01 3.468154576082261523e-04
1.285422264211554833e+01 3.279186339594481565e-04
1.343024486003652385e+01 3.086138993388027642e-04
1.401889198343028120e+01 2.889056811592779074e-04
1.462016401229681684e+01 2.687998789638724019e-04
1.523406094663613608e+01 2.483045004224674343e-04
1.586058278644823716e+01 2.274306461817644917e-04
1.649972953173311652e+01 2.061940815363680281e-04
1.715150118249077948e+01 1.846178312691682845e-04
1.781589773872122251e+01 1.627366310180454012e-04
1.849291920042444204e+01 1.406048979221835853e-04
1.918256556760045228e+01 1.183116897452999238e-04
1.988483684024923548e+01 9.601018330267319469e-05
2.059973301837079873e+01 7.397830999332811477e-05
2.132725410196514915e+01 5.274520097470151840e-05
2.206740009103227607e+01 3.333178172113003058e-05
2.282017098557219015e+01 1.751022571608491863e-05
2.358556678558488073e+01 7.228184715547415610e-06
2.436358749107034782e+01 2.401989486827638241e-06
2.515423310202860563e+01 7.042618370841175990e-07
2.595750361845963639e+01 1.949552835258010310e-07
2.677339904036344720e+01 5.237551299150952593e-08
2.760191936774004873e+01 1.377542500079661042e-08
2.844306460058942321e+01 3.556133772516148432e-09
2.929683473891157774e+01 9.017417855591545734e-10
3.016322978270652300e+01 2.246654916814147670e-10
3.104224973197423765e+01 5.500491179594281719e-11
3.193389458671474657e+01 1.323496920355857627e-11
3.283816434692801778e+01 3.129984157330420800e-12
3.375505901261407615e+01 7.276111963691305381e-13
3.468457858377293235e+01 1.662779196792167131e-13
3.562672306040455084e+01 3.735833837056911486e-14
3.658149244250895293e+01 8.252735818328832127e-15
3.754888673008614575e+01 1.792690431881759718e-15
3.852890592313610796e+01 3.829561451901998553e-16
3.952155002165885378e+01 8.045785633511196202e-17
4.052681902565439032e+01 1.662657104277613444e-17
4.154471293512269625e+01 3.379798048716682721e-18
4.257523175006378580e+01 6.758829386708412331e-19
4.361837547047766606e+01 1.329791592983052716e-19
4.467414409636431571e+01 2.574338055205532741e-20
4.574253762772375609e+01 4.904060538369673776e-21
4.682355606455597297e+01 9.193746052400604376e-22
4.791719940686096635e+01 1.696342807333930967e-22
4.902346765463875045e+01 3.080753810199468049e-23
5.014236080788930394e+01 5.507572836528823637e-24
5.127387886661264105e+01 9.693058217239423403e-25
5.241802183080876887e+01 1.679561638424157896e-25
5.357478970047766609e+01 2.865514838991956035e-26
5.474418247561934692e+01 4.814129823502786757e-27
5.592620015623381846e+01 7.964856918465516410e-28
5.712084274232105940e+01 1.297835403696104035e-28
5.832811023388107685e+01 2.082950328909809324e-29
5.954800263091389212e+01 3.293000922793632698e-30
6.078051993341947679e+01 5.128545343488690146e-31
6.202566214139785217e+01 7.869035444593947046e-32
6.328342925484899695e+01 1.189622260507073604e-32
6.455382127377293955e+01 1.772115573501512120e-33
6.583683819816963023e+01 2.601388743635691185e-34
6.713248002803914005e+01 3.763425941695361234e-35
6.844074676338142638e+01 5.366125376309061921e-36
6.976163840419646078e+01 7.541743753323201209e-37
7.109515495048430012e+01 1.044841000624724597e-37
7.244129640224493016e+01 1.427019308022238212e-38
7.380006275947830829e+01 1.921516866293603017e-39
7.517145402218449135e+01 2.551094399801794550e-40
7.655547019036346512e+01 3.339718565797275337e-41
7.795211126401518698e+01 4.311486482976186957e-42
7.936137724313971376e+01 5.489219208058827889e-43
8.078326812773703125e+01 6.892755057908663633e-44
8.221778391780709683e+01 8.537013107136283982e-45
8.366492461334996733e+01 1.042993868400257677e-45
8.512469021436562855e+01 1.257048133932161152e-46
8.659708072085406627e+01 1.494678592125191061e-47
8.808209613281525208e+01 1.753479336669944477e-48
8.957973645024924281e+01 2.029744477329845787e-49
9.109000167315602425e+01 2.318465714817477803e-50
9.261289180153555378e+01 2.613419137472184194e-51
9.414840683538790245e+01 2.907346484987707039e-52
9.569654677471302762e+01 3.192227846920121782e-53
9.725731161951090087e+01 3.459633839657775619e-54
9.883070136978157905e+01 3.701136735120899838e-55
1.004167160255250479e+02 3.908752847669543874e-56
1.020153555867412649e+02 4.075383676673852293e-57
1.036266200534302868e+02 4.195221564347304921e-58
1.052505094255920994e+02 4.264087320832190884e-59
1.068870237032266601e+02 4.279672327889601486e-60
1.085361628863340400e+02 4.241665568994207065e-61
1.101979269749141821e+02 4.151755989591213474e-62
1.118723159689670865e+02 4.013511455630650692e-63
1.135593298684927959e+02 3.832146138840546421e-64
1.152589686734912959e+02 3.614197264134406368e-65
1.169712323839625441e+02 3.367138872722309641e-66
1.186961209999065971e+02 3.098963976686954218e-67
1.204336345213234409e+02 2.817766990929649001e-68
1.221837729482130186e+02 2.531355802315651332e-69
1.239465362805754296e+02 2.246917791007849195e-70
1.257219245184106171e+02 1.970757316585135340e-71
1.275099376617185811e+02 1.708114508183932394e-72
1.293105757104992790e+02 1.463067539355912536e-73
1.311238386647528102e+02 1.238513700469639619e-74
1.329497265244791322e+02 1.036219088283521131e-75
1.347882392896781596e+02 8.569229616208153151e-77
1.366393769603500346e+02 7.004808685573738359e-78
1.385031395364947002e+02 5.660304223308717439e-79
1.403795270181120713e+02 4.521648114512594999e-80
1.422685394052022900e+02 3.571013919118697871e-81
1.441701766977652994e+02 2.788356040836520601e-82
1.460844388958010143e+02 2.152735798291288621e-83
1.480113259993095767e+02 1.643398130154555005e-84
1.499508380082909298e+02 1.240589027246863709e-85
1.519029749227449884e+02 9.261248325417005512e-87
1.538677367426718945e+02 6.837396100631233085e-88
1.558451234680715913e+02 4.992459553028485794e-89
1.578351350989439936e+02 3.605485724948216853e-90
1.598377716352892435e+02 2.575496961205615370e-91
1.618530330771072556e+02 1.819821478690316747e-92
1.638809194243980301e+02 1.272006366597956454e-93
1.659214306771616236e+02 8.795583020683309341e-95
1.679745668353979795e+02 6.016954802328612924e-96
1.700403278991070977e+02 4.072371455480616134e-97
1.721187138682890065e+02 2.727081495582013005e-98
1.742097247429437346e+02 1.806967549008958713e-99
1.763133605230712249e+02 1.184746230271031914e-100
1.784296212086714490e+02 7.686774446123431465e-102
1.805585067997445208e+02 4.935460373734175581e-103
1.827000172962903548e+02 3.136148917376074989e-104
1.848541526983089227e+02 1.972294409648147024e-105
1.870209130058003097e+02 1.227646400000586081e-106
1.892002982187644875e+02 7.563478804114899802e-108
1.913923083372013991e+02 4.612503936443332627e-109
1.935969433611111583e+02 2.784445442610151254e-110
1.958142032904936798e+02 1.663976851224015189e-111
1.980440881253489351e+02 9.844237782070306783e-113
2.002865978656770096e+02 5.765840839581591628e-114
2.025417325114778748e+02 3.343553568139624765e-115
2.048094920627514739e+02 1.919721348789309297e-116
2.070898765194978921e+02 1.091368518305562390e-117
2.093828858817171010e+02 6.143655658170479445e-119
2.116885201494090438e+02 3.424705894331193944e-120
2.140067793225738058e+02 1.890511299068730405e-121
2.163376634012113584e+02 1.033506762737433312e-122
2.186811723853216449e+02 5.595562421066740789e-124
2.210373062749047790e+02 3.000466149537567368e-125
2.234060650699606754e+02 1.593552340634192370e-126
2.257874487704892772e+02 8.382903384602925195e-128
2.281814573764907550e+02 4.368083116985011387e-129
2.305880908879649951e+02 2.254619578954784484e-130
2.330073493049119406e+02 1.152813655230576676e-131
2.354392326273317622e+02 5.839367195297180860e-133
2.378837408552243460e+02 2.930288729401768207e-134
2.403408739885896921e+02 1.456661179622827679e-135
2.428106320274278005e+02 6.823672990285665303e-137
2.452930149717387280e+02 -6.838852667629568018e-137
2.477880228215224179e+02 -2.057080379246302821e-136
2.502956555767788416e+02 -3.437217127963817065e-136
2.528159132375081128e+02 -4.824294577037822983e-136
2.553487958037101748e+02 -6.218311764892375084e-136
2.578943032753850844e+02 -7.619267703932855207e-136
2.604524356525326425e+02 -9.027161380228417610e-136
2.630231929351529629e+02 -1.044199175319240598e-135
2.656065751232462162e+02 -1.186375775526120856e-135
2.682025822168121181e+02 -1.329245829157153855e-135
2.708112142158507822e+02 -1.472809223963621824e-135
2.734324711203623792e+02 -1.617065844901842962e-135
2.760663529303466248e+02 -1.762015574100432148e-135
2.787128596458036327e+02 -1.907658290827429668e-135
2.813719912667335734e+02 -2.053993871457249248e-135
2.840437477931361627e+02 -2.201022189437492285e-135
2.867281292250115143e+02 -2.348743115255605043e-135
2.894251355623597419e+02 -2.497156516405371811e-135
2.921347668051806750e+02 -2.646262257353273328e-135
2.948570229534744271e+02 -2.796060199504674446e-135
2.975919040072409985e+02 -2.946550201169874315e-135
3.003394099664802752e+02 -3.097732117529994045e-135
3.030995408311923143e+02 -3.249605800602721098e-135
3.058722966013772862e+02 -3.402171099207890539e-135
3.086576772770349066e+02 -3.555427858932931260e-135
3.114556828581652894e+02 -3.709375922098139913e-135
3.142663133447686050e+02 -3.864015127721831413e-135
3.170895687368445124e+02 -4.019345311485315928e-135
3.199254490343932389e+02 -4.175366305697721895e-135
3.227739542374148982e+02 -4.332077939260707842e-135
3.256350843459092061e+02 -4.489480037632970138e-135
3.285088393598762764e+02 -4.647572422794645649e-135
3.313952192793162794e+02 -4.806354913211540269e-135
3.342942241042288742e+02 -4.965827323799223640e-135
3.372058538346144587e+02 -5.125989465886959519e-135
3.401301084704726350e+02 -5.286841147181504785e-135
3.430669880118036303e+02 -5.448382171730750803e-135
3.460164924586075017e+02 -5.610612339887216938e-135
3.489786218108840785e+02 -5.773531448271410260e-135
3.519533760686334176e+02 -5.937139289735003781e-135
3.549407552318556327e+02 -6.101435653323927328e-135
3.579407593005504964e+02 -6.266420324241242735e-135
3.609533882747181792e+02 -6.432093083809932273e-135
3.639786421543587380e+02 -6.598453709435506226e-135
3.670165209394720023e+02 -6.765501974568477281e-135
3.700670246300579720e+02 -6.933237648666694377e-135
3.731301532261169314e+02 -7.101660497157526267e-135
3.762059067276484825e+02 -7.270770281399895984e-135
3.792942851346528528e+02 -7.440566758646188231e-135
3.823952884471300990e+02 -7.611049682004000357e-135
3.855089166650799939e+02 -7.782218800397751582e-135
3.886351697885027079e+02 -7.954073858530152915e-135
3.917740478173982979e+02 -8.126614596843547550e-135
3.949255507517665933e+02 -8.299840751481071623e-135
3.980896785916075942e+02 -8.473752054247734324e-135
4.012664313369215847e+02 -8.648348232571289053e-135
4.044558089877081670e+02 -8.823629009463022694e-135
4.076578115439675685e+02 -8.999594103478371382e-135
4.108724390056998459e+02 -9.176243228677406733e-135
4.140996913729047719e+02 -9.353576094585185210e-135
4.173395686455825171e+02 -9.531592406151963079e-135
4.205920708237331382e+02 -9.710291863713259837e-135
4.238571979073564648e+02 -9.889674162949788443e-135
4.271349498964524969e+02 -1.006973899484727802e-134
4.304253267910214618e+02 -1.025048604565610470e-134
4.337283285910631321e+02 -1.043191499685083204e-134
4.370439552965775079e+02 -1.061402552508960851e-134
4.403722069075648733e+02 -1.079681730217341335e-134
4.437130834240248305e+02 -1.098028999500517428e-134
4.470665848459575500e+02 -1.116444326554876894e-134
4.504327111733632591e+02 -1.134927677078787618e-134
4.538114624062415601e+02 -1.153479016268468188e-134
4.572028385445926233e+02 -1.172098308813850895e-134
4.606068395884166762e+02 -1.190785518894421645e-134
4.640234655377133208e+02 -1.209540610175059385e-134
4.674527163924827278e+02 -1.228363545801851076e-134
4.708945921527251244e+02 -1.247254288397900327e-134
4.743490928184401128e+02 -1.266212800059122090e-134
4.778162183896278634e+02 -1.285239042350020491e-134
4.812959688662886037e+02 -1.304332976299462512e-134
4.847883442484219358e+02 -1.323494562396428942e-134
4.882933445360280302e+02 -1.342723760585757989e-134
4.918109697291071143e+02 -1.362020530263878152e-134
4.953412198276587901e+02 -1.381384830274522265e-134
4.988840948316832282e+02 -1.400816618904436410e-134
5.024395947411806560e+02 -1.420315853879070013e-134
5.060077195561506755e+02 -1.439882492358258121e-134
5.095884692765936279e+02 -1.459516490931888521e-134
5.131818439025091720e+02 -1.479217805615558116e-134
5.167878434338975921e+02 -1.498986391846218043e-134
5.204064678707588882e+02 -1.518822204477803168e-134
5.240377172130928329e+02 -1.538725197776854476e-134
5.276815914608995399e+02 -1.558695325418124369e-134
5.313380906141791229e+02 -1.578732540480176575e-134
5.350072146729314682e+02 -1.598836795440965779e-134
5.386889636371564620e+02 -1.619008042173413100e-134
5.423833375068544456e+02 -1.639246231940967874e-134
5.460903362820250777e+02 -1.659551315393154050e-134
5.498099599626684721e+02 -1.679923242561111694e-134
5.535422085487848562e+02 -1.700361962853119426e-134
5.572870820403737753e+02 -1.720867425050113932e-134
5.610445804374354566e+02 -1.741439577301191138e-134
5.648147037399702413e+02 -1.762078367119099574e-134
5.685974519479774472e+02 -1.782783741375723219e-134
5.723928250614575290e+02 -1.803555646297551886e-134
5.762008230804106006e+02 -1.824394027461138409e-134
5.800214460048362071e+02 -1.845298829788552655e-134
5.838546938347346895e+02 -1.866269997542815493e-134
5.877005665701060479e+02 -1.887307474323328121e-134
5.915590642109499413e+02 -1.908411203061289415e-134
5.954301867572667106e+02 -1.929581126015102530e-134
5.993139342090564696e+02 -1.950817184765768542e-134
6.032103065663187635e+02 -1.972119320212275939e-134
6.071193038290539334e+02 -1.993487472566974959e-134
6.110409259972619793e+02 -2.014921581350940684e-134
6.149751730709426738e+02 -2.036421585389332961e-134
6.189220450500960169e+02 -2.057987422806738231e-134
6.228815419347224633e+02 -2.079619031022505257e-134
6.268536637248214447e+02 -2.101316346746075464e-134
6.308384104203933020e+02 -2.123079305972291543e-134
6.348357820214380354e+02 -2.144907843976713615e-134
6.388457785279554173e+02 -2.166801895310906810e-134
6.428683999399454478e+02 -2.188761393797737403e-134
6.469036462574085817e+02 -2.210786272526644009e-134
6.509515174803442505e+02 -2.232876463848914414e-134
6.550120136087527953e+02 -2.255031899372941378e-134
6.590851346426342161e+02 -2.277252509959471597e-134
6.631708805819881718e+02 -2.299538225716857113e-134
6.672692514268150035e+02 -2.321888975996279344e-134
6.713802471771148248e+02 -2.344304689386980944e-134
6.755038678328871811e+02 -2.366785293711479573e-134
6.796401133941322996e+02 -2.389330716020774817e-134
6.837889838608505215e+02 -2.411940882589552194e-134
6.879504792330411647e+02 -2.434615718911372961e-134
6.921245995107046838e+02 -2.457355149693854169e-134
6.963113446938411926e+02 -2.480159098853850651e-134
7.005107147824502363e+02 -2.503027489512616013e-134
7.047227097765322696e+02 -2.525960243990971427e-134
7.089473296760868379e+02 -2.548957283804444623e-134
7.131845744811142822e+02 -2.572018529658430374e-134
7.174344441916147161e+02 -2.595143901443312870e-134
7.216969388075876850e+02 -2.618333318229610562e-134
7.259720583290334162e+02 -2.641586698263086803e-134
7.302598027559521370e+02 -2.664903958959869766e-134
7.345601720883433927e+02 -2.688285016901563571e-134
7.388731663262075244e+02 -2.711729787830349633e-134
7.431987854695445321e+02 -2.735238186644080676e-134
7.475370295183541884e+02 -2.758810127391368400e-134
7.518878984726366070e+02 -2.782445523266669674e-134
7.562513923323920153e+02 -2.806144286605360999e-134
7.606275110976200722e+02 -2.829906328878807115e-134
7.650162547683207777e+02 -2.853731560689425679e-134
7.694176233444945865e+02 -2.877619891765746589e-134
7.738316168261409302e+02 -2.901571230957462490e-134
7.782582352132600363e+02 -2.925585486230476848e-134
7.826974785058521320e+02 -2.949662564661941756e-134
7.871493467039167626e+02 -2.973802372435298670e-134
7.916138398074542692e+02 -2.998004814835303509e-134
7.960909578164646518e+02 -3.022269796243056640e-134
8.005807007309476830e+02 -3.046597220131020151e-134
8.050830685509034765e+02 -3.070986989058032687e-134
8.095980612763322597e+02 -3.095439004664322818e-134
8.141256789072336915e+02 -3.119953167666513602e-134
8.186659214436077718e+02 -3.144529377852627156e-134
8.232187888854549556e+02 -3.169167534077073583e-134
8.277842812327746742e+02 -3.193867534255658471e-134
8.323623984855671551e+02 -3.218629275360558625e-134
8.369531406438326258e+02 -3.243452653415314903e-134
8.415565077075706313e+02 -3.268337563489814787e-134
8.461724996767815128e+02 -3.293283899695264693e-134
8.508011165514652703e+02 -3.318291555179172542e-134
8.554423583316216764e+02 -3.343360422120315182e-134
8.600962250172508448e+02 -3.368490391723704339e-134
8.647627166083530028e+02 -3.393681354215560393e-134
8.694418331049278095e+02 -3.418933198838268069e-134
8.741335745069752647e+02 -3.444245813845340430e-134
8.788379408144958234e+02 -3.469619086496375550e-134
8.835549320274889169e+02 -3.495052903052013663e-134
8.882845481459547727e+02 -3.520547148768886992e-134
8.930267891698936182e+02 -3.546101707894575438e-134
8.977816550993049987e+02 -3.571716463662555420e-134
9.025491459341891414e+02 -3.597391298287145795e-134
9.073292616745463874e+02 -3.623126092958456213e-134
9.121220023203761684e+02 -3.648920727837332538e-134
9.169273678716787117e+02 -3.674775082050300325e-134
9.217453583284542447e+02 -3.700689033684507304e-134
9.265759736907023125e+02 -3.726662459782667341e-134
9.314192139584232564e+02 -3.752695236338001465e-134
9.362750791316170762e+02 -3.778787238289178893e-134
9.411435692102835446e+02 -3.804938339515257075e-134
9.460246841944230027e+02 -3.831148412830625165e-134
9.509184240840349958e+02 -3.857417329979943093e-134
9.558247888791197511e+02 -3.883744961633080634e-134
9.607437785796776097e+02 -3.910131177380065273e-134
9.656753931857078896e+02 -3.936575845726016394e-134
9.706196326972110455e+02 -3.963078834086094609e-134
9.755764971141871911e+02 -3.989640008780442297e-134
9.805459864366358715e+02 -4.016259235029129030e-134
9.855281006645573143e+02 -4.042936376947098949e-134
9.905228397979518604e+02 -4.069671297539120101e-134
9.955302038368188278e+02 -4.096463858694726931e-134
1.000550192781158671e+03 -4.123313921183179882e-134
1.005582806630971504e+03 -4.150221344648417170e-134
1.010628045386256872e+03 -4.177185987604004614e-134
1.015685909047015002e+03 -4.204207707428103047e-134
1.020756397613246236e+03 -4.231286360358421084e-134
1.025839511084949663e+03 -4.258421801487179108e-134
1.030935249462126421e+03 -4.285613884756087454e-134
1.036043612744775373e+03 -4.312862462951294272e-134
1.041164600932897656e+03 -4.340167387698369076e-134
1.046298214026492815e+03 -4.367528509457317091e-134
1.051444452025560167e+03 -4.394945677517454782e-134
1.056603314930100851e+03 -4.422418739992482847e-134
1.061774802740114183e+03 -4.449947543815637914e-134
1.066958915455599936e+03 -4.477531934734024047e-134
1.072155653076559020e+03 -4.505171757304590981e-134
1.077365015602990752e+03 -4.532866854888425059e-134
1.082587003034894906e+03 -4.560617069646348164e-134
1.087821615372272163e+03 -4.588422242532989682e-134
1.093068852615122296e+03 -4.616282213292386412e-134
1.098328714763444623e+03 -4.644196820452814105e-134
1.103601201817240280e+03 -4.672165901324996535e-134
1.108886313776508814e+03 -4.700189291989807551e-134
1.114184050641249542e+03 -4.728266827296742140e-134
1.119494412411463600e+03 -4.756398340848544964e-134
1.124817399087150307e+03 -4.784583683550635370e-134
1.130153010668309435e+03 -4.812784950199830367e-134
1.135501247154941893e+03 -5.042631788925984695e-134
1.140862108547047001e+03 1.475828269537584317e-131
1.146235594844624302e+03 -6.618538334757630720e-130
1.151621706047675161e+03 3.006383929577594593e-128
1.157020442156198442e+03 -1.381404221718445885e-126
1.162431803170194371e+03 -2.099882218350274064e-127
1.167855789089663404e+03 -4.162686258753204694e-127
1.173292399914605312e+03 -6.228431796960601282e-127
1.178741635645019414e+03 -8.298956671110652446e-127
1.184203496280906620e+03 -1.037425437151075745e-126
1.189677981822266929e+03 -1.245431864813248313e-126
1.195165092269099432e+03 -1.453914316616266797e-126
1.200664827621405038e+03 -1.662872150571421552e-126
1.206177187879183521e+03 -1.872304716136696470e-126
1.211702173042434424e+03 -2.082211354170855995e-126
1.217239783111158431e+03 -2.292591396887503945e-126
1.222790018085355314e+03 -2.503444167809138874e-126
1.228352877965024391e+03 -2.714768981721178940e-126
1.233928362750166798e+03 -2.926565144625978240e-126
1.239516472440782081e+03 -3.138831953696832972e-126
1.245117207036869559e+03 -3.351568697231962350e-126
1.250730566538430367e+03 -3.564774654608501643e-126
1.256356550945463823e+03 -3.778449096236456190e-126
1.261995160257969701e+03 -3.992591283512683289e-126
1.267646394475948910e+03 -4.207200468774822267e-126
1.273310253599400767e+03 -4.422275895255278993e-126
1.278986737628324818e+03 -4.637816797035140856e-126
1.284675846562722199e+03 -4.853822398998152752e-126
1.290377580402592457e+03 -5.070291916784641246e-126
1.296091939147935136e+03 -5.287224556745479407e-126
1.301818922798750918e+03 -5.504619515896026715e-126
1.307558531355039349e+03 -5.722475981870093894e-126
1.313310764816800202e+03 -5.940793132873895285e-126
1.319075623184034384e+03 -6.159570137640034673e-126
1.324853106456741443e+03 -6.378806155381464879e-126
1.330643214634920469e+03 -6.598500335745493261e-126
1.336445947718573052e+03 -6.818651818767778704e-126
1.342261305707698284e+03 -7.039259734826354842e-126
1.348089288602296392e+03 -7.260323204595649340e-126
1.353929896402366694e+03 -7.481841339000560917e-126
1.359783129107910327e+03 -7.703813239170498316e-126
1.365648986718926608e+03 -7.926237996393497992e-126
1.371527469235415310e+03 -8.149114692070323440e-126
1.377418576657377344e+03 -8.372442397668609130e-126
1.383322308984812025e+03 -8.596220174677028059e-126
1.389238666217718901e+03 -8.820447074559477672e-126
1.395167648356099335e+03 -9.045122138709306460e-126
1.401109255399952417e+03 -9.270244398403568109e-126
1.407063487349277693e+03 -9.495812874757305830e-126
1.413030344204076300e+03 -9.721826578677872112e-126
1.419009825964347783e+03 -9.948284510819300960e-126
1.425001932630091460e+03 -1.017518566153667882e-125
1.431006664201308467e+03 -1.040252901084060867e-125
1.437024020677998124e+03 -1.063031352835167147e-125
1.443054002060160201e+03 -1.085853817325495716e-125
1.449096608347795609e+03 -1.108720189425463372e-125
1.455151839540903666e+03 -1.131630362952855429e-125
1.461219695639483916e+03 -1.154584230668294425e-125
1.467300176643537725e+03 -1.177581684270708973e-125
1.473393282553064182e+03 -1.200622614392813231e-125
1.479499013368062833e+03 -1.223706910596588345e-125
1.485617369088534815e+03 -1.246834461368770971e-125
1.491748349714479673e+03 -1.270005154116347581e-125
1.497891955245896725e+03 -1.293218875162053874e-125
1.504048185682787107e+03 -1.316475509739883249e-125
1.510217041025150138e+03 -1.339774941990597373e-125
1.516398521272985590e+03 -1.363117054957247248e-125
1.522592626426294146e+03 -1.386501730580700313e-125
1.528799356485075805e+03 -1.409928849695171479e-125
1.535018711449329430e+03 -1.433398292023768342e-125
1.541250691319056614e+03 -1.456909936174034025e-125
1.547495296094256446e+03 -1.480463659633508136e-125
1.553752525774928472e+03 -1.504059338765287716e-125
1.560022380361073829e+03 -1.527696848803599219e-125
1.566304859852692061e+03 -1.551376063849380982e-125
1.572599964249782261e+03 -1.575096856865867794e-125
1.578907693552346018e+03 -1.598859099674193051e-125
1.585228047760382651e+03 -1.622662662948990909e-125
1.591561026873891478e+03 -1.646507416214013919e-125
1.597906630892873409e+03 -1.670393227837755646e-125
1.604264859817328215e+03 -1.694319965029087992e-125
1.610635713647255443e+03 -1.718287493832900342e-125
1.617019192382655774e+03 -1.742295679125757879e-125
1.623415296023528981e+03 -1.766344384611561995e-125
1.629824024569874382e+03 -1.790433472817226702e-125
1.636245378021693114e+03 -1.814562805088362139e-125
1.642679356378984721e+03 -1.838732241584970407e-125
1.649125959641748523e+03 -1.862941641277152423e-125
1.655585187809985655e+03 -1.887190861940825018e-125
1.662057040883695663e+03 -1.911479760153451929e-125
1.668541518862877638e+03 -1.935808191289780841e-125
1.675038621747533170e+03 -1.960176009517599837e-125
1.681548349537661352e+03 -1.984583067793501463e-125
1.688070702233261727e+03 -2.009029217858657291e-125
1.694605679834335660e+03 -2.033514310234610321e-125
1.701153282340882242e+03 -2.058038194219076048e-125
1.707713509752901018e+03 -2.082600717881757960e-125
1.714286362070393125e+03 -2.107201728060175368e-125
1.720871839293358107e+03 -2.131841070355507248e-125
1.727469941421795284e+03 -2.156518589128445523e-125
1.734080668455705563e+03 -2.181234127495065410e-125
1.740704020395088946e+03 -2.205987527322709668e-125
1.747339997239944523e+03 -2.230778629225885448e-125
1.753988598990273204e+03 -2.255607272562175833e-125
1.760649825646074760e+03 -2.280473295428170802e-125
1.767323677207348737e+03 -2.305376534655403963e-125
1.774010153674095818e+03 -2.330316825806314478e-125
1.780709255046315775e+03 -2.355294003170217654e-125
1.787420981324007926e+03 -2.380307899759294158e-125
1.794145332507173407e+03 -2.405358347304594717e-125
1.800882308595811764e+03 -2.430445176252060303e-125
1.807631909589922316e+03 -2.455568215758560684e-125
1.814394135489506198e+03 -2.480727293687945575e-125
1.821168986294562728e+03 -2.505922236607117301e-125
1.827956462005091680e+03 -2.531152869782118161e-125
1.834756562621093735e+03 -2.556419017174236161e-125
1.841569288142568894e+03 -2.581720501436124386e-125
1.848394638569516019e+03 -2.607057143907947674e-125
1.855232613901936475e+03 -2.632428764613534528e-125
1.862083214139829806e+03 -2.657835182256557376e-125
1.868946439283195332e+03 -2.683276214216728047e-125
1.875822289332034416e+03 -2.708751676546013196e-125
1.882710764286345920e+03 -2.734261383964860743e-125
1.889611864146129847e+03 -2.759805149858462007e-125
1.896525588911387104e+03 -2.785382786273016986e-125
1.903451938582117236e+03 -2.810994103912028506e-125
1.910390913158319336e+03 -2.836638912132612106e-125
1.917342512639994993e+03 -2.862317018941831132e-125
1.924306737027143299e+03 -2.888028230993044930e-125
1.931283586319763799e+03 -2.913772353582285402e-125
1.938273060517857857e+03 -2.939549190644651388e-125
1.945275159621424564e+03 -2.965358544750718806e-125
1.952289883630463237e+03 -2.991200217102984899e-125
1.959317232544975695e+03 -3.017074007532319832e-125
1.966357206364960575e+03 -3.042979714494449779e-125
1.973409805090417876e+03 -3.068917135066462579e-125
1.980475028721348508e+03 -3.094886064943325459e-125
1.987552877257752016e+03 -3.120886298434441601e-125
1.994643350699627490e+03 -3.146917628460211952e-125
2.001746449046976522e+03 -3.172979846548635349e-125
2.008862172299798203e+03 -3.199072742831923865e-125
2.015990520458092760e+03 -3.225196106043139671e-125
2.023131493521859284e+03 -3.251349723512869688e-125
2.030285091491099593e+03 -3.277533381165900765e-125
2.037451314365812323e+03 -3.303746863517946810e-125
2.044630162145997474e+03 -3.329989953672376977e-125
2.051821634831655501e+03 -3.356262433316983737e-125
2.059025732422786859e+03 -3.382564082720767745e-125
2.066242454919390184e+03 -3.408894680730754196e-125
2.073471802321466839e+03 -3.435254004768830699e-125
2.080713774629016370e+03 -3.461641830828614019e-125
2.087968371842038323e+03 -3.488057933472335188e-125
2.095235593960533151e+03 -3.514502085827766597e-125
2.102515440984501311e+03 -3.540974059585159593e-125
2.109807912913941436e+03 -3.567473624994216711e-125
2.117113009748854893e+03 -3.594000550861092246e-125
2.124430731489240770e+03 -3.620554604545416968e-125
2.131761078135099524e+03 -3.647135551957350657e-125
2.139104049686431154e+03 -3.673743157554664023e-125
2.146459646143235659e+03 -3.700377184339850017e-125
2.153827867505512586e+03 -3.727037393857259295e-125
2.161208713773262843e+03 -3.753723546190266103e-125
2.168602184946485522e+03 -3.780435399958469871e-125
2.176008281025180622e+03 -3.807172712314910437e-125
2.183427002009349053e+03 -3.833935238943331568e-125
2.190858347898990360e+03 -3.860722734055458114e-125
2.198302318694103633e+03 -3.887534950388312537e-125
2.205758914394690692e+03 -3.914371639201557675e-125
2.213228135000750171e+03 -3.941232550274872568e-125
2.220709980512282073e+03 -3.968117431905355585e-125
2.228204450929287304e+03 -3.995026030904960080e-125
2.235711546251765412e+03 -4.021958092597964167e-125
2.243231266479715487e+03 -4.048913360818464117e-125
2.250763611613138892e+03 -4.075891577907910257e-125
2.258308581652035173e+03 -4.102892484712663870e-125
2.265866176596403420e+03 -4.129915820581592929e-125
2.273436396446245453e+03 -4.156961323363699847e-125
2.281019241201559907e+03 -4.184028729405778621e-125
2.288614710862346783e+03 -4.211117773550107655e-125
2.296222805428606989e+03 -4.238228189132173562e-125
2.303843524900340071e+03 -4.265359707978432214e-125
2.311476869277545120e+03 -4.292512060404097098e-125
2.319122838560223954e+03 -4.319684975210969125e-125
2.326781432748375209e+03 -4.346878179685292156e-125
2.334452651841998431e+03 -4.374091399595651568e-125
2.342136495841095439e+03 -4.401324359190900110e-125
2.349832964745665322e+03 -4.428576781198123121e-125
2.357542058555707172e+03 -4.455848386820637337e-125
2.365263777271222352e+03 -4.483138895736022239e-125
2.372998120892210409e+03 -4.510448026094194438e-125
2.380745089418670432e+03 -4.537775494515508822e-125
2.388504682850603785e+03 -4.565121016088901698e-125
2.396276901188010470e+03 -4.592484304370069087e-125
2.404061744430888666e+03 -4.619865071379678621e-125
2.411859212579240648e+03 -4.647263027601623936e-125
2.419669305633065505e+03 -4.674677881981309001e-125
2.427492023592362330e+03 -4.702109341923973887e-125
2.435327366457132484e+03 -4.729557113293059914e-125
2.443175334227375515e+03 -4.757020900408608905e-125
2.451035926903090967e+03 -4.784500406045694460e-125
2.458909144484279295e+03 -4.811995331432912005e-125
2.466794986970940954e+03 -4.839505376250877768e-125
2.474693454363074125e+03 -4.867030238630797032e-125
2.482604546660681535e+03 -4.894569615153040784e-125
2.490528263863760912e+03 -4.922123200845791643e-125
2.498464605972312711e+03 -4.949690689183701338e-125
2.506413572986338295e+03 -4.977271772086611156e-125
2.514375164905836300e+03 -5.004866139918292346e-125
2.522349381730806726e+03 -5.032473481485243197e-125
2.530336223461250029e+03 -5.060093484035514458e-125
2.538335690097166662e+03 -5.087725833257579899e-125
2.546347781638555261e+03 -5.115370213279247801e-125
2.554372498085417192e+03 -5.143026306666611289e-125
2.562409839437751998e+03 -5.170693794423045903e-125
2.570459805695558771e+03 -5.198372355988234449e-125
2.578522396858839329e+03 -5.226061669237249594e-125
2.586597612927592309e+03 -5.253761410479670044e-125
2.594685453901817255e+03 -5.281471254458736614e-125
2.602785919781515986e+03 -5.309190874350556572e-125
2.610899010566687593e+03 -5.336919941763343687e-125
2.619024726257331167e+03 -5.364658126736707600e-125
2.627163066853448072e+03 -5.392405097740982037e-125
2.635314032355037853e+03 -5.420160521676593957e-125
2.643477622762100054e+03 -5.447924063873482040e-125
2.651653838074635132e+03 -5.475695388090552953e-125
2.659842678292643541e+03 -5.503474156515183813e-125
2.668044143416123461e+03 -5.531260029762769776e-125
2.676258233445077622e+03 -5.559052666876306272e-125
2.684484948379503749e+03 -5.586851725326035264e-125
2.692724288219402297e+03 -5.614656861009116703e-125
2.700976252964774631e+03 -5.642467728249346170e-125
2.709240842615619385e+03 -5.670283979796932341e-125
2.717518057171936107e+03 -5.698105266828304903e-125
2.725807896633726614e+03 -5.725931238945972845e-125
2.734110361000989997e+03 -5.753761544178428939e-125
2.742425450273725346e+03 -5.781595828980095160e-125
2.750753164451934026e+03 -5.809433738231321633e-125
2.759093503535615582e+03 -5.837274915238423372e-125
2.767446467524769105e+03 -5.865119001733770554e-125
2.775812056419395958e+03 -5.892965637875914475e-125
2.784190270219496142e+03 -5.920814462249778594e-125
2.792581108925067838e+03 -5.948665111866871611e-125
2.800984572536113319e+03 -5.976517222165570883e-125
2.809400661052631676e+03 -6.004370427011433119e-125
2.817829374474622455e+03 -6.032224358697568069e-125
2.826270712802085654e+03 -6.060078647945052087e-125
2.834724676035022185e+03 -6.087932923903384742e-125
2.843191264173431591e+03 -6.115786814151007349e-125
2.851670477217312964e+03 -6.143639944695849850e-125
2.860162315166668122e+03 -6.171491939975945918e-125
2.868666778021495702e+03 -6.199342422860081650e-125
2.877183865781795248e+03 -6.227191014648497801e-125
2.885713578447568580e+03 -6.255037335073640290e-125
2.894255916018814787e+03 -6.282881002300962149e-125
2.902810878495532506e+03 -6.310721632929768506e-125
2.911378465877724466e+03 -6.338558841994114053e-125
2.919958678165388847e+03 -6.366392242963754043e-125
2.928551515358525194e+03 -6.394221447745128877e-125
2.937156977457134872e+03 -6.422046066682423226e-125
2.945775064461217880e+03 -6.449865708558648229e-125
2.954405776370772401e+03 -6.477679980596791940e-125
2.963049113185800707e+03 -6.505488488461015939e-125
2.971705074906301888e+03 -6.533290836257892901e-125
2.980373661532275037e+03 -6.561086626537702929e-125
2.989054873063721516e+03 -6.588875460295781328e-125
2.997748709500640871e+03 -6.616656936973915720e-125
3.006455170843032647e+03 -6.644430654461778832e-125
3.015174257090897299e+03 -6.672196209098441075e-125
3.023905968244235282e+03 -6.699953195673909354e-125
3.032650304303045232e+03 -6.727701207430725712e-125
3.041407265267328512e+03 -6.755439836065616363e-125
3.050176851137084668e+03 -6.783168671731194247e-125
3.058959061912312336e+03 -6.810887303037711981e-125
3.067753897593014244e+03 -6.838595317054857842e-125
3.076561358179188574e+03 -6.866292299313622070e-125
3.085381443670835324e+03 -6.893977833808191527e-125
3.094214154067954951e+03 -6.921651502997916771e-125
3.103059489370547908e+03 -6.949312887809319022e-125
3.111917449578612832e+03 -6.976961567638152759e-125
3.120788034692151086e+03 -7.004597120351517656e-125
3.129671244711162217e+03 -7.032219122290030340e-125
3.138567079635645314e+03 -7.059827148270038145e-125
3.147475539465602196e+03 -7.087420771585896891e-125
3.156396624201031500e+03 -7.114999564012285402e-125
3.165330333841933225e+03 -7.142563095806594550e-125
3.174276668388308281e+03 -7.170110935711342543e-125
3.183235627840155757e+03 -7.197642650956668936e-125
3.192207212197475656e+03 -7.225157807262863279e-125
3.201191421460269339e+03 -7.252655968842956751e-125
3.210188255628535444e+03 -7.280136698405357877e-125
3.219197714702273515e+03 -7.307599557156555419e-125
3.228219798681485372e+03 -7.335044104803854867e-125
3.237254507566169650e+03 -7.362469899558192593e-125
3.246301841356326349e+03 -7.389876498136978357e-125
3.255361800051956379e+03 -7.417263455767007086e-125
3.264434383653059285e+03 -7.444630326187425233e-125
3.273519592159634158e+03 -7.471976661652740178e-125
3.282617425571682361e+03 -7.499302012935887358e-125
3.291727883889203440e+03 -7.526605929331360379e-125
3.300850967112196940e+03 -7.553887958658381009e-125
3.309986675240663772e+03 -7.581147647264127962e-125
3.319135008274603024e+03 -7.608384540027030756e-125
3.328295966214014697e+03 -7.635598180360095058e-125
3.337469549058899702e+03 -7.662788110214305712e-125
3.346655756809257582e+03 -7.689953870082067551e-125
3.355854589465087429e+03 -7.717094999000706038e-125
3.365066047026391061e+03 -7.744211034556024591e-125
3.374290129493167115e+03 -7.771301512885913346e-125
3.383526836865415589e+03 -7.798365968684008297e-125
3.392776169143137395e+03 -7.825403935203415518e-125
3.402038126326331621e+03 -7.852414944260478425e-125
3.411312708414998269e+03 -7.879398526238609061e-125
3.420599915409138248e+03 -7.906354210092161376e-125
3.429899747308751557e+03 -7.933281523350376923e-125
3.439212204113836378e+03 -7.960179992121369406e-125
3.448537285824394985e+03 -7.987049141096164847e-125
3.457874992440426013e+03 -8.013888493552816286e-125
3.467225323961929462e+03 -8.040697571360538428e-125
3.476588280388906242e+03 -8.067475894983932551e-125
3.485963861721355897e+03 -8.094222983487239765e-125
3.495352067959277065e+03 -8.120938354538664596e-125
3.504752899102672473e+03 -8.147621524414747899e-125
3.514166355151540301e+03 -8.174272008004790166e-125
3.523592436105880097e+03 -8.200889318815339900e-125
3.533031141965693678e+03 -8.227472968974723988e-125
3.542482472730980135e+03 -8.254022469237648396e-125
3.551946428401738558e+03 -8.280537328989836647e-125
3.561423008977970312e+03 -8.307017056252739690e-125
3.570912214459674942e+03 -8.333461157688283544e-125
3.580414044846851539e+03 -8.359869138603691473e-125
3.589928500139501466e+03 -8.386240502956337654e-125
3.599455580337624724e+03 -8.412574753358682716e-125
3.608995285441219494e+03 -8.438871391083234472e-125
3.618547615450288049e+03 -8.465129916067592620e-125
3.628112570364829480e+03 -8.491349826919525996e-125
3.637690150184842878e+03 -8.517530620922114889e-125
3.647280354910329606e+03 -8.543671794038950054e-125
3.656883184541289211e+03 -8.569772840919377901e-125
3.666498639077720782e+03 -8.595833254903807617e-125
3.676126718519626138e+03 -8.621852528029073921e-125
3.685767422867004370e+03 -8.647830151033847055e-125
3.695420752119854114e+03 -8.673765613364105751e-125
3.705086706278177644e+03 -8.699658403178658486e-125
3.714765285341974050e+03 -8.725508007354728770e-125
3.724456489311242422e+03 -8.751313911493580310e-125
3.734160318185984124e+03 -8.777075599926211469e-125
3.743876771966199158e+03 -8.802792555719099042e-125
3.753605850651886612e+03 -8.828464260679991378e-125
3.763347554243046034e+03 -8.854090195363766579e-125
3.773101882739678786e+03 -8.879669839078334782e-125
3.782868836141784868e+03 -8.905202669890606572e-125
3.792648414449362463e+03 -8.930688164632501285e-125
3.802440617662413842e+03 -8.956125798907024581e-125
3.812245445780938098e+03 -8.981515047094392216e-125
3.822062898804934321e+03 -9.006855382358208380e-125
3.831892976734403874e+03 -9.032146276651705982e-125
3.841735679569346757e+03 -9.057387200724025759e-125
3.851591007309761153e+03 -9.082577624126572019e-125
3.861458959955648879e+03 -9.107717015219400922e-125
3.871339537507009936e+03 -9.132804841177678036e-125
3.881232739963842505e+03 -9.157840567998182085e-125
3.891138567326149314e+03 -9.182823660505870617e-125
3.901057019593928544e+03 -9.207753582360488720e-125
3.910988096767179286e+03 -9.232629796063242811e-125
3.920931798845904268e+03 -9.257451762963525858e-125
3.930888125830101671e+03 -9.282218943265687740e-125
3.940857077719771041e+03 -9.306930796035879084e-125
3.950838654514914197e+03 -9.331586779208924493e-125
3.960832856215530228e+03 -9.356186349595273445e-125
3.970839682821618226e+03 -9.380728962887985840e-125
3.980859134333179554e+03 -9.405214073669788912e-125
3.990891210750213759e+03 -9.429641135420168792e-125
4.000935912072719930e+03 -9.454009600522537642e-125
4.010993238300699886e+03 -9.478318920271436475e-125
4.021063189434152264e+03 -9.502568544879799909e-125
4.031145765473076608e+03 -9.526757923486271307e-125
4.041240966417475192e+03 -9.550886504162588238e-125
4.051348792267345743e+03 -9.574953733920980540e-125
4.061469243022688715e+03 -9.598959058721675450e-125
4.071602318683505018e+03 -9.622901923480417420e-125
4.081748019249794652e+03 -9.646781772076053026e-125
4.091906344721555797e+03 -9.670598047358176745e-125
4.102077295098791183e+03 -9.694350191154814531e-125
4.112260870381499444e+03 -9.718037644280180857e-125
4.122457070569679672e+03 -9.741659846542477755e-125
4.132665895663330957e+03 -9.765216236751731633e-125
4.142887345662456937e+03 -9.788706252727724573e-125
4.153121420567055793e+03 -9.812129331307938213e-125
4.163368120377126615e+03 -9.835484908355571118e-125
4.173627445092671223e+03 -9.858772418767604429e-125
4.183899394713688707e+03 -9.881991296482930488e-125
4.194183969240176339e+03 -9.905140974490510867e-125
4.204481168672139574e+03 -9.928220884837616255e-125
4.214790993009574777e+03 -9.951230458638095750e-125
4.225113442252482855e+03 -9.974169126080721717e-125
4.235448516400863809e+03 -9.997036316437559841e-125
4.245796215454717640e+03 -1.001983145807242736e-124
4.256156539414044346e+03 -1.004255397844936597e-124
4.266529488278842109e+03 -1.006520330414120294e-124
4.276915062049113658e+03 -1.008777886083813318e-124
4.287313260724858992e+03 -1.011028007335639162e-124
4.297724084306076293e+03 -1.013270636564693185e-124
4.308147532792766469e+03 -1.015505716080420762e-124
4.318583606184930431e+03 -1.017733188107496702e-124
4.329032304482564541e+03 -1.019952994786712003e-124
4.339493627685673346e+03 -1.022165078175865862e-124
4.349967575794255026e+03 -1.024369380250661880e-124
4.360454148808308673e+03 -1.026565842905610987e-124
4.370953346727836106e+03 -1.028754407954938358e-124
4.381465169552836414e+03 -1.030935017133496411e-124
4.391989617283306870e+03 -1.033107612097683056e-124
4.402526689919252931e+03 -1.035272134426364568e-124
4.413076387460670958e+03 -1.037428525621804748e-124
4.423638709907561861e+03 -1.039576727110599131e-124
4.434213657259925640e+03 -1.041716680244613389e-124
4.444801229517762295e+03 -1.043848326301928030e-124
4.455401426681070006e+03 -1.045971606487789400e-124
4.466014248749852413e+03 -1.048086461935563199e-124
4.476639695724106787e+03 -1.050192833707696610e-124
4.487277767603834945e+03 -1.052290662796682102e-124
4.497928464389035071e+03 -1.054379890126030683e-124
4.508591786079708982e+03 -1.056460456551246410e-124
4.519267732675853040e+03 -1.058532302860809093e-124
4.529956304177471793e+03 -1.060595369777161398e-124
4.540657500584563422e+03 -1.062649597957700576e-124
4.551371321897127928e+03 -1.064694927995776277e-124
4.562097768115165309e+03 -1.066731300421694243e-124
4.572836839238675566e+03 -1.068758655703723779e-124
4.583588535267655971e+03 -1.070776934249111731e-124
4.594352856202111980e+03 -1.072786076405101718e-124
4.605129802042039955e+03 -1.074786022459957974e-124
4.615919372787440807e+03 -1.076776712643996124e-124
4.626721568438314534e+03 -1.078758087130616478e-124
4.637536388994662047e+03 -1.080730086037346978e-124
4.648363834456478799e+03 -1.082692649426886363e-124
4.659203904823771154e+03 -1.084645717308158243e-124
4.670056600096536386e+03 -1.086589229637364755e-124
4.680921920274774493e+03 -1.088523126319050928e-124
4.691799865358484567e+03 -1.090447347207171356e-124
4.702690435347668426e+03 -1.092361832106162748e-124
4.713593630242322433e+03 -1.094266520772022778e-124
4.724509450042451135e+03 -1.096161352913393969e-124
4.735437894748053623e+03 -1.098046268192651785e-124
4.746378964359128076e+03 -1.099921206227001109e-124
4.757332658875675406e+03 -1.101786106589574408e-124
4.768298978297694703e+03 -1.103640908810539972e-124
4.779277922625185965e+03 -1.105485552378210156e-124
4.790269491858151923e+03 -1.107319976740160321e-124
4.801273685996589847e+03 -1.109144121304349885e-124
4.812290505040501557e+03 -1.110957925440251344e-124
4.823319948989885233e+03 -1.112761328479981392e-124
4.834362017844741786e+03 -1.114554269719442545e-124
4.845416711605069395e+03 -1.116336688419465806e-124
4.856484030270871699e+03 -1.118108523806960891e-124
4.867563973842146879e+03 -1.119869715076073807e-124
4.878656542318894935e+03 -1.121620201389345262e-124
4.889761735701115867e+03 -1.123359921878880625e-124
4.900879553988808766e+03 -1.125088815647520729e-124
4.912009997181973631e+03 -1.126806821770021905e-124
4.923153065280612282e+03 -1.128513879294237910e-124
4.934308758284723808e+03 -1.130209927242312560e-124
4.945477076194308211e+03 -1.131894904611873410e-124
4.956658019009365489e+03 -1.133568750377234257e-124
4.967851586729895644e+03 -1.135231403490601627e-124
4.979057779355896855e+03 -1.136882802883289032e-124
4.990276596887372762e+03 -1.138522887466934374e-124
5.001508039324321544e+03 -1.140151596134726587e-124
5.012752106666742293e+03 -1.141768867762634802e-124
5.024008798914636827e+03 -1.143374641210645899e-124
5.035278116068003328e+03 -1.144968855324006901e-124
5.046560058126840886e+03 -1.146551448934473655e-124
5.057854625091153139e+03 -1.148122360861565398e-124
5.069161816960938268e+03 -1.149681529913825194e-124
5.080481633736196272e+03 -1.151228894890087100e-124
5.091814075416927153e+03 -1.152764394580748358e-124
5.103159142003130910e+03 -1.154287967769049576e-124
5.114516833494804814e+03 -1.155799553232357834e-124
5.125887149891954323e+03 -1.157299089743459884e-124
5.137270091194575798e+03 -1.158786516071858274e-124
5.148665657402670149e+03 -1.160261770985076090e-124
5.160073848516238286e+03 -1.161724793249966099e-124
5.171494664535278389e+03 -1.163175521634027662e-124
5.182928105459788640e+03 -1.164613894906729319e-124
5.194374171289774495e+03 -1.166039851840837878e-124
5.205832862025233226e+03 -1.167453331213753380e-124
5.217304177666164833e+03 -1.168854271808852048e-124
5.228788118212568406e+03 -1.170242612416833639e-124
5.240284683664445765e+03 -1.171618291837077408e-124
5.251793874021793272e+03 -1.172981248879002893e-124
5.263315689284615473e+03 -1.174331422363438475e-124
5.274850129452910551e+03 -1.175668751123996237e-124
5.286397194526679414e+03 -1.176993174008452898e-124
5.297956884505920243e+03 -1.178304629880139165e-124
5.309529199390633039e+03 -1.179603057619333264e-124
5.321114139180817801e+03 -1.180888396124664560e-124
5.332711703876477259e+03 -1.182160584314519901e-124
5.344321893477608683e+03 -1.183419561128462351e-124
5.355944707984212982e+03 -1.184665265528650340e-124
5.367580147396291068e+03 -1.185897636501270040e-124
5.379228211713841119e+03 -1.187116613057969846e-124
5.390888900936864047e+03 -1.188322134237305973e-124
5.402562215065358032e+03 -1.189514139106191842e-124
5.414248154099326712e+03 -1.190692566761356069e-124
5.425946718038768267e+03 -1.191857356330809477e-124
5.437657906883681790e+03 -1.193008446975315267e-124
5.449381720634069097e+03 -1.194145777889870935e-124
5.461118159289929281e+03 -1.195269288305193555e-124
5.472867222851259612e+03 -1.196378917489217024e-124
5.484628911318064638e+03 -1.197474604748591828e-124
5.496403224690342540e+03 -1.198556289430196357e-124
5.508190162968093318e+03 -1.199623910922653461e-124
5.519989726151316972e+03 -1.200677408657855831e-124
5.531801914240013502e+03 -1.201716722112498932e-124
5.543626727234181089e+03 -1.202741790809621291e-124
5.555464165133822462e+03 -1.203752554320152750e-124
5.567314227938937620e+03 -1.204748952264470919e-124
5.579176915649524744e+03 -1.205730924313964551e-124
5.591052228265585654e+03 -1.206698410192607834e-124
5.602940165787118531e+03 -1.207651349678538042e-124
5.614840728214122464e+03 -1.208589682605645572e-124
5.626753915546601093e+03 -1.209513348865170279e-124
5.638679727784552597e+03 -1.210422288407305372e-124
5.650618164927976977e+03 -1.211316441242812217e-124
5.662569226976873324e+03 -1.212195747444639983e-124
5.674532913931243456e+03 -1.213060147149556821e-124
5.686509225791083736e+03 -1.213909580559788605e-124
5.698498162556399620e+03 -1.214743987944664398e-124
5.710499724227187471e+03 -1.215563309642273241e-124
5.722513910803448198e+03 -1.216367486061128930e-124
5.734540722285181801e+03 -1.217156457681841930e-124
5.746580158672388279e+03 -1.217930165058801776e-124
5.758632219965065815e+03 -1.218688548821868937e-124
5.770696906163218046e+03 -1.219431549678072962e-124
5.782774217266842243e+03 -1.220159108413323022e-124
5.794864153275940225e+03 -1.220871165894124956e-124
5.806966714190510174e+03 -1.221567663069307980e-124
5.819081900010553909e+03 -1.222248540971762718e-124
5.831209710736067791e+03 -1.222913740720185760e-124
5.843350146367056368e+03 -1.223563203520835542e-124
5.855503206903517821e+03 -1.224196870669295579e-124
5.867668892345452150e+03 -1.224814683552250922e-124
5.879847202692859355e+03 -1.225416583649270500e-124
5.892038137945739436e+03 -1.226002512534600367e-124
5.904241698104089664e+03 -1.226572411878968503e-124
5.916457883167914588e+03 -1.227126223451396334e-124
5.928686693137213297e+03 -1.227663889121022633e-124
5.940928128011983972e+03 -1.228185350858936449e-124
5.953182187792227523e+03 -1.228690550740020747e-124
5.965448872477944860e+03 -1.229179430944804654e-124
5.977728182069131435e+03 -1.229651933761327452e-124
5.990020116565793614e+03 -1.230108001587012876e-124
6.002324675967928670e+03 -1.230547576930553048e-124
6.014641860275536601e+03 -1.230970602413802087e-124
6.026971669488616499e+03 -1.231377020773683559e-124
6.039314103607170182e+03 -1.231766774864104449e-124
6.051669162631194013e+03 -1.232139807657882344e-124
6.064036846560692538e+03 -1.232496062248682495e-124
6.076417155395663940e+03 -1.232835481852967263e-124
6.088810089136108218e+03 -1.233158009811953114e-124
6.101215647782025371e+03 -1.233463589593582950e-124
6.113633831333415401e+03 -1.233752164794505362e-124
6.126064639790276487e+03 -1.234023679142069210e-124
6.138508073152611360e+03 -1.234278076496325547e-124
6.150964131420420017e+03 -1.234515300852043619e-124
6.163432814593700641e+03 -1.234735296340737134e-124
6.175914122672455051e+03 -1.234938007232702307e-124
6.188408055656681427e+03 -1.235123377939067646e-124
6.200914613546378860e+03 -1.235291353013854664e-124
6.213433796341550988e+03 -1.235441877156052021e-124
6.225965604042195991e+03 -1.235574895211698906e-124
6.238510036648313871e+03 -1.235690352175983326e-124
6.251067094159903718e+03 -1.235788193195350043e-124
6.263636776576967350e+03 -1.235868363569621753e-124
6.276219083899501129e+03 -1.235930808754132002e-124
6.288814016127509603e+03 -1.235975474361870295e-124
6.301421573260991863e+03 -1.236002306165640629e-124
6.314041755299946090e+03 -1.236011250100230740e-124
