0.000000000000000000e+00 1.371883308684035538e-03
7.901471645829974758e-03 1.370980360335976710e-03
2.842784876444096748e-02 1.368634678078879587e-03
6.157913135583295561e-02 1.364846355352409028e-03
1.073553194200059790e-01 1.359615688756747815e-03
1.657564129569600309e-01 1.352943010019006138e-03
2.367824119666950278e-01 1.344828439554832155e-03
3.204333164492110808e-01 1.335271926496136175e-03
4.167091264045081345e-01 1.324273550284406310e-03
5.256098418325862998e-01 1.311833682623322547e-03
6.471354627334453546e-01 1.297952834533003036e-03
7.812859891070854657e-01 1.282631472023548509e-03
9.280614209535064107e-01 1.265870050678283938e-03
1.087461758272708856e+00 1.247669137135504203e-03
1.259487001064691691e+00 1.228029432183301139e-03
1.444137149329456138e+00 1.206951748520460835e-03
1.641412203067001085e+00 1.184437028987894974e-03
1.851312162277326978e+00 1.160486380915170136e-03
2.073837026960434482e+00 1.135101106785195825e-03
2.308986797116322265e+00 1.108282742438288946e-03
2.556761472744991881e+00 1.080033106390967208e-03
2.817161053846441554e+00 1.050354361772982102e-03
3.090185540420673505e+00 1.019249095094500700e-03
3.375834932467685068e+00 9.867204173449350448e-04
3.674109229987478020e+00 9.527720949595123176e-04
3.985008432980052806e+00 9.174087212297540699e-04
4.308532541445408093e+00 8.806359431545800979e-04
4.644681555383542992e+00 8.424607653162694042e-04
4.993455474794460613e+00 8.028919623523897474e-04
5.354854299678160068e+00 7.619406470149098698e-04
5.728878030034639579e+00 7.196210650769470189e-04
6.115526665863898259e+00 6.759517273319841845e-04
6.514800207165940549e+00 6.309570529449020672e-04
6.926698653940762895e+00 5.846698060598418210e-04
7.351222006188364411e+00 5.371347932563001488e-04
7.788370263908749536e+00 4.884146183399722726e-04
8.238143427101915606e+00 4.385988890701914954e-04
8.700541495767863509e+00 3.878193849114053423e-04
9.175564469906587917e+00 3.362758091951827859e-04
9.663212349518097710e+00 2.842807665049802918e-04
1.016348513460238756e+01 2.323399339339806064e-04
1.067638282515945569e+01 1.812946355659634948e-04
1.120190542118930921e+01 1.325596920914183302e-04
1.174005292269194101e+01 8.842954210421685268e-05
1.229082532966735641e+01 5.210730486030500412e-05
1.285422264211554833e+01 2.650426046139731532e-05
1.343024486003652385e+01 1.174486496664389598e-05
1.401889198343028120e+01 4.713522777682901459e-06
1.462016401229681684e+01 1.781040095050351072e-06
1.523406094663613608e+01 6.485406626836536607e-07
1.586058278644823716e+01 2.300454510826252461e-07
1.649972953173311652e+01 7.984075676449062716e-08
1.715150118249077948e+01 2.715979533701890886e-08
1.781589773872122251e+01 9.061952843609018332e-09
1.849291920042444204e+01 2.966498498464723811e-09
1.918256556760045228e+01 9.529408743038393052e-10
1.988483684024923548e+01 3.004264702080722759e-10
2.059973301837079873e+01 9.296177557577101271e-11
2.132725410196514915e+01 2.823616633749880602e-11
2.206740009103227607e+01 8.419427224555380541e-12
2.282017098557219015e+01 2.464762379057593382e-12
2.358556678558488073e+01 7.084732245935359002e-13
2.436358749107034782e+01 1.999714122427758471e-13
2.515423310202860563e+01 5.543048994043085725e-14
2.595750361845963639e+01 1.509058658130365296e-14
2.677339904036344720e+01 4.035342563963300441e-15
2.760191936774004873e+01 1.060014631863933954e-15
2.844306460058942321e+01 2.735525367779650941e-16
2.929683473891157774e+01 6.935971704532752719e-17
3.016322978270652300e+01 1.728031946857641084e-17
3.104224973197423765e+01 4.230719872089215228e-18
3.193389458671474657e+01 1.017969870344963737e-18
3.283816434692801778e+01 2.407430510624014701e-19
3.375505901261407615e+01 5.596425565164910586e-20
3.468457858377293235e+01 1.278926841757016727e-20
3.562672306040455084e+01 2.873415544706246222e-21
3.658149244250895293e+01 6.347585999224112786e-22
3.754888673008614575e+01 1.378845844539876705e-22
3.852890592313610796e+01 2.945501299609821565e-23
3.952155002165885378e+01 6.188400222160296159e-24
4.052681902565439032e+01 1.278828735130800694e-24
4.154471293512269625e+01 2.599562128067336431e-25
4.257523175006378580e+01 5.198531607922295998e-26
4.361837547047766606e+01 1.022804291038340017e-26
4.467414409636431571e+01 1.980041471931980242e-27
4.574253762772375609e+01 3.771935716241266012e-28
4.682355606455597297e+01 7.071323597707696299e-29
4.791719940686096635e+01 1.304732789279465722e-29
4.902346765463875045e+01 2.369543548226623314e-30
5.014236080788930394e+01 4.236114531448684829e-31
5.127387886661264105e+01 7.455349502877681069e-32
5.241802183080876887e+01 1.291822588420520624e-32
5.357478970047766609e+01 2.203988523720614051e-33
5.474418247561934692e+01 3.702748399534703873e-34
5.592620015623381846e+01 6.126100543486449164e-35
5.712084274232105940e+01 9.982182239450235582e-36
5.832811023388107685e+01 1.602081202741292306e-36
5.954800263091389212e+01 2.532778414801519168e-37
6.078051993341947679e+01 3.944566435624746727e-38
6.202566214139785217e+01 6.052381665881315484e-39
6.328342925484899695e+01 9.149842461977000831e-40
6.455382127377293955e+01 1.363001407535746861e-40
6.583683819816963023e+01 2.000825645383010701e-41
6.713248002803914005e+01 2.894590204602725568e-42
6.844074676338142638e+01 4.127283046044699647e-43
6.976163840419646078e+01 5.800626912907613031e-44
7.109515495048430012e+01 8.036243532593359320e-45
7.244129640224493016e+01 1.097570568528191897e-45
7.380006275947830829e+01 1.477905019259764844e-46
7.517145402218449135e+01 1.962133583606145211e-47
7.655547019036346512e+01 2.568689616401743198e-48
7.795211126401518698e+01 3.316106765117022004e-49
7.936137724313971376e+01 4.221937166187210435e-50
8.078326812773703125e+01 5.301438787199986576e-51
8.221778391780709683e+01 6.566086009052497290e-52
8.366492461334996733e+01 8.021989455349695524e-53
8.512469021436562855e+01 9.668340804199506853e-54
8.659708072085406627e+01 1.149602151252661404e-54
8.808209613281525208e+01 1.348652667137016845e-55
8.957973645024924281e+01 1.561135286630091690e-56
9.109000167315602425e+01 1.783197955917901197e-57
9.261289180153555378e+01 2.010053670008409523e-58
9.414840683538790245e+01 2.236119890881471992e-59
9.569654677471302762e+01 2.455228290036367401e-60
9.725731161951090087e+01 2.660895619201255582e-61
9.883070136978157905e+01 2.846639921222709301e-62
1.004167160255250479e+02 3.006320781164088334e-63
1.020153555867412649e+02 3.134478618927988062e-64
1.036266200534302868e+02 3.226646688303289505e-65
1.052505094255920994e+02 3.279610749098277345e-66
1.068870237032266601e+02 3.291595270436722007e-67
1.085361628863340400e+02 3.262361127544764460e-68
1.101979269749141821e+02 3.193207411756938381e-69
1.118723159689670865e+02 3.086878329535730952e-70
1.135593298684927959e+02 2.947384288503906319e-71
1.152589686734912959e+02 2.779753272769166853e-72
1.169712323839625441e+02 2.589733776752865598e-73
1.186961209999065971e+02 2.383473429543981555e-74
1.204336345213234409e+02 2.167197833901840219e-75
1.221837729482130186e+02 1.946912201153295295e-76
1.239465362805754296e+02 1.728144482928126006e-77
1.257219245184106171e+02 1.515743468806979764e-78
1.275099376617185811e+02 1.313739417120845045e-79
1.293105757104992790e+02 1.125268895811684235e-80
1.311238386647528102e+02 9.525602280561514185e-82
1.329497265244791322e+02 7.969717124756004908e-83
1.347882392896781596e+02 6.590718876845576726e-84
1.366393769603500346e+02 5.387496162352439008e-85
1.385031395364947002e+02 4.353415875324847856e-86
1.403795270181120713e+02 3.477657686875409046e-87
1.422685394052022900e+02 2.746510723809832401e-88
1.441701766977652994e+02 2.144557372223346052e-89
1.460844388958010143e+02 1.655693180001553587e-90
1.480113259993095767e+02 1.263954964904643815e-91
1.499508380082909298e+02 9.541495095357158847e-93
1.519029749227449884e+02 7.122914127971500995e-94
1.538677367426718945e+02 5.258702502105983752e-95
1.558451234680715913e+02 3.839742493467694879e-96
1.578351350989439936e+02 2.773007265197175029e-97
1.598377716352892435e+02 1.980833400161555591e-98
1.618530330771072556e+02 1.399636875579714716e-99
1.638809194243980301e+02 9.783078878662110973e-101
1.659214306771616236e+02 6.764731792715797676e-102
1.679745668353979795e+02 4.627669970478942801e-103
1.700403278991070977e+02 3.132078898471755815e-104
1.721187138682890065e+02 2.097408888249341666e-105
1.742097247429437346e+02 1.389744676163151464e-106
1.763133605230712249e+02 9.111915404214451654e-108
1.784296212086714490e+02 5.911914691515185100e-109
1.805585067997445208e+02 3.795870321054165384e-110
1.827000172962903548e+02 2.412015258528848165e-111
1.848541526983089227e+02 1.516892464944429306e-112
1.870209130058003097e+02 9.441826604318292464e-114
1.892002982187644875e+02 5.817066053071142336e-115
1.913923083372013991e+02 3.547470769972766432e-116
1.935969433611111583e+02 2.141511757754959550e-117
1.958142032904936798e+02 1.279760508908295391e-118
1.980440881253489351e+02 7.571173406871339138e-120
2.002865978656770096e+02 4.434487357219754751e-121
2.025417325114778748e+02 2.571513031550049644e-122
2.048094920627514739e+02 1.476448527503708976e-123
2.070898765194978921e+02 8.393656850868570342e-125
2.093828858817171010e+02 4.725049001709070578e-126
2.116885201494090438e+02 2.633917367278863051e-127
2.140067793225738058e+02 1.459106223489378018e-128
2.163376634012113584e+02 4.441056492817690473e-130
2.186811723853216449e+02 -1.663291072116262517e-130
2.210373062749047790e+02 -1.907399404683760999e-130
2.234060650699606754e+02 -1.079014524005885994e-131
2.257874487704892772e+02 1.467441325170003664e-130
2.281814573764907550e+02 1.624580195175730691e-129
2.305880908879649951e+02 1.741732498920952125e-128
2.330073493049119406e+02 1.987382394571920036e-127
2.354392326273317622e+02 -2.093291476962430951e-126
2.378837408552243460e+02 -2.369868991227522479e-125
2.403408739885896921e+02 -1.368686610607647481e-126
2.428106320274278005e+02 -2.721591526825854551e-126
2.452930149717387280e+02 -4.028241250306452349e-126
2.477880228215224179e+02 -5.341712419439631053e-126
2.502956555767788416e+02 -6.661797841523586959e-126
2.528159132375081128e+02 -7.988490375487662591e-126
2.553487958037101748e+02 -9.321781583103575605e-126
2.578943032753850844e+02 -1.066166279522147399e-125
2.604524356525326425e+02 -1.200812510157109538e-125
2.630231929351529629e+02 -1.336115934797607898e-125
2.656065751232462162e+02 -1.472075613349686339e-125
2.682025822168121181e+02 -1.608690580756654503e-125
2.708112142158507822e+02 -1.745959846711931284e-125
2.734324711203623792e+02 -1.883882395371162315e-125
2.760663529303466248e+02 -2.022457185063641270e-125
2.787128596458036327e+02 -2.161683148003050449e-125
2.813719912667335734e+02 -2.301559189997555036e-125
2.840437477931361627e+02 -2.442084190159263091e-125
2.867281292250115143e+02 -2.583257000613084345e-125
2.894251355623597419e+02 -2.725076446205017980e-125
2.921347668051806750e+02 -2.867541324209870691e-125
2.948570229534744271e+02 -3.010650404038471447e-125
2.975919040072409985e+02 -3.154402426944363767e-125
3.003394099664802752e+02 -3.298796105730039822e-125
3.030995408311923143e+02 -3.443830124452724229e-125
3.058722966013772862e+02 -3.589503138129733775e-125
3.086576772770349066e+02 -3.735813772443464515e-125
3.114556828581652894e+02 -3.882760623445994164e-125
3.142663133447686050e+02 -4.030342257263371683e-125
3.170895687368445124e+02 -4.178557209799594598e-125
3.199254490343932389e+02 -4.327403986440318647e-125
3.227739542374148982e+02 -4.476881061756324954e-125
3.256350843459092061e+02 -4.626986879206769400e-125
3.285088393598762764e+02 -4.777719850842268245e-125
3.313952192793162794e+02 -4.929078357007814750e-125
3.342942241042288742e+02 -5.081060746045605005e-125
3.372058538346144587e+02 -5.233665333997752497e-125
3.401301084704726350e+02 -5.386890404308996894e-125
3.430669880118036303e+02 -5.540734207529338314e-125
3.460164924586075017e+02 -5.695194961016746110e-125
3.489786218108840785e+02 -5.850270848639893908e-125
3.519533760686334176e+02 -6.005960020480984905e-125
3.549407552318556327e+02 -6.162260592538710483e-125
3.579407593005504964e+02 -6.319170646431363122e-125
3.609533882747181792e+02 -6.476688229100151896e-125
3.639786421543587380e+02 -6.634811352512746799e-125
3.670165209394720023e+02 -6.793537993367107536e-125
3.700670246300579720e+02 -6.952866092795609358e-125
3.731301532261169314e+02 -7.112793556069526847e-125
3.762059067276484825e+02 -7.273318252303909217e-125
3.792942851346528528e+02 -7.434438014162868143e-125
3.823952884471300990e+02 -7.596150637565371522e-125
3.855089166650799939e+02 -7.758453881391488596e-125
3.886351697885027079e+02 -7.921345467189244935e-125
3.917740478173982979e+02 -8.084823078882036883e-125
3.949255507517665933e+02 -8.248884362476680016e-125
3.980896785916075942e+02 -8.413526925772161919e-125
4.012664313369215847e+02 -8.578748338069067801e-125
4.044558089877081670e+02 -8.744546129879836403e-125
4.076578115439675685e+02 -8.910917792639754865e-125
4.108724390056998459e+02 -9.077860778418860510e-125
4.140996913729047719e+02 -9.245372499634721204e-125
4.173395686455825171e+02 -9.413450328766142563e-125
4.205920708237331382e+02 -9.582091598067909095e-125
4.238571979073564648e+02 -9.751293599286525666e-125
4.271349498964524969e+02 -9.921053583377048525e-125
4.304253267910214618e+02 -1.009136876022107622e-124
4.337283285910631321e+02 -1.026223629834588987e-124
4.370439552965775079e+02 -1.043365332464483842e-124
4.403722069075648733e+02 -1.060561692409902535e-124
4.437130834240248305e+02 -1.077812413950024255e-124
4.470665848459575500e+02 -1.095117197117541979e-124
4.504327111733632591e+02 -1.112475737671237164e-124
4.538114624062415601e+02 -1.129887727068711048e-124
4.572028385445926233e+02 -1.147352852439265005e-124
4.606068395884166762e+02 -1.164870796556943596e-124
4.640234655377133208e+02 -1.182441237813736123e-124
4.674527163924827278e+02 -1.200063850192953263e-124
4.708945921527251244e+02 -1.217738303242775016e-124
4.743490928184401128e+02 -1.235464262049977507e-124
4.778162183896278634e+02 -1.253241387213850416e-124
4.812959688662886037e+02 -1.271069334820299979e-124
4.847883442484219358e+02 -1.288947756416153540e-124
4.882933445360280302e+02 -1.306876298983661638e-124
4.918109697291071143e+02 -1.324854604915214229e-124
4.953412198276587901e+02 -1.342882311988263487e-124
4.988840948316832282e+02 -1.360959053340473332e-124
5.024395947411806560e+02 -1.379084457445089170e-124
5.060077195561506755e+02 -1.397258148086541726e-124
5.095884692765936279e+02 -1.415479744336287664e-124
5.131818439025091720e+02 -1.433748860528892483e-124
5.167878434338975921e+02 -1.452065106238363645e-124
5.204064678707588882e+02 -1.470428086254739414e-124
5.240377172130928329e+02 -1.488837400560935897e-124
5.276815914608995399e+02 -1.507292644309869744e-124
5.313380906141791229e+02 -1.525793407801842833e-124
5.350072146729314682e+02 -1.544339276462216883e-124
5.386889636371564620e+02 -1.562929830819372307e-124
5.423833375068544456e+02 -1.581564646482954474e-124
5.460903362820250777e+02 -1.600243294122426888e-124
5.498099599626684721e+02 -1.618965339445923102e-124
5.535422085487848562e+02 -1.637730343179415639e-124
5.572870820403737753e+02 -1.656537861046200223e-124
5.610445804374354566e+02 -1.675387443746706884e-124
5.648147037399702413e+02 -1.694278636938641076e-124
5.685974519479774472e+02 -1.713210981217464470e-124
5.723928250614575290e+02 -1.732184012097220872e-124
5.762008230804106006e+02 -1.751197259991710850e-124
5.800214460048362071e+02 -1.770250250196029535e-124
5.838546938347346895e+02 -1.789342502868466149e-124
5.877005665701060479e+02 -1.808473533012775108e-124
5.915590642109499413e+02 -1.827642850460828573e-124
5.954301867572667106e+02 -1.846849959855654240e-124
5.993139342090564696e+02 -1.866094360634862332e-124
6.032103065663187635e+02 -1.885375547014476728e-124
6.071193038290539334e+02 -1.904693007973171669e-124
6.110409259972619793e+02 -1.924046227236917430e-124
6.149751730709426738e+02 -1.943434683264056133e-124
6.189220450500960169e+02 -1.962857849230793656e-124
6.228815419347224633e+02 -1.982315193017136598e-124
6.268536637248214447e+02 -2.001806177193265909e-124
6.308384104203933020e+02 -2.021330259006361034e-124
6.348357820214380354e+02 -2.040886890367877934e-124
6.388457785279554173e+02 -2.060475517841298204e-124
6.428683999399454478e+02 -2.080095582630336675e-124
6.469036462574085817e+02 -2.099746520567642789e-124
6.509515174803442505e+02 -2.119427762103971384e-124
6.550120136087527953e+02 -2.139138732297858158e-124
6.590851346426342161e+02 -2.158878850805788473e-124
6.631708805819881718e+02 -2.178647531872877986e-124
6.672692514268150035e+02 -2.198444184324063413e-124
6.713802471771148248e+02 -2.218268211555818968e-124
6.755038678328871811e+02 -2.238119011528403511e-124
6.796401133941322996e+02 -2.257995976758636317e-124
6.837889838608505215e+02 -2.277898494313232100e-124
6.879504792330411647e+02 -2.297825945802668431e-124
6.921245995107046838e+02 -2.317777707375635097e-124
6.963113446938411926e+02 -2.337753149714026340e-124
7.005107147824502363e+02 -2.357751638028528054e-124
7.047227097765322696e+02 -2.377772532054773060e-124
7.089473296760868379e+02 -2.397815186050091755e-124
7.131845744811142822e+02 -2.417878948790856868e-124
7.174344441916147161e+02 -2.437963163570434930e-124
7.216969388075876850e+02 -2.458067168197746132e-124
7.259720583290334162e+02 -2.478190294996443897e-124
7.302598027559521370e+02 -2.498331870804727208e-124
7.345601720883433927e+02 -2.518491216975772643e-124
7.388731663262075244e+02 -2.538667649378826456e-124
7.431987854695445321e+02 -2.558860478400930651e-124
7.475370295183541884e+02 -2.579069008949311182e-124
7.518878984726366070e+02 -2.599292540454432071e-124
7.562513923323920153e+02 -2.619530366873718373e-124
7.606275110976200722e+02 -2.639781776695954700e-124
7.650162547683207777e+02 -2.660046052946379054e-124
7.694176233444945865e+02 -2.680322473192459783e-124
7.738316168261409302e+02 -2.700610309550380423e-124
7.782582352132600363e+02 -2.720908828692228674e-124
7.826974785058521320e+02 -2.741217291853906693e-124
7.871493467039167626e+02 -2.761534954843756011e-124
7.916138398074542692e+02 -2.781861068051919729e-124
7.960909578164646518e+02 -2.802194876460439070e-124
8.005807007309476830e+02 -2.822535619654093510e-124
8.050830685509034765e+02 -2.842882531831997931e-124
8.095980612763322597e+02 -2.863234841819949659e-124
8.141256789072336915e+02 -2.883591773083552252e-124
8.186659214436077718e+02 -2.903952543742105554e-124
8.232187888854549556e+02 -2.924316366583275430e-124
8.277842812327746742e+02 -2.944682449078556643e-124
8.323623984855671551e+02 -2.965049993399525073e-124
8.369531406438326258e+02 -2.985418196434892305e-124
8.415565077075706313e+02 -3.005786249808368044e-124
8.461724996767815128e+02 -3.026153339897338327e-124
8.508011165514652703e+02 -3.046518647852365001e-124
8.554423583316216764e+02 -3.066881349617512753e-124
8.600962250172508448e+02 -3.087240615951512102e-124
8.647627166083530028e+02 -3.107595612449761702e-124
8.694418331049278095e+02 -3.127945499567183396e-124
8.741335745069752647e+02 -3.148289432641927502e-124
8.788379408144958234e+02 -3.168626561919939245e-124
8.835549320274889169e+02 -3.188956032580396418e-124
8.882845481459547727e+02 -3.209276984762016999e-124
8.930267891698936182e+02 -3.229588553590247241e-124
8.977816550993049987e+02 -3.249889869205336512e-124
9.025491459341891414e+02 -3.270180056791303940e-124
9.073292616745463874e+02 -3.290458236605803989e-124
9.121220023203761684e+02 -3.310723524010890553e-124
9.169273678716787117e+02 -3.330975029504702240e-124
9.217453583284542447e+02 -3.351211858754048268e-124
9.265759736907023125e+02 -3.371433112627928146e-124
9.314192139584232564e+02 -3.391637887231968772e-124
9.362750791316170762e+02 -3.411825273943802024e-124
9.411435692102835446e+02 -3.431994359449369841e-124
9.460246841944230027e+02 -3.452144225780181567e-124
9.509184240840349958e+02 -3.472273950351512635e-124
9.558247888791197511e+02 -3.492382606001557184e-124
9.607437785796776097e+02 -3.512469261031542179e-124
9.656753931857078896e+02 -3.532532979246799249e-124
9.706196326972110455e+02 -3.552572819998805991e-124
9.755764971141871911e+02 -3.572587838228200533e-124
9.805459864366358715e+02 -3.592577084508768506e-124
9.855281006645573143e+02 -3.612539605092416287e-124
9.905228397979518604e+02 -3.632474441955124630e-124
9.955302038368188278e+02 -3.652380632843893183e-124
1.000550192781158671e+03 -3.672257211324678414e-124
1.005582806630971504e+03 -3.692103206831330398e-124
1.010628045386256872e+03 -3.711917644715523431e-124
1.015685909047015002e+03 -3.731699546297699787e-124
1.020756397613246236e+03 -3.751447928919018209e-124
1.025839511084949663e+03 -3.771161805994307572e-124
1.030935249462126421e+03 -3.790840187066046275e-124
1.036043612744775373e+03 -3.810482077859347636e-124
1.041164600932897656e+03 -3.830086480337973545e-124
1.046298214026492815e+03 -3.849652392761367554e-124
1.051444452025560167e+03 -3.869178809742713277e-124
1.056603314930100851e+03 -3.888664722308024831e-124
1.061774802740114183e+03 -3.908109117956257554e-124
1.066958915455599936e+03 -3.927510980720466704e-124
1.072155653076559020e+03 -3.946869291229984766e-124
1.077365015602990752e+03 -3.966183026773645060e-124
1.082587003034894906e+03 -3.985451161364039908e-124
1.087821615372272163e+03 -4.004672665802815870e-124
1.093068852615122296e+03 -4.023846507747008571e-124
1.098328714763444623e+03 -4.042971651776432237e-124
1.103601201817240280e+03 -4.062047059462087825e-124
1.108886313776508814e+03 -4.081071689435635101e-124
1.114184050641249542e+03 -4.100044497459894230e-124
1.119494412411463600e+03 -4.118964436500410470e-124
1.124817399087150307e+03 -4.137830456798029908e-124
1.130153010668309435e+03 -4.156641505942559291e-124
1.135501247154941893e+03 -4.175396528947432700e-124
1.140862108547047001e+03 -4.194094468325450564e-124
1.146235594844624302e+03 -4.212734264165540633e-124
1.151621706047675161e+03 -4.231314854210576175e-124
1.157020442156198442e+03 -4.249835173936221167e-124
1.162431803170194371e+03 -4.268294156630825158e-124
1.167855789089663404e+03 -4.286690733476353523e-124
1.173292399914605312e+03 -4.305023833630350586e-124
1.178741635645019414e+03 -4.323292384308939822e-124
1.184203496280906620e+03 -4.341495310870859451e-124
1.189677981822266929e+03 -4.359631536902519140e-124
1.195165092269099432e+03 -4.377699984304093792e-124
1.200664827621405038e+03 -4.395699573376635918e-124
1.206177187879183521e+03 -4.413629222910210818e-124
1.211702173042434424e+03 -4.431487850273050351e-124
1.217239783111158431e+03 -4.449274371501721949e-124
1.222790018085355314e+03 -4.466987701392306990e-124
1.228352877965024391e+03 -4.484626753592586854e-124
1.233928362750166798e+03 -4.502190440695232459e-124
1.239516472440782081e+03 -4.519677674331992245e-124
1.245117207036869559e+03 -4.537087365268871040e-124
1.250730566538430367e+03 -4.554418423502303176e-124
1.256356550945463823e+03 -4.571669758356300537e-124
1.261995160257969701e+03 -4.588840278580589807e-124
1.267646394475948910e+03 -4.605928892449707866e-124
1.273310253599400767e+03 -4.622934507863079668e-124
1.278986737628324818e+03 -4.639856032446041660e-124
1.284675846562722199e+03 -4.656692373651831740e-124
1.290377580402592457e+03 -4.673442438864507957e-124
1.296091939147935136e+03 -4.690105135502833747e-124
1.301818922798750918e+03 -4.706679371125066727e-124
1.307558531355039349e+03 -4.723164053534697219e-124
1.313310764816800202e+03 -4.739558090887086980e-124
1.319075623184034384e+03 -4.755860391797024918e-124
1.324853106456741443e+03 -4.772069865447182161e-124
1.330643214634920469e+03 -4.788185421697458927e-124
1.336445947718573052e+03 -4.804205971195218994e-124
1.342261305707698284e+03 -4.820130425486389094e-124
1.348089288602296392e+03 -4.835957697127427434e-124
1.353929896402366694e+03 -4.851686699798156304e-124
1.359783129107910327e+03 -4.867316348415426021e-124
1.365648986718926608e+03 -4.882845559247614408e-124
1.371527469235415310e+03 -4.898273250029967691e-124
1.377418576657377344e+03 -4.913598340080725705e-124
1.383322308984812025e+03 -4.928819750418081793e-124
1.389238666217718901e+03 -4.943936403877905192e-124
1.395167648356099335e+03 -4.958947225232259480e-124
1.401109255399952417e+03 -4.973851141308682667e-124
1.407063487349277693e+03 -4.988647081110221362e-124
1.413030344204076300e+03 -5.003333975936204755e-124
1.419009825964347783e+03 -5.017910759503760074e-124
1.425001932630091460e+03 -5.032376368070023349e-124
1.431006664201308467e+03 -5.046729740555073190e-124
1.437024020677998124e+03 -5.060969818665540540e-124
1.443054002060160201e+03 -5.075095547018901984e-124
1.449096608347795609e+03 -5.089105873268420486e-124
1.455151839540903666e+03 -5.102999748228752882e-124
1.461219695639483916e+03 -5.116776126002166167e-124
1.467300176643537725e+03 -5.130433964105386120e-124
1.473393282553064182e+03 -5.143972223597034571e-124
1.479499013368062833e+03 -5.157389869205666239e-124
1.485617369088534815e+03 -5.170685869458353923e-124
1.491748349714479673e+03 -5.183859196809842186e-124
1.497891955245896725e+03 -5.196908827772235117e-124
1.504048185682787107e+03 -5.209833743045187927e-124
1.510217041025150138e+03 -5.222632927646622545e-124
1.516398521272985590e+03 -5.235305371043909260e-124
1.522592626426294146e+03 -5.247850067285515268e-124
1.528799356485075805e+03 -5.260266015133122611e-124
1.535018711449329430e+03 -5.272552218194140814e-124
1.541250691319056614e+03 -5.284707685054662881e-124
1.547495296094256446e+03 -5.296731429412792467e-124
1.553752525774928472e+03 -5.308622470212353966e-124
1.560022380361073829e+03 -5.320379831776952763e-124
1.566304859852692061e+03 -5.332002543944368869e-124
1.572599964249782261e+03 -5.343489642201262932e-124
1.578907693552346018e+03 -5.354840167818180351e-124
1.585228047760382651e+03 -5.366053167984819076e-124
1.591561026873891478e+03 -5.377127695945560235e-124
1.597906630892873409e+03 -5.388062811135217938e-124
1.604264859817328215e+03 -5.398857579315007410e-124
1.610635713647255443e+03 -5.409511072708690306e-124
1.617019192382655774e+03 -5.420022370138900575e-124
1.623415296023528981e+03 -5.430390557163595434e-124
1.629824024569874382e+03 -5.440614726212641552e-124
1.636245378021693114e+03 -5.450693976724487716e-124
1.642679356378984721e+03 -5.460627415282926514e-124
1.649125959641748523e+03 -5.470414155753891287e-124
1.655585187809985655e+03 -5.480053319422292547e-124
1.662057040883695663e+03 -5.489544035128855234e-124
1.668541518862877638e+03 -5.498885439406938341e-124
1.675038621747533170e+03 -5.508076676619304154e-124
1.681548349537661352e+03 -5.517116899094830387e-124
1.688070702233261727e+03 -5.526005267265119877e-124
1.694605679834335660e+03 -5.534740949800996066e-124
1.701153282340882242e+03 -5.543323123748852374e-124
1.707713509752901018e+03 -5.551750974666844542e-124
1.714286362070393125e+03 -5.560023696760870524e-124
1.720871839293358107e+03 -5.568140493020347152e-124
1.727469941421795284e+03 -5.576100575353731542e-124
1.734080668455705563e+03 -5.583903164723777121e-124
1.740704020395088946e+03 -5.591547491282479810e-124
1.747339997239944523e+03 -5.599032794505719374e-124
1.753988598990273204e+03 -5.606358323327524574e-124
1.760649825646074760e+03 -5.613523336273979751e-124
1.767323677207348737e+03 -5.620527101596712383e-124
1.774010153674095818e+03 -5.627368897405958258e-124
1.780709255046315775e+03 -5.634048011803153870e-124
1.787420981324007926e+03 -5.640563743013049335e-124
1.794145332507173407e+03 -5.646915399515300666e-124
1.800882308595811764e+03 -5.653102300175522938e-124
1.807631909589922316e+03 -5.659123774375761523e-124
1.814394135489506198e+03 -5.664979162144372141e-124
1.821168986294562728e+03 -5.670667814285261887e-124
1.827956462005091680e+03 -5.676189092506488691e-124
1.834756562621093735e+03 -5.681542369548150361e-124
1.841569288142568894e+03 -5.686727029309582537e-124
1.848394638569516019e+03 -5.691742466975793309e-124
1.855232613901936475e+03 -5.696588089143137052e-124
1.862083214139829806e+03 -5.701263313944178744e-124
1.868946439283195332e+03 -5.705767571171729476e-124
1.875822289332034416e+03 -5.710100302402018707e-124
1.882710764286345920e+03 -5.714260961116981444e-124
1.889611864146129847e+03 -5.718249012825614155e-124
1.896525588911387104e+03 -5.722063935184397734e-124
1.903451938582117236e+03 -5.725705218116717828e-124
1.910390913158319336e+03 -5.729172363931306873e-124
1.917342512639994993e+03 -5.732464887439614620e-124
1.924306737027143299e+03 -5.735582316072135725e-124
1.931283586319763799e+03 -5.738524189993627198e-124
1.938273060517857857e+03 -5.741290062217197251e-124
1.945275159621424564e+03 -5.743879498717239522e-124
1.952289883630463237e+03 -5.746292078541182414e-124
1.959317232544975695e+03 -5.748527393920009922e-124
1.966357206364960575e+03 -5.750585050377548875e-124
1.973409805090417876e+03 -5.752464666838465517e-124
1.980475028721348508e+03 -5.754165875734964692e-124
1.987552877257752016e+03 -5.755688323112144611e-124
1.994643350699627490e+03 -5.757031668731992943e-124
2.001746449046976522e+03 -5.758195586175976329e-124
2.008862172299798203e+03 -5.759179762946211606e-124
2.015990520458092760e+03 -5.759983900565176719e-124
2.023131493521859284e+03 -5.760607714673938662e-124
2.030285091491099593e+03 -5.761050935128865709e-124
2.037451314365812323e+03 -5.761313306096794522e-124
2.044630162145997474e+03 -5.761394586148624441e-124
2.051821634831655501e+03 -5.761294548351307882e-124
2.059025732422786859e+03 -5.761012980358215847e-124
2.066242454919390184e+03 -5.760549684497827323e-124
2.073471802321466839e+03 -5.759904477860748452e-124
2.080713774629016370e+03 -5.759077192384996809e-124
2.087968371842038323e+03 -5.758067674939552464e-124
2.095235593960533151e+03 -5.756875787406122094e-124
2.102515440984501311e+03 -5.755501406759110257e-124
2.109807912913941436e+03 -5.753944425143751654e-124
2.117113009748854893e+03 -5.752204749952392611e-124
2.124430731489240770e+03 -5.750282303898873079e-124
2.131761078135099524e+03 -5.748177025091012522e-124
2.139104049686431154e+03 -5.745888867101135857e-124
2.146459646143235659e+03 -5.743417799034648697e-124
2.153827867505512586e+03 -5.740763805596602260e-124
2.161208713773262843e+03 -5.737926887156247126e-124
2.168602184946485522e+03 -5.734907059809536354e-124
2.176008281025180622e+03 -5.731704355439558654e-124
2.183427002009349053e+03 -5.728318821774860472e-124
2.190858347898990360e+03 -5.724750522445659494e-124
2.198302318694103633e+03 -5.720999537037898359e-124
2.205758914394690692e+03 -5.717065961145124297e-124
2.213228135000750171e+03 -5.712949906418175377e-124
2.220709980512282073e+03 -5.708651500612635591e-124
2.228204450929287304e+03 -5.704170887634052029e-124
2.235711546251765412e+03 -5.699508227580874711e-124
2.243231266479715487e+03 -5.694663696785099734e-124
2.250763611613138892e+03 -5.689637487850610712e-124
2.258308581652035173e+03 -5.684429809689162236e-124
2.265866176596403420e+03 -5.679040887554017963e-124
2.273436396446245453e+03 -5.673470963071194618e-124
2.281019241201559907e+03 -5.667720294268310229e-124
2.288614710862346783e+03 -5.661789155601005539e-124
2.296222805428606989e+03 -5.655677837976914224e-124
2.303843524900340071e+03 -5.649386648777177736e-124
2.311476869277545120e+03 -5.642915911875469480e-124
2.319122838560223954e+03 -5.636265967654513239e-124
2.326781432748375209e+03 -5.629437173020086585e-124
2.334452651841998431e+03 -5.622429901412476535e-124
2.342136495841095439e+03 -5.615244542815375700e-124
2.349832964745665322e+03 -5.607881503762215564e-124
2.357542058555707172e+03 -5.600341207339885666e-124
2.365263777271222352e+03 -5.592624093189865561e-124
2.372998120892210409e+03 -5.584730617506718342e-124
2.380745089418670432e+03 -5.576661253033951581e-124
2.388504682850603785e+03 -5.568416489057215485e-124
2.396276901188010470e+03 -5.559996831394848325e-124
2.404061744430888666e+03 -5.551402802385717914e-124
2.411859212579240648e+03 -5.542634940874385186e-124
2.419669305633065505e+03 -5.533693802193555418e-124
2.427492023592362330e+03 -5.524579958143804522e-124
2.435327366457132484e+03 -5.515293996970577037e-124
2.443175334227375515e+03 -5.505836523338449946e-124
2.451035926903090967e+03 -5.496208158302626207e-124
2.458909144484279295e+03 -5.486409539277688234e-124
2.466794986970940954e+03 -5.476441320003565134e-124
2.474693454363074125e+03 -5.466304170508724626e-124
2.482604546660681535e+03 -5.455998777070582918e-124
2.490528263863760912e+03 -5.445525842173113227e-124
2.498464605972312711e+03 -5.434886084461661347e-124
2.506413572986338295e+03 -5.424080238694949781e-124
2.514375164905836300e+03 -5.413109055694268766e-124
2.522349381730806726e+03 -5.401973302289862581e-124
2.530336223461250029e+03 -5.390673761264477559e-124
2.538335690097166662e+03 -5.379211231294106215e-124
2.546347781638555261e+03 -5.367586526885893923e-124
2.554372498085417192e+03 -5.355800478313218198e-124
2.562409839437751998e+03 -5.343853931547949831e-124
2.570459805695558771e+03 -5.331747748189869847e-124
2.578522396858839329e+03 -5.319482805393272509e-124
2.586597612927592309e+03 -5.307059995790731698e-124
2.594685453901817255e+03 -5.294480227414040750e-124
2.602785919781515986e+03 -5.281744423612336659e-124
2.610899010566687593e+03 -5.268853522967393544e-124
2.619024726257331167e+03 -5.255808479206105509e-124
2.627163066853448072e+03 -5.242610261110158926e-124
2.635314032355037853e+03 -5.229259852422889923e-124
2.643477622762100054e+03 -5.215758251753350592e-124
2.651653838074635132e+03 -5.202106472477573003e-124
2.659842678292643541e+03 -5.188305542637050345e-124
2.668044143416123461e+03 -5.174356504834441056e-124
2.676258233445077622e+03 -5.160260416126500153e-124
2.684484948379503749e+03 -5.146018347914252876e-124
2.692724288219402297e+03 -5.131631385830419040e-124
2.700976252964774631e+03 -5.117100629624099008e-124
2.709240842615619385e+03 -5.102427193042733896e-124
2.717518057171936107e+03 -5.087612203711354264e-124
2.725807896633726614e+03 -5.072656803009124029e-124
2.734110361000989997e+03 -5.057562145943211503e-124
2.742425450273725346e+03 -5.042329401019970756e-124
2.750753164451934026e+03 -5.026959750113487901e-124
2.759093503535615582e+03 -5.011454388331478006e-124
2.767446467524769105e+03 -4.995814523878568763e-124
2.775812056419395958e+03 -4.980041377916970050e-124
2.784190270219496142e+03 -4.964136184424579803e-124
2.792581108925067838e+03 -4.948100190050505163e-124
2.800984572536113319e+03 -4.931934653968058559e-124
2.809400661052631676e+03 -4.915640847725214422e-124
2.817829374474622455e+03 -4.899220055092581974e-124
2.826270712802085654e+03 -4.882673571908892395e-124
2.834724676035022185e+03 -4.866002705924027251e-124
2.843191264173431591e+03 -4.849208776639631006e-124
2.851670477217312964e+03 -4.832293115147309295e-124
2.860162315166668122e+03 -4.815257063964444032e-124
2.868666778021495702e+03 -4.798101976867669021e-124
2.877183865781795248e+03 -4.780829218724011937e-124
2.885713578447568580e+03 -4.763440165319735439e-124
2.894255916018814787e+03 -4.745936203186924440e-124
2.902810878495532506e+03 -4.728318729427812801e-124
2.911378465877724466e+03 -4.710589151536924208e-124
2.919958678165388847e+03 -4.692748887221013774e-124
2.928551515358525194e+03 -4.674799364216880078e-124
2.937156977457134872e+03 -4.656742020107052683e-124
2.945775064461217880e+03 -4.638578302133404655e-124
2.954405776370772401e+03 -4.620309667008710265e-124
2.963049113185800707e+03 -4.601937580726199921e-124
2.971705074906301888e+03 -4.583463518367128279e-124
2.980373661532275037e+03 -4.564888963906405941e-124
2.989054873063721516e+03 -4.546215410016321587e-124
2.997748709500640871e+03 -4.527444357868400735e-124
3.006455170843032647e+03 -4.508577316933429690e-124
3.015174257090897299e+03 -4.489615804779688330e-124
3.023905968244235282e+03 -4.470561346869430371e-124
3.032650304303045232e+03 -4.451415476353652252e-124
3.041407265267328512e+03 -4.432179733865186750e-124
3.050176851137084668e+03 -4.412855667310164149e-124
3.058959061912312336e+03 -4.393444831657884635e-124
3.067753897593014244e+03 -4.373948788729146416e-124
3.076561358179188574e+03 -4.354369106983059802e-124
3.085381443670835324e+03 -4.334707361302406026e-124
3.094214154067954951e+03 -4.314965132777579429e-124
3.103059489370547908e+03 -4.295144008489149968e-124
3.111917449578612832e+03 -4.275245581289101456e-124
3.120788034692151086e+03 -4.255271449580792568e-124
3.129671244711162217e+03 -4.235223217097664127e-124
3.138567079635645314e+03 -4.215102492680778313e-124
3.147475539465602196e+03 -4.194910890055201563e-124
3.156396624201031500e+03 -4.174650027605289932e-124
3.165330333841933225e+03 -4.154321528148944109e-124
3.174276668388308281e+03 -4.133927018710842467e-124
3.183235627840155757e+03 -4.113468130294747891e-124
3.192207212197475656e+03 -4.092946497654896771e-124
3.201191421460269339e+03 -4.072363759066549109e-124
3.210188255628535444e+03 -4.051721556095734152e-124
3.219197714702273515e+03 -4.031021533368249505e-124
3.228219798681485372e+03 -4.010265338337959065e-124
3.237254507566169650e+03 -3.989454621054447717e-124
3.246301841356326349e+03 -3.968591033930082341e-124
3.255361800051956379e+03 -3.947676231506526987e-124
3.264434383653059285e+03 -3.926711870220769330e-124
3.273519592159634158e+03 -3.905699608170715495e-124
3.282617425571682361e+03 -3.884641104880392732e-124
3.291727883889203440e+03 -3.863538021064825431e-124
3.300850967112196940e+03 -3.842392018394639904e-124
3.309986675240663772e+03 -3.821204759260432359e-124
3.319135008274603024e+03 -3.799977906536989087e-124
3.328295966214014697e+03 -3.778713123347370182e-124
3.337469549058899702e+03 -3.757412072826948770e-124
3.346655756809257582e+03 -3.736076417887440564e-124
3.355854589465087429e+03 -3.714707820980984656e-124
3.365066047026391061e+03 -3.693307943864325911e-124
3.374290129493167115e+03 -3.671878447363164047e-124
3.383526836865415589e+03 -3.650420991136712656e-124
3.392776169143137395e+03 -3.628937233442534486e-124
3.402038126326331621e+03 -3.607428830901699193e-124
3.411312708414998269e+03 -3.585897438264328623e-124
3.420599915409138248e+03 -3.564344708175574978e-124
3.429899747308751557e+03 -3.542772290942097790e-124
3.439212204113836378e+03 -3.521181834299087971e-124
3.448537285824394985e+03 -3.499574983177896064e-124
3.457874992440426013e+03 -3.477953379474327656e-124
3.467225323961929462e+03 -3.456318661817647527e-124
3.476588280388906242e+03 -3.434672465340363917e-124
3.485963861721355897e+03 -3.413016421448834467e-124
3.495352067959277065e+03 -3.391352157594761444e-124
3.504752899102672473e+03 -3.369681297047622428e-124
3.514166355151540301e+03 -3.348005458668096084e-124
3.523592436105880097e+03 -3.326326256682538442e-124
3.533031141965693678e+03 -3.304645300458561331e-124
3.542482472730980135e+03 -3.282964194281774263e-124
3.551946428401738558e+03 -3.261284537133733432e-124
3.561423008977970312e+03 -3.239607922471165440e-124
3.570912214459674942e+03 -3.217935938006511073e-124
3.580414044846851539e+03 -3.196270165489842472e-124
3.589928500139501466e+03 -3.174612180492214149e-124
3.599455580337624724e+03 -3.152963552190496550e-124
3.608995285441219494e+03 -3.131325843153742978e-124
3.618547615450288049e+03 -3.109700609131150750e-124
3.628112570364829480e+03 -3.088089398841657738e-124
3.637690150184842878e+03 -3.066493753765238109e-124
3.647280354910329606e+03 -3.044915207935939262e-124
3.656883184541289211e+03 -3.023355287736719147e-124
3.666498639077720782e+03 -3.001815511696126388e-124
3.676126718519626138e+03 -2.980297390286881981e-124
3.685767422867004370e+03 -2.958802425726408762e-124
3.695420752119854114e+03 -2.937332111779357332e-124
3.705086706278177644e+03 -2.915887933562176750e-124
3.714765285341974050e+03 -2.894471367349787909e-124
3.724456489311242422e+03 -2.873083880384391107e-124
3.734160318185984124e+03 -2.851726930686470776e-124
3.743876771966199158e+03 -2.830401966868038107e-124
3.753605850651886612e+03 -2.809110427948155653e-124
3.763347554243046034e+03 -2.787853743170795133e-124
3.773101882739678786e+03 -2.766633331825070851e-124
3.782868836141784868e+03 -2.745450603067893637e-124
3.792648414449362463e+03 -2.724306955749090263e-124
3.802440617662413842e+03 -2.703203778239031136e-124
3.812245445780938098e+03 -2.682142448258810371e-124
3.822062898804934321e+03 -2.661124332713019795e-124
3.831892976734403874e+03 -2.640150787525156789e-124
3.841735679569346757e+03 -2.619223157475710874e-124
3.851591007309761153e+03 -2.598342776042966003e-124
3.861458959955648879e+03 -2.577510965246557185e-124
3.871339537507009936e+03 -2.556729035493825936e-124
3.881232739963842505e+03 -2.535998285429004380e-124
3.891138567326149314e+03 -2.515320001785272927e-124
3.901057019593928544e+03 -2.494695459239723422e-124
3.910988096767179286e+03 -2.474125920271264312e-124
3.920931798845904268e+03 -2.453612635021504764e-124
3.930888125830101671e+03 -2.433156841158650083e-124
3.940857077719771041e+03 -2.412759763744442411e-124
3.950838654514914197e+03 -2.392422615104176967e-124
3.960832856215530228e+03 -2.372146594699832857e-124
3.970839682821618226e+03 -2.351932889006339451e-124
3.980859134333179554e+03 -2.331782671391014860e-124
3.990891210750213759e+03 -2.311697101996206322e-124
4.000935912072719930e+03 -2.291677327625153903e-124
4.010993238300699886e+03 -2.271724481631116573e-124
4.021063189434152264e+03 -2.251839683809771986e-124
4.031145765473076608e+03 -2.232024040294931525e-124
4.041240966417475192e+03 -2.212278643457585323e-124
4.051348792267345743e+03 -2.192604571808302021e-124
4.061469243022688715e+03 -2.173002889903010972e-124
4.071602318683505018e+03 -2.153474648252186217e-124
4.081748019249794652e+03 -2.134020883233448171e-124
4.091906344721555797e+03 -2.114642617007617048e-124
4.102077295098791183e+03 -2.095340857438220949e-124
4.112260870381499444e+03 -2.076116598014489264e-124
4.122457070569679672e+03 -2.056970817777841476e-124
4.132665895663330957e+03 -2.037904481251892769e-124
4.142887345662456937e+03 -2.018918538375987783e-124
4.153121420567055793e+03 -2.000013924442282244e-124
4.163368120377126615e+03 -1.981191560036378775e-124
4.173627445092671223e+03 -1.962452350981536192e-124
4.183899394713688707e+03 -1.943797188286461949e-124
4.194183969240176339e+03 -1.925226948096696972e-124
4.204481168672139574e+03 -1.906742491649602527e-124
4.214790993009574777e+03 -1.888344665232961727e-124
4.225113442252482855e+03 -1.870034300147198202e-124
4.235448516400863809e+03 -1.851812212671223671e-124
4.245796215454717640e+03 -1.833679204031916116e-124
4.256156539414044346e+03 -1.815636060377236725e-124
4.266529488278842109e+03 -1.797683552752986890e-124
4.276915062049113658e+03 -1.779822437083212363e-124
4.287313260724858992e+03 -1.762053454154249354e-124
4.297724084306076293e+03 -1.744377329602423053e-124
4.308147532792766469e+03 -1.726794773905390590e-124
4.318583606184930431e+03 -1.709306482377132025e-124
4.329032304482564541e+03 -1.691913135166585566e-124
4.339493627685673346e+03 -1.674615397259926401e-124
4.349967575794255026e+03 -1.657413918486483254e-124
4.360454148808308673e+03 -1.640309333528289528e-124
4.370953346727836106e+03 -1.623302261933261469e-124
4.381465169552836414e+03 -1.606393308132001251e-124
4.391989617283306870e+03 -1.589583061458211975e-124
4.402526689919252931e+03 -1.572872096172720163e-124
4.413076387460670958e+03 -1.556260971491095671e-124
4.423638709907561861e+03 -1.539750231614858333e-124
4.434213657259925640e+03 -1.523340405766260594e-124
4.444801229517762295e+03 -1.507032008226634833e-124
4.455401426681070006e+03 -1.490825538378290654e-124
4.466014248749852413e+03 -1.474721480749952292e-124
4.476639695724106787e+03 -1.458720305065717232e-124
4.487277767603834945e+03 -1.442822466297524085e-124
4.497928464389035071e+03 -1.427028404721111023e-124
4.508591786079708982e+03 -1.411338545975449881e-124
4.519267732675853040e+03 -1.395753301125637441e-124
4.529956304177471793e+03 -1.380273066729223545e-124
4.540657500584563422e+03 -1.364898224905959232e-124
4.551371321897127928e+03 -1.349629143410942861e-124
4.562097768115165309e+03 -1.334466175711143862e-124
4.572836839238675566e+03 -1.319409661065282057e-124
4.583588535267655971e+03 -1.304459924607040104e-124
4.594352856202111980e+03 -1.289617277431586174e-124
4.605129802042039955e+03 -1.274882016685381455e-124
4.615919372787440807e+03 -1.260254425659249819e-124
4.626721568438314534e+03 -1.245734773884682146e-124
4.637536388994662047e+03 -1.231323317233351157e-124
4.648363834456478799e+03 -1.217020298019806963e-124
4.659203904823771154e+03 -1.202825945107330215e-124
4.670056600096536386e+03 -1.188740474016909071e-124
4.680921920274774493e+03 -1.174764087039318140e-124
4.691799865358484567e+03 -1.160896973350262044e-124
4.702690435347668426e+03 -1.147139309128560487e-124
4.713593630242322433e+03 -1.133491257677340423e-124
4.724509450042451135e+03 -1.119952969548204447e-124
4.735437894748053623e+03 -1.106524582668345190e-124
4.746378964359128076e+03 -1.093206222470572330e-124
4.757332658875675406e+03 -1.079998002026217582e-124
4.768298978297694703e+03 -1.066900022180888905e-124
4.779277922625185965e+03 -1.053912371693034894e-124
4.790269491858151923e+03 -1.041035127375288674e-124
4.801273685996589847e+03 -1.028268354238553539e-124
4.812290505040501557e+03 -1.015612105638798206e-124
4.823319948989885233e+03 -1.003066423426522416e-124
4.834362017844741786e+03 -9.906313380988593053e-125
4.845416711605069395e+03 -9.783068689542771818e-125
4.856484030270871699e+03 -9.660930242498416397e-125
4.867563973842146879e+03 -9.539898013610052835e-125
4.878656542318894935e+03 -9.419971869438815944e-125
4.889761735701115867e+03 -9.301151570999692463e-125
4.900879553988808766e+03 -9.183436775432855157e-125
4.912009997181973631e+03 -9.066827037698721520e-125
4.923153065280612282e+03 -8.951321812296329796e-125
4.934308758284723808e+03 -8.836920455004640810e-125
4.945477076194308211e+03 -8.723622224646380366e-125
4.956658019009365489e+03 -8.611426284874004462e-125
4.967851586729895644e+03 -8.500331705977399968e-125
4.979057779355896855e+03 -8.390337466712910373e-125
4.990276596887372762e+03 -8.281442456153278267e-125
5.001508039324321544e+03 -8.173645475558103584e-125
5.012752106666742293e+03 -8.066945240264391445e-125
5.024008798914636827e+03 -7.961340381596799125e-125
5.035278116068003328e+03 -7.856829448797150722e-125
5.046560058126840886e+03 -7.753410910972810177e-125
5.057854625091153139e+03 -7.651083159063494846e-125
5.069161816960938268e+03 -7.549844507826120286e-125
5.080481633736196272e+03 -7.449693197837236424e-125
5.091814075416927153e+03 -7.350627397512663587e-125
5.103159142003130910e+03 -7.252645205143879138e-125
5.114516833494804814e+03 -7.155744650950760038e-125
5.125887149891954323e+03 -7.059923699150229987e-125
5.137270091194575798e+03 -6.965180250040423801e-125
5.148665657402670149e+03 -6.871512142099907184e-125
5.160073848516238286e+03 -6.778917154101570855e-125
5.171494664535278389e+03 -6.687393007240731945e-125
5.182928105459788640e+03 -6.596937367277057408e-125
5.194374171289774495e+03 -6.507547846689867568e-125
5.205832862025233226e+03 -6.419222006846395705e-125
5.217304177666164833e+03 -6.331957360182586990e-125
5.228788118212568406e+03 -6.245751372396017928e-125
5.240284683664445765e+03 -6.160601464650507008e-125
5.251793874021793272e+03 -6.076505015791991447e-125
5.263315689284615473e+03 -5.993459364575270087e-125
5.274850129452910551e+03 -5.911461811901169505e-125
5.286397194526679414e+03 -5.830509623063723957e-125
5.297956884505920243e+03 -5.750600030006952435e-125
5.309529199390633039e+03 -5.671730233590811923e-125
5.321114139180817801e+03 -5.593897405865918532e-125
5.332711703876477259e+03 -5.517098692356600898e-125
5.344321893477608683e+03 -5.441331214351898528e-125
5.355944707984212982e+03 -5.366592071204070506e-125
5.367580147396291068e+03 -5.292878342634211515e-125
5.379228211713841119e+03 -5.220187091044561584e-125
5.390888900936864047e+03 -5.148515363837103358e-125
5.402562215065358032e+03 -5.077860195738025947e-125
5.414248154099326712e+03 -5.008218611127670159e-125
5.425946718038768267e+03 -4.939587626375523677e-125
5.437657906883681790e+03 -4.871964252179873611e-125
5.449381720634069097e+03 -4.805345495911712315e-125
5.461118159289929281e+03 -4.739728363962498629e-125
5.472867222851259612e+03 -4.675109864095346285e-125
5.484628911318064638e+03 -4.611487007799281549e-125
5.496403224690342540e+03 -4.548856812646127127e-125
5.508190162968093318e+03 -4.487216304649646536e-125
5.519989726151316972e+03 -4.426562520626528541e-125
5.531801914240013502e+03 -4.366892510558829581e-125
5.543626727234181089e+03 -4.308203339957472684e-125
5.555464165133822462e+03 -4.250492092226405054e-125
5.567314227938937620e+03 -4.193755871027023320e-125
5.579176915649524744e+03 -4.137991802642475971e-125
5.591052228265585654e+03 -4.083197038341443064e-125
5.602940165787118531e+03 -4.029368756741002712e-125
5.614840728214122464e+03 -3.976504166168196515e-125
5.626753915546601093e+03 -3.924600507019897150e-125
5.638679727784552597e+03 -3.873655054120587120e-125
5.650618164927976977e+03 -3.823665119077660815e-125
5.662569226976873324e+03 -3.774628052633851528e-125
5.674532913931243456e+03 -3.726541247016398728e-125
5.686509225791083736e+03 -3.679402138282558292e-125
5.698498162556399620e+03 -3.633208208661064160e-125
5.710499724227187471e+03 -3.587956988889150427e-125
5.722513910803448198e+03 -3.543646060544737608e-125
5.734540722285181801e+03 -3.500273058373386309e-125
5.746580158672388279e+03 -3.457835672609628876e-125
5.758632219965065815e+03 -3.416331651292270177e-125
5.770696906163218046e+03 -3.375758802573272282e-125
5.782774217266842243e+03 -3.336114997019812109e-125
5.794864153275940225e+03 -3.297398169909112621e-125
5.806966714190510174e+03 -3.259606323515644523e-125
5.819081900010553909e+03 -3.222737529390288533e-125
5.831209710736067791e+03 -3.186789930631056239e-125
5.843350146367056368e+03 -3.151761744144941774e-125
5.855503206903517821e+03 -3.117651262900509124e-125
5.867668892345452150e+03 -3.084456858170783652e-125
5.879847202692859355e+03 -3.052176981766024292e-125
5.892038137945739436e+03 -3.020810168255963906e-125
5.904241698104089664e+03 -2.990355037181075874e-125
5.916457883167914588e+03 -2.960810295252437103e-125
5.928686693137213297e+03 -2.932174738539753912e-125
5.940928128011983972e+03 -2.904447254647097894e-125
5.953182187792227523e+03 -2.877626824875916642e-125
5.965448872477944860e+03 -2.851712526374853293e-125
5.977728182069131435e+03 -2.826703534275926168e-125
5.990020116565793614e+03 -2.802599123816594568e-125
6.002324675967928670e+03 -2.779398672447249928e-125
6.014641860275536601e+03 -2.757101661923644236e-125
6.026971669488616499e+03 -2.735707680383779691e-125
6.039314103607170182e+03 -2.715216424408762045e-125
6.051669162631194013e+03 -2.695627701067121691e-125
6.064036846560692538e+03 -2.676941429942097566e-125
6.076417155395663940e+03 -2.659157645141360647e-125
6.088810089136108218e+03 -2.642276497288664781e-125
6.101215647782025371e+03 -2.626298255496884794e-125
6.113633831333415401e+03 -2.611223309321903411e-125
6.126064639790276487e+03 -2.597052170696793806e-125
6.138508073152611360e+03 -2.583785475845740927e-125
6.150964131420420017e+03 -2.571423987177130589e-125
6.163432814593700641e+03 -2.559968595155218508e-125
6.175914122672455051e+03 -2.549420320149796722e-125
6.188408055656681427e+03 -2.539780314263246481e-125
6.200914613546378860e+03 -2.531049863134367233e-125
6.213433796341550988e+03 -2.523230387718355049e-125
6.225965604042195991e+03 -2.516323446042282842e-125
6.238510036648313871e+03 -2.510330734935447339e-125
6.251067094159903718e+03 -2.505254091733901026e-125
6.263636776576967350e+03 -2.501095495958500456e-125
6.276219083899501129e+03 -2.497857070965779689e-125
6.288814016127509603e+03 -2.495541085570938249e-125
6.301421573260991863e+03 -2.494149955642225103e-125
6.314041755299946090e+03 -2.493686245665987563e-125
