0.000000000000000000e+00 6.484207307603370371e-04
7.901471645829974758e-03 6.482306227043961502e-04
2.842784876444096748e-02 6.477367552737253904e-04
6.157913135583295561e-02 6.469391371175970285e-04
1.073553194200059790e-01 6.458378122334459915e-04
1.657564129569600309e-01 6.444328239815225656e-04
2.367824119666950278e-01 6.427241635134046472e-04
3.204333164492110808e-01 6.407117786598582427e-04
4.167091264045081345e-01 6.383956359716223047e-04
5.256098418325862998e-01 6.357757519080706275e-04
6.471354627334453546e-01 6.328521592502950712e-04
7.812859891070854657e-01 6.296248686157928601e-04
9.280614209535064107e-01 6.260938744849157793e-04
1.087461758272708856e+00 6.222591772101315581e-04
1.259487001064691691e+00 6.181207845332669076e-04
1.444137149329456138e+00 6.136787040348561182e-04
1.641412203067001085e+00 6.089329428557546968e-04
1.851312162277326978e+00 6.038835094768768563e-04
2.073837026960434482e+00 5.985304136744640452e-04
2.308986797116322265e+00 5.928736664853414716e-04
2.556761472744991881e+00 5.869132804141876346e-04
2.817161053846441554e+00 5.806492696266680282e-04
3.090185540420673505e+00 5.740816501737189487e-04
3.375834932467685068e+00 5.672104402599985546e-04
3.674109229987478020e+00 5.600356605604104752e-04
3.985008432980052806e+00 5.525573345923893466e-04
4.308532541445408093e+00 5.447754891526282884e-04
4.644681555383542992e+00 5.366901548268500572e-04
4.993455474794460613e+00 5.283013665835639694e-04
5.354854299678160068e+00 5.196091644662701164e-04
5.728878030034639579e+00 5.106135944044238326e-04
6.115526665863898259e+00 5.013147091716944502e-04
6.514800207165940549e+00 4.917125695282305092e-04
6.926698653940762895e+00 4.818072455907489128e-04
7.351222006188364411e+00 4.715988184825811291e-04
7.788370263908749536e+00 4.610873823268750189e-04
8.238143427101915606e+00 4.502730466646618843e-04
8.700541495767863509e+00 4.391559394037445100e-04
9.175564469906587917e+00 4.277362104366548221e-04
9.663212349518097710e+00 4.160140361073066842e-04
1.016348513460238756e+01 4.039896247626808775e-04
1.067638282515945569e+01 3.916632237027128146e-04
1.120190542118930921e+01 3.790351279484134800e-04
1.174005292269194101e+01 3.661056913966379456e-04
1.229082532966735641e+01 3.528753411390210559e-04
1.285422264211554833e+01 3.393445960201597628e-04
1.343024486003652385e+01 3.255140909414977685e-04
1.401889198343028120e+01 3.113846090574055284e-04
1.462016401229681684e+01 2.969571249702602513e-04
1.523406094663613608e+01 2.822328634840449990e-04
1.586058278644823716e+01 2.672133807277828283e-04
1.649972953173311652e+01 2.519006780429071911e-04
1.715150118249077948e+01 2.362973648452071915e-04
1.781589773872122251e+01 2.204068963564475929e-04
1.849291920042444204e+01 2.042339286909567180e-04
1.918256556760045228e+01 1.877848631079170904e-04
1.988483684024923548e+01 1.710687048985915057e-04
2.059973301837079873e+01 1.540984643909889889e-04
2.132725410196514915e+01 1.368935298415520265e-04
2.206740009103227607e+01 1.194838620114099597e-04
2.282017098557219015e+01 1.019177758586208189e-04
2.358556678558488073e+01 8.427716791394080124e-05
2.436358749107034782e+01 6.670900692511567412e-05
2.515423310202860563e+01 4.949354218153380200e-05
2.595750361845963639e+01 3.319224855499010378e-05
2.677339904036344720e+01 1.891693808164172705e-05
2.760191936774004873e+01 8.433230383940889906e-06
2.844306460058942321e+01 2.847512584354281022e-06
2.929683473891157774e+01 7.945144735994250585e-07
3.016322978270652300e+01 2.033978042573112283e-07
3.104224973197423765e+01 5.014768927693796167e-08
3.193389458671474657e+01 1.208718294583546215e-08
3.283816434692801778e+01 2.859739060646360421e-09
3.375505901261407615e+01 6.648549295622444129e-10
3.468457858377293235e+01 1.519400314242169334e-10
3.562672306040455084e+01 3.413717044554245726e-11
3.658149244250895293e+01 7.541165322312022067e-12
3.754888673008614575e+01 1.638120946786266636e-12
3.852890592313610796e+01 3.499369162421812533e-13
3.952155002165885378e+01 7.352062823692557478e-14
4.052681902565439032e+01 1.519299780343935088e-14
4.154471293512269625e+01 3.088385918355908190e-15
4.257523175006378580e+01 6.176071662911031132e-16
4.361837547047766606e+01 1.215134793387739453e-16
4.467414409636431571e+01 2.352374596076150674e-17
4.574253762772375609e+01 4.481225075884563960e-18
4.682355606455597297e+01 8.401048064394096203e-19
4.791719940686096635e+01 1.550081805701472024e-19
4.902346765463875045e+01 2.815127198093138249e-20
5.014236080788930394e+01 5.032703088292753315e-21
5.127387886661264105e+01 8.857311385594444768e-22
5.241802183080876887e+01 1.534747979771726501e-22
5.357478970047766609e+01 2.618447179725771266e-23
5.474418247561934692e+01 4.399050887702492156e-24
5.592620015623381846e+01 7.278119784941918973e-25
5.712084274232105940e+01 1.185934955943006121e-25
5.832811023388107685e+01 1.903356763099816323e-26
5.954800263091389212e+01 3.009076100262452341e-27
6.078051993341947679e+01 4.686358965673216490e-28
6.202566214139785217e+01 7.190562851901086770e-29
6.328342925484899695e+01 1.087052454213838013e-29
6.455382127377293955e+01 1.619323037372425754e-30
6.583683819816963023e+01 2.377096117057344492e-31
6.713248002803914005e+01 3.438942338862982980e-32
6.844074676338142638e+01 4.903456978575239034e-33
6.976163840419646078e+01 6.891493648048972997e-34
7.109515495048430012e+01 9.547547520833531601e-35
7.244129640224493016e+01 1.303981728152938792e-35
7.380006275947830829e+01 1.755843855285322178e-36
7.517145402218449135e+01 2.331139456810552961e-37
7.655547019036346512e+01 3.051768820546472703e-38
7.795211126401518698e+01 3.939751454674244671e-39
7.936137724313971376e+01 5.015940834328093847e-40
8.078326812773703125e+01 6.298464872281614278e-41
8.221778391780709683e+01 7.800956379705211872e-42
8.366492461334996733e+01 9.530675698375158012e-43
8.512469021436562855e+01 1.148666300515219838e-43
8.659708072085406627e+01 1.365808534752320589e-44
8.808209613281525208e+01 1.602295806956974981e-45
8.957973645024924281e+01 1.854741750350136662e-46
9.109000167315602425e+01 2.118569880429927338e-47
9.261289180153555378e+01 2.388092907633643903e-48
9.414840683538790245e+01 2.656678372231975672e-49
9.569654677471302762e+01 2.916997830688599650e-50
9.725731161951090087e+01 3.161348668095879030e-51
9.883070136978157905e+01 3.382029779716547973e-52
1.004167160255250479e+02 3.571745815945690552e-53
1.020153555867412649e+02 3.724010290364377341e-54
1.036266200534302868e+02 3.833516262747258296e-55
1.052505094255920994e+02 3.896444855165233466e-56
1.068870237032266601e+02 3.910686482538647682e-57
1.085361628863340400e+02 3.875956931152192164e-58
1.101979269749141821e+02 3.793799516209187712e-59
1.118723159689670865e+02 3.667474477088813332e-60
1.135593298684927959e+02 3.501746418934681302e-61
1.152589686734912959e+02 3.302588930861688745e-62
1.169712323839625441e+02 3.076831650082282554e-63
1.186961209999065971e+02 2.831778442554527392e-64
1.204336345213234409e+02 2.574825836839878374e-65
1.221837729482130186e+02 2.313108539767363909e-66
1.239465362805754296e+02 2.053194252459721936e-67
1.257219245184106171e+02 1.800843789471636428e-68
1.275099376617185811e+02 1.560845492006050662e-69
1.293105757104992790e+02 1.336925927954851828e-70
1.311238386647528102e+02 1.131732595721463133e-71
1.329497265244791322e+02 9.468793292340322334e-73
1.347882392896781596e+02 7.830416559396871158e-74
1.366393769603500346e+02 6.400875835959225147e-75
1.385031395364947002e+02 5.172290831510757242e-76
1.403795270181120713e+02 4.131806390917781280e-77
1.422685394052022900e+02 3.263133059671261546e-78
1.441701766977652994e+02 2.547953549487221212e-79
1.460844388958010143e+02 1.967134479276966409e-80
1.480113259993095767e+02 1.501710250235102850e-81
1.499508380082909298e+02 1.133630001997882978e-82
1.519029749227449884e+02 8.462778301192224763e-84
1.538677367426718945e+02 6.247902067718908973e-85
1.558451234680715913e+02 4.562029274841687110e-86
1.578351350989439936e+02 3.294635186700491422e-87
1.598377716352892435e+02 2.353448141498205161e-88
1.618530330771072556e+02 1.662924060522205749e-89
1.638809194243980301e+02 1.162339388065947398e-90
1.659214306771616236e+02 8.037265993865111581e-92
1.679745668353979795e+02 5.498199551212871513e-93
1.700403278991070977e+02 3.721269925327778848e-94
1.721187138682890065e+02 2.491965035573865633e-95
1.742097247429437346e+02 1.651179244580637608e-96
1.763133605230712249e+02 1.082603041486725368e-97
1.784296212086714490e+02 7.024057932471629196e-99
1.805585067997445208e+02 4.509949265535077141e-100
1.827000172962903548e+02 2.865765852478316278e-101
1.848541526983089227e+02 1.802253221644718060e-102
1.870209130058003097e+02 1.121805077536084826e-103
1.892002982187644875e+02 6.911395421707753246e-105
1.913923083372013991e+02 4.214838483313214947e-106
1.935969433611111583e+02 2.544385663939257249e-107
1.958142032904936798e+02 1.520517935931940382e-108
1.980440881253489351e+02 8.995522677379715063e-110
2.002865978656770096e+02 5.268742789967876733e-111
2.025417325114778748e+02 3.055291653180183881e-112
2.048094920627514739e+02 1.754214203270151824e-113
2.070898765194978921e+02 9.972772012943154761e-115
2.093828858817171010e+02 5.613986649390941026e-116
2.116885201494090438e+02 3.129448659210868227e-117
2.140067793225738058e+02 1.727523117327698714e-118
2.163376634012113584e+02 9.444042954451529509e-120
2.186811723853216449e+02 5.113148622615230645e-121
2.210373062749047790e+02 2.741785300968934621e-122
2.234060650699606754e+02 1.456166667374498903e-123
2.257874487704892772e+02 7.660184933323909093e-125
2.281814573764907550e+02 3.991496273871035106e-126
2.305880908879649951e+02 2.060241587373851024e-127
2.330073493049119406e+02 1.053425988467664627e-128
2.354392326273317622e+02 5.335937613190108687e-130
2.378837408552243460e+02 2.677660683354844723e-131
2.403408739885896921e+02 1.331237498929959923e-132
2.428106320274278005e+02 6.557340468004105277e-134
2.452930149717387280e+02 3.200280135649287936e-135
2.477880228215224179e+02 1.546093260973673640e-136
2.502956555767788416e+02 4.299993145403467014e-138
2.528159132375081128e+02 -6.498023341237229357e-137
2.553487958037101748e+02 -1.346081107115604989e-136
2.578943032753850844e+02 -2.045828820647750650e-136
2.604524356525326425e+02 -2.749045402157400647e-136
2.630231929351529629e+02 -3.455730379261077997e-136
2.656065751232462162e+02 -4.165883286559456747e-136
2.682025822168121181e+02 -4.879503644675819307e-136
2.708112142158507822e+02 -5.596590961154222256e-136
2.734324711203623792e+02 -6.317144730248992893e-136
2.760663529303466248e+02 -7.041164432769102382e-136
2.787128596458036327e+02 -7.768649535919111250e-136
2.813719912667335734e+02 -8.499599493139410727e-136
2.840437477931361627e+02 -9.234013743945785892e-136
2.867281292250115143e+02 -9.971891713768195985e-136
2.894251355623597419e+02 -1.071323281378883834e-135
2.921347668051806750e+02 -1.145803644077944401e-135
2.948570229534744271e+02 -1.220630197693783409e-135
2.975919040072409985e+02 -1.295802878972378711e-135
3.003394099664802752e+02 -1.371321623169408935e-135
3.030995408311923143e+02 -1.447186364033690375e-135
3.058722966013772862e+02 -1.523397033790537523e-135
3.086576772770349066e+02 -1.599953563125050729e-135
3.114556828581652894e+02 -1.676855881165332688e-135
3.142663133447686050e+02 -1.754103915465623207e-135
3.170895687368445124e+02 -1.831697591989374550e-135
3.199254490343932389e+02 -1.909636835092236359e-135
3.227739542374148982e+02 -1.987921567504985282e-135
3.256350843459092061e+02 -2.066551710316364480e-135
3.285088393598762764e+02 -2.145527182955865694e-135
3.313952192793162794e+02 -2.224847903176422733e-135
3.342942241042288742e+02 -2.304513787037051795e-135
3.372058538346144587e+02 -2.384524748885394029e-135
3.401301084704726350e+02 -2.464880701340210145e-135
3.430669880118036303e+02 -2.545581555273787032e-135
3.460164924586075017e+02 -2.626627219794278090e-135
3.489786218108840785e+02 -2.708017602227966875e-135
3.519533760686334176e+02 -2.789752608101465686e-135
3.549407552318556327e+02 -2.871832141123834713e-135
3.579407593005504964e+02 -2.954256103168637036e-135
3.609533882747181792e+02 -3.037024394255909002e-135
3.639786421543587380e+02 -3.120136912534077138e-135
3.670165209394720023e+02 -3.203593554261791062e-135
3.700670246300579720e+02 -3.287394213789676339e-135
3.731301532261169314e+02 -3.371538783542049472e-135
3.762059067276484825e+02 -3.456027153998518626e-135
3.792942851346528528e+02 -3.540859213675543428e-135
3.823952884471300990e+02 -3.626034849107917768e-135
3.855089166650799939e+02 -3.711553944830171350e-135
3.886351697885027079e+02 -3.797416383357915031e-135
3.917740478173982979e+02 -3.883622045169101836e-135
3.949255507517665933e+02 -3.970170808685231163e-135
3.980896785916075942e+02 -4.057062550252471712e-135
4.012664313369215847e+02 -4.144297144122720887e-135
4.044558089877081670e+02 -4.231874462434591481e-135
4.076578115439675685e+02 -4.319794375194326263e-135
4.108724390056998459e+02 -4.408056750256655753e-135
4.140996913729047719e+02 -4.496661453305563113e-135
4.173395686455825171e+02 -4.585608347835003230e-135
4.205920708237331382e+02 -4.674897295129541134e-135
4.238571979073564648e+02 -4.764528154244916494e-135
4.271349498964524969e+02 -4.854500781988558016e-135
4.304253267910214618e+02 -4.944815032900005572e-135
4.337283285910631321e+02 -5.035470759231279794e-135
4.370439552965775079e+02 -5.126467810927180787e-135
4.403722069075648733e+02 -5.217806035605514140e-135
4.437130834240248305e+02 -5.309485278537252775e-135
4.470665848459575500e+02 -5.401505382626624268e-135
4.504327111733632591e+02 -5.493866188391149886e-135
4.538114624062415601e+02 -5.586567533941584052e-135
4.572028385445926233e+02 -5.679609254961820797e-135
4.606068395884166762e+02 -5.772991184688706136e-135
4.640234655377133208e+02 -5.866713153891796667e-135
4.674527163924827278e+02 -5.960774990853061965e-135
4.708945921527251244e+02 -6.055176521346483716e-135
4.743490928184401128e+02 -6.149917568617627969e-135
4.778162183896278634e+02 -6.244997953363151401e-135
4.812959688662886037e+02 -6.340417493710180494e-135
4.847883442484219358e+02 -6.436176005195720047e-135
4.882933445360280302e+02 -6.532273300745917485e-135
4.918109697291071143e+02 -6.628709190655296626e-135
4.953412198276587901e+02 -6.725483482565932791e-135
4.988840948316832282e+02 -6.822595981446527710e-135
5.024395947411806560e+02 -6.920046489571468547e-135
5.060077195561506755e+02 -7.017834806499781831e-135
5.095884692765936279e+02 -7.115960729054038507e-135
5.131818439025091720e+02 -7.214424051299201562e-135
5.167878434338975921e+02 -7.313224564521399100e-135
5.204064678707588882e+02 -7.412362057206636325e-135
5.240377172130928329e+02 -7.511836315019451315e-135
5.276815914608995399e+02 -7.611647120781492581e-135
5.313380906141791229e+02 -7.711794254450056310e-135
5.350072146729314682e+02 -7.812277493096534397e-135
5.386889636371564620e+02 -7.913096610884825822e-135
5.423833375068544456e+02 -8.014251379049660046e-135
5.460903362820250777e+02 -8.115741565874889851e-135
5.498099599626684721e+02 -8.217566936671682763e-135
5.535422085487848562e+02 -8.319727253756696584e-135
5.572870820403737753e+02 -8.422222276430147397e-135
5.610445804374354566e+02 -8.525051760953865343e-135
5.648147037399702413e+02 -8.628215460529240427e-135
5.685974519479774472e+02 -8.731713125275136549e-135
5.723928250614575290e+02 -8.835544502205759102e-135
5.762008230804106006e+02 -8.939709335208418700e-135
5.800214460048362071e+02 -9.044207365021279020e-135
5.838546938347346895e+02 -9.149038329211015446e-135
5.877005665701060479e+02 -9.254201962150437046e-135
5.915590642109499413e+02 -9.359697994996029124e-135
5.954301867572667106e+02 -9.465526155665453002e-135
5.993139342090564696e+02 -9.571686168814989594e-135
6.032103065663187635e+02 -9.678177755816897439e-135
6.071193038290539334e+02 -9.785000634736754847e-135
6.110409259972619793e+02 -9.892154520310715289e-135
6.149751730709426738e+02 -9.999639123922706575e-135
6.189220450500960169e+02 -1.010745415358159214e-134
6.228815419347224633e+02 -1.021559931389826638e-134
6.268536637248214447e+02 -1.032407430606267538e-134
6.308384104203933020e+02 -1.043287882782081694e-134
6.348357820214380354e+02 -1.054201257345166236e-134
6.388457785279554173e+02 -1.065147523374402445e-134
6.428683999399454478e+02 -1.076126649597337178e-134
6.469036462574085817e+02 -1.087138604387860388e-134
6.509515174803442505e+02 -1.098183355763874444e-134
6.550120136087527953e+02 -1.109260871384961510e-134
6.590851346426342161e+02 -1.120371118550040041e-134
6.631708805819881718e+02 -1.131514064195025556e-134
6.672692514268150035e+02 -1.142689674890473326e-134
6.713802471771148248e+02 -1.153897916839228397e-134
6.755038678328871811e+02 -1.165138755874061557e-134
6.796401133941322996e+02 -1.176412157455304572e-134
6.837889838608505215e+02 -1.187718086668476132e-134
6.879504792330411647e+02 -1.199056508221913175e-134
6.921245995107046838e+02 -1.210427386444378998e-134
6.963113446938411926e+02 -1.221830685282685778e-134
7.005107147824502363e+02 -1.233266368299297796e-134
7.047227097765322696e+02 -1.244734398669939541e-134
7.089473296760868379e+02 -1.256234739181189644e-134
7.131845744811142822e+02 -1.267767352228078473e-134
7.174344441916147161e+02 -1.279332199811676691e-134
7.216969388075876850e+02 -1.290929243536678436e-134
7.259720583290334162e+02 -1.302558444608982297e-134
7.302598027559521370e+02 -1.314219763833263741e-134
7.345601720883433927e+02 -1.325913161610549737e-134
7.388731663262075244e+02 -1.337638597935778963e-134
7.431987854695445321e+02 -1.349396032395367876e-134
7.475370295183541884e+02 -1.361185424164762121e-134
7.518878984726366070e+02 -1.373006732005994535e-134
7.562513923323920153e+02 -1.384859914265226291e-134
7.606275110976200722e+02 -1.396744928870294882e-134
7.650162547683207777e+02 -1.408661733328249158e-134
7.694176233444945865e+02 -1.420610284722887531e-134
7.738316168261409302e+02 -1.432590539712283483e-134
7.782582352132600363e+02 -1.444602454526316191e-134
7.826974785058521320e+02 -1.456645984964188218e-134
7.871493467039167626e+02 -1.468721086391944650e-134
7.916138398074542692e+02 -1.480827713739987121e-134
7.960909578164646518e+02 -1.492965821500582688e-134
8.005807007309476830e+02 -1.505135363725366363e-134
8.050830685509034765e+02 -1.517336294022848040e-134
8.095980612763322597e+02 -1.529568565555904757e-134
8.141256789072336915e+02 -1.541832131039276142e-134
8.186659214436077718e+02 -1.554126942737054715e-134
8.232187888854549556e+02 -1.566452952460171070e-134
8.277842812327746742e+02 -1.578810111563875870e-134
8.323623984855671551e+02 -1.591198370945218918e-134
8.369531406438326258e+02 -1.603617681040522596e-134
8.415565077075706313e+02 -1.616067991822856785e-134
8.461724996767815128e+02 -1.628549252799500328e-134
8.508011165514652703e+02 -1.641061413009413012e-134
8.554423583316216764e+02 -1.653604421020689219e-134
8.600962250172508448e+02 -1.666178224928020370e-134
8.647627166083530028e+02 -1.678782772350146866e-134
8.694418331049278095e+02 -1.691418010427308561e-134
8.741335745069752647e+02 -1.704083885818694255e-134
8.788379408144958234e+02 -1.716780344699884590e-134
8.835549320274889169e+02 -1.729507332760293970e-134
8.882845481459547727e+02 -1.742264795200607835e-134
8.930267891698936182e+02 -1.755052676730221403e-134
8.977816550993049987e+02 -1.767870921564666678e-134
9.025491459341891414e+02 -1.780719473423046063e-134
9.073292616745463874e+02 -1.793598275525458391e-134
9.121220023203761684e+02 -1.806507270590420068e-134
9.169273678716787117e+02 -1.819446400832290376e-134
9.217453583284542447e+02 -1.832415607958686016e-134
9.265759736907023125e+02 -1.845414833167899813e-134
9.314192139584232564e+02 -1.858444017146312323e-134
9.362750791316170762e+02 -1.871503100065802722e-134
9.411435692102835446e+02 -1.884592021581159679e-134
9.460246841944230027e+02 -1.897710720827483197e-134
9.509184240840349958e+02 -1.910859136417591828e-134
9.558247888791197511e+02 -1.924037206439422064e-134
9.607437785796776097e+02 -1.937244868453429200e-134
9.656753931857078896e+02 -1.950482059489984282e-134
9.706196326972110455e+02 -1.963748716046766659e-134
9.755764971141871911e+02 -1.977044774086161664e-134
9.805459864366358715e+02 -1.990370169032647302e-134
9.855281006645573143e+02 -2.003724835770186066e-134
9.905228397979518604e+02 -2.017108708639613821e-134
9.955302038368188278e+02 -2.030521721436020381e-134
1.000550192781158671e+03 -2.043963807406138393e-134
1.005582806630971504e+03 -2.057434899245724402e-134
1.010628045386256872e+03 -2.070934929096938201e-134
1.015685909047015002e+03 -2.084463828545724634e-134
1.020756397613246236e+03 -2.098021528619189278e-134
1.025839511084949663e+03 -2.111607959782971936e-134
1.030935249462126421e+03 -2.125223051938631606e-134
1.036043612744775373e+03 -2.138866734421005554e-134
1.041164600932897656e+03 -2.152538935995587933e-134
1.046298214026492815e+03 -2.166239584855923064e-134
1.051444452025560167e+03 -2.179968608620912211e-134
1.056603314930100851e+03 -2.193725934332232517e-134
1.061774802740114183e+03 -2.207511488451792862e-134
1.066958915455599936e+03 -2.221325196858758593e-134
1.072155653076559020e+03 -2.235166984847466595e-134
1.077365015602990752e+03 -2.249036777124313895e-134
1.082587003034894906e+03 -2.262934497805534654e-134
1.087821615372272163e+03 -2.276860070414067012e-134
1.093068852615122296e+03 -2.290813417877652687e-134
1.098328714763444623e+03 -2.304794462524933487e-134
1.103601201817240280e+03 -2.318803126085925446e-134
1.108886313776508814e+03 -2.332839329684171786e-134
1.114184050641249542e+03 -2.346902993838228840e-134
1.119494412411463600e+03 -2.360994038458774372e-134
1.124817399087150307e+03 -2.375112384495653301e-134
1.130153010668309435e+03 -2.389245540790915159e-134
1.135501247154941893e+03 -2.498597076977260644e-134
1.140862108547047001e+03 7.322839371365328442e-132
1.146235594844624302e+03 -3.282998150409158703e-130
1.151621706047675161e+03 1.490808972729050309e-128
1.157020442156198442e+03 -6.850331997054312445e-127
1.162431803170194371e+03 -1.041399125659927699e-127
1.167855789089663404e+03 -2.064308296354578095e-127
1.173292399914605312e+03 -3.088724557328229859e-127
1.178741635645019414e+03 -4.115511328119020218e-127
1.184203496280906620e+03 -5.144665600953233942e-127
1.189677981822266929e+03 -6.176184438047912225e-127
1.195165092269099432e+03 -7.210064861815364545e-127
1.200664827621405038e+03 -8.246303854657340638e-127
1.206177187879183521e+03 -9.284898358744941328e-127
1.211702173042434424e+03 -1.032584527579832188e-126
1.217239783111158431e+03 -1.136914146686611738e-126
1.222790018085355314e+03 -1.241478375210470816e-126
1.228352877965024391e+03 -1.346276891055719414e-126
1.233928362750166798e+03 -1.451309367993222320e-126
1.239516472440782081e+03 -1.556575475638255383e-126
1.245117207036869559e+03 -1.662074879428343740e-126
1.250730566538430367e+03 -1.767807240601079701e-126
1.256356550945463823e+03 -1.873772216171920632e-126
1.261995160257969701e+03 -1.979969458911968133e-126
1.267646394475948910e+03 -2.086398617325727211e-126
1.273310253599400767e+03 -2.193059335628849707e-126
1.278986737628324818e+03 -2.299951253725856404e-126
1.284675846562722199e+03 -2.407074007187848306e-126
1.290377580402592457e+03 -2.514427227230192003e-126
1.296091939147935136e+03 -2.622010540690198157e-126
1.301818922798750918e+03 -2.729823570004778323e-126
1.307558531355039349e+03 -2.837865933188089321e-126
1.313310764816800202e+03 -2.946137243809161523e-126
1.319075623184034384e+03 -3.054637110969515667e-126
1.324853106456741443e+03 -3.163365139280763919e-126
1.330643214634920469e+03 -3.272320928842196511e-126
1.336445947718573052e+03 -3.381504075218359841e-126
1.342261305707698284e+03 -3.490914169416623427e-126
1.348089288602296392e+03 -3.600550797864725539e-126
1.353929896402366694e+03 -3.710413542388326040e-126
1.359783129107910327e+03 -3.820501980188526438e-126
1.365648986718926608e+03 -3.930815683819405013e-126
1.371527469235415310e+03 -4.041354221165518497e-126
1.377418576657377344e+03 -4.152117155419418181e-126
1.383322308984812025e+03 -4.263104045059136500e-126
1.389238666217718901e+03 -4.374314443825684775e-126
1.395167648356099335e+03 -4.485747900700533893e-126
1.401109255399952417e+03 -4.597403959883089085e-126
1.407063487349277693e+03 -4.709282160768163393e-126
1.413030344204076300e+03 -4.821382037923445229e-126
1.419009825964347783e+03 -4.933703121066959379e-126
1.425001932630091460e+03 -5.046244935044524063e-126
1.431006664201308467e+03 -5.159006999807207348e-126
1.437024020677998124e+03 -5.271988830388782242e-126
1.443054002060160201e+03 -5.385189936883176544e-126
1.449096608347795609e+03 -5.498609824421918096e-126
1.455151839540903666e+03 -5.612247993151592508e-126
1.461219695639483916e+03 -5.726103938211285131e-126
1.467300176643537725e+03 -5.840177149710036155e-126
1.473393282553064182e+03 -5.954467112704289143e-126
1.479499013368062833e+03 -6.068973307175344817e-126
1.485617369088534815e+03 -6.183695208006816811e-126
1.491748349714479673e+03 -6.298632284962094637e-126
1.497891955245896725e+03 -6.413784002661801409e-126
1.504048185682787107e+03 -6.529149820561261403e-126
1.510217041025150138e+03 -6.644729192927987298e-126
1.516398521272985590e+03 -6.760521568819137244e-126
1.522592626426294146e+03 -6.876526392059019157e-126
1.528799356485075805e+03 -6.992743101216575343e-126
1.535018711449329430e+03 -7.109171129582886791e-126
1.541250691319056614e+03 -7.225809905148684039e-126
1.547495296094256446e+03 -7.342658850581865904e-126
1.553752525774928472e+03 -7.459717383205027399e-126
1.560022380361073829e+03 -7.576984914973004707e-126
1.566304859852692061e+03 -7.694460852450426718e-126
1.572599964249782261e+03 -7.812144596789282306e-126
1.578907693552346018e+03 -7.930035543706488921e-126
1.585228047760382651e+03 -8.048133083461496609e-126
1.591561026873891478e+03 -8.166436600833889406e-126
1.597906630892873409e+03 -8.284945475101002474e-126
1.604264859817328215e+03 -8.403659080015566796e-126
1.610635713647255443e+03 -8.522576783783366991e-126
1.617019192382655774e+03 -8.641697949040903059e-126
1.623415296023528981e+03 -8.761021932833079690e-126
1.629824024569874382e+03 -8.880548086590941488e-126
1.636245378021693114e+03 -9.000275756109360963e-126
1.642679356378984721e+03 -9.120204281524832801e-126
1.649125959641748523e+03 -9.240332997293206467e-126
1.655585187809985655e+03 -9.360661232167513277e-126
1.662057040883695663e+03 -9.481188309175758046e-126
1.668541518862877638e+03 -9.601913545598773711e-126
1.675038621747533170e+03 -9.722836252948086458e-126
1.681548349537661352e+03 -9.843955736943799212e-126
1.688070702233261727e+03 -9.965271297492515804e-126
1.694605679834335660e+03 -1.008678222866528613e-125
1.701153282340882242e+03 -1.020848781867556575e-125
1.707713509752901018e+03 -1.033038734985723846e-125
1.714286362070393125e+03 -1.045248009864262441e-125
1.720871839293358107e+03 -1.057476533554055651e-125
1.727469941421795284e+03 -1.069724232511446729e-125
1.734080668455705563e+03 -1.081991032596051507e-125
1.740704020395088946e+03 -1.094276859068573391e-125
1.747339997239944523e+03 -1.106581636588623321e-125
1.753988598990273204e+03 -1.118905289212542372e-125
1.760649825646074760e+03 -1.131247740391227364e-125
1.767323677207348737e+03 -1.143608912967960676e-125
1.774010153674095818e+03 -1.155988729176243989e-125
1.780709255046315775e+03 -1.168387110637635971e-125
1.787420981324007926e+03 -1.180803978359592982e-125
1.794145332507173407e+03 -1.193239252733313445e-125
1.800882308595811764e+03 -1.205692853531590226e-125
1.807631909589922316e+03 -1.218164699906660258e-125
1.814394135489506198e+03 -1.230654710388064663e-125
1.821168986294562728e+03 -1.243162802880510969e-125
1.827956462005091680e+03 -1.255688894661738611e-125
1.834756562621093735e+03 -1.268232902380390727e-125
1.841569288142568894e+03 -1.280794742053889109e-125
1.848394638569516019e+03 -1.293374329066317806e-125
1.855232613901936475e+03 -1.305971578166302532e-125
1.862083214139829806e+03 -1.318586403464907135e-125
1.868946439283195332e+03 -1.331218718433526120e-125
1.875822289332034416e+03 -1.343868435901784004e-125
1.882710764286345920e+03 -1.356535468055442804e-125
1.889611864146129847e+03 -1.369219726434312669e-125
1.896525588911387104e+03 -1.381921121930167502e-125
1.903451938582117236e+03 -1.394639564784666883e-125
1.910390913158319336e+03 -1.407374964587284546e-125
1.917342512639994993e+03 -1.420127230273240270e-125
1.924306737027143299e+03 -1.432896270121439644e-125
1.931283586319763799e+03 -1.445681991752418291e-125
1.938273060517857857e+03 -1.458484302126293969e-125
1.945275159621424564e+03 -1.471303107540721024e-125
1.952289883630463237e+03 -1.484138313628857450e-125
1.959317232544975695e+03 -1.496989825357330107e-125
1.966357206364960575e+03 -1.509857547024213581e-125
1.973409805090417876e+03 -1.522741382257011677e-125
1.980475028721348508e+03 -1.535641234010645991e-125
1.987552877257752016e+03 -1.548557004565452616e-125
1.994643350699627490e+03 -1.561488595525183840e-125
2.001746449046976522e+03 -1.574435907815017972e-125
2.008862172299798203e+03 -1.587398841679576258e-125
2.015990520458092760e+03 -1.600377296680945569e-125
2.023131493521859284e+03 -1.613371171696710796e-125
2.030285091491099593e+03 -1.626380364917991973e-125
2.037451314365812323e+03 -1.639404773847490320e-125
2.044630162145997474e+03 -1.652444295297542680e-125
2.051821634831655501e+03 -1.665498825388180159e-125
2.059025732422786859e+03 -1.678568259545199890e-125
2.066242454919390184e+03 -1.691652492498239409e-125
2.073471802321466839e+03 -1.704751418278862591e-125
2.080713774629016370e+03 -1.717864930218652665e-125
2.087968371842038323e+03 -1.730992920947313097e-125
2.095235593960533151e+03 -1.744135282390775045e-125
2.102515440984501311e+03 -1.757291905769320549e-125
2.109807912913941436e+03 -1.770462681595703360e-125
2.117113009748854893e+03 -1.783647499673286835e-125
2.124430731489240770e+03 -1.796846249094188906e-125
2.131761078135099524e+03 -1.810058818237432041e-125
2.139104049686431154e+03 -1.823285094767108951e-125
2.146459646143235659e+03 -1.836524965630550652e-125
2.153827867505512586e+03 -1.849778317056508710e-125
2.161208713773262843e+03 -1.863045034553343241e-125
2.168602184946485522e+03 -1.876325002907225365e-125
2.176008281025180622e+03 -1.889618106180342002e-125
2.183427002009349053e+03 -1.902924227709118790e-125
2.190858347898990360e+03 -1.916243250102445357e-125
2.198302318694103633e+03 -1.929575055239915549e-125
2.205758914394690692e+03 -1.942919524270075277e-125
2.213228135000750171e+03 -1.956276537608681901e-125
2.220709980512282073e+03 -1.969645974936973852e-125
2.228204450929287304e+03 -1.983027715199948916e-125
2.235711546251765412e+03 -1.996421636604654849e-125
2.243231266479715487e+03 -2.009827616618492324e-125
2.250763611613138892e+03 -2.023245531967524181e-125
2.258308581652035173e+03 -2.036675258634798841e-125
2.265866176596403420e+03 -2.050116671858685273e-125
2.273436396446245453e+03 -2.063569646131217142e-125
2.281019241201559907e+03 -2.077034055196448764e-125
2.288614710862346783e+03 -2.090509772048824712e-125
2.296222805428606989e+03 -2.103996668931556502e-125
2.303843524900340071e+03 -2.117494617335016603e-125
2.311476869277545120e+03 -2.131003487995139789e-125
2.319122838560223954e+03 -2.144523150891838669e-125
2.326781432748375209e+03 -2.158053475247429182e-125
2.334452651841998431e+03 -2.171594329525073413e-125
2.342136495841095439e+03 -2.185145581427227401e-125
2.349832964745665322e+03 -2.198707097894107308e-125
2.357542058555707172e+03 -2.212278745102166613e-125
2.365263777271222352e+03 -2.225860388462583542e-125
2.372998120892210409e+03 -2.239451892619765288e-125
2.380745089418670432e+03 -2.253053121449862471e-125
2.388504682850603785e+03 -2.266663938059298815e-125
2.396276901188010470e+03 -2.280284204783311058e-125
2.404061744430888666e+03 -2.293913783184505397e-125
2.411859212579240648e+03 -2.307552534051426789e-125
2.419669305633065505e+03 -2.321200317397140327e-125
2.427492023592362330e+03 -2.334856992457826521e-125
2.435327366457132484e+03 -2.348522417691395470e-125
2.443175334227375515e+03 -2.362196450776106029e-125
2.451035926903090967e+03 -2.375878948609207797e-125
2.458909144484279295e+03 -2.389569767305593607e-125
2.466794986970940954e+03 -2.403268762196464610e-125
2.474693454363074125e+03 -2.416975787828015830e-125
2.482604546660681535e+03 -2.430690697960129586e-125
2.490528263863760912e+03 -2.444413345565089126e-125
2.498464605972312711e+03 -2.458143582826305380e-125
2.506413572986338295e+03 -2.471881261137056832e-125
2.514375164905836300e+03 -2.485626231099250388e-125
2.522349381730806726e+03 -2.499378342522191164e-125
2.530336223461250029e+03 -2.513137444421370118e-125
2.538335690097166662e+03 -2.526903385017273206e-125
2.546347781638555261e+03 -2.540676011734193678e-125
2.554372498085417192e+03 -2.554455171199077443e-125
2.562409839437751998e+03 -2.568240709240364766e-125
2.570459805695558771e+03 -2.582032470886868165e-125
2.578522396858839329e+03 -2.595830300366651894e-125
2.586597612927592309e+03 -2.609634041105935567e-125
2.594685453901817255e+03 -2.623443535728012469e-125
2.602785919781515986e+03 -2.637258626052183626e-125
2.610899010566687593e+03 -2.651079153092711801e-125
2.619024726257331167e+03 -2.664904957057790204e-125
2.627163066853448072e+03 -2.678735877348530081e-125
2.635314032355037853e+03 -2.692571752557963009e-125
2.643477622762100054e+03 -2.706412420470065750e-125
2.651653838074635132e+03 -2.720257718058798232e-125
2.659842678292643541e+03 -2.734107481487162524e-125
2.668044143416123461e+03 -2.747961546106275974e-125
2.676258233445077622e+03 -2.761819746454469023e-125
2.684484948379503749e+03 -2.775681916256395611e-125
2.692724288219402297e+03 -2.789547888422163000e-125
2.700976252964774631e+03 -2.803417495046484694e-125
2.709240842615619385e+03 -2.817290567407844377e-125
2.717518057171936107e+03 -2.831166935967689769e-125
2.725807896633726614e+03 -2.845046430369631201e-125
2.734110361000989997e+03 -2.858928879438674314e-125
2.742425450273725346e+03 -2.872814111180462193e-125
2.750753164451934026e+03 -2.886701952780542175e-125
2.759093503535615582e+03 -2.900592230603645254e-125
2.767446467524769105e+03 -2.914484770193000645e-125
2.775812056419395958e+03 -2.928379396269648253e-125
2.784190270219496142e+03 -2.942275932731794176e-125
2.792581108925067838e+03 -2.956174202654168834e-125
2.800984572536113319e+03 -2.970074028287416586e-125
2.809400661052631676e+03 -2.983975231057500567e-125
2.817829374474622455e+03 -2.997877631565128522e-125
2.826270712802085654e+03 -3.011781049585204879e-125
2.834724676035022185e+03 -3.025685304066296466e-125
2.843191264173431591e+03 -3.039590213130124473e-125
2.851670477217312964e+03 -3.053495594071076880e-125
2.860162315166668122e+03 -3.067401263355741357e-125
2.868666778021495702e+03 -3.081307036622462301e-125
2.877183865781795248e+03 -3.095212728680915722e-125
2.885713578447568580e+03 -3.109118153511711421e-125
2.894255916018814787e+03 -3.123023124266013005e-125
2.902810878495532506e+03 -3.136927453265182053e-125
2.911378465877724466e+03 -3.150830952000446422e-125
2.919958678165388847e+03 -3.164733431132587443e-125
2.928551515358525194e+03 -3.178634700491655986e-125
2.937156977457134872e+03 -3.192534569076700597e-125
2.945775064461217880e+03 -3.206432845055536047e-125
2.954405776370772401e+03 -3.220329335764515554e-125
2.963049113185800707e+03 -3.234223847708344987e-125
2.971705074906301888e+03 -3.248116186559904430e-125
2.980373661532275037e+03 -3.262006157160105421e-125
2.989054873063721516e+03 -3.275893563517769194e-125
2.997748709500640871e+03 -3.289778208809523285e-125
3.006455170843032647e+03 -3.303659895379731730e-125
3.015174257090897299e+03 -3.317538424740442055e-125
3.023905968244235282e+03 -3.331413597571362186e-125
3.032650304303045232e+03 -3.345285213719858873e-125
3.041407265267328512e+03 -3.359153072200979733e-125
3.050176851137084668e+03 -3.373016971197511505e-125
3.058959061912312336e+03 -3.386876708060043035e-125
3.067753897593014244e+03 -3.400732079307076535e-125
3.076561358179188574e+03 -3.414582880625146724e-125
3.085381443670835324e+03 -3.428428906868977753e-125
3.094214154067954951e+03 -3.442269952061656923e-125
3.103059489370547908e+03 -3.456105809394843047e-125
3.111917449578612832e+03 -3.469936271228992126e-125
3.120788034692151086e+03 -3.483761129093619767e-125
3.129671244711162217e+03 -3.497580173687580922e-125
3.138567079635645314e+03 -3.511393194879380586e-125
3.147475539465602196e+03 -3.525199981707513365e-125
3.156396624201031500e+03 -3.539000322380826665e-125
3.165330333841933225e+03 -3.552794004278911164e-125
3.174276668388308281e+03 -3.566580813952523831e-125
3.183235627840155757e+03 -3.580360537124030360e-125
3.192207212197475656e+03 -3.594132958687884870e-125
3.201191421460269339e+03 -3.607897862711129019e-125
3.210188255628535444e+03 -3.621655032433923138e-125
3.219197714702273515e+03 -3.635404250270108330e-125
3.228219798681485372e+03 -3.649145297807791657e-125
3.237254507566169650e+03 -3.662877955809962822e-125
3.246301841356326349e+03 -3.676602004215140762e-125
3.255361800051956379e+03 -3.690317222138047013e-125
3.264434383653059285e+03 -3.704023387870308464e-125
3.273519592159634158e+03 -3.717720278881191594e-125
3.282617425571682361e+03 -3.731407671818362963e-125
3.291727883889203440e+03 -3.745085342508683805e-125
3.300850967112196940e+03 -3.758753065959026677e-125
3.309986675240663772e+03 -3.772410616357133554e-125
3.319135008274603024e+03 -3.786057767072493885e-125
3.328295966214014697e+03 -3.799694290657256222e-125
3.337469549058899702e+03 -3.813319958847174502e-125
3.346655756809257582e+03 -3.826934542562577413e-125
3.355854589465087429e+03 -3.840537811909375024e-125
3.365066047026391061e+03 -3.854129536180095336e-125
3.374290129493167115e+03 -3.867709483854946544e-125
3.383526836865415589e+03 -3.881277422602919711e-125
3.392776169143137395e+03 -3.894833119282914019e-125
3.402038126326331621e+03 -3.908376339944901893e-125
3.411312708414998269e+03 -3.921906849831116707e-125
3.420599915409138248e+03 -3.935424413377284040e-125
3.429899747308751557e+03 -3.948928794213873930e-125
3.439212204113836378e+03 -3.962419755167392498e-125
3.448537285824394985e+03 -3.975897058261702943e-125
3.457874992440426013e+03 -3.989360464719382776e-125
3.467225323961929462e+03 -4.002809734963108846e-125
3.476588280388906242e+03 -4.016244628617078599e-125
3.485963861721355897e+03 -4.029664904508465438e-125
3.495352067959277065e+03 -4.043070320668905053e-125
3.504752899102672473e+03 -4.056460634336015870e-125
3.514166355151540301e+03 -4.069835601954955703e-125
3.523592436105880097e+03 -4.083194979180006756e-125
3.533031141965693678e+03 -4.096538520876202085e-125
3.542482472730980135e+03 -4.109865981120979872e-125
3.551946428401738558e+03 -4.123177113205876016e-125
3.561423008977970312e+03 -4.136471669638249264e-125
3.570912214459674942e+03 -4.149749402143040976e-125
3.580414044846851539e+03 -4.163010061664573736e-125
3.589928500139501466e+03 -4.176253398368376723e-125
3.599455580337624724e+03 -4.189479161643057268e-125
3.608995285441219494e+03 -4.202687100102197079e-125
3.618547615450288049e+03 -4.215876961586292558e-125
3.628112570364829480e+03 -4.229048493164724495e-125
3.637690150184842878e+03 -4.242201441137768715e-125
3.647280354910329606e+03 -4.255335551038639776e-125
3.656883184541289211e+03 -4.268450567635572465e-125
3.666498639077720782e+03 -4.281546234933935303e-125
3.676126718519626138e+03 -4.294622296178390237e-125
3.685767422867004370e+03 -4.307678493855078050e-125
3.695420752119854114e+03 -4.320714569693848380e-125
3.705086706278177644e+03 -4.333730264670523856e-125
3.714765285341974050e+03 -4.346725319009200967e-125
3.724456489311242422e+03 -4.359699472184589251e-125
3.734160318185984124e+03 -4.372652462924389317e-125
3.743876771966199158e+03 -4.385584029211706032e-125
3.753605850651886612e+03 -4.398493908287501069e-125
3.763347554243046034e+03 -4.411381836653082724e-125
3.773101882739678786e+03 -4.424247550072636136e-125
3.782868836141784868e+03 -4.437090783575789730e-125
3.792648414449362463e+03 -4.449911271460218915e-125
3.802440617662413842e+03 -4.462708747294292300e-125
3.812245445780938098e+03 -4.475482943919755696e-125
3.822062898804934321e+03 -4.488233593454450753e-125
3.831892976734403874e+03 -4.500960427295081888e-125
3.841735679569346757e+03 -4.513663176120008928e-125
3.851591007309761153e+03 -4.526341569892096955e-125
3.861458959955648879e+03 -4.538995337861589253e-125
3.871339537507009936e+03 -4.551624208569029054e-125
3.881232739963842505e+03 -4.564227909848221180e-125
3.891138567326149314e+03 -4.576806168829229370e-125
3.901057019593928544e+03 -4.589358711941418742e-125
3.910988096767179286e+03 -4.601885264916534471e-125
3.920931798845904268e+03 -4.614385552791825075e-125
3.930888125830101671e+03 -4.626859299913203492e-125
3.940857077719771041e+03 -4.639306229938451716e-125
3.950838654514914197e+03 -4.651726065840462171e-125
3.960832856215530228e+03 -4.664118529910526327e-125
3.970839682821618226e+03 -4.676483343761660565e-125
3.980859134333179554e+03 -4.688820228331972994e-125
3.990891210750213759e+03 -4.701128903888076968e-125
4.000935912072719930e+03 -4.713409090028540825e-125
4.010993238300699886e+03 -4.725660505687382226e-125
4.021063189434152264e+03 -4.737882869137605016e-125
4.031145765473076608e+03 -4.750075897994778594e-125
4.041240966417475192e+03 -4.762239309220658737e-125
4.051348792267345743e+03 -4.774372819126847798e-125
4.061469243022688715e+03 -4.786476143378508955e-125
4.071602318683505018e+03 -4.798548996998109329e-125
4.081748019249794652e+03 -4.810591094369213482e-125
4.091906344721555797e+03 -4.822602149240322054e-125
4.102077295098791183e+03 -4.834581874728748192e-125
4.112260870381499444e+03 -4.846529983324543301e-125
4.122457070569679672e+03 -4.858446186894460597e-125
4.132665895663330957e+03 -4.870330196685964838e-125
4.142887345662456937e+03 -4.882181723331290339e-125
4.153121420567055793e+03 -4.894000476851537828e-125
4.163368120377126615e+03 -4.905786166660814340e-125
4.173627445092671223e+03 -4.917538501570423485e-125
4.183899394713688707e+03 -4.929257189793094570e-125
4.194183969240176339e+03 -4.940941938947262088e-125
4.204481168672139574e+03 -4.952592456061381960e-125
4.214790993009574777e+03 -4.964208447578303397e-125
4.225113442252482855e+03 -4.975789619359673311e-125
4.235448516400863809e+03 -4.987335676690400553e-125
4.245796215454717640e+03 -4.998846324283147444e-125
4.256156539414044346e+03 -5.010321266282889530e-125
4.266529488278842109e+03 -5.021760206271494238e-125
4.276915062049113658e+03 -5.033162847272373004e-125
4.287313260724858992e+03 -5.044528891755155445e-125
4.297724084306076293e+03 -5.055858041640427559e-125
4.308147532792766469e+03 -5.067149998304501422e-125
4.318583606184930431e+03 -5.078404462584244707e-125
4.329032304482564541e+03 -5.089621134781945898e-125
4.339493627685673346e+03 -5.100799714670231982e-125
4.349967575794255026e+03 -5.111939901497028135e-125
4.360454148808308673e+03 -5.123041393990576184e-125
4.370953346727836106e+03 -5.134103890364478261e-125
4.381465169552836414e+03 -5.145127088322811837e-125
4.391989617283306870e+03 -5.156110685065272048e-125
4.402526689919252931e+03 -5.167054377292374896e-125
4.413076387460670958e+03 -5.177957861210701393e-125
4.423638709907561861e+03 -5.188820832538188941e-125
4.434213657259925640e+03 -5.199642986509475187e-125
4.444801229517762295e+03 -5.210424017881281774e-125
4.455401426681070006e+03 -5.221163620937858972e-125
4.466014248749852413e+03 -5.231861489496458642e-125
4.476639695724106787e+03 -5.242517316912877537e-125
4.487277767603834945e+03 -5.253130796087031041e-125
4.497928464389035071e+03 -5.263701619468587784e-125
4.508591786079708982e+03 -5.274229479062641003e-125
4.519267732675853040e+03 -5.284714066435440775e-125
4.529956304177471793e+03 -5.295155072720167196e-125
4.540657500584563422e+03 -5.305552188622751840e-125
4.551371321897127928e+03 -5.315905104427752748e-125
4.562097768115165309e+03 -5.326213510004277708e-125
4.572836839238675566e+03 -5.336477094811948472e-125
4.583588535267655971e+03 -5.346695547906930045e-125
4.594352856202111980e+03 -5.356868557947993569e-125
4.605129802042039955e+03 -5.366995813202639041e-125
4.615919372787440807e+03 -5.377077001553256861e-125
4.626721568438314534e+03 -5.387111810503357614e-125
4.637536388994662047e+03 -5.397099927183827043e-125
4.648363834456478799e+03 -5.407041038359253446e-125
4.659203904823771154e+03 -5.416934830434288670e-125
4.670056600096536386e+03 -5.426780989460072074e-125
4.680921920274774493e+03 -5.436579201140690191e-125
4.691799865358484567e+03 -5.446329150839700414e-125
4.702690435347668426e+03 -5.456030523586695620e-125
4.713593630242322433e+03 -5.465683004083927577e-125
4.724509450042451135e+03 -5.475286276712971288e-125
4.735437894748053623e+03 -5.484840025541440764e-125
4.746378964359128076e+03 -5.494343934329771984e-125
4.757332658875675406e+03 -5.503797686538028939e-125
4.768298978297694703e+03 -5.513200965332784212e-125
4.779277922625185965e+03 -5.522553453594038385e-125
4.790269491858151923e+03 -5.531854833922194037e-125
4.801273685996589847e+03 -5.541104788645078023e-125
4.812290505040501557e+03 -5.550302999825021485e-125
4.823319948989885233e+03 -5.559449149265979756e-125
4.834362017844741786e+03 -5.568542918520715229e-125
4.845416711605069395e+03 -5.577583988898026432e-125
4.856484030270871699e+03 -5.586572041470023271e-125
4.867563973842146879e+03 -5.595506757079464215e-125
4.878656542318894935e+03 -5.604387816347137557e-125
4.889761735701115867e+03 -5.613214899679295170e-125
4.900879553988808766e+03 -5.621987687275140833e-125
4.912009997181973631e+03 -5.630705859134368954e-125
4.923153065280612282e+03 -5.639369095064748418e-125
4.934308758284723808e+03 -5.647977074689772569e-125
4.945477076194308211e+03 -5.656529477456346982e-125
4.956658019009365489e+03 -5.665025982642536009e-125
4.967851586729895644e+03 -5.673466269365361821e-125
4.979057779355896855e+03 -5.681850016588650668e-125
4.990276596887372762e+03 -5.690176903130934788e-125
5.001508039324321544e+03 -5.698446607673407839e-125
5.012752106666742293e+03 -5.706658808767927568e-125
5.024008798914636827e+03 -5.714813184845075167e-125
5.035278116068003328e+03 -5.722909414222263955e-125
5.046560058126840886e+03 -5.730947175111901597e-125
5.057854625091153139e+03 -5.738926145629602713e-125
5.069161816960938268e+03 -5.746846003802459208e-125
5.080481633736196272e+03 -5.754706427577355746e-125
5.091814075416927153e+03 -5.762507094829339802e-125
5.103159142003130910e+03 -5.770247683370050499e-125
5.114516833494804814e+03 -5.777927870956187327e-125
5.125887149891954323e+03 -5.785547335298046049e-125
5.137270091194575798e+03 -5.793105754068091339e-125
5.148665657402670149e+03 -5.800602804909597647e-125
5.160073848516238286e+03 -5.808038165445329959e-125
5.171494664535278389e+03 -5.815411513286283332e-125
5.182928105459788640e+03 -5.822722526040473865e-125
5.194374171289774495e+03 -5.829970881321781102e-125
5.205832862025233226e+03 -5.837156256758845023e-125
5.217304177666164833e+03 -5.844278330004013408e-125
5.228788118212568406e+03 -5.851336778742340653e-125
5.240284683664445765e+03 -5.858331280700646394e-125
5.251793874021793272e+03 -5.865261513656612989e-125
5.263315689284615473e+03 -5.872127155447955416e-125
5.274850129452910551e+03 -5.878927883981620566e-125
5.286397194526679414e+03 -5.885663377243054761e-125
5.297956884505920243e+03 -5.892333313305524807e-125
5.309529199390633039e+03 -5.898937370339478937e-125
5.321114139180817801e+03 -5.905475226621969682e-125
5.332711703876477259e+03 -5.911946560546129219e-125
5.344321893477608683e+03 -5.918351050630695119e-125
5.355944707984212982e+03 -5.924688375529584364e-125
5.367580147396291068e+03 -5.930958214041529300e-125
5.379228211713841119e+03 -5.937160245119755580e-125
5.390888900936864047e+03 -5.943294147881722036e-125
5.402562215065358032e+03 -5.949359601618905681e-125
5.414248154099326712e+03 -5.955356285806638151e-125
5.425946718038768267e+03 -5.961283880114006177e-125
5.437657906883681790e+03 -5.967142064413788790e-125
5.449381720634069097e+03 -5.972930518792454363e-125
5.461118159289929281e+03 -5.978648923560214331e-125
5.472867222851259612e+03 -5.984296959261115752e-125
5.484628911318064638e+03 -5.989874306683201040e-125
5.496403224690342540e+03 -5.995380646868710747e-125
5.508190162968093318e+03 -6.000815661124333566e-125
5.519989726151316972e+03 -6.006179031031526671e-125
5.531801914240013502e+03 -6.011470438456866493e-125
5.543626727234181089e+03 -6.016689565562459333e-125
5.555464165133822462e+03 -6.021836094816417042e-125
5.567314227938937620e+03 -6.026909709003356861e-125
5.579176915649524744e+03 -6.031910091234976817e-125
5.591052228265585654e+03 -6.036836924960676277e-125
5.602940165787118531e+03 -6.041689893978214268e-125
5.614840728214122464e+03 -6.046468682444443389e-125
5.626753915546601093e+03 -6.051172974886074156e-125
5.638679727784552597e+03 -6.055802456210497083e-125
5.650618164927976977e+03 -6.060356811716663537e-125
5.662569226976873324e+03 -6.064835727106004390e-125
5.674532913931243456e+03 -6.069238888493409548e-125
5.686509225791083736e+03 -6.073565982418255762e-125
5.698498162556399620e+03 -6.077816695855478528e-125
5.710499724227187471e+03 -6.081990716226709069e-125
5.722513910803448198e+03 -6.086087731411442801e-125
5.734540722285181801e+03 -6.090107429758277079e-125
5.746580158672388279e+03 -6.094049500096184636e-125
5.758632219965065815e+03 -6.097913631745848950e-125
5.770696906163218046e+03 -6.101699514531033195e-125
5.782774217266842243e+03 -6.105406838790022677e-125
5.794864153275940225e+03 -6.109035295387093507e-125
5.806966714190510174e+03 -6.112584575724047404e-125
5.819081900010553909e+03 -6.116054371751785339e-125
5.831209710736067791e+03 -6.119444375981943099e-125
5.843350146367056368e+03 -6.122754281498556258e-125
5.855503206903517821e+03 -6.125983781969798610e-125
5.867668892345452150e+03 -6.129132571659750000e-125
5.879847202692859355e+03 -6.132200345440222934e-125
5.892038137945739436e+03 -6.135186798802632230e-125
5.904241698104089664e+03 -6.138091627869922392e-125
5.916457883167914588e+03 -6.140914529408531731e-125
5.928686693137213297e+03 -6.143655200840413165e-125
5.940928128011983972e+03 -6.146313340255099100e-125
5.953182187792227523e+03 -6.148888646421814607e-125
5.965448872477944860e+03 -6.151380818801642020e-125
5.977728182069131435e+03 -6.153789557559729630e-125
5.990020116565793614e+03 -6.156114563577544459e-125
6.002324675967928670e+03 -6.158355538465182771e-125
6.014641860275536601e+03 -6.160512184573715214e-125
6.026971669488616499e+03 -6.162584205007588656e-125
6.039314103607170182e+03 -6.164571303637072093e-125
6.051669162631194013e+03 -6.166473185110741405e-125
6.064036846560692538e+03 -6.168289554868024992e-125
6.076417155395663940e+03 -6.170020119151781945e-125
6.088810089136108218e+03 -6.171664585020934799e-125
6.101215647782025371e+03 -6.173222660363142183e-125
6.113633831333415401e+03 -6.174694053907521843e-125
6.126064639790276487e+03 -6.176078475237418807e-125
6.138508073152611360e+03 -6.177375634803211334e-125
6.150964131420420017e+03 -6.178585243935171452e-125
6.163432814593700641e+03 -6.179707014856364327e-125
6.175914122672455051e+03 -6.180740660695594871e-125
6.188408055656681427e+03 -6.181685895500396333e-125
6.200914613546378860e+03 -6.182542434250065082e-125
6.213433796341550988e+03 -6.183309992868734223e-125
6.225965604042195991e+03 -6.183988288238499692e-125
6.238510036648313871e+03 -6.184577038212583103e-125
6.251067094159903718e+03 -6.185075961628535516e-125
6.263636776576967350e+03 -6.185484778321491600e-125
6.276219083899501129e+03 -6.185803209137459482e-125
6.288814016127509603e+03 -6.186030975946657828e-125
6.301421573260991863e+03 -6.186167801656890717e-125
6.314041755299946090e+03 -6.186213410226968697e-125
