0.000000000000000000e+00 3.345912047492847693e-03
7.901471645829974758e-03 3.344608618993770519e-03
2.842784876444096748e-02 3.341222482587053681e-03
6.157913135583295561e-02 3.335753742507751359e-03
1.073553194200059790e-01 3.328203053250650047e-03
1.657564129569600309e-01 3.318571166243461899e-03
2.367824119666950278e-01 3.306858121801159196e-03
3.204333164492110808e-01 3.293063184870586874e-03
4.167091264045081345e-01 3.277185688210214679e-03
5.256098418325862998e-01 3.259225717443940771e-03
6.471354627334453546e-01 3.239183841604229095e-03
7.812859891070854657e-01 3.217060426440429294e-03
9.280614209535064107e-01 3.192855469731296046e-03
1.087461758272708856e+00 3.166568942600552113e-03
1.259487001064691691e+00 3.138200981908255069e-03
1.444137149329456138e+00 3.107751784880218721e-03
1.641412203067001085e+00 3.075221532648063187e-03
1.851312162277326978e+00 3.040610423638707462e-03
2.073837026960434482e+00 3.003918692601267957e-03
2.308986797116322265e+00 2.965146607437814125e-03
2.556761472744991881e+00 2.924294473237836096e-03
2.817161053846441554e+00 2.881362638665101866e-03
3.090185540420673505e+00 2.836351502573560869e-03
3.375834932467685068e+00 2.789261522009855391e-03
3.674109229987478020e+00 2.740093221826462450e-03
3.985008432980052806e+00 2.688847206242080557e-03
4.308532541445408093e+00 2.635524172797765446e-03
4.644681555383542992e+00 2.580124929261964732e-03
4.993455474794460613e+00 2.522650414187607368e-03
5.354854299678160068e+00 2.463101722032979939e-03
5.728878030034639579e+00 2.401480134050512118e-03
6.115526665863898259e+00 2.337787156515802080e-03
6.514800207165940549e+00 2.272024568344867355e-03
6.926698653940762895e+00 2.204194480816967436e-03
7.351222006188364411e+00 2.134299413085397577e-03
7.788370263908749536e+00 2.062342388525640908e-03
8.238143427101915606e+00 1.988327058884392824e-03
8.700541495767863509e+00 1.912257865900508953e-03
9.175564469906587917e+00 1.834140253995638270e-03
9.663212349518097710e+00 1.753980953464012857e-03
1.016348513460238756e+01 1.671788362413320714e-03
1.067638282515945569e+01 1.587573069254466854e-03
1.120190542118930921e+01 1.501348578716491617e-03
1.174005292269194101e+01 1.413132338203599778e-03
1.229082532966735641e+01 1.322947216689945383e-03
1.285422264211554833e+01 1.230823681357738055e-03
1.343024486003652385e+01 1.136803077880628411e-03
1.401889198343028120e+01 1.040942706642018333e-03
1.462016401229681684e+01 9.433239151575922117e-04
1.523406094663613608e+01 8.440654367369662160e-04
1.586058278644823716e+01 7.433462134792185498e-04
1.649972953173311652e+01 6.414460966834337717e-04
1.715150118249077948e+01 5.388217319236084015e-04
1.781589773872122251e+01 4.362544794298849125e-04
1.849291920042444204e+01 3.351490127395987360e-04
1.918256556760045228e+01 2.381347743238003173e-04
1.988483684024923548e+01 1.501297814196804936e-04
2.059973301837079873e+01 7.920918691023717242e-05
2.132725410196514915e+01 3.341832755620051078e-05
2.206740009103227607e+01 1.158671922043420117e-05
2.282017098557219015e+01 3.580618434828802920e-06
2.358556678558488073e+01 1.046822725829597447e-06
2.436358749107034782e+01 2.969528220808650593e-07
2.515423310202860563e+01 8.243029220401759120e-08
2.595750361845963639e+01 2.245000168668603974e-08
2.677339904036344720e+01 6.003953670999020917e-09
2.760191936774004873e+01 1.577178626499729842e-09
2.844306460058942321e+01 4.070169704662744761e-10
2.929683473891157774e+01 1.031999162580864060e-10
3.016322978270652300e+01 2.571126284070237165e-11
3.104224973197423765e+01 6.294849463941288783e-12
3.193389458671474657e+01 1.514625947750176841e-12
3.283816434692801778e+01 3.581983684545349584e-13
3.375505901261407615e+01 8.326834664395234703e-14
3.468457858377293235e+01 1.902892579969870850e-14
3.562672306040455084e+01 4.275297714265723032e-15
3.658149244250895293e+01 9.444432553571059179e-16
3.754888673008614575e+01 2.051551085189131649e-16
3.852890592313610796e+01 4.382532848649412785e-17
3.952155002165885378e+01 9.207541598555104871e-18
4.052681902565439032e+01 1.902729332474258887e-18
4.154471293512269625e+01 3.867801291607608139e-19
4.257523175006378580e+01 7.734708710531898450e-20
4.361837547047766606e+01 1.521791422124129245e-20
4.467414409636431571e+01 2.946023379412694349e-21
4.574253762772375609e+01 5.612101183717528046e-22
4.682355606455597297e+01 1.052110185496205767e-22
4.791719940686096635e+01 1.941249642964104219e-23
4.902346765463875045e+01 3.525525022728360842e-24
5.014236080788930394e+01 6.302692091808925251e-25
5.127387886661264105e+01 1.109240432509989848e-25
5.241802183080876887e+01 1.922028576325198618e-26
5.357478970047766609e+01 3.279182392909098783e-27
5.474418247561934692e+01 5.509088157863195829e-28
5.592620015623381846e+01 9.114627203109437898e-29
5.712084274232105940e+01 1.485181569880807623e-29
5.832811023388107685e+01 2.383624524687588855e-30
5.954800263091389212e+01 3.768337362180588136e-31
6.078051993341947679e+01 5.868824342524193080e-32
6.202566214139785217e+01 9.004868924937220987e-33
6.328342925484899695e+01 1.361331689605135127e-33
6.455382127377293955e+01 2.027896976353203170e-34
6.583683819816963023e+01 2.976857672615759690e-35
6.713248002803914005e+01 4.306606115934962846e-36
6.844074676338142638e+01 6.140610543967449580e-37
6.976163840419646078e+01 8.630212041515179580e-38
7.109515495048430012e+01 1.195635638910061964e-38
7.244129640224493016e+01 1.632967125679150727e-39
7.380006275947830829e+01 2.198825355313678677e-40
7.517145402218449135e+01 2.919254804928398810e-41
7.655547019036346512e+01 3.821679652627624968e-42
7.795211126401518698e+01 4.933673086624218704e-43
7.936137724313971376e+01 6.281347807633378055e-44
8.078326812773703125e+01 7.887403087490603528e-45
8.221778391780709683e+01 9.768908868860677805e-46
8.366492461334996733e+01 1.193495486958894711e-46
8.512469021436562855e+01 1.438433688179166804e-47
8.659708072085406627e+01 1.710348696220174105e-48
8.808209613281525208e+01 2.006487248939584172e-49
8.957973645024924281e+01 2.322608557235479828e-50
9.109000167315602425e+01 2.652981549133486771e-51
9.261289180153555378e+01 2.990484208836354004e-52
9.414840683538790245e+01 3.326811010932329689e-53
9.569654677471302762e+01 3.652784978030233810e-54
9.725731161951090087e+01 3.958760678674663968e-55
9.883070136978157905e+01 4.235094675701992434e-56
1.004167160255250479e+02 4.472651735052399520e-57
1.020153555867412649e+02 4.663309602832583721e-58
1.036266200534302868e+02 4.800423170702134277e-59
1.052505094255920994e+02 4.879210786957768103e-60
1.068870237032266601e+02 4.897031260678484973e-61
1.085361628863340400e+02 4.853529188274047104e-62
1.101979269749141821e+02 4.750637624367977143e-63
1.118723159689670865e+02 4.592439550595433483e-64
1.135593298684927959e+02 4.384901679611786269e-65
1.152589686734912959e+02 4.135504551793466902e-66
1.169712323839625441e+02 3.852800568708573786e-67
1.186961209999065971e+02 3.545935866038059558e-68
1.204336345213234409e+02 3.224172511370928224e-69
1.221837729482130186e+02 2.896444621318116905e-70
1.239465362805754296e+02 2.570976219077759094e-71
1.257219245184106171e+02 2.254980869666002719e-72
1.275099376617185811e+02 1.954454349529149393e-73
1.293105757104992790e+02 1.674062844005393291e-74
1.311238386647528102e+02 1.417121307741797408e-75
1.329497265244791322e+02 1.185650337905453472e-76
1.347882392896781596e+02 9.804955958080763051e-78
1.366393769603500346e+02 8.014915891498359374e-79
1.385031395364947002e+02 6.476513663207406719e-80
1.403795270181120713e+02 5.173650571301407279e-81
1.422685394052022900e+02 4.085927833216293545e-82
1.441701766977652994e+02 3.190407746407251614e-83
1.460844388958010143e+02 2.463130996695902823e-84
1.480113259993095767e+02 1.880348621521685964e-85
1.499508380082909298e+02 1.419457297853939159e-86
1.519029749227449884e+02 1.059650707636597788e-87
1.538677367426718945e+02 7.823169645829241106e-89
1.558451234680715913e+02 5.712225795145377043e-90
1.578351350989439936e+02 4.125279630966212469e-91
1.598377716352892435e+02 2.946791801574708594e-92
1.618530330771072556e+02 2.082169089318857993e-93
1.638809194243980301e+02 1.455376267845752215e-94
1.659214306771616236e+02 1.006350877443451060e-95
1.679745668353979795e+02 6.884308732530664894e-97
1.700403278991070977e+02 4.659397517048598754e-98
1.721187138682890065e+02 3.120177379914479796e-99
1.742097247429437346e+02 2.067427588568915893e-100
1.763133605230712249e+02 1.355514209600037851e-101
1.784296212086714490e+02 8.794712765852206808e-103
1.805585067997445208e+02 5.646820377688789886e-104
1.827000172962903548e+02 3.588159669938852488e-105
1.848541526983089227e+02 2.256553351915079897e-106
1.870209130058003097e+02 1.404578232825879305e-107
1.892002982187644875e+02 8.653524120390222675e-109
1.913923083372013991e+02 5.277241121556034568e-110
1.935969433611111583e+02 3.185720522131293768e-111
1.958142032904936798e+02 1.903772333863003075e-112
1.980440881253489351e+02 1.126285766101385441e-113
2.002865978656770096e+02 6.596717984529648934e-115
2.025417325114778748e+02 3.825360067336255515e-116
2.048094920627514739e+02 2.196347196012141492e-117
2.070898765194978921e+02 1.248627756360780458e-118
2.093828858817171010e+02 7.028897193997959796e-120
2.116885201494090438e+02 3.918161808677501745e-121
2.140067793225738058e+02 2.162903396928223893e-122
2.163376634012113584e+02 1.182414988447912995e-123
2.186811723853216449e+02 6.401755822914973163e-125
2.210373062749047790e+02 3.432755308254286643e-126
2.234060650699606754e+02 1.823136570354701338e-127
2.257874487704892772e+02 9.590606755678049333e-129
2.281814573764907550e+02 4.997367275169443344e-130
2.305880908879649951e+02 2.579421999226434393e-131
2.330073493049119406e+02 1.318885175932638562e-132
2.354392326273317622e+02 6.680552925360050564e-134
2.378837408552243460e+02 3.352400629288717034e-135
2.403408739885896921e+02 1.666689191542636652e-136
2.428106320274278005e+02 8.209666515164748983e-138
2.452930149717387280e+02 4.006687471568879006e-139
2.477880228215224179e+02 1.937542391326252803e-140
2.502956555767788416e+02 9.284090494015523188e-142
2.528159132375081128e+02 4.408252005387025233e-143
2.553487958037101748e+02 2.074190915361509707e-144
2.578943032753850844e+02 9.671694152719302076e-146
2.604524356525326425e+02 4.469346449405849001e-147
2.630231929351529629e+02 2.046864742060335248e-148
2.656065751232462162e+02 9.290808830383345048e-150
2.682025822168121181e+02 4.179774609243425810e-151
2.708112142158507822e+02 1.863761675047979310e-152
2.734324711203623792e+02 8.537035700369014100e-154
2.760663529303466248e+02 7.468418910578450961e-154
2.787128596458036327e+02 7.586327731224254515e-154
2.813719912667335734e+02 6.761869285928800430e-154
2.840437477931361627e+02 5.824279348242736682e-154
2.867281292250115143e+02 5.269486517790119608e-154
2.894251355623597419e+02 4.979127510738551103e-154
2.921347668051806750e+02 1.807540505237141102e-154
2.948570229534744271e+02 -2.441548023998392183e-154
2.975919040072409985e+02 1.783414928118285390e-152
3.003394099664802752e+02 -1.270075016881184203e-153
3.030995408311923143e+02 -1.644162010462677018e-154
3.058722966013772862e+02 3.083895080373072804e-153
3.086576772770349066e+02 1.119502745124199387e-153
3.114556828581652894e+02 -4.979149179459888331e-155
3.142663133447686050e+02 -7.957210019562524643e-155
3.170895687368445124e+02 2.106017917920806302e-153
3.199254490343932389e+02 -1.456809815366866327e-152
3.227739542374148982e+02 2.986476690227536537e-154
3.256350843459092061e+02 -3.826944963786912485e-153
3.285088393598762764e+02 6.702899209324784236e-154
3.313952192793162794e+02 -1.608281297942866431e-153
3.342942241042288742e+02 -8.393944887957817983e-153
3.372058538346144587e+02 2.868486224081083736e-153
3.401301084704726350e+02 -7.928895752134491380e-153
3.430669880118036303e+02 -9.886166119904092007e-153
3.460164924586075017e+02 -4.387628759423252683e-153
3.489786218108840785e+02 9.866328647949485525e-154
3.519533760686334176e+02 -4.494987142026198453e-153
3.549407552318556327e+02 1.626534462964506898e-153
3.579407593005504964e+02 -1.647374473489381660e-152
3.609533882747181792e+02 -8.343556621475273918e-153
3.639786421543587380e+02 -1.429249855783996895e-152
3.670165209394720023e+02 -7.092634596049488219e-153
3.700670246300579720e+02 -8.637412605252497969e-153
3.731301532261169314e+02 -4.357381838602038141e-153
3.762059067276484825e+02 -1.330625631894679410e-152
3.792942851346528528e+02 2.450049771182982716e-153
3.823952884471300990e+02 1.307969788460441102e-152
3.855089166650799939e+02 3.599468470857759819e-152
3.886351697885027079e+02 3.509505762094047784e-152
3.917740478173982979e+02 4.215836664140370001e-152
3.949255507517665933e+02 3.733528649620257010e-152
3.980896785916075942e+02 3.550377274079060585e-152
4.012664313369215847e+02 1.842515050623825950e-152
4.044558089877081670e+02 4.011714788269195128e-153
4.076578115439675685e+02 -8.463608688004161081e-153
4.108724390056998459e+02 -1.947618288309970263e-152
4.140996913729047719e+02 -2.935568471271546796e-152
4.173395686455825171e+02 -3.834403799178086654e-152
4.205920708237331382e+02 -4.662688299659655315e-152
4.238571979073564648e+02 -5.435084822103349767e-152
4.271349498964524969e+02 -6.163340894740187532e-152
4.304253267910214618e+02 -6.856897162780574689e-152
4.337283285910631321e+02 -7.523306163755155841e-152
4.370439552965775079e+02 -8.168553627046526473e-152
4.403722069075648733e+02 -8.797324757839453126e-152
4.437130834240248305e+02 -9.413233556308142663e-152
4.470665848459575500e+02 -1.001902224656693925e-151
4.504327111733632591e+02 -1.061673364786977028e-151
4.538114624062415601e+02 -1.120785817102865597e-151
4.572028385445926233e+02 -1.179345718464208133e-151
4.606068395884166762e+02 -1.237426486885031373e-151
4.640234655377133208e+02 -1.295077098315708797e-151
4.674527163924827278e+02 -1.352328710544321488e-151
4.708945921527251244e+02 -1.409199885540103454e-151
4.743490928184401128e+02 -1.465700644351073674e-151
4.778162183896278634e+02 -1.521835563908620420e-151
4.812959688662886037e+02 -1.577606097212991179e-151
4.847883442484219358e+02 -1.633012270541009650e-151
4.882933445360280302e+02 -1.688053885502239417e-151
4.918109697291071143e+02 -1.742731330994191559e-151
4.953412198276587901e+02 -1.797046090720007149e-151
4.988840948316832282e+02 -1.851001015848198928e-151
5.024395947411806560e+02 -1.904600419282138225e-151
5.060077195561506755e+02 -1.957850037421876088e-151
5.095884692765936279e+02 -2.010756896773829007e-151
5.131818439025091720e+02 -2.063329115856757870e-151
5.167878434338975921e+02 -2.115575667188258763e-151
5.204064678707588882e+02 -2.167506119410203966e-151
5.240377172130928329e+02 -2.219130375593446659e-151
5.276815914608995399e+02 -2.270458420286748515e-151
5.313380906141791229e+02 -2.321500084832911628e-151
5.350072146729314682e+02 -2.372264837799812905e-151
5.386889636371564620e+02 -2.422761605028744387e-151
5.423833375068544456e+02 -2.472998621769773193e-151
5.460903362820250777e+02 -2.522983317646098427e-151
5.498099599626684721e+02 -2.572722233761380613e-151
5.535422085487848562e+02 -2.622220970129072233e-151
5.572870820403737753e+02 -2.671484160748578691e-151
5.610445804374354566e+02 -2.720515473061706700e-151
5.648147037399702413e+02 -2.769317628170128450e-151
5.685974519479774472e+02 -2.817892438051376686e-151
5.723928250614575290e+02 -2.866240856044577250e-151
5.762008230804106006e+02 -2.914363037053428217e-151
5.800214460048362071e+02 -2.962258404198468974e-151
5.838546938347346895e+02 -3.009925719010757918e-151
5.877005665701060479e+02 -3.057363152664815695e-151
5.915590642109499413e+02 -3.104568356173843726e-151
5.954301867572667106e+02 -3.151538527893048459e-151
5.993139342090564696e+02 -3.198270477079951485e-151
6.032103065663187635e+02 -3.244760682630942454e-151
6.071193038290539334e+02 -3.291005346442453752e-151
6.110409259972619793e+02 -3.337000441127685289e-151
6.149751730709426738e+02 -3.382741752054249877e-151
6.189220450500960169e+02 -3.428224913854877562e-151
6.228815419347224633e+02 -3.473445441705230453e-151
6.268536637248214447e+02 -3.518398757763867679e-151
6.308384104203933020e+02 -3.563080213234442618e-151
6.348357820214380354e+02 -3.607485106544746426e-151
6.388457785279554173e+02 -3.651608698146550484e-151
6.428683999399454478e+02 -3.695446222429709966e-151
6.469036462574085817e+02 -3.738992897218627230e-151
6.509515174803442505e+02 -3.782243931283161066e-151
6.550120136087527953e+02 -3.825194530253288148e-151
6.590851346426342161e+02 -3.867839901280459717e-151
6.631708805819881718e+02 -3.910175256741153280e-151
6.672692514268150035e+02 -3.952195817231588934e-151
6.713802471771148248e+02 -3.993896814058518175e-151
6.755038678328871811e+02 -4.035273491390363658e-151
6.796401133941322996e+02 -4.076321108196389664e-151
6.837889838608505215e+02 -4.117034940069585417e-151
6.879504792330411647e+02 -4.157410281001240286e-151
6.921245995107046838e+02 -4.197442445152163290e-151
6.963113446938411926e+02 -4.237126768646486308e-151
7.005107147824502363e+02 -4.276458611398932808e-151
7.047227097765322696e+02 -4.315433358974866296e-151
7.089473296760868379e+02 -4.354046424473926414e-151
7.131845744811142822e+02 -4.392293250422166563e-151
7.174344441916147161e+02 -4.430169310654089139e-151
7.216969388075876850e+02 -4.467670112164148356e-151
7.259720583290334162e+02 -4.504791196907089181e-151
7.302598027559521370e+02 -4.541528143527460269e-151
7.345601720883433927e+02 -4.577876569000409182e-151
7.388731663262075244e+02 -4.613832130168349560e-151
7.431987854695445321e+02 -4.649390525161037921e-151
7.475370295183541884e+02 -4.684547494689592605e-151
7.518878984726366070e+02 -4.719298823208345135e-151
7.562513923323920153e+02 -4.753640339941403647e-151
7.606275110976200722e+02 -4.787567919774019991e-151
7.650162547683207777e+02 -4.821077484011480588e-151
7.694176233444945865e+02 -4.854165001010904989e-151
7.738316168261409302e+02 -4.886826486693517550e-151
7.782582352132600363e+02 -4.919058004946800720e-151
7.826974785058521320e+02 -4.950855667927617919e-151
7.871493467039167626e+02 -4.982215636278453627e-151
7.916138398074542692e+02 -5.013134119269892968e-151
7.960909578164646518e+02 -5.043607374882984807e-151
8.005807007309476830e+02 -5.073631709845389384e-151
8.050830685509034765e+02 -5.103203479635200722e-151
8.095980612763322597e+02 -5.132319088466085044e-151
8.141256789072336915e+02 -5.160974989266904357e-151
8.186659214436077718e+02 -5.189167683668368226e-151
8.232187888854549556e+02 -5.216893722008389895e-151
8.277842812327746742e+02 -5.244149703367021060e-151
8.323623984855671551e+02 -5.270932275640701432e-151
8.369531406438326258e+02 -5.297238135664582372e-151
8.415565077075706313e+02 -5.323064029390519204e-151
8.461724996767815128e+02 -5.348406752127225897e-151
8.508011165514652703e+02 -5.373263148847941419e-151
8.554423583316216764e+02 -5.397630114569862961e-151
8.600962250172508448e+02 -5.421504594808540283e-151
8.647627166083530028e+02 -5.444883586109425602e-151
8.694418331049278095e+02 -5.467764136657743696e-151
8.741335745069752647e+02 -5.490143346967095349e-151
8.788379408144958234e+02 -5.512018370646232469e-151
8.835549320274889169e+02 -5.533386415242844930e-151
8.882845481459547727e+02 -5.554244743162417078e-151
8.930267891698936182e+02 -5.574590672659771591e-151
8.977816550993049987e+02 -5.594421578900231247e-151
9.025491459341891414e+02 -5.613734895087094445e-151
9.073292616745463874e+02 -5.632528113651604104e-151
9.121220023203761684e+02 -5.650798787501392187e-151
9.169273678716787117e+02 -5.668544531323131102e-151
9.217453583284542447e+02 -5.685763022934922448e-151
9.265759736907023125e+02 -5.702452004683908816e-151
9.314192139584232564e+02 -5.718609284884417279e-151
9.362750791316170762e+02 -5.734232739292063317e-151
9.411435692102835446e+02 -5.749320312609106173e-151
9.460246841944230027e+02 -5.763870020016475551e-151
9.509184240840349958e+02 -5.777879948727975033e-151
9.558247888791197511e+02 -5.791348259562164183e-151
9.607437785796776097e+02 -5.804273188527651275e-151
9.656753931857078896e+02 -5.816653048417566573e-151
9.706196326972110455e+02 -5.828486230409168552e-151
9.755764971141871911e+02 -5.839771205664648045e-151
9.805459864366358715e+02 -5.850506526929421213e-151
9.855281006645573143e+02 -5.860690830124200847e-151
9.905228397979518604e+02 -5.870322835927521508e-151
9.955302038368188278e+02 -5.879401351345322081e-151
1.000550192781158671e+03 -5.887925271264460006e-151
1.005582806630971504e+03 -5.895893579987244413e-151
1.010628045386256872e+03 -5.903305352744021825e-151
1.015685909047015002e+03 -5.910159757181203519e-151
1.020756397613246236e+03 -5.916456054822160289e-151
1.025839511084949663e+03 -5.922193602498526991e-151
1.030935249462126421e+03 -5.927371853749643129e-151
1.036043612744775373e+03 -5.931990360187962184e-151
1.041164600932897656e+03 -5.936048772828351972e-151
1.046298214026492815e+03 -5.939546843379366348e-151
1.051444452025560167e+03 -5.942484425494643184e-151
1.056603314930100851e+03 -5.944861475982711094e-151
1.061774802740114183e+03 -5.946678055973570803e-151
1.066958915455599936e+03 -5.947934332040515405e-151
1.072155653076559020e+03 -5.948630577275781989e-151
1.077365015602990752e+03 -5.948767172318621647e-151
1.082587003034894906e+03 -5.948344606334608266e-151
1.087821615372272163e+03 -5.947363477944903356e-151
1.093068852615122296e+03 -5.945824496104485884e-151
1.098328714763444623e+03 -5.943728480928212269e-151
1.103601201817240280e+03 -5.941076364463817907e-151
1.108886313776508814e+03 -5.937869191410980438e-151
1.114184050641249542e+03 -5.934108119785581922e-151
1.119494412411463600e+03 -5.929794421528478693e-151
1.124817399087150307e+03 -5.924929483058064613e-151
1.130153010668309435e+03 -5.919514805766031475e-151
1.135501247154941893e+03 -5.913552006455732323e-151
1.140862108547047001e+03 -5.907042817722705438e-151
1.146235594844624302e+03 -5.899989088276871923e-151
1.151621706047675161e+03 -5.892392783206031111e-151
1.157020442156198442e+03 -5.884255984180346503e-151
1.162431803170194371e+03 -5.875580889597504771e-151
1.167855789089663404e+03 -5.866369814668358587e-151
1.173292399914605312e+03 -5.856625191442837551e-151
1.178741635645019414e+03 -5.846349568776022766e-151
1.184203496280906620e+03 -5.835545612234285342e-151
1.189677981822266929e+03 -5.824216103941448810e-151
1.195165092269099432e+03 -5.812363942364976114e-151
1.200664827621405038e+03 -5.799992142042240888e-151
1.206177187879183521e+03 -5.787103833246935246e-151
1.211702173042434424e+03 -5.773702261595768733e-151
1.217239783111158431e+03 -5.759790787595609046e-151
1.222790018085355314e+03 -5.745372886131254440e-151
1.228352877965024391e+03 -5.730452145894092886e-151
1.233928362750166798e+03 -5.715032268751903700e-151
1.239516472440782081e+03 -5.699117069060096052e-151
1.245117207036869559e+03 -5.682710472914768956e-151
1.250730566538430367e+03 -5.665816517347893254e-151
1.256356550945463823e+03 -5.648439349465080243e-151
1.261995160257969701e+03 -5.630583225526339200e-151
1.267646394475948910e+03 -5.612252509970278963e-151
1.273310253599400767e+03 -5.593451674382290815e-151
1.278986737628324818e+03 -5.574185296407163749e-151
1.284675846562722199e+03 -5.554458058606773149e-151
1.290377580402592457e+03 -5.534274747263325174e-151
1.296091939147935136e+03 -5.513640251128856214e-151
1.301818922798750918e+03 -5.492559560121547705e-151
1.307558531355039349e+03 -5.471037763969566539e-151
1.313310764816800202e+03 -5.449080050803099201e-151
1.319075623184034384e+03 -5.426691705695290547e-151
1.324853106456741443e+03 -5.403878109152853047e-151
1.330643214634920469e+03 -5.380644735557079772e-151
1.336445947718573052e+03 -5.356997151556077845e-151
1.342261305707698284e+03 -5.332941014409036339e-151
1.348089288602296392e+03 -5.308482070283369091e-151
1.353929896402366694e+03 -5.283626152505594588e-151
1.359783129107910327e+03 -5.258379179766857811e-151
1.365648986718926608e+03 -5.232747154284011151e-151
1.371527469235415310e+03 -5.206736159917176932e-151
1.377418576657377344e+03 -5.180352360244788679e-151
1.383322308984812025e+03 -5.153601996597072331e-151
1.389238666217718901e+03 -5.126491386048994402e-151
1.395167648356099335e+03 -5.099026919373712887e-151
1.401109255399952417e+03 -5.071215058957582351e-151
1.407063487349277693e+03 -5.043062336677812749e-151
1.413030344204076300e+03 -5.014575351743858514e-151
1.419009825964347783e+03 -4.985760768503686320e-151
1.425001932630091460e+03 -4.956625314216061791e-151
1.431006664201308467e+03 -4.927175776790031397e-151
1.437024020677998124e+03 -4.897419002492760826e-151
1.443054002060160201e+03 -4.867361893626978658e-151
1.449096608347795609e+03 -4.837011406179238182e-151
1.455151839540903666e+03 -4.806374547440223797e-151
1.461219695639483916e+03 -4.775458373598420658e-151
1.467300176643537725e+03 -4.744269987308379438e-151
1.473393282553064182e+03 -4.712816535234917244e-151
1.479499013368062833e+03 -4.681105205574567284e-151
1.485617369088534815e+03 -4.649143225555602052e-151
1.491748349714479673e+03 -4.616937858918004338e-151
1.497891955245896725e+03 -4.584496403374737974e-151
1.504048185682787107e+03 -4.551826188055716370e-151
1.510217041025150138e+03 -4.518934570935851263e-151
1.516398521272985590e+03 -4.485828936248618407e-151
1.522592626426294146e+03 -4.452516691886520589e-151
1.528799356485075805e+03 -4.419005266789937609e-151
1.535018711449329430e+03 -4.385302108325761247e-151
1.541250691319056614e+03 -4.351414679657302136e-151
1.547495296094256446e+03 -4.317350457106920847e-151
1.553752525774928472e+03 -4.283116927512849049e-151
1.560022380361073829e+03 -4.248721585581710732e-151
1.566304859852692061e+03 -4.214171931238185612e-151
1.572599964249782261e+03 -4.179475466973364034e-151
1.578907693552346018e+03 -4.144639695193225331e-151
1.585228047760382651e+03 -4.109672115568807946e-151
1.591561026873891478e+03 -4.074580222389512083e-151
1.597906630892873409e+03 -4.039371501921094399e-151
1.604264859817328215e+03 -4.004053429769815824e-151
1.610635713647255443e+03 -3.968633468254278298e-151
1.617019192382655774e+03 -3.933119063786443393e-151
1.623415296023528981e+03 -3.897517644263308904e-151
1.629824024569874382e+03 -3.861836616470804227e-151
1.636245378021693114e+03 -3.826083363501308687e-151
1.642679356378984721e+03 -3.790265242186365862e-151
1.649125959641748523e+03 -3.754389580545996689e-151
1.655585187809985655e+03 -3.718463675256136256e-151
1.662057040883695663e+03 -3.682494789135638435e-151
1.668541518862877638e+03 -3.646490148654266080e-151
1.675038621747533170e+03 -3.610456941463168612e-151
1.681548349537661352e+03 -3.574402313949211120e-151
1.688070702233261727e+03 -3.538333368814601854e-151
1.694605679834335660e+03 -3.502257162683208028e-151
1.701153282340882242e+03 -3.466180703734917255e-151
1.707713509752901018e+03 -3.430110949369447419e-151
1.714286362070393125e+03 -3.394054803900907379e-151
1.720871839293358107e+03 -3.358019116284455670e-151
1.727469941421795284e+03 -3.322010677876347392e-151
1.734080668455705563e+03 -3.286036220228667608e-151
1.740704020395088946e+03 -3.250102412919970225e-151
1.747339997239944523e+03 -3.214215861423099647e-151
1.753988598990273204e+03 -3.178383105011374826e-151
1.760649825646074760e+03 -3.142610614704311255e-151
1.767323677207348737e+03 -3.106904791254053746e-151
1.774010153674095818e+03 -3.071271963173633135e-151
1.780709255046315775e+03 -3.035718384808127484e-151
1.787420981324007926e+03 -3.000250234449818562e-151
1.794145332507173407e+03 -2.964873612498349889e-151
1.800882308595811764e+03 -2.929594539666900801e-151
1.807631909589922316e+03 -2.894418955235327213e-151
1.814394135489506198e+03 -2.859352715351215014e-151
1.821168986294562728e+03 -2.824401591379733700e-151
1.827956462005091680e+03 -2.789571268303139164e-151
1.834756562621093735e+03 -2.754867343170770181e-151
1.841569288142568894e+03 -2.720295323600297622e-151
1.848394638569516019e+03 -2.685860626330993281e-151
1.855232613901936475e+03 -2.651568575829704415e-151
1.862083214139829806e+03 -2.617424402950220497e-151
1.868946439283195332e+03 -2.583433243646636891e-151
1.875822289332034416e+03 -2.549600137741319529e-151
1.882710764286345920e+03 -2.515930027747997632e-151
1.889611864146129847e+03 -2.482427757750495945e-151
1.896525588911387104e+03 -2.449098072337558265e-151
1.903451938582117236e+03 -2.415945615594177387e-151
1.910390913158319336e+03 -2.382974930149809640e-151
1.917342512639994993e+03 -2.350190456283793183e-151
1.924306737027143299e+03 -2.317596531088255618e-151
1.931283586319763799e+03 -2.285197387688759884e-151
1.938273060517857857e+03 -2.252997154522868178e-151
1.945275159621424564e+03 -2.220999854676786378e-151
1.952289883630463237e+03 -2.189209405280193416e-151
1.959317232544975695e+03 -2.157629616959306145e-151
1.966357206364960575e+03 -2.126264193348215647e-151
1.973409805090417876e+03 -2.095116730658448190e-151
1.980475028721348508e+03 -2.064190717306689084e-151
1.987552877257752016e+03 -2.033489533600551085e-151
1.994643350699627490e+03 -2.003016451482219452e-151
2.001746449046976522e+03 -1.972774634329786104e-151
2.008862172299798203e+03 -1.942767136816000853e-151
2.015990520458092760e+03 -1.912996904824167379e-151
2.023131493521859284e+03 -1.883466775420839346e-151
2.030285091491099593e+03 -1.854179476884951032e-151
2.037451314365812323e+03 -1.825137628792941571e-151
2.044630162145997474e+03 -1.796343742159440020e-151
2.051821634831655501e+03 -1.767800219632994029e-151
2.059025732422786859e+03 -1.739509355746303173e-151
2.066242454919390184e+03 -1.711473337220379691e-151
2.073471802321466839e+03 -1.683694243322015279e-151
2.080713774629016370e+03 -1.656174046273899004e-151
2.087968371842038323e+03 -1.628914611716692749e-151
2.095235593960533151e+03 -1.601917699222322762e-151
2.102515440984501311e+03 -1.575184962857741165e-151
2.109807912913941436e+03 -1.548717951798335934e-151
2.117113009748854893e+03 -1.522518110990167403e-151
2.124430731489240770e+03 -1.496586781860159123e-151
2.131761078135099524e+03 -1.470925203073345799e-151
2.139104049686431154e+03 -1.445534511336246294e-151
2.146459646143235659e+03 -1.420415742245404733e-151
2.153827867505512586e+03 -1.395569831180111208e-151
2.161208713773262843e+03 -1.370997614238283398e-151
2.168602184946485522e+03 -1.346699829214475846e-151
2.176008281025180622e+03 -1.322677116618937140e-151
2.183427002009349053e+03 -1.298930020736640020e-151
2.190858347898990360e+03 -1.275458990725157198e-151
2.198302318694103633e+03 -1.252264381750255324e-151
2.205758914394690692e+03 -1.229346456158053260e-151
2.213228135000750171e+03 -1.206705384682563513e-151
2.220709980512282073e+03 -1.184341247687434497e-151
2.228204450929287304e+03 -1.162254036440677208e-151
2.235711546251765412e+03 -1.140443654421156828e-151
2.243231266479715487e+03 -1.118909918655614371e-151
2.250763611613138892e+03 -1.097652561084963784e-151
2.258308581652035173e+03 -1.076671229958605858e-151
2.265866176596403420e+03 -1.055965491255491833e-151
2.273436396446245453e+03 -1.035534830130650065e-151
2.281019241201559907e+03 -1.015378652385896073e-151
2.288614710862346783e+03 -9.954962859634291884e-152
2.296222805428606989e+03 -9.758869824610213471e-152
2.303843524900340071e+03 -9.565499186674954892e-152
2.311476869277545120e+03 -9.374841981171914827e-152
2.319122838560223954e+03 -9.186888526621185452e-152
2.326781432748375209e+03 -9.001628440604880278e-152
2.334452651841998431e+03 -8.819050655803263715e-152
2.342136495841095439e+03 -8.639143436168751642e-152
2.349832964745665322e+03 -8.461894393224738646e-152
2.357542058555707172e+03 -8.287290502476512881e-152
2.365263777271222352e+03 -8.115318119921305761e-152
2.372998120892210409e+03 -7.945962998644827316e-152
2.380745089418670432e+03 -7.779210305491632909e-152
2.388504682850603785e+03 -7.615044637796725538e-152
2.396276901188010470e+03 -7.453450040166022643e-152
2.404061744430888666e+03 -7.294410021293347707e-152
2.411859212579240648e+03 -7.137907570801774830e-152
2.419669305633065505e+03 -6.983925176097313010e-152
2.427492023592362330e+03 -6.832444839223037274e-152
2.435327366457132484e+03 -6.683448093701973916e-152
2.443175334227375515e+03 -6.536916021357190379e-152
2.451035926903090967e+03 -6.392829269097756549e-152
2.458909144484279295e+03 -6.251168065659395165e-152
2.466794986970940954e+03 -6.111912238288881531e-152
2.474693454363074125e+03 -5.975041229361440974e-152
2.482604546660681535e+03 -5.840534112920593432e-152
2.490528263863760912e+03 -5.708369611130159125e-152
2.498464605972312711e+03 -5.578526110628337649e-152
2.506413572986338295e+03 -5.450981678774019595e-152
2.514375164905836300e+03 -5.325714079775739933e-152
2.522349381730806726e+03 -5.202700790693932505e-152
2.530336223461250029e+03 -5.081919017307395157e-152
2.538335690097166662e+03 -4.963345709835137843e-152
2.546347781638555261e+03 -4.846957578505064182e-152
2.554372498085417192e+03 -4.732731108961190464e-152
2.562409839437751998e+03 -4.620642577501402025e-152
2.570459805695558771e+03 -4.510668066137991960e-152
2.578522396858839329e+03 -4.402783477473573094e-152
2.586597612927592309e+03 -4.296964549385150829e-152
2.594685453901817255e+03 -4.193186869509526094e-152
2.602785919781515986e+03 -4.091425889523411228e-152
2.610899010566687593e+03 -3.991656939211992737e-152
2.619024726257331167e+03 -3.893855240319913927e-152
2.627163066853448072e+03 -3.797995920179018003e-152
2.635314032355037853e+03 -3.704054025107397001e-152
2.643477622762100054e+03 -3.612004533574674328e-152
2.651653838074635132e+03 -3.521822369128693712e-152
2.659842678292643541e+03 -3.433482413079094350e-152
2.668044143416123461e+03 -3.346959516933563182e-152
2.676258233445077622e+03 -3.262228514582832522e-152
2.684484948379503749e+03 -3.179264234230785484e-152
2.692724288219402297e+03 -3.098041510066344526e-152
2.700976252964774631e+03 -3.018535193674074513e-152
2.709240842615619385e+03 -2.940720165180756442e-152
2.717518057171936107e+03 -2.864571344135440651e-152
2.725807896633726614e+03 -2.790063700120787661e-152
2.734110361000989997e+03 -2.717172263093792220e-152
2.742425450273725346e+03 -2.645872133454235428e-152
2.750753164451934026e+03 -2.576138491839507435e-152
2.759093503535615582e+03 -2.507946608644698830e-152
2.767446467524769105e+03 -2.441271853267127659e-152
2.775812056419395958e+03 -2.376089703074719976e-152
2.784190270219496142e+03 -2.312375752097936971e-152
2.792581108925067838e+03 -2.250105719445159241e-152
2.800984572536113319e+03 -2.189255457441725316e-152
2.809400661052631676e+03 -2.129800959493017475e-152
2.817829374474622455e+03 -2.071718367672260875e-152
2.826270712802085654e+03 -2.014983980033904687e-152
2.834724676035022185e+03 -1.959574257653687522e-152
2.843191264173431591e+03 -1.905465831396705243e-152
2.851670477217312964e+03 -1.852635508415011850e-152
2.860162315166668122e+03 -1.801060278376483407e-152
2.868666778021495702e+03 -1.750717319426876977e-152
2.877183865781795248e+03 -1.701584003887213684e-152
2.885713578447568580e+03 -1.653637903688785239e-152
2.894255916018814787e+03 -1.606856795548281457e-152
2.902810878495532506e+03 -1.561218665885693171e-152
2.911378465877724466e+03 -1.516701715487815578e-152
2.919958678165388847e+03 -1.473284363920340499e-152
2.928551515358525194e+03 -1.430945253691668474e-152
2.937156977457134872e+03 -1.389663254171721496e-152
2.945775064461217880e+03 -1.349417465269179837e-152
2.954405776370772401e+03 -1.310187220870682156e-152
2.963049113185800707e+03 -1.271952092045673097e-152
2.971705074906301888e+03 -1.234691890020683035e-152
2.980373661532275037e+03 -1.198386668926939108e-152
2.989054873063721516e+03 -1.163016728325315850e-152
2.997748709500640871e+03 -1.128562615512725079e-152
3.006455170843032647e+03 -1.095005127614132495e-152
3.015174257090897299e+03 -1.062325313464479111e-152
3.023905968244235282e+03 -1.030504475284852481e-152
3.032650304303045232e+03 -9.995241701573333846e-153
3.041407265267328512e+03 -9.693662113029932944e-153
3.050176851137084668e+03 -9.400126691675913519e-153
3.058959061912312336e+03 -9.114458723195534195e-153
3.067753897593014244e+03 -8.836484081648710904e-153
3.076561358179188574e+03 -8.566031234835956362e-153
3.085381443670835324e+03 -8.302931247926257210e-153
3.094214154067954951e+03 -8.047017785395259708e-153
3.103059489370547908e+03 -7.798127111321240889e-153
3.111917449578612832e+03 -7.556098088086526470e-153
3.120788034692151086e+03 -7.320772173532129192e-153
3.129671244711162217e+03 -7.091993416613366402e-153
3.138567079635645314e+03 -6.869608451604273997e-153
3.147475539465602196e+03 -6.653466490898468506e-153
3.156396624201031500e+03 -6.443419316454118617e-153
3.165330333841933225e+03 -6.239321269930401291e-153
3.174276668388308281e+03 -6.041029241562691475e-153
3.183235627840155757e+03 -5.848402657823447203e-153
3.192207212197475656e+03 -5.661303467915469922e-153
3.201191421460269339e+03 -5.479596129143823501e-153
3.210188255628535444e+03 -5.303147591212438886e-153
3.219197714702273515e+03 -5.131827279490846271e-153
3.228219798681485372e+03 -4.965507077296183117e-153
3.237254507566169650e+03 -4.804061307235008384e-153
3.246301841356326349e+03 -4.647366711649027820e-153
3.255361800051956379e+03 -4.495302432208188610e-153
3.264434383653059285e+03 -4.347749988694106721e-153
3.273519592159634158e+03 -4.204593257016094437e-153
3.282617425571682361e+03 -4.065718446501470034e-153
3.291727883889203440e+03 -3.931014076501136721e-153
3.300850967112196940e+03 -3.800370952350731754e-153
3.309986675240663772e+03 -3.673682140726956058e-153
3.319135008274603024e+03 -3.550842944437909879e-153
3.328295966214014697e+03 -3.431750876685574743e-153
3.337469549058899702e+03 -3.316305634837750516e-153
3.346655756809257582e+03 -3.204409073746029284e-153
3.355854589465087429e+03 -3.095965178645525004e-153
3.365066047026391061e+03 -2.990880037671329069e-153
3.374290129493167115e+03 -2.889061814025789105e-153
3.383526836865415589e+03 -2.790420717829907569e-153
3.392776169143137395e+03 -2.694868977691284956e-153
3.402038126326331621e+03 -2.602320812020224778e-153
3.411312708414998269e+03 -2.512692400124708101e-153
3.420599915409138248e+03 -2.425901853114138296e-153
3.429899747308751557e+03 -2.341869184640853388e-153
3.439212204113836378e+03 -2.260516281507571628e-153
3.448537285824394985e+03 -2.181766874168034189e-153
3.457874992440426013e+03 -2.105546507147278760e-153
3.467225323961929462e+03 -2.031782509407085620e-153
3.476588280388906242e+03 -1.960403964681292777e-153
3.485963861721355897e+03 -1.891341681804807126e-153
3.495352067959277065e+03 -1.824528165059294365e-153
3.504752899102672473e+03 -1.759897584557670031e-153
3.514166355151540301e+03 -1.697385746688683093e-153
3.523592436105880097e+03 -1.636930064642035307e-153
3.533031141965693678e+03 -1.578469529033666661e-153
3.542482472730980135e+03 -1.521944678650001978e-153
3.551946428401738558e+03 -1.467297571329156501e-153
3.561423008977970312e+03 -1.414471754996297748e-153
3.570912214459674942e+03 -1.363412238869559149e-153
3.580414044846851539e+03 -1.314065464852143658e-153
3.589928500139501466e+03 -1.266379279125475748e-153
3.599455580337624724e+03 -1.220302903957512403e-153
3.608995285441219494e+03 -1.175786909739583415e-153
3.618547615450288049e+03 -1.132783187264406046e-153
3.628112570364829480e+03 -1.091244920257206745e-153
3.637690150184842878e+03 -1.051126558171181480e-153
3.647280354910329606e+03 -1.012383789257849101e-153
3.656883184541289211e+03 -9.749735139221775519e-154
3.666498639077720782e+03 -9.388538183717130101e-154
3.676126718519626138e+03 -9.039839485683045064e-154
3.685767422867004370e+03 -8.703242844903951037e-154
3.695420752119854114e+03 -8.378363147132395299e-154
3.705086706278177644e+03 -8.064826113138297333e-154
3.714765285341974050e+03 -7.762268051067211900e-154
3.724456489311242422e+03 -7.470335612164101234e-154
3.734160318185984124e+03 -7.188685549913589323e-154
3.743876771966199158e+03 -6.916984482642522785e-154
3.753605850651886612e+03 -6.654908659625454803e-154
3.763347554243046034e+03 -6.402143730728946755e-154
3.773101882739678786e+03 -6.158384519625575491e-154
3.782868836141784868e+03 -5.923334800604178066e-154
3.792648414449362463e+03 -5.696707078998267754e-154
3.802440617662413842e+03 -5.478222375250387835e-154
3.812245445780938098e+03 -5.267610012625992973e-154
3.822062898804934321e+03 -5.064607408586546934e-154
3.831892976734403874e+03 -4.868959869827698535e-154
3.841735679569346757e+03 -4.680420390984776827e-154
3.851591007309761153e+03 -4.498749457004341596e-154
3.861458959955648879e+03 -4.323714849177215061e-154
3.871339537507009936e+03 -4.155091454825221134e-154
3.881232739963842505e+03 -3.992661080630804743e-154
3.891138567326149314e+03 -3.836212269595832755e-154
3.901057019593928544e+03 -3.685540121613122316e-154
3.910988096767179286e+03 -3.540446117631603268e-154
3.920931798845904268e+03 -3.400737947393557739e-154
3.930888125830101671e+03 -3.266229340720053505e-154
3.940857077719771041e+03 -3.136739902318426199e-154
3.950838654514914197e+03 -3.012094950083631103e-154
3.960832856215530228e+03 -2.892125356863265148e-154
3.970839682821618226e+03 -2.776667395654276502e-154
3.980859134333179554e+03 -2.665562588197605119e-154
3.990891210750213759e+03 -2.558657556935415055e-154
4.000935912072719930e+03 -2.455803880294077965e-154
4.010993238300699886e+03 -2.356857951254670463e-154
4.021063189434152264e+03 -2.261680839171477112e-154
4.031145765473076608e+03 -2.170138154797800132e-154
4.041240966417475192e+03 -2.082099918477290811e-154
4.051348792267345743e+03 -1.997440431458052479e-154
4.061469243022688715e+03 -1.916038150285842758e-154
4.071602318683505018e+03 -1.837775564231919172e-154
4.081748019249794652e+03 -1.762539075710342847e-154
4.091906344721555797e+03 -1.690218883638926049e-154
4.102077295098791183e+03 -1.620708869697446912e-154
4.112260870381499444e+03 -1.553906487436278410e-154
4.122457070569679672e+03 -1.489712654188181168e-154
4.132665895663330957e+03 -1.428031645735654806e-154
4.142887345662456937e+03 -1.368770993685999244e-154
4.153121420567055793e+03 -1.311841385506016118e-154
4.163368120377126615e+03 -1.257156567168150319e-154
4.173627445092671223e+03 -1.204633248359784536e-154
4.183899394713688707e+03 -1.154191010207376168e-154
4.194183969240176339e+03 -1.105752215467154305e-154
4.204481168672139574e+03 -1.059241921134167660e-154
4.214790993009574777e+03 -1.014587793421611959e-154
4.225113442252482855e+03 -9.717200250625223081e-155
4.235448516400863809e+03 -9.305712548861448953e-155
4.245796215454717640e+03 -8.910764896215490090e-155
4.256156539414044346e+03 -8.531730278813420764e-155
4.266529488278842109e+03 -8.168003862786683925e-155
4.276915062049113658e+03 -7.819002276310519592e-155
4.287313260724858992e+03 -7.484162912050262356e-155
4.297724084306076293e+03 -7.162943249559212070e-155
4.308147532792766469e+03 -6.854820197176358365e-155
4.318583606184930431e+03 -6.559289452976934628e-155
4.329032304482564541e+03 -6.275864884333850511e-155
4.339493627685673346e+03 -6.004077925653217355e-155
4.349967575794255026e+03 -5.743476993852678266e-155
4.360454148808308673e+03 -5.493626921156785128e-155
4.370953346727836106e+03 -5.254108404789499979e-155
4.381465169552836414e+03 -5.024517473149762439e-155
4.391989617283306870e+03 -4.804464968062181573e-155
4.402526689919252931e+03 -4.593576042701012450e-155
4.413076387460670958e+03 -4.391489674791931205e-155
4.423638709907561861e+03 -4.197858194702424660e-155
4.434213657259925640e+03 -4.012346828038130537e-155
4.444801229517762295e+03 -3.834633252368904836e-155
4.455401426681070006e+03 -3.664407167715046662e-155
4.466014248749852413e+03 -3.501369880430653992e-155
4.476639695724106787e+03 -3.345233900127801347e-155
4.487277767603834945e+03 -3.195722549291842267e-155
4.497928464389035071e+03 -3.052569585244884295e-155
4.508591786079708982e+03 -2.915518834121137079e-155
4.519267732675853040e+03 -2.784323836524549636e-155
4.529956304177471793e+03 -2.658747504545818126e-155
4.540657500584563422e+03 -2.538561789822517872e-155
4.551371321897127928e+03 -2.423547362332731886e-155
4.562097768115165309e+03 -2.313493299619173328e-155
4.572836839238675566e+03 -2.208196786147336725e-155
4.583588535267655971e+03 -2.107462822507747683e-155
4.594352856202111980e+03 -2.011103944178850317e-155
4.605129802042039955e+03 -1.918939949573465346e-155
4.615919372787440807e+03 -1.830797637098132703e-155
4.626721568438314534e+03 -1.746510550960916862e-155
4.637536388994662047e+03 -1.665918735469484689e-155
4.648363834456478799e+03 -1.588868497567414501e-155
4.659203904823771154e+03 -1.515212177362765161e-155
4.670056600096536386e+03 -1.444807926408926165e-155
4.680921920274774493e+03 -1.377519493503692057e-155
4.691799865358484567e+03 -1.313216017778321690e-155
4.702690435347668426e+03 -1.251771828854100452e-155
4.713593630242322433e+03 -1.193066253849566478e-155
4.724509450042451135e+03 -1.136983431027139945e-155
4.735437894748053623e+03 -1.083412129873360710e-155
4.746378964359128076e+03 -1.032245577412326952e-155
4.757332658875675406e+03 -9.833812905572168426e-156
4.768298978297694703e+03 -9.367209143099687138e-156
4.779277922625185965e+03 -8.921700656242919398e-156
4.790269491858151923e+03 -8.496381827521914972e-156
4.801273685996589847e+03 -8.090383798990926596e-156
4.812290505040501557e+03 -7.702873070174591538e-156
4.823319948989885233e+03 -7.333050145735241627e-156
4.834362017844741786e+03 -6.980148231263613014e-156
4.845416711605069395e+03 -6.643431975630507382e-156
4.856484030270871699e+03 -6.322196258381202774e-156
4.867563973842146879e+03 -6.015765020697742583e-156
4.878656542318894935e+03 -5.723490138496534928e-156
4.889761735701115867e+03 -5.444750336270197116e-156
4.900879553988808766e+03 -5.178950140322966633e-156
4.912009997181973631e+03 -4.925518870088626048e-156
4.923153065280612282e+03 -4.683909666258473918e-156
4.934308758284723808e+03 -4.453598554484600941e-156
4.945477076194308211e+03 -4.234083543460581047e-156
4.956658019009365489e+03 -4.024883756217562587e-156
4.967851586729895644e+03 -3.825538593508842879e-156
4.979057779355896855e+03 -3.635606928190158873e-156
4.990276596887372762e+03 -3.454666329536280240e-156
5.001508039324321544e+03 -3.282312316466943701e-156
5.012752106666742293e+03 -3.118157638686854526e-156
5.024008798914636827e+03 -2.961831584775289472e-156
5.035278116068003328e+03 -2.812979316290886648e-156
5.046560058126840886e+03 -2.671261226986443845e-156
5.057854625091153139e+03 -2.536352326257004688e-156
5.069161816960938268e+03 -2.407941645972234726e-156
5.080481633736196272e+03 -2.285731669871022509e-156
5.091814075416927153e+03 -2.169437784722479740e-156
5.103159142003130910e+03 -2.058787752483004091e-156
5.114516833494804814e+03 -1.953521202703864510e-156
5.125887149891954323e+03 -1.853389144467883220e-156
5.137270091194575798e+03 -1.758153497157189119e-156
5.148665657402670149e+03 -1.667586639376817151e-156
5.160073848516238286e+03 -1.581470975381005876e-156
5.171494664535278389e+03 -1.499598518370553912e-156
5.182928105459788640e+03 -1.421770490050434062e-156
5.194374171289774495e+03 -1.347796935857136522e-156
5.205832862025233226e+03 -1.277496355284854748e-156
5.217304177666164833e+03 -1.210695346758726090e-156
5.228788118212568406e+03 -1.147228266521840352e-156
5.240284683664445765e+03 -1.086936901020709864e-156
5.251793874021793272e+03 -1.029670152291309399e-156
5.263315689284615473e+03 -9.752837358647029023e-157
5.274850129452910551e+03 -9.236398907276644405e-157
5.286397194526679414e+03 -8.746071008895852114e-157
5.297956884505920243e+03 -8.280598281223697561e-157
5.309529199390633039e+03 -7.838782554549544890e-157
5.321114139180817801e+03 -7.419480410185436838e-157
5.332711703876477259e+03 -7.021600818526831469e-157
5.344321893477608683e+03 -6.644102872958749321e-157
5.355944707984212982e+03 -6.285993615975816249e-157
5.367580147396291068e+03 -5.946325954012228970e-157
5.379228211713841119e+03 -5.624196657600917329e-157
5.390888900936864047e+03 -5.318744443600724556e-157
5.402562215065358032e+03 -5.029148136345991750e-157
5.414248154099326712e+03 -4.754624904684909963e-157
5.425946718038768267e+03 -4.494428571981302794e-157
5.437657906883681790e+03 -4.247847996259317644e-157
5.449381720634069097e+03 -4.014205517771961599e-157
5.461118159289929281e+03 -3.792855471372471674e-157
5.472867222851259612e+03 -3.583182761162486246e-157
5.484628911318064638e+03 -3.384601494982724452e-157
5.496403224690342540e+03 -3.196553676400672323e-157
5.508190162968093318e+03 -3.018507951935620409e-157
5.519989726151316972e+03 -2.849958411344347732e-157
5.531801914240013502e+03 -2.690423438871044375e-157
5.543626727234181089e+03 -2.539444613442538022e-157
5.555464165133822462e+03 -2.396585655864914317e-157
5.567314227938937620e+03 -2.261431421150025391e-157
5.579176915649524744e+03 -2.133586934170395121e-157
5.591052228265585654e+03 -2.012676466908675889e-157
5.602940165787118531e+03 -1.898342655633159962e-157
5.614840728214122464e+03 -1.790245656393993648e-157
5.626753915546601093e+03 -1.688062337295728617e-157
5.638679727784552597e+03 -1.591485506060779124e-157
5.650618164927976977e+03 -1.500223171455243205e-157
5.662569226976873324e+03 -1.413997837203532016e-157
5.674532913931243456e+03 -1.332545827071333004e-157
5.686509225791083736e+03 -1.255616639847696987e-157
5.698498162556399620e+03 -1.182972333006573282e-157
5.710499724227187471e+03 -1.114386933875918023e-157
5.722513910803448198e+03 -1.049645877188698596e-157
5.734540722285181801e+03 -9.885454679347060817e-158
5.746580158672388279e+03 -9.308923684751735786e-158
5.758632219965065815e+03 -8.765031089237888109e-158
5.770696906163218046e+03 -8.252036198378811747e-158
5.782774217266842243e+03 -7.768287863023747696e-158
5.794864153275940225e+03 -7.312220225265940750e-158
5.806966714190510174e+03 -6.882348661102412734e-158
5.819081900010553909e+03 -6.477265911698680054e-158
5.831209710736067791e+03 -6.095638395510011877e-158
5.843350146367056368e+03 -5.736202693837880840e-158
5.855503206903517821e+03 -5.397762202716510487e-158
5.867668892345452150e+03 -5.079183944330270368e-158
5.879847202692859355e+03 -4.779395531458613953e-158
5.892038137945739436e+03 -4.497382278731608301e-158
5.904241698104089664e+03 -4.232184454756421737e-158
5.916457883167914588e+03 -3.982894669443722259e-158
5.928686693137213297e+03 -3.748655391123236556e-158
5.940928128011983972e+03 -3.528656588290127621e-158
5.953182187792227523e+03 -3.322133491068804286e-158
5.965448872477944860e+03 -3.128364467718518704e-158
5.977728182069131435e+03 -2.946669011736254089e-158
5.990020116565793614e+03 -2.776405835337102821e-158
6.002324675967928670e+03 -2.616971065311114033e-158
6.014641860275536601e+03 -2.467796537468774285e-158
6.026971669488616499e+03 -2.328348186095231844e-158
6.039314103607170182e+03 -2.198124525036492060e-158
6.051669162631194013e+03 -2.076655217239423798e-158
6.064036846560692538e+03 -1.963499729761975663e-158
6.076417155395663940e+03 -1.858246071460741125e-158
6.088810089136108218e+03 -1.760509610750497149e-158
6.101215647782025371e+03 -1.669931971014735519e-158
6.113633831333415401e+03 -1.586180001428081215e-158
6.126064639790276487e+03 -1.508944821131091618e-158
6.138508073152611360e+03 -1.437940934875722876e-158
6.150964131420420017e+03 -1.372905418436088945e-158
6.163432814593700641e+03 -1.313597172254451129e-158
6.175914122672455051e+03 -1.259796241967042038e-158
6.188408055656681427e+03 -1.211303204628798591e-158
6.200914613546378860e+03 -1.167938619630744437e-158
6.213433796341550988e+03 -1.129542543479099447e-158
6.225965604042195991e+03 -1.095974107781611248e-158
6.238510036648313871e+03 -1.067111159964605693e-158
6.251067094159903718e+03 -1.042849966424286445e-158
6.263636776576967350e+03 -1.023104977998391900e-158
6.276219083899501129e+03 -1.007808657829942242e-158
6.288814016127509603e+03 -9.969113718840125921e-159
6.301421573260991863e+03 -9.903813425718165006e-159
6.314041755299946090e+03 -9.882046661344176686e-159
