0.000000000000000000e+00 2.416154642288141727e-03
7.901471645829974758e-03 2.414762847626006695e-03
2.842784876444096748e-02 2.411147208680384808e-03
6.157913135583295561e-02 2.405307920037960505e-03
1.073553194200059790e-01 2.397245585093305507e-03
1.657564129569600309e-01 2.386960664626729556e-03
2.367824119666950278e-01 2.374452988568190401e-03
3.204333164492110808e-01 2.359722172044928512e-03
4.167091264045081345e-01 2.342768341292372249e-03
5.256098418325862998e-01 2.323592114375143663e-03
6.471354627334453546e-01 2.302194049071225844e-03
7.812859891070854657e-01 2.278574484927688507e-03
9.280614209535064107e-01 2.252733818319940708e-03
1.087461758272708856e+00 2.224672625284541613e-03
1.259487001064691691e+00 2.194391580018994602e-03
1.444137149329456138e+00 2.161891438779004436e-03
1.641412203067001085e+00 2.127173081300668452e-03
1.851312162277326978e+00 2.090237532603696387e-03
2.073837026960434482e+00 2.051085984635798911e-03
2.308986797116322265e+00 2.009719827381717481e-03
2.556761472744991881e+00 1.966140686536950455e-03
2.817161053846441554e+00 1.920350469983130677e-03
3.090185540420673505e+00 1.872351425723563353e-03
3.375834932467685068e+00 1.822146214524032401e-03
3.674109229987478020e+00 1.769738001666650625e-03
3.985008432980052806e+00 1.715130573774440977e-03
4.308532541445408093e+00 1.658328488868898200e-03
4.644681555383542992e+00 1.599337270982660944e-03
4.993455474794460613e+00 1.538163665212949121e-03
5.354854299678160068e+00 1.474815975801734534e-03
5.728878030034639579e+00 1.409304519863962537e-03
6.115526665863898259e+00 1.341642244689451305e-03
6.514800207165940549e+00 1.271845580268682026e-03
6.926698653940762895e+00 1.199935636157882296e-03
7.351222006188364411e+00 1.125939912260941981e-03
7.788370263908749536e+00 1.049894793073608088e-03
8.238143427101915606e+00 9.718492645303367615e-04
8.700541495767863509e+00 8.918705881712441419e-04
9.175564469906587917e+00 8.100531973247413224e-04
9.663212349518097710e+00 7.265330586026550819e-04
1.016348513460238756e+01 6.415116016645989929e-04
1.067638282515945569e+01 5.552969417410550832e-04
1.120190542118930921e+01 4.683772577443801109e-04
1.174005292269194101e+01 3.815549650127742116e-04
1.229082532966735641e+01 2.961938853797137054e-04
1.285422264211554833e+01 2.146531722508618280e-04
1.343024486003652385e+01 1.408956626672884592e-04
1.401889198343028120e+01 8.065493048561736631e-05
1.462016401229681684e+01 3.919285073200249030e-05
1.523406094663613608e+01 1.638127750148023781e-05
1.586058278644823716e+01 6.176593380210389002e-06
1.649972953173311652e+01 2.195012239918465123e-06
1.715150118249077948e+01 7.530855726374145344e-07
1.781589773872122251e+01 2.520130973557475407e-07
1.849291920042444204e+01 8.258059256864609866e-08
1.918256556760045228e+01 2.653641087937144610e-08
1.988483684024923548e+01 8.366813395105626732e-09
2.059973301837079873e+01 2.589049685244365708e-09
2.132725410196514915e+01 7.864039430629598196e-10
2.206740009103227607e+01 2.344894430138705824e-10
2.282017098557219015e+01 6.864606022599280389e-11
2.358556678558488073e+01 1.973165496310585596e-11
2.436358749107034782e+01 5.569387051059115790e-12
2.515423310202860563e+01 1.543787741297576837e-12
2.595750361845963639e+01 4.202854564066539138e-13
2.677339904036344720e+01 1.123874997649077342e-13
2.760191936774004873e+01 2.952220661760893140e-14
2.844306460058942321e+01 7.618632924134673993e-15
2.929683473891157774e+01 1.931714573947203542e-15
3.016322978270652300e+01 4.812677336438714289e-16
3.104224973197423765e+01 1.178280193648419321e-16
3.193389458671474657e+01 2.835101120816041137e-17
3.283816434692801778e+01 6.704813569506583951e-18
3.375505901261407615e+01 1.558629848780525502e-18
3.468457858377293235e+01 3.561863438081911576e-19
3.562672306040455084e+01 8.002566626639331976e-20
3.658149244250895293e+01 1.767822874801312746e-20
3.754888673008614575e+01 3.840123207817686943e-21
3.852890592313610796e+01 8.203287750340400959e-22
3.952155002165885378e+01 1.723480594536434925e-22
4.052681902565439032e+01 3.561555067062916064e-23
4.154471293512269625e+01 7.239802951838503420e-24
4.257523175006378580e+01 1.447793078272641388e-24
4.361837547047766606e+01 2.848509064925065059e-25
4.467414409636431571e+01 5.514404293762822260e-26
4.574253762772375609e+01 1.050480142691693980e-26
4.682355606455597297e+01 1.969352776054948038e-27
4.791719940686096635e+01 3.633654433700544130e-28
4.902346765463875045e+01 6.599119221834063109e-29
5.014236080788930394e+01 1.179745155631061725e-29
5.127387886661264105e+01 2.076288706537384593e-30
5.241802183080876887e+01 3.597674174795574038e-31
5.357478970047766609e+01 6.138008697588569728e-32
5.474418247561934692e+01 1.031196868775585194e-32
5.592620015623381846e+01 1.706085181733164856e-33
5.712084274232105940e+01 2.779977549708125860e-34
5.832811023388107685e+01 4.461691305012592578e-35
5.954800263091389212e+01 7.053609072717887665e-36
6.078051993341947679e+01 1.098531860088504186e-36
6.202566214139785217e+01 1.685539277729230742e-37
6.328342925484899695e+01 2.548152238840069294e-38
6.455382127377293955e+01 3.795834246015628482e-39
6.583683819816963023e+01 5.572105848466042275e-40
6.713248002803914005e+01 8.061138336237051425e-41
6.844074676338142638e+01 1.149404014082036983e-41
6.976163840419646078e+01 1.615409214369066512e-42
7.109515495048430012e+01 2.237998932113824321e-43
7.244129640224493016e+01 3.056598519211189892e-44
7.380006275947830829e+01 4.115775011960552162e-45
7.517145402218449135e+01 5.464278504698591077e-46
7.655547019036346512e+01 7.153441592878061011e-47
7.795211126401518698e+01 9.234875757016465138e-48
7.936137724313971376e+01 1.175745869644082561e-48
8.078326812773703125e+01 1.476367880615407400e-49
8.221778391780709683e+01 1.828548744953562878e-50
8.366492461334996733e+01 2.233989855011027060e-51
8.512469021436562855e+01 2.692465780887445830e-52
8.659708072085406627e+01 3.201436844236529113e-53
8.808209613281525208e+01 3.755749455116855505e-54
8.957973645024924281e+01 4.347465669314370522e-55
9.109000167315602425e+01 4.965858032075568214e-56
9.261289180153555378e+01 5.597595523461052292e-57
9.414840683538790245e+01 6.227131836276214431e-58
9.569654677471302762e+01 6.837289487971176211e-59
9.725731161951090087e+01 7.410014154135749437e-60
9.883070136978157905e+01 7.927255255066723105e-61
1.004167160255250479e+02 8.371913477962254787e-62
1.020153555867412649e+02 8.728785618212450217e-63
1.036266200534302868e+02 8.985433402811375940e-64
1.052505094255920994e+02 9.132906585222007439e-65
1.068870237032266601e+02 9.166261438809261593e-66
1.085361628863340400e+02 9.084832775729135595e-67
1.101979269749141821e+02 8.892238942728180755e-68
1.118723159689670865e+02 8.596122515082526606e-69
1.135593298684927959e+02 8.207652027992415773e-70
1.152589686734912959e+02 7.740829589307402148e-71
1.169712323839625441e+02 7.211663605149643736e-72
1.186961209999065971e+02 6.637273821107871929e-73
1.204336345213234409e+02 6.034996972435905905e-74
1.221837729482130186e+02 5.421555925210691997e-75
1.239465362805754296e+02 4.812344383899458196e-76
1.257219245184106171e+02 4.220864670784178136e-77
1.275099376617185811e+02 3.658339647331462334e-78
1.293105757104992790e+02 3.133503444582579596e-79
1.311238386647528102e+02 2.652560960358321027e-80
1.329497265244791322e+02 2.219294316377686014e-81
1.347882392896781596e+02 1.835286393054525847e-82
1.366393769603500346e+02 1.500227398038776124e-83
1.385031395364947002e+02 1.212269936488821656e-84
1.403795270181120713e+02 9.684006396750102020e-86
1.422685394052022900e+02 7.648012546027409389e-87
1.441701766977652994e+02 5.971782975474810532e-88
1.460844388958010143e+02 4.610470631482340604e-89
1.480113259993095767e+02 3.519622225263571525e-90
1.499508380082909298e+02 2.656928897186918136e-91
1.519029749227449884e+02 1.983445435492827022e-92
1.538677367426718945e+02 1.464334173582599347e-93
1.558451234680715913e+02 1.069209331241841937e-94
1.578351350989439936e+02 7.721660287464626092e-96
1.598377716352892435e+02 5.515776698219101135e-97
1.618530330771072556e+02 3.897383497811468118e-98
1.638809194243980301e+02 2.724158420376734467e-99
1.659214306771616236e+02 1.883676954880929043e-100
1.679745668353979795e+02 1.288597419195168634e-101
1.700403278991070977e+02 8.721408051115352953e-103
1.721187138682890065e+02 5.840312022033441149e-104
1.742097247429437346e+02 3.869786426397230454e-105
1.763133605230712249e+02 2.537234964151058908e-106
1.784296212086714490e+02 1.646183317630817213e-107
1.805585067997445208e+02 1.056964577039251310e-108
1.827000172962903548e+02 6.716269940083492384e-110
1.848541526983089227e+02 4.223786049448762952e-111
1.870209130058003097e+02 2.629070075029158200e-112
1.892002982187644875e+02 1.619754379343442127e-113
1.913923083372013991e+02 9.877861867365526341e-115
1.935969433611111583e+02 5.962991946369004896e-116
1.958142032904936798e+02 3.563103798372743802e-117
1.980440881253489351e+02 2.115861674575583771e-118
2.002865978656770096e+02 1.316705357455954457e-119
2.025417325114778748e+02 1.702700989332200268e-119
2.048094920627514739e+02 1.353945124049957597e-119
2.070898765194978921e+02 1.078058463553659656e-120
2.093828858817171010e+02 -1.782329086280498232e-120
2.116885201494090438e+02 -3.288617307377417695e-119
2.140067793225738058e+02 -3.155748252077655499e-118
2.163376634012113584e+02 -3.388580660756543686e-117
2.186811723853216449e+02 3.244329961954487494e-116
2.210373062749047790e+02 3.462029975171106366e-115
2.234060650699606754e+02 -4.055170466700114586e-116
2.257874487704892772e+02 -7.577966971952318262e-116
2.281814573764907550e+02 -1.120671281737947662e-115
2.305880908879649951e+02 -1.485398578413594757e-115
2.330073493049119406e+02 -1.852006492472612335e-115
2.354392326273317622e+02 -2.220486085959402702e-115
2.378837408552243460e+02 -2.590828377066449150e-115
2.403408739885896921e+02 -2.963024120426841188e-115
2.428106320274278005e+02 -3.337063806526792010e-115
2.452930149717387280e+02 -3.712937659017325581e-115
2.477880228215224179e+02 -4.090635631839091480e-115
2.502956555767788416e+02 -4.470147406280922753e-115
2.528159132375081128e+02 -4.851462388042888080e-115
2.553487958037101748e+02 -5.234569704329442639e-115
2.578943032753850844e+02 -5.619458200976062945e-115
2.604524356525326425e+02 -6.006116439604728440e-115
2.630231929351529629e+02 -6.394532694803087832e-115
2.656065751232462162e+02 -6.784694951323876674e-115
2.682025822168121181e+02 -7.176590901303310339e-115
2.708112142158507822e+02 -7.570207941498718379e-115
2.734324711203623792e+02 -7.965533170546439142e-115
2.760663529303466248e+02 -8.362553386241424503e-115
2.787128596458036327e+02 -8.761255082839970334e-115
2.813719912667335734e+02 -9.161624448386943212e-115
2.840437477931361627e+02 -9.563647362068811680e-115
2.867281292250115143e+02 -9.967309391593651514e-115
2.894251355623597419e+02 -1.037259579059930256e-114
2.921347668051806750e+02 -1.077949149609081681e-114
2.948570229534744271e+02 -1.118798112590841685e-114
2.975919040072409985e+02 -1.159804897622707537e-114
3.003394099664802752e+02 -1.200967901908898180e-114
3.030995408311923143e+02 -1.242285489997010424e-114
3.058722966013772862e+02 -1.283755993538208558e-114
3.086576772770349066e+02 -1.325377711051077395e-114
3.114556828581652894e+02 -1.367148907689260839e-114
3.142663133447686050e+02 -1.409067815013022308e-114
3.170895687368445124e+02 -1.451132630764851976e-114
3.199254490343932389e+02 -1.493341518649254279e-114
3.227739542374148982e+02 -1.535692608116851301e-114
3.256350843459092061e+02 -1.578183994152932961e-114
3.285088393598762764e+02 -1.620813737070588335e-114
3.313952192793162794e+02 -1.663579862308563117e-114
3.342942241042288742e+02 -1.706480360233969800e-114
3.372058538346144587e+02 -1.749513185949996469e-114
3.401301084704726350e+02 -1.792676259108755949e-114
3.430669880118036303e+02 -1.835967463729409829e-114
3.460164924586075017e+02 -1.879384648021716505e-114
3.489786218108840785e+02 -1.922925624215145337e-114
3.519533760686334176e+02 -1.966588168393694690e-114
3.549407552318556327e+02 -2.010370020336568957e-114
3.579407593005504964e+02 -2.054268883364858459e-114
3.609533882747181792e+02 -2.098282424194362512e-114
3.639786421543587380e+02 -2.142408272794711134e-114
3.670165209394720023e+02 -2.186644022254932509e-114
3.700670246300579720e+02 -2.230987228655617351e-114
3.731301532261169314e+02 -2.275435410947821176e-114
3.762059067276484825e+02 -2.319986050838872916e-114
3.792942851346528528e+02 -2.364636592685223674e-114
3.823952884471300990e+02 -2.409384443392496126e-114
3.855089166650799939e+02 -2.454226972322892895e-114
3.886351697885027079e+02 -2.499161511210103108e-114
3.917740478173982979e+02 -2.544185354081871969e-114
3.949255507517665933e+02 -2.589295757190386269e-114
3.980896785916075942e+02 -2.634489938950620083e-114
4.012664313369215847e+02 -2.679765079886809827e-114
4.044558089877081670e+02 -2.725118322587205085e-114
4.076578115439675685e+02 -2.770546771667244537e-114
4.108724390056998459e+02 -2.816047493741325402e-114
4.140996913729047719e+02 -2.861617517403310313e-114
4.173395686455825171e+02 -2.907253833215931395e-114
4.205920708237331382e+02 -2.952953393709242653e-114
4.238571979073564648e+02 -2.998713113388277939e-114
4.271349498964524969e+02 -3.044529868750071371e-114
4.304253267910214618e+02 -3.090400498310182669e-114
4.337283285910631321e+02 -3.136321802638893676e-114
4.370439552965775079e+02 -3.182290544407223580e-114
4.403722069075648733e+02 -3.228303448442913941e-114
4.437130834240248305e+02 -3.274357201796531410e-114
4.470665848459575500e+02 -3.320448453817853316e-114
4.504327111733632591e+02 -3.366573816242669927e-114
4.538114624062415601e+02 -3.412729863290157750e-114
4.572028385445926233e+02 -3.458913131770977512e-114
4.606068395884166762e+02 -3.505120121206243258e-114
4.640234655377133208e+02 -3.551347293957486620e-114
4.674527163924827278e+02 -3.597591075367812470e-114
4.708945921527251244e+02 -3.643847853914318809e-114
4.743490928184401128e+02 -3.690113981371985738e-114
4.778162183896278634e+02 -3.736385772989143898e-114
4.812959688662886037e+02 -3.782659507674657233e-114
4.847883442484219358e+02 -3.828931428196975196e-114
4.882933445360280302e+02 -3.875197741395173387e-114
4.918109697291071143e+02 -3.921454618402130525e-114
4.953412198276587901e+02 -3.967698194879958572e-114
4.988840948316832282e+02 -4.013924571267828871e-114
5.024395947411806560e+02 -4.060129813042311843e-114
5.060077195561506755e+02 -4.106309950990355774e-114
5.095884692765936279e+02 -4.152460981495041728e-114
5.131818439025091720e+02 -4.198578866834207654e-114
5.167878434338975921e+02 -4.244659535492086658e-114
5.204064678707588882e+02 -4.290698882484056832e-114
5.240377172130928329e+02 -4.336692769694618039e-114
5.276815914608995399e+02 -4.382637026228715408e-114
5.313380906141791229e+02 -4.428527448776496086e-114
5.350072146729314682e+02 -4.474359801991615395e-114
5.386889636371564620e+02 -4.520129818883197686e-114
5.423833375068544456e+02 -4.565833201221526210e-114
5.460903362820250777e+02 -4.611465619957580287e-114
5.498099599626684721e+02 -4.657022715656490475e-114
5.535422085487848562e+02 -4.702500098945004053e-114
5.572870820403737753e+02 -4.747893350973045955e-114
5.610445804374354566e+02 -4.793198023889448713e-114
5.648147037399702413e+02 -4.838409641331917057e-114
5.685974519479774472e+02 -4.883523698931323108e-114
5.723928250614575290e+02 -4.928535664830361022e-114
5.762008230804106006e+02 -4.973440980216654118e-114
5.800214460048362071e+02 -5.018235059870354913e-114
5.838546938347346895e+02 -5.062913292726284922e-114
5.877005665701060479e+02 -5.107471042450680605e-114
5.915590642109499413e+02 -5.151903648032573578e-114
5.954301867572667106e+02 -5.196206424389840448e-114
5.993139342090564696e+02 -5.240374662989962652e-114
6.032103065663187635e+02 -5.284403632485520837e-114
6.071193038290539334e+02 -5.328288579364449014e-114
6.110409259972619793e+02 -5.372024728615052113e-114
6.149751730709426738e+02 -5.415607284405812879e-114
6.189220450500960169e+02 -5.459031430779987414e-114
6.228815419347224633e+02 -5.502292332364984303e-114
6.268536637248214447e+02 -5.545385135096537422e-114
6.308384104203933020e+02 -5.588304966957626984e-114
6.348357820214380354e+02 -5.631046938732174080e-114
6.388457785279554173e+02 -5.673606144773450274e-114
6.428683999399454478e+02 -5.715977663787177731e-114
6.469036462574085817e+02 -5.758156559629309788e-114
6.509515174803442505e+02 -5.800137882118394574e-114
6.550120136087527953e+02 -5.841916667862533235e-114
6.590851346426342161e+02 -5.883487941100828157e-114
6.631708805819881718e+02 -5.924846714559275764e-114
6.672692514268150035e+02 -5.965987990321043989e-114
6.713802471771148248e+02 -6.006906760711030588e-114
6.755038678328871811e+02 -6.047598009194641666e-114
6.796401133941322996e+02 -6.088056711290685130e-114
6.837889838608505215e+02 -6.128277835498281669e-114
6.879504792330411647e+02 -6.168256344237694465e-114
6.921245995107046838e+02 -6.207987194804950647e-114
6.963113446938411926e+02 -6.247465340340141270e-114
7.005107147824502363e+02 -6.286685730809277907e-114
7.047227097765322696e+02 -6.325643313999539929e-114
7.089473296760868379e+02 -6.364333036527812244e-114
7.131845744811142822e+02 -6.402749844862320148e-114
7.174344441916147161e+02 -6.440888686357222087e-114
7.216969388075876850e+02 -6.478744510299990097e-114
7.259720583290334162e+02 -6.516312268971396868e-114
7.302598027559521370e+02 -6.553586918717924039e-114
7.345601720883433927e+02 -6.590563421036404925e-114
7.388731663262075244e+02 -6.627236743670705452e-114
7.431987854695445321e+02 -6.663601861720204555e-114
7.475370295183541884e+02 -6.699653758759910286e-114
7.518878984726366070e+02 -6.735387427971920955e-114
7.562513923323920153e+02 -6.770797873288065378e-114
7.606275110976200722e+02 -6.805880110543404868e-114
7.650162547683207777e+02 -6.840629168640433932e-114
7.694176233444945865e+02 -6.875040090723623352e-114
7.738316168261409302e+02 -6.909107935364126750e-114
7.782582352132600363e+02 -6.942827777754318844e-114
7.826974785058521320e+02 -6.976194710911886937e-114
7.871493467039167626e+02 -7.009203846893207331e-114
7.916138398074542692e+02 -7.041850318015687823e-114
7.960909578164646518e+02 -7.074129278088754579e-114
8.005807007309476830e+02 -7.106035903653193416e-114
8.050830685509034765e+02 -7.137565395228492024e-114
8.095980612763322597e+02 -7.168712978567852788e-114
8.141256789072336915e+02 -7.199473905920558805e-114
8.186659214436077718e+02 -7.229843457301289159e-114
8.232187888854549556e+02 -7.259816941766068957e-114
8.277842812327746742e+02 -7.289389698694473272e-114
8.323623984855671551e+02 -7.318557099077675262e-114
8.369531406438326258e+02 -7.347314546812006676e-114
8.415565077075706313e+02 -7.375657479997592161e-114
8.461724996767815128e+02 -7.403581372241682300e-114
8.508011165514652703e+02 -7.431081733966249679e-114
8.554423583316216764e+02 -7.458154113719465698e-114
8.600962250172508448e+02 -7.484794099490584922e-114
8.647627166083530028e+02 -7.510997320027863338e-114
8.694418331049278095e+02 -7.536759446158995477e-114
8.741335745069752647e+02 -7.562076192113696766e-114
8.788379408144958234e+02 -7.586943316847913190e-114
8.835549320274889169e+02 -7.611356625369241338e-114
8.882845481459547727e+02 -7.635311970063039487e-114
8.930267891698936182e+02 -7.658805252018804126e-114
8.977816550993049987e+02 -7.681832422356291133e-114
9.025491459341891414e+02 -7.704389483550886774e-114
9.073292616745463874e+02 -7.726472490757763990e-114
9.121220023203761684e+02 -7.748077553134274312e-114
9.169273678716787117e+02 -7.769200835160110886e-114
9.217453583284542447e+02 -7.789838557954669861e-114
9.265759736907023125e+02 -7.809987000591142725e-114
9.314192139584232564e+02 -7.829642501406768303e-114
9.362750791316170762e+02 -7.848801459308723614e-114
9.411435692102835446e+02 -7.867460335075122686e-114
9.460246841944230027e+02 -7.885615652650556382e-114
9.509184240840349958e+02 -7.903264000435643767e-114
9.558247888791197511e+02 -7.920402032570009308e-114
9.607437785796776097e+02 -7.937026470208173762e-114
9.656753931857078896e+02 -7.953134102787725432e-114
9.706196326972110455e+02 -7.968721789289284162e-114
9.755764971141871911e+02 -7.983786459487603127e-114
9.805459864366358715e+02 -7.998325115193291926e-114
9.855281006645573143e+02 -8.012334831484557963e-114
9.905228397979518604e+02 -8.025812757928371744e-114
9.955302038368188278e+02 -8.038756119790502102e-114
1.000550192781158671e+03 -8.051162219233790914e-114
1.005582806630971504e+03 -8.063028436504109008e-114
1.010628045386256872e+03 -8.074352231103401770e-114
1.015685909047015002e+03 -8.085131142949185355e-114
1.020756397613246236e+03 -8.095362793519961156e-114
1.025839511084949663e+03 -8.105044886985899353e-114
1.030935249462126421e+03 -8.114175211324221680e-114
1.036043612744775373e+03 -8.122751639418670294e-114
1.041164600932897656e+03 -8.130772130142475567e-114
1.046298214026492815e+03 -8.138234729424218359e-114
1.051444452025560167e+03 -8.145137571295970730e-114
1.056603314930100851e+03 -8.151478878923172673e-114
1.061774802740114183e+03 -8.157256965615566809e-114
1.066958915455599936e+03 -8.162470235818676029e-114
1.072155653076559020e+03 -8.167117186085176320e-114
1.077365015602990752e+03 -8.171196406025599259e-114
1.082587003034894906e+03 -8.174706579237774138e-114
1.087821615372272163e+03 -8.177646484214416774e-114
1.093068852615122296e+03 -8.180014995228285074e-114
1.098328714763444623e+03 -8.181811083194334378e-114
1.103601201817240280e+03 -8.183033816508281105e-114
1.108886313776508814e+03 -8.183682361861017825e-114
1.114184050641249542e+03 -8.183755985028311371e-114
1.119494412411463600e+03 -8.183254051635222768e-114
1.124817399087150307e+03 -8.182176027894692152e-114
1.130153010668309435e+03 -8.180521481319751983e-114
1.135501247154941893e+03 -8.178290081408817473e-114
1.140862108547047001e+03 -8.175481600303514674e-114
1.146235594844624302e+03 -8.172095913418534079e-114
1.151621706047675161e+03 -8.168133000042971638e-114
1.157020442156198442e+03 -8.163592943912665230e-114
1.162431803170194371e+03 -8.158475933752995706e-114
1.167855789089663404e+03 -8.152782263791690852e-114
1.173292399914605312e+03 -8.146512334241110025e-114
1.178741635645019414e+03 -8.139666651749563688e-114
1.184203496280906620e+03 -8.132245829821181672e-114
1.189677981822266929e+03 -8.124250589203882937e-114
1.195165092269099432e+03 -8.115681758245003939e-114
1.200664827621405038e+03 -8.106540273214131173e-114
1.206177187879183521e+03 -8.096827178592746923e-114
1.211702173042434424e+03 -8.086543627330246777e-114
1.217239783111158431e+03 -8.075690881065949481e-114
1.222790018085355314e+03 -8.064270310316709623e-114
1.228352877965024391e+03 -8.052283394629742187e-114
1.233928362750166798e+03 -8.039731722700328596e-114
1.239516472440782081e+03 -8.026616992454039278e-114
1.245117207036869559e+03 -8.012941011093136598e-114
1.250730566538430367e+03 -7.998705695106862410e-114
1.256356550945463823e+03 -7.983913070245275550e-114
1.261995160257969701e+03 -7.968565271456394007e-114
1.267646394475948910e+03 -7.952664542786321503e-114
1.273310253599400767e+03 -7.936213237242142090e-114
1.278986737628324818e+03 -7.919213816617327406e-114
1.284675846562722199e+03 -7.901668851279425780e-114
1.290377580402592457e+03 -7.883581019919847065e-114
1.296091939147935136e+03 -7.864953109265523928e-114
1.301818922798750918e+03 -7.845788013752321203e-114
1.307558531355039349e+03 -7.826088735159988440e-114
1.313310764816800202e+03 -7.805858382208567652e-114
1.319075623184034384e+03 -7.785100170116103349e-114
1.324853106456741443e+03 -7.763817420117571166e-114
1.330643214634920469e+03 -7.742013558944952972e-114
1.336445947718573052e+03 -7.719692118268377654e-114
1.342261305707698284e+03 -7.696856734098303068e-114
1.348089288602296392e+03 -7.673511146148713172e-114
1.353929896402366694e+03 -7.649659197161318812e-114
1.359783129107910327e+03 -7.625304832190796784e-114
1.365648986718926608e+03 -7.600452097851094573e-114
1.371527469235415310e+03 -7.575105141522858487e-114
1.377418576657377344e+03 -7.549268210522068851e-114
1.383322308984812025e+03 -7.522945651229991905e-114
1.389238666217718901e+03 -7.496141908184540740e-114
1.395167648356099335e+03 -7.468861523133224157e-114
1.401109255399952417e+03 -7.441109134047816171e-114
1.407063487349277693e+03 -7.412889474100949581e-114
1.413030344204076300e+03 -7.384207370604826910e-114
1.419009825964347783e+03 -7.355067743912293984e-114
1.425001932630091460e+03 -7.325475606280495412e-114
1.431006664201308467e+03 -7.295436060697416386e-114
1.437024020677998124e+03 -7.264954299671580558e-114
1.443054002060160201e+03 -7.234035603985221402e-114
1.449096608347795609e+03 -7.202685341411267498e-114
1.455151839540903666e+03 -7.170908965394500987e-114
1.461219695639483916e+03 -7.138712013697244065e-114
1.467300176643537725e+03 -7.106100107010025087e-114
1.473393282553064182e+03 -7.073078947527577715e-114
1.479499013368062833e+03 -7.039654317490676606e-114
1.485617369088534815e+03 -7.005832077694238101e-114
1.491748349714479673e+03 -6.971618165962186526e-114
1.497891955245896725e+03 -6.937018595589583803e-114
1.504048185682787107e+03 -6.902039453752561942e-114
1.510217041025150138e+03 -6.866686899886599398e-114
1.516398521272985590e+03 -6.830967164033701037e-114
1.522592626426294146e+03 -6.794886545159103519e-114
1.528799356485075805e+03 -6.758451409438067253e-114
1.535018711449329430e+03 -6.721668188513434447e-114
1.541250691319056614e+03 -6.684543377724570690e-114
1.547495296094256446e+03 -6.647083534308373890e-114
1.553752525774928472e+03 -6.609295275573027170e-114
1.560022380361073829e+03 -6.571185277045222817e-114
1.566304859852692061e+03 -6.532760270591562749e-114
1.572599964249782261e+03 -6.494027042514894324e-114
1.578907693552346018e+03 -6.454992431626340341e-114
1.585228047760382651e+03 -6.415663327293800087e-114
1.591561026873891478e+03 -6.376046667467725716e-114
1.597906630892873409e+03 -6.336149436684981127e-114
1.604264859817328215e+03 -6.295978664051621513e-114
1.610635713647255443e+03 -6.255541421205442599e-114
1.617019192382655774e+03 -6.214844820259149266e-114
1.623415296023528981e+03 -6.173896011725035150e-114
1.629824024569874382e+03 -6.132702182422069077e-114
1.636245378021693114e+03 -6.091270553366274866e-114
1.642679356378984721e+03 -6.049608377645349419e-114
1.649125959641748523e+03 -6.007722938278445293e-114
1.655585187809985655e+03 -5.965621546062051151e-114
1.662057040883695663e+03 -5.923311537402957580e-114
1.668541518862877638e+03 -5.880800272139249610e-114
1.675038621747533170e+03 -5.838095131350331467e-114
1.681548349537661352e+03 -5.795203515156959515e-114
1.688070702233261727e+03 -5.752132840512301167e-114
1.694605679834335660e+03 -5.708890538985015931e-114
1.701153282340882242e+03 -5.665484054535393692e-114
1.707713509752901018e+03 -5.621920841285569453e-114
1.714286362070393125e+03 -5.578208361284854704e-114
1.720871839293358107e+03 -5.534354082271232770e-114
1.727469941421795284e+03 -5.490365475430054694e-114
1.734080668455705563e+03 -5.446250013151006104e-114
1.740704020395088946e+03 -5.402015166784396027e-114
1.747339997239944523e+03 -5.357668404397833060e-114
1.753988598990273204e+03 -5.313217188534355009e-114
1.760649825646074760e+03 -5.268668973973087505e-114
1.767323677207348737e+03 -5.224031205493496985e-114
1.774010153674095818e+03 -5.179311315644320030e-114
1.780709255046315775e+03 -5.134516722518230865e-114
1.787420981324007926e+03 -5.089654827533336925e-114
1.794145332507173407e+03 -5.044733013222565735e-114
1.800882308595811764e+03 -4.999758641032014274e-114
1.807631909589922316e+03 -4.954739049129340647e-114
1.814394135489506198e+03 -4.909681550223251913e-114
1.821168986294562728e+03 -4.864593429395163587e-114
1.827956462005091680e+03 -4.819481941944078163e-114
1.834756562621093735e+03 -4.774354311245747347e-114
1.841569288142568894e+03 -4.729217726627157423e-114
1.848394638569516019e+03 -4.684079341257380805e-114
1.855232613901936475e+03 -4.638946270055830299e-114
1.862083214139829806e+03 -4.593825587618938214e-114
1.868946439283195332e+03 -4.548724326166278106e-114
1.875822289332034416e+03 -4.503649473507139008e-114
1.882710764286345920e+03 -4.458607971028541817e-114
1.889611864146129847e+03 -4.413606711705693973e-114
1.896525588911387104e+03 -4.368652538135846865e-114
1.903451938582117236e+03 -4.323752240596523965e-114
1.910390913158319336e+03 -4.278912555129062474e-114
1.917342512639994993e+03 -4.234140161648410527e-114
1.924306737027143299e+03 -4.189441682080096047e-114
1.931283586319763799e+03 -4.144823678525271070e-114
1.938273060517857857e+03 -4.100292651454718039e-114
1.945275159621424564e+03 -4.055855037932706038e-114
1.952289883630463237e+03 -4.011517209871525761e-114
1.959317232544975695e+03 -3.967285472317571688e-114
1.966357206364960575e+03 -3.923166061769762772e-114
1.973409805090417876e+03 -3.879165144531121062e-114
1.980475028721348508e+03 -3.835288815094280076e-114
1.987552877257752016e+03 -3.791543094561685375e-114
1.994643350699627490e+03 -3.747933929101224521e-114
2.001746449046976522e+03 -3.704467188438010646e-114
2.008862172299798203e+03 -3.661148664383009208e-114
2.015990520458092760e+03 -3.617984069399184540e-114
2.023131493521859284e+03 -3.574979035205817563e-114
2.030285091491099593e+03 -3.532139111421622914e-114
2.037451314365812323e+03 -3.489469764247266375e-114
2.044630162145997474e+03 -3.446976375187863266e-114
2.051821634831655501e+03 -3.404664239816017540e-114
2.059025732422786859e+03 -3.362538566575916625e-114
2.066242454919390184e+03 -3.320604475629002795e-114
2.073471802321466839e+03 -3.278866997741692828e-114
2.080713774629016370e+03 -3.237331073215585593e-114
2.087968371842038323e+03 -3.196001550860604430e-114
2.095235593960533151e+03 -3.154883187011451581e-114
2.102515440984501311e+03 -3.113980644587760934e-114
2.109807912913941436e+03 -3.073298492198279452e-114
2.117113009748854893e+03 -3.032841203289402606e-114
2.124430731489240770e+03 -2.992613155338344771e-114
2.131761078135099524e+03 -2.952618629091205696e-114
2.139104049686431154e+03 -2.912861807846166046e-114
2.146459646143235659e+03 -2.873346776782008933e-114
2.153827867505512586e+03 -2.834077522332147048e-114
2.161208713773262843e+03 -2.795057931604293529e-114
2.168602184946485522e+03 -2.756291791845899548e-114
2.176008281025180622e+03 -2.717782789955438686e-114
2.183427002009349053e+03 -2.679534512039601575e-114
2.190858347898990360e+03 -2.641550443016426411e-114
2.198302318694103633e+03 -2.603833966264364977e-114
2.205758914394690692e+03 -2.566388363317261457e-114
2.213228135000750171e+03 -2.529216813605174431e-114
2.220709980512282073e+03 -2.492322394240969916e-114
2.228204450929287304e+03 -2.455708079852557790e-114
2.235711546251765412e+03 -2.419376742460635608e-114
2.243231266479715487e+03 -2.383331151401764909e-114
2.250763611613138892e+03 -2.347573973296580916e-114
2.258308581652035173e+03 -2.312107772062903727e-114
2.265866176596403420e+03 -2.276935008973503577e-114
2.273436396446245453e+03 -2.242058042758224439e-114
2.281019241201559907e+03 -2.207479129750167320e-114
2.288614710862346783e+03 -2.173200424075589905e-114
2.296222805428606989e+03 -2.139223977887154688e-114
2.303843524900340071e+03 -2.105551741640145781e-114
2.311476869277545120e+03 -2.072185564411227770e-114
2.319122838560223954e+03 -2.039127194259310188e-114
2.326781432748375209e+03 -2.006378278628050201e-114
2.334452651841998431e+03 -1.973940364789501923e-114
2.342136495841095439e+03 -1.941814900328395880e-114
2.349832964745665322e+03 -1.910003233666511243e-114
2.357542058555707172e+03 -1.878506614626574949e-114
2.365263777271222352e+03 -1.847326195035108118e-114
2.372998120892210409e+03 -1.816463029363607375e-114
2.380745089418670432e+03 -1.785918075407432415e-114
2.388504682850603785e+03 -1.755692195001754974e-114
2.396276901188010470e+03 -1.725786154773893305e-114
2.404061744430888666e+03 -1.696200626931341487e-114
2.411859212579240648e+03 -1.666936190084791376e-114
2.419669305633065505e+03 -1.637993330105408533e-114
2.427492023592362330e+03 -1.609372441015625857e-114
2.435327366457132484e+03 -1.581073825912683809e-114
2.443175334227375515e+03 -1.553097697924142536e-114
2.451035926903090967e+03 -1.525444181194565931e-114
2.458909144484279295e+03 -1.498113311902569939e-114
2.466794986970940954e+03 -1.471105039307406103e-114
2.474693454363074125e+03 -1.444419226824243095e-114
2.482604546660681535e+03 -1.418055653127291442e-114
2.490528263863760912e+03 -1.392014013279909108e-114
2.498464605972312711e+03 -1.366293919890807193e-114
2.506413572986338295e+03 -1.340894904295473203e-114
2.514375164905836300e+03 -1.315816417761908795e-114
2.522349381730806726e+03 -1.291057832719780155e-114
2.530336223461250029e+03 -1.266618444012060771e-114
2.538335690097166662e+03 -1.242497470168247290e-114
2.546347781638555261e+03 -1.218694054698214135e-114
2.554372498085417192e+03 -1.195207267405774588e-114
2.562409839437751998e+03 -1.172036105721000145e-114
2.570459805695558771e+03 -1.149179496050359340e-114
2.578522396858839329e+03 -1.126636295143717214e-114
2.586597612927592309e+03 -1.104405291477247066e-114
2.594685453901817255e+03 -1.082485206651295660e-114
2.602785919781515986e+03 -1.060874696802245956e-114
2.610899010566687593e+03 -1.039572354027415828e-114
2.619024726257331167e+03 -1.018576707822038105e-114
2.627163066853448072e+03 -9.978862265273605705e-115
2.635314032355037853e+03 -9.774993187889114487e-115
2.643477622762100054e+03 -9.574143350239758568e-115
2.651653838074635132e+03 -9.376295688973318130e-115
2.659842678292643541e+03 -9.181432588042992297e-115
2.668044143416123461e+03 -8.989535893601560563e-115
2.676258233445077622e+03 -8.800586928949901569e-115
2.684484948379503749e+03 -8.614566509530464957e-115
2.692724288219402297e+03 -8.431454957956517396e-115
2.700976252964774631e+03 -8.251232119067944250e-115
2.709240842615619385e+03 -8.073877375004512758e-115
2.717518057171936107e+03 -7.899369660287589151e-115
2.725807896633726614e+03 -7.727687476901385111e-115
2.734110361000989997e+03 -7.558808909364903623e-115
2.742425450273725346e+03 -7.392711639785884132e-115
2.750753164451934026e+03 -7.229372962888119922e-115
2.759093503535615582e+03 -7.068769801003681172e-115
2.767446467524769105e+03 -6.910878719021653741e-115
2.775812056419395958e+03 -6.755675939285186799e-115
2.784190270219496142e+03 -6.603137356428712741e-115
2.792581108925067838e+03 -6.453238552147408400e-115
2.800984572536113319e+03 -6.305954809891056737e-115
2.809400661052631676e+03 -6.161261129474644917e-115
2.817829374474622455e+03 -6.019132241598192469e-115
2.826270712802085654e+03 -5.879542622268435767e-115
2.834724676035022185e+03 -5.742466507115192537e-115
2.843191264173431591e+03 -5.607877905595362640e-115
2.851670477217312964e+03 -5.475750615077727848e-115
2.860162315166668122e+03 -5.346058234801841393e-115
2.868666778021495702e+03 -5.218774179704541478e-115
2.877183865781795248e+03 -5.093871694107725767e-115
2.885713578447568580e+03 -4.971323865261284421e-115
2.894255916018814787e+03 -4.851103636735223606e-115
2.902810878495532506e+03 -4.733183821655212480e-115
2.911378465877724466e+03 -4.617537115776018361e-115
2.919958678165388847e+03 -4.504136110387412929e-115
2.928551515358525194e+03 -4.392953305047419927e-115
2.937156977457134872e+03 -4.283961120137892032e-115
2.945775064461217880e+03 -4.177131909237659773e-115
2.954405776370772401e+03 -4.072437971308674743e-115
2.963049113185800707e+03 -3.969851562690775002e-115
2.971705074906301888e+03 -3.869344908900903826e-115
2.980373661532275037e+03 -3.770890216232822188e-115
2.989054873063721516e+03 -3.674459683153556847e-115
2.997748709500640871e+03 -3.580025511493034237e-115
3.006455170843032647e+03 -3.487559917423550917e-115
3.015174257090897299e+03 -3.397035142225948255e-115
3.023905968244235282e+03 -3.308423462839546958e-115
3.032650304303045232e+03 -3.221697202193124759e-115
3.041407265267328512e+03 -3.136828739314402257e-115
3.050176851137084668e+03 -3.053790519215723691e-115
3.058959061912312336e+03 -2.972555062553811063e-115
3.067753897593014244e+03 -2.893094975061676473e-115
3.076561358179188574e+03 -2.815382956750974573e-115
3.085381443670835324e+03 -2.739391810883279887e-115
3.094214154067954951e+03 -2.665094452708967175e-115
3.103059489370547908e+03 -2.592463917972562362e-115
3.111917449578612832e+03 -2.521473371183643882e-115
3.120788034692151086e+03 -2.452096113652535689e-115
3.129671244711162217e+03 -2.384305591290247357e-115
3.138567079635645314e+03 -2.318075402172288845e-115
3.147475539465602196e+03 -2.253379303866173771e-115
3.156396624201031500e+03 -2.190191220522599006e-115
3.165330333841933225e+03 -2.128485249730484072e-115
3.174276668388308281e+03 -2.068235669136198557e-115
3.183235627840155757e+03 -2.009416942827504789e-115
3.192207212197475656e+03 -1.952003727482894486e-115
3.201191421460269339e+03 -1.895970878287161536e-115
3.210188255628535444e+03 -1.841293454614223700e-115
3.219197714702273515e+03 -1.787946725478352757e-115
3.228219798681485372e+03 -1.735906174755128843e-115
3.237254507566169650e+03 -1.685147506173585986e-115
3.246301841356326349e+03 -1.635646648081155806e-115
3.255361800051956379e+03 -1.587379757983162216e-115
3.264434383653059285e+03 -1.540323226858753831e-115
3.273519592159634158e+03 -1.494453683255294261e-115
3.282617425571682361e+03 -1.449747997163358254e-115
3.291727883889203440e+03 -1.406183283674605198e-115
3.300850967112196940e+03 -1.363736906424926130e-115
3.309986675240663772e+03 -1.322386480825365467e-115
3.319135008274603024e+03 -1.282109877083441263e-115
3.328295966214014697e+03 -1.242885223017584310e-115
3.337469549058899702e+03 -1.204690906667524806e-115
3.346655756809257582e+03 -1.167505578703549759e-115
3.355854589465087429e+03 -1.131308154637645612e-115
3.365066047026391061e+03 -1.096077816839633175e-115
3.374290129493167115e+03 -1.061794016361482032e-115
3.383526836865415589e+03 -1.028436474573068400e-115
3.392776169143137395e+03 -9.959851846127241950e-116
3.402038126326331621e+03 -9.644204126559827553e-116
3.411312708414998269e+03 -9.337226990060013927e-116
3.420599915409138248e+03 -9.038728590091970769e-116
3.429899747308751557e+03 -8.748519837996905007e-116
3.439212204113836378e+03 -8.466414408762029168e-116
3.448537285824394985e+03 -8.192228745151004014e-116
3.457874992440426013e+03 -7.925782060233213404e-116
3.467225323961929462e+03 -7.666896338349637319e-116
3.476588280388906242e+03 -7.415396334553391066e-116
3.485963861721355897e+03 -7.171109572563375098e-116
3.495352067959277065e+03 -6.933866341269642201e-116
3.504752899102672473e+03 -6.703499689829415632e-116
3.514166355151540301e+03 -6.479845421392767335e-116
3.523592436105880097e+03 -6.262742085497186234e-116
3.533031141965693678e+03 -6.052030969170317346e-116
3.542482472730980135e+03 -5.847556086780223444e-116
3.551946428401738558e+03 -5.649164168672564987e-116
3.561423008977970312e+03 -5.456704648634047768e-116
3.570912214459674942e+03 -5.270029650221463003e-116
3.580414044846851539e+03 -5.088993971995546473e-116
3.589928500139501466e+03 -4.913455071698771781e-116
3.599455580337624724e+03 -4.743273049416036687e-116
3.608995285441219494e+03 -4.578310629757006468e-116
3.618547615450288049e+03 -4.418433143098686702e-116
3.628112570364829480e+03 -4.263508505926522249e-116
3.637690150184842878e+03 -4.113407200312057766e-116
3.647280354910329606e+03 -3.968002252564890755e-116
3.656883184541289211e+03 -3.827169211096302705e-116
3.666498639077720782e+03 -3.690786123531609579e-116
3.676126718519626138e+03 -3.558733513107872758e-116
3.685767422867004370e+03 -3.430894354393212607e-116
3.695420752119854114e+03 -3.307154048363527803e-116
3.705086706278177644e+03 -3.187400396871968801e-116
3.714765285341974050e+03 -3.071523576546032564e-116
3.724456489311242422e+03 -2.959416112146663843e-116
3.734160318185984124e+03 -2.850972849423198862e-116
3.743876771966199158e+03 -2.746090927497495275e-116
3.753605850651886612e+03 -2.644669750809997752e-116
3.763347554243046034e+03 -2.546610960659946984e-116
3.773101882739678786e+03 -2.451818406371347892e-116
3.782868836141784868e+03 -2.360198116115711558e-116
3.792648414449362463e+03 -2.271658267421977025e-116
3.802440617662413842e+03 -2.186109157403398690e-116
3.812245445780938098e+03 -2.103463172730543122e-116
3.822062898804934321e+03 -2.023634759378902647e-116
3.831892976734403874e+03 -1.946540392178976211e-116
3.841735679569346757e+03 -1.872098544196001118e-116
3.851591007309761153e+03 -1.800229655965862975e-116
3.861458959955648879e+03 -1.730856104613018893e-116
3.871339537507009936e+03 -1.663902172875606538e-116
3.881232739963842505e+03 -1.599294018062209198e-116
3.891138567326149314e+03 -1.536959640964072168e-116
3.901057019593928544e+03 -1.476828854745865885e-116
3.910988096767179286e+03 -1.418833253837400018e-116
3.920931798845904268e+03 -1.362906182848001309e-116
3.930888125830101671e+03 -1.308982705524567999e-116
3.940857077719771041e+03 -1.256999573773623254e-116
3.950838654514914197e+03 -1.206895196766996943e-116
3.960832856215530228e+03 -1.158609610150071590e-116
3.970839682821618226e+03 -1.112084445370841910e-116
3.980859134333179554e+03 -1.067262899147354209e-116
3.990891210750213759e+03 -1.024089703090405802e-116
4.000935912072719930e+03 -9.825110934977161337e-117
4.010993238300699886e+03 -9.424747813351020594e-117
4.021063189434152264e+03 -9.039299224195326786e-117
4.031145765473076608e+03 -8.668270878182745551e-117
4.041240966417475192e+03 -8.311182344776915015e-117
4.051348792267345743e+03 -7.967566760946156012e-117
4.061469243022688715e+03 -7.636970542425721661e-117
4.071602318683505018e+03 -7.318953097645145314e-117
4.081748019249794652e+03 -7.013086544431039970e-117
4.091906344721555797e+03 -6.718955429589628719e-117
4.102077295098791183e+03 -6.436156451467299638e-117
4.112260870381499444e+03 -6.164298185581550128e-117
4.122457070569679672e+03 -5.903000813408939765e-117
4.132665895663330957e+03 -5.651895854410972634e-117
4.142887345662456937e+03 -5.410625901373247633e-117
4.153121420567055793e+03 -5.178844359127782700e-117
4.163368120377126615e+03 -4.956215186723063940e-117
4.173627445092671223e+03 -4.742412643101149466e-117
4.183899394713688707e+03 -4.537121036336061960e-117
4.194183969240176339e+03 -4.340034476482715304e-117
4.204481168672139574e+03 -4.150856632080772760e-117
4.214790993009574777e+03 -3.969300490353090654e-117
4.225113442252482855e+03 -3.795088121133819933e-117
4.235448516400863809e+03 -3.627950444556717022e-117
4.245796215454717640e+03 -3.467627002529918431e-117
4.256156539414044346e+03 -3.313865734019168289e-117
4.266529488278842109e+03 -3.166422754157412581e-117
4.276915062049113658e+03 -3.025062137194715701e-117
4.287313260724858992e+03 -2.889555703298607760e-117
4.297724084306076293e+03 -2.759682809211268642e-117
4.308147532792766469e+03 -2.635230142766391147e-117
4.318583606184930431e+03 -2.515991521265092774e-117
4.329032304482564541e+03 -2.401767693706948272e-117
4.339493627685673346e+03 -2.292366146869010379e-117
4.349967575794255026e+03 -2.187600915222614495e-117
4.360454148808308673e+03 -2.087292394674835142e-117
4.370953346727836106e+03 -1.991267160118624999e-117
4.381465169552836414e+03 -1.899357786772990855e-117
4.391989617283306870e+03 -1.811402675291966452e-117
4.402526689919252931e+03 -1.727245880618706287e-117
4.413076387460670958e+03 -1.646736944558673806e-117
4.423638709907561861e+03 -1.569730732043685195e-117
4.434213657259925640e+03 -1.496087271056460737e-117
4.444801229517762295e+03 -1.425671596183346451e-117
4.455401426681070006e+03 -1.358353595760983859e-117
4.466014248749852413e+03 -1.294007862580936928e-117
4.476639695724106787e+03 -1.232513548114614001e-117
4.487277767603834945e+03 -1.173754220219267179e-117
4.497928464389035071e+03 -1.117617724284387274e-117
4.508591786079708982e+03 -1.063996047776458422e-117
4.519267732675853040e+03 -1.012785188138770206e-117
4.529956304177471793e+03 -9.638850240018253529e-118
4.540657500584563422e+03 -9.171991896588013265e-118
4.551371321897127928e+03 -8.726349527595510212e-118
4.562097768115165309e+03 -8.301030951757232533e-118
4.572836839238675566e+03 -7.895177969887876846e-118
4.583588535267655971e+03 -7.507965235520103938e-118
4.594352856202111980e+03 -7.138599155767946261e-118
4.605129802042039955e+03 -6.786316821932260046e-118
4.615919372787440807e+03 -6.450384969341751687e-118
4.626721568438314534e+03 -6.130098965918915935e-118
4.637536388994662047e+03 -5.824781828956774344e-118
4.648363834456478799e+03 -5.533783269589482157e-118
4.659203904823771154e+03 -5.256478764437772604e-118
4.670056600096536386e+03 -4.992268653908680774e-118
4.680921920274774493e+03 -4.740577266628109560e-118
4.691799865358484567e+03 -4.500852069484471764e-118
4.702690435347668426e+03 -4.272562842761905712e-118
4.713593630242322433e+03 -4.055200879842303996e-118
4.724509450042451135e+03 -3.848278210956729438e-118
4.735437894748053623e+03 -3.651326850468513760e-118
4.746378964359128076e+03 -3.463898067172603125e-118
4.757332658875675406e+03 -3.285561677098380093e-118
4.768298978297694703e+03 -3.115905358306278610e-118
4.779277922625185965e+03 -2.954533987172003944e-118
4.790269491858151923e+03 -2.801068995656029224e-118
4.801273685996589847e+03 -2.655147749060261503e-118
4.812290505040501557e+03 -2.516422943778307605e-118
4.823319948989885233e+03 -2.384562024550640198e-118
4.834362017844741786e+03 -2.259246620741113419e-118
4.845416711605069395e+03 -2.140172001156700079e-118
4.856484030270871699e+03 -2.027046546938006722e-118
4.867563973842146879e+03 -1.919591242054029364e-118
4.878656542318894935e+03 -1.817539180940759912e-118
4.889761735701115867e+03 -1.720635092829562684e-118
4.900879553988808766e+03 -1.628634882317784250e-118
4.912009997181973631e+03 -1.541305185740719074e-118
4.923153065280612282e+03 -1.458422942910903202e-118
4.934308758284723808e+03 -1.379774983797671253e-118
4.945477076194308211e+03 -1.305157629727008562e-118
4.956658019009365489e+03 -1.234376308688920016e-118
4.967851586729895644e+03 -1.167245184346842203e-118
4.979057779355896855e+03 -1.103586798350980950e-118
4.990276596887372762e+03 -1.043231725564906904e-118
5.001508039324321544e+03 -9.860182418222267056e-119
5.012752106666742293e+03 -9.317920038376875791e-119
5.024008798914636827e+03 -8.804057409046362209e-119
5.035278116068003328e+03 -8.317189580183446376e-119
5.046560058126840886e+03 -7.855976500723121096e-119
5.057854625091153139e+03 -7.419140267822530346e-119
5.069161816960938268e+03 -7.005462480000695477e-119
5.080481633736196272e+03 -6.613781690876841834e-119
5.091814075416927153e+03 -6.242990960281513089e-119
5.103159142003130910e+03 -5.892035499589846436e-119
5.114516833494804814e+03 -5.559910408201047049e-119
5.125887149891954323e+03 -5.245658498162389051e-119
5.137270091194575798e+03 -4.948368204009725632e-119
5.148665657402670149e+03 -4.667171574969556414e-119
5.160073848516238286e+03 -4.401242346740120626e-119
5.171494664535278389e+03 -4.149794090140623648e-119
5.182928105459788640e+03 -3.912078433988601656e-119
5.194374171289774495e+03 -3.687383359635489744e-119
5.205832862025233226e+03 -3.475031564659630222e-119
5.217304177666164833e+03 -3.274378893284245319e-119
5.228788118212568406e+03 -3.084812831155208609e-119
5.240284683664445765e+03 -2.905751062179790470e-119
5.251793874021793272e+03 -2.736640085192881294e-119
5.263315689284615473e+03 -2.576953888281467890e-119
5.274850129452910551e+03 -2.426192678661355041e-119
5.286397194526679414e+03 -2.283881666062251579e-119
5.297956884505920243e+03 -2.149569897638340093e-119
5.309529199390633039e+03 -2.022829142481352943e-119
5.321114139180817801e+03 -1.903252823871911853e-119
5.332711703876477259e+03 -1.790454997462485454e-119
5.344321893477608683e+03 -1.684069373641753420e-119
5.355944707984212982e+03 -1.583748382385421536e-119
5.367580147396291068e+03 -1.489162278952624942e-119
5.379228211713841119e+03 -1.399998288839955449e-119
5.390888900936864047e+03 -1.315959790456881901e-119
5.402562215065358032e+03 -1.236765534036875815e-119
5.414248154099326712e+03 -1.162148895347915143e-119
5.425946718038768267e+03 -1.091857162814239516e-119
5.437657906883681790e+03 -1.025650856708243354e-119
5.449381720634069097e+03 -9.633030791172494988e-120
5.461118159289929281e+03 -9.045988934346079694e-120
5.472867222851259612e+03 -8.493347321681099655e-120
5.484628911318064638e+03 -7.973178319011239898e-120
5.496403224690342540e+03 -7.483656942831428504e-120
5.508190162968093318e+03 -7.023055719666036033e-120
5.519989726151316972e+03 -6.589739784459075563e-120
5.531801914240013502e+03 -6.182162207925498825e-120
5.543626727234181089e+03 -5.798859543171757538e-120
5.555464165133822462e+03 -5.438447582252267177e-120
5.567314227938937620e+03 -5.099617313676492397e-120
5.579176915649524744e+03 -4.781131072219205550e-120
5.591052228265585654e+03 -4.481818872714175117e-120
5.602940165787118531e+03 -4.200574919829422998e-120
5.614840728214122464e+03 -3.936354286130259963e-120
5.626753915546601093e+03 -3.688169751034934688e-120
5.638679727784552597e+03 -3.455088793556943101e-120
5.650618164927976977e+03 -3.236230732008142698e-120
5.662569226976873324e+03 -3.030764004107939875e-120
5.674532913931243456e+03 -2.837903581206192925e-120
5.686509225791083736e+03 -2.656908510581273442e-120
5.698498162556399620e+03 -2.487079580020175685e-120
5.710499724227187471e+03 -2.327757099124850304e-120
5.722513910803448198e+03 -2.178318792018257210e-120
5.734540722285181801e+03 -2.038177796345213163e-120
5.746580158672388279e+03 -1.906780763677115898e-120
5.758632219965065815e+03 -1.783606056636302044e-120
5.770696906163218046e+03 -1.668162038255308074e-120
5.782774217266842243e+03 -1.559985449278881297e-120
5.794864153275940225e+03 -1.458639869302409552e-120
5.806966714190510174e+03 -1.363714257819730129e-120
5.819081900010553909e+03 -1.274821571426205525e-120
5.831209710736067791e+03 -1.191597453589754606e-120
5.843350146367056368e+03 -1.113698993563365136e-120
5.855503206903517821e+03 -1.040803551167699512e-120
5.867668892345452150e+03 -9.726076443219384711e-121
5.879847202692859355e+03 -9.088258963451662872e-121
5.892038137945739436e+03 -8.491900401895874328e-121
5.904241698104089664e+03 -7.934479769008680882e-121
5.916457883167914588e+03 -7.413628857301008842e-121
5.928686693137213297e+03 -6.927123834464856076e-121
5.940928128011983972e+03 -6.472877305199957077e-121
5.953182187792227523e+03 -6.048930819592291005e-121
5.965448872477944860e+03 -5.653447807015226700e-121
5.977728182069131435e+03 -5.284706915604133691e-121
5.990020116565793614e+03 -4.941095738398387539e-121
6.002324675967928670e+03 -4.621104908252682815e-121
6.014641860275536601e+03 -4.323322544594214123e-121
6.026971669488616499e+03 -4.046429036045353260e-121
6.039314103607170182e+03 -3.789192143844797584e-121
6.051669162631194013e+03 -3.550462411885483101e-121
6.064036846560692538e+03 -3.329168870046676517e-121
6.076417155395663940e+03 -3.124315018332377097e-121
6.088810089136108218e+03 -2.934975080140207046e-121
6.101215647782025371e+03 -2.760290513776210628e-121
6.113633831333415401e+03 -2.599466772103183354e-121
6.126064639790276487e+03 -2.451770300965145044e-121
6.138508073152611360e+03 -2.316525767770222739e-121
6.150964131420420017e+03 -2.193113512340347126e-121
6.163432814593700641e+03 -2.080967212850719003e-121
6.175914122672455051e+03 -1.979571760386881846e-121
6.188408055656681427e+03 -1.888461336344389358e-121
6.200914613546378860e+03 -1.807217687587506042e-121
6.213433796341550988e+03 -1.735468594971169835e-121
6.225965604042195991e+03 -1.672886531516660636e-121
6.238510036648313871e+03 -1.619187507218242204e-121
6.251067094159903718e+03 -1.574130098147686133e-121
6.263636776576967350e+03 -1.537514658218336897e-121
6.276219083899501129e+03 -1.509182712672636213e-121
6.288814016127509603e+03 -1.489016533069217854e-121
6.301421573260991863e+03 -1.476938894270402307e-121
6.314041755299946090e+03 -1.472913014670796981e-121
