0.000000000000000000e+00 5.629113401261944937e-04
7.901471645829974758e-03 5.627711991517124783e-04
2.842784876444096748e-02 5.624071373649802957e-04
6.157913135583295561e-02 5.618191609115977085e-04
1.073553194200059790e-01 5.610073017952313607e-04
1.657564129569600309e-01 5.599715913164187179e-04
2.367824119666950278e-01 5.587120221500919276e-04
3.204333164492110808e-01 5.572285550244088096e-04
4.167091264045081345e-01 5.555211643737685123e-04
5.256098418325862998e-01 5.535898610971844982e-04
6.471354627334453546e-01 5.514346677599653301e-04
7.812859891070854657e-01 5.490555904105634370e-04
9.280614209535064107e-01 5.464526230807821789e-04
1.087461758272708856e+00 5.436257638578065971e-04
1.259487001064691691e+00 5.405750159149411930e-04
1.444137149329456138e+00 5.373003819679074942e-04
1.641412203067001085e+00 5.338018640443818134e-04
1.851312162277326978e+00 5.300794647306021233e-04
2.073837026960434482e+00 5.261331870844458344e-04
2.308986797116322265e+00 5.219630345506158032e-04
2.556761472744991881e+00 5.175690110412865417e-04
2.817161053846441554e+00 5.129511209958572023e-04
3.090185540420673505e+00 5.081093694502815351e-04
3.375834932467685068e+00 5.030437621227608434e-04
3.674109229987478020e+00 4.977543055153666861e-04
3.985008432980052806e+00 4.922410070332279824e-04
4.308532541445408093e+00 4.865038751230175637e-04
4.644681555383542992e+00 4.805429194314622611e-04
4.993455474794460613e+00 4.743581509852615391e-04
5.354854299678160068e+00 4.679495823950979155e-04
5.728878030034639579e+00 4.613172280879771501e-04
6.115526665863898259e+00 4.544611045762047088e-04
6.514800207165940549e+00 4.473812307725665341e-04
6.926698653940762895e+00 4.400776283627202360e-04
7.351222006188364411e+00 4.325503222457725166e-04
7.788370263908749536e+00 4.247993410549242752e-04
8.238143427101915606e+00 4.168247177737526444e-04
8.700541495767863509e+00 4.086264904681278501e-04
9.175564469906587917e+00 4.002047031596780318e-04
9.663212349518097710e+00 3.915594068726739358e-04
1.016348513460238756e+01 3.826906608950146962e-04
1.067638282515945569e+01 3.735985343047081128e-04
1.120190542118930921e+01 3.642831078277610651e-04
1.174005292269194101e+01 3.547444761128009218e-04
1.229082532966735641e+01 3.449827505326730909e-04
1.285422264211554833e+01 3.349980626569629312e-04
1.343024486003652385e+01 3.247905685846191512e-04
1.401889198343028120e+01 3.143604543905663710e-04
1.462016401229681684e+01 3.037079430304308282e-04
1.523406094663613608e+01 2.928333031705804301e-04
1.586058278644823716e+01 2.817368605836453486e-04
1.649972953173311652e+01 2.704190130038265725e-04
1.715150118249077948e+01 2.588802497068907050e-04
1.781589773872122251e+01 2.471211776297406633e-04
1.849291920042444204e+01 2.351425566745960470e-04
1.918256556760045228e+01 2.229453481215395170e-04
1.988483684024923548e+01 2.105307820832067953e-04
2.059973301837079873e+01 1.979004531663974050e-04
2.132725410196514915e+01 1.850564588245864634e-04
2.206740009103227607e+01 1.720016038925151723e-04
2.282017098557219015e+01 1.587397105221216879e-04
2.358556678558488073e+01 1.452761011216789383e-04
2.436358749107034782e+01 1.316183750895966295e-04
2.515423310202860563e+01 1.177777040842747095e-04
2.595750361845963639e+01 1.037710833737922245e-04
2.677339904036344720e+01 8.962543526481992449e-05
2.760191936774004873e+01 7.538550344587737775e-05
2.844306460058942321e+01 6.112997861611169353e-05
2.929683473891157774e+01 4.700652750265272748e-05
3.016322978270652300e+01 3.331153281014841849e-05
3.104224973197423765e+01 2.066702923807923659e-05
3.193389458671474657e+01 1.029765037792911932e-05
3.283816434692801778e+01 3.765993765451705480e-06
3.375505901261407615e+01 1.042267590374883357e-06
3.468457858377293235e+01 2.502999549670752538e-07
3.562672306040455084e+01 5.691570061610401416e-08
3.658149244250895293e+01 1.260764646397391291e-08
3.754888673008614575e+01 2.740350921047170864e-09
3.852890592313610796e+01 5.854740875555576953e-10
3.952155002165885378e+01 1.230097408057804699e-10
4.052681902565439032e+01 2.542004947002866856e-11
4.154471293512269625e+01 5.167316211487907840e-12
4.257523175006378580e+01 1.033346401140800988e-12
4.361837547047766606e+01 2.033097014857965409e-13
4.467414409636431571e+01 3.935864613899231204e-14
4.574253762772375609e+01 7.497741251594990766e-15
4.682355606455597297e+01 1.405617582889983242e-15
4.791719940686096635e+01 2.593512532667178114e-16
4.902346765463875045e+01 4.710117872804412838e-17
5.014236080788930394e+01 8.420445767910136882e-18
5.127387886661264105e+01 1.481957358901601589e-18
5.241802183080876887e+01 2.567857303382273019e-19
5.357478970047766609e+01 4.381044399775885183e-20
5.474418247561934692e+01 7.360254715057895877e-21
5.592620015623381846e+01 1.217735813277958821e-21
5.712084274232105940e+01 1.984242609737931174e-22
5.832811023388107685e+01 3.184594365797265433e-23
5.954800263091389212e+01 5.034624858744215880e-24
6.078051993341947679e+01 7.840965048909326992e-25
6.202566214139785217e+01 1.203086559616499676e-25
6.328342925484899695e+01 1.818798181113563755e-26
6.455382127377293955e+01 2.709365066707802317e-27
6.583683819816963023e+01 3.977230830933973495e-28
6.713248002803914005e+01 5.753855765884828257e-29
6.844074676338142638e+01 8.204204341240567849e-30
6.976163840419646078e+01 1.153048253172448425e-30
7.109515495048430012e+01 1.597445216716907171e-31
7.244129640224493016e+01 2.181753459364040256e-32
7.380006275947830829e+01 2.937785494752273895e-33
7.517145402218449135e+01 3.900340011777801456e-34
7.655547019036346512e+01 5.106059456049061006e-35
7.795211126401518698e+01 6.591785754458178069e-36
7.936137724313971376e+01 8.392409896500015195e-37
8.078326812773703125e+01 1.053826261077137009e-37
8.221778391780709683e+01 1.305215366297282507e-38
8.366492461334996733e+01 1.594623073983195832e-39
8.512469021436562855e+01 1.921888797802384487e-40
8.659708072085406627e+01 2.285200030608395597e-41
8.808209613281525208e+01 2.680878419598068835e-42
8.957973645024924281e+01 3.103258076294461204e-43
9.109000167315602425e+01 3.544681867422649349e-44
9.261289180153555378e+01 3.995634116194933785e-45
9.414840683538790245e+01 4.445017733602802880e-46
9.569654677471302762e+01 4.880571143780531177e-47
9.725731161951090087e+01 5.289406723751622890e-48
9.883070136978157905e+01 5.658639374424321082e-49
1.004167160255250479e+02 5.976062882576803990e-50
1.020153555867412649e+02 6.230824380928414909e-51
1.036266200534302868e+02 6.414044556448934671e-52
1.052505094255920994e+02 6.519333844394082046e-53
1.068870237032266601e+02 6.543162580760223814e-54
1.085361628863340400e+02 6.485055219771181690e-55
1.101979269749141821e+02 6.347593944674400830e-56
1.118723159689670865e+02 6.136233610293543729e-57
1.135593298684927959e+02 5.858946101803116032e-58
1.152589686734912959e+02 5.525726117482956143e-59
1.169712323839625441e+02 5.148000654655667112e-60
1.186961209999065971e+02 4.737990169029245851e-61
1.204336345213234409e+02 4.308070157555841147e-62
1.221837729482130186e+02 3.870178052916854548e-63
1.239465362805754296e+02 3.435302604742623755e-64
1.257219245184106171e+02 3.013082522609379014e-65
1.275099376617185811e+02 2.611529424066683916e-66
1.293105757104992790e+02 2.236878421853589321e-67
1.311238386647528102e+02 1.893559184314822417e-68
1.329497265244791322e+02 1.584271904309592854e-69
1.347882392896781596e+02 1.310146847019560781e-70
1.366393769603500346e+02 1.070963175545636875e-71
1.385031395364947002e+02 8.654024042594367733e-73
1.403795270181120713e+02 6.913136771832424788e-74
1.422685394052022900e+02 5.459715276177700263e-75
1.441701766977652994e+02 4.263112009529040762e-76
1.460844388958010143e+02 3.291313971868974794e-77
1.480113259993095767e+02 2.512588880985448138e-78
1.499508380082909298e+02 1.896734943465472742e-79
1.519029749227449884e+02 1.415951257909171818e-80
1.538677367426718945e+02 1.045368908652795373e-81
1.558451234680715913e+02 7.632968308340261954e-83
1.578351350989439936e+02 5.512425709968886464e-84
1.598377716352892435e+02 3.937676883905271162e-85
1.618530330771072556e+02 2.782325179919539808e-86
1.638809194243980301e+02 1.944770911172185729e-87
1.659214306771616236e+02 1.344757151540989483e-88
1.679745668353979795e+02 9.199326756304283468e-90
1.700403278991070977e+02 6.226252744841415365e-91
1.721187138682890065e+02 4.169438226004192314e-92
1.742097247429437346e+02 2.762675309122424951e-93
1.763133605230712249e+02 1.811360506436335791e-94
1.784296212086714490e+02 1.175232418036518765e-95
1.805585067997445208e+02 7.545835971241126068e-97
1.827000172962903548e+02 4.794865549717561179e-98
1.848541526983089227e+02 3.015446080789878093e-99
1.870209130058003097e+02 1.876952078220434109e-100
1.892002982187644875e+02 1.156382605904473407e-101
1.913923083372013991e+02 7.052072567222192305e-103
1.935969433611111583e+02 4.257148525534051211e-104
1.958142032904936798e+02 2.544060507692053143e-105
1.980440881253489351e+02 1.505089472923212990e-106
2.002865978656770096e+02 8.815418601158924567e-108
2.025417325114778748e+02 5.111974069399695146e-109
2.048094920627514739e+02 2.935071046228297688e-110
2.070898765194978921e+02 1.668598745108039866e-111
2.093828858817171010e+02 9.393067084684854466e-113
2.116885201494090438e+02 5.236051461810853975e-114
2.140067793225738058e+02 2.890413451633784873e-115
2.163376634012113584e+02 1.580134598618190510e-116
2.186811723853216449e+02 8.555089789408577121e-118
2.210373062749047790e+02 4.587431857204760506e-119
2.234060650699606754e+02 2.436392729225735049e-120
2.257874487704892772e+02 1.281667850902254232e-121
2.281814573764907550e+02 6.678393293006440858e-123
2.305880908879649951e+02 3.447104421094817662e-124
2.330073493049119406e+02 1.762545533412763657e-125
2.354392326273317622e+02 8.927854157843004877e-127
2.378837408552243460e+02 4.480143375929845438e-128
2.403408739885896921e+02 2.227367818142725516e-129
2.428106320274278005e+02 1.097145335234125630e-130
2.452930149717387280e+02 5.354580322148776729e-132
2.477880228215224179e+02 2.589360440001077309e-133
2.502956555767788416e+02 1.240743427030890196e-134
2.528159132375081128e+02 5.891263951724498306e-136
2.553487958037101748e+02 2.766597382348899528e-137
2.578943032753850844e+02 1.370421310745101877e-139
2.604524356525326425e+02 -2.483324457232021792e-137
2.630231929351529629e+02 -4.992725731899487088e-137
2.656065751232462162e+02 -7.514444318250902547e-137
2.682025822168121181e+02 -1.004848126054057035e-136
2.708112142158507822e+02 -1.259483478055084466e-136
2.734324711203623792e+02 -1.515350313745818194e-136
2.760663529303466248e+02 -1.772448456333313241e-136
2.787128596458036327e+02 -2.030777723415709537e-136
2.813719912667335734e+02 -2.290337927785050474e-136
2.840437477931361627e+02 -2.551128877336084091e-136
2.867281292250115143e+02 -2.813150374952762065e-136
2.894251355623597419e+02 -3.076402218460508619e-136
2.921347668051806750e+02 -3.340884200572967638e-136
2.948570229534744271e+02 -3.606596108832377950e-136
2.975919040072409985e+02 -3.873537725550401495e-136
3.003394099664802752e+02 -4.141708827749454041e-136
3.030995408311923143e+02 -4.411109187103700993e-136
3.058722966013772862e+02 -4.681738569879712202e-136
3.086576772770349066e+02 -4.953596736876836482e-136
3.114556828581652894e+02 -5.226683443367358457e-136
3.142663133447686050e+02 -5.500998439036380473e-136
3.170895687368445124e+02 -5.776541467921468508e-136
3.199254490343932389e+02 -6.053312268352034598e-136
3.227739542374148982e+02 -6.331310572888462652e-136
3.256350843459092061e+02 -6.610536108260989096e-136
3.285088393598762764e+02 -6.890988595308340663e-136
3.313952192793162794e+02 -7.172667748916091122e-136
3.342942241042288742e+02 -7.455573277954791180e-136
3.372058538346144587e+02 -7.739704885217857042e-136
3.401301084704726350e+02 -8.025062267359173336e-136
3.430669880118036303e+02 -8.311645114830491357e-136
3.460164924586075017e+02 -8.599453111818535565e-136
3.489786218108840785e+02 -8.888485936181902349e-136
3.519533760686334176e+02 -9.178743259387680784e-136
3.549407552318556327e+02 -9.470224746447842754e-136
3.579407593005504964e+02 -9.762930055855391719e-136
3.609533882747181792e+02 -1.005685883952023655e-135
3.639786421543587380e+02 -1.035201074270487138e-135
3.670165209394720023e+02 -1.064838540395976214e-135
3.700670246300579720e+02 -1.094598245505852544e-135
3.731301532261169314e+02 -1.124480152093282937e-135
3.762059067276484825e+02 -1.154484221960709882e-135
3.792942851346528528e+02 -1.184610416213293670e-135
3.823952884471300990e+02 -1.214858695252333587e-135
3.855089166650799939e+02 -1.245229018768662074e-135
3.886351697885027079e+02 -1.275721345736017653e-135
3.917740478173982979e+02 -1.306335634404395094e-135
3.949255507517665933e+02 -1.337071842293364575e-135
3.980896785916075942e+02 -1.367929926185378773e-135
4.012664313369215847e+02 -1.398909842119045440e-135
4.044558089877081670e+02 -1.430011545382382402e-135
4.076578115439675685e+02 -1.461234990506047830e-135
4.108724390056998459e+02 -1.492580131256547426e-135
4.140996913729047719e+02 -1.524046920629416574e-135
4.173395686455825171e+02 -1.555635310842381562e-135
4.205920708237331382e+02 -1.587345253328496661e-135
4.238571979073564648e+02 -1.619176698729257081e-135
4.271349498964524969e+02 -1.651129596887691147e-135
4.304253267910214618e+02 -1.683203896841429261e-135
4.337283285910631321e+02 -1.715399546815744450e-135
4.370439552965775079e+02 -1.747716494216580085e-135
4.403722069075648733e+02 -1.780154685623549188e-135
4.437130834240248305e+02 -1.812714066782907166e-135
4.470665848459575500e+02 -1.845394582600511705e-135
4.504327111733632591e+02 -1.878196177134752121e-135
4.538114624062415601e+02 -1.911118793589459466e-135
4.572028385445926233e+02 -1.944162374306795551e-135
4.606068395884166762e+02 -1.977326860760116921e-135
4.640234655377133208e+02 -2.010612193546819886e-135
4.674527163924827278e+02 -2.044018312381158368e-135
4.708945921527251244e+02 -2.077545156087048917e-135
4.743490928184401128e+02 -2.111192662590843336e-135
4.778162183896278634e+02 -2.144960768914086349e-135
4.812959688662886037e+02 -2.178849411166249740e-135
4.847883442484219358e+02 -2.212858524537445715e-135
4.882933445360280302e+02 -2.246988043291116749e-135
4.918109697291071143e+02 -2.281237900756705569e-135
4.953412198276587901e+02 -2.315608029322303145e-135
4.988840948316832282e+02 -2.350098360427277740e-135
5.024395947411806560e+02 -2.384708824554877686e-135
5.060077195561506755e+02 -2.419439351224819500e-135
5.095884692765936279e+02 -2.454289868985848497e-135
5.131818439025091720e+02 -2.489260305408285365e-135
5.167878434338975921e+02 -2.524350587076546757e-135
5.204064678707588882e+02 -2.559560639581644508e-135
5.240377172130928329e+02 -2.594890387513671409e-135
5.276815914608995399e+02 -2.630339754454258264e-135
5.313380906141791229e+02 -2.665908662969013531e-135
5.350072146729314682e+02 -2.701597034599946166e-135
5.386889636371564620e+02 -2.737404789857859744e-135
5.423833375068544456e+02 -2.773331848214739260e-135
5.460903362820250777e+02 -2.809378128096100641e-135
5.498099599626684721e+02 -2.845543546873339362e-135
5.535422085487848562e+02 -2.881828020856044831e-135
5.572870820403737753e+02 -2.918231465284294010e-135
5.610445804374354566e+02 -2.954753794320948697e-135
5.648147037399702413e+02 -2.991394921043892933e-135
5.685974519479774472e+02 -3.028154757438294236e-135
5.723928250614575290e+02 -3.065033214388809237e-135
5.762008230804106006e+02 -3.102030201671791152e-135
5.800214460048362071e+02 -3.139145627947481358e-135
5.838546938347346895e+02 -3.176379400752150268e-135
5.877005665701060479e+02 -3.213731426490266308e-135
5.915590642109499413e+02 -3.251201610426606234e-135
5.954301867572667106e+02 -3.288789856678361180e-135
5.993139342090564696e+02 -3.326496068207235371e-135
6.032103065663187635e+02 -3.364320146811501452e-135
6.071193038290539334e+02 -3.402261993118058879e-135
6.110409259972619793e+02 -3.440321506574460532e-135
6.149751730709426738e+02 -3.478498585440932614e-135
6.189220450500960169e+02 -3.516793126782359717e-135
6.228815419347224633e+02 -3.555205026460268669e-135
6.268536637248214447e+02 -3.593734179124783666e-135
6.308384104203933020e+02 -3.632380478206566127e-135
6.348357820214380354e+02 -3.671143815908736221e-135
6.388457785279554173e+02 -3.710024083198777286e-135
6.428683999399454478e+02 -3.749021169800425580e-135
6.469036462574085817e+02 -3.788134964185530104e-135
6.509515174803442505e+02 -3.827365353565909360e-135
6.550120136087527953e+02 -3.866712223885186726e-135
6.590851346426342161e+02 -3.906175459810594678e-135
6.631708805819881718e+02 -3.945754944724786945e-135
6.672692514268150035e+02 -3.985450560717605457e-135
6.713802471771148248e+02 -4.025262188577857679e-135
6.755038678328871811e+02 -4.065189707785046288e-135
6.796401133941322996e+02 -4.105232996501115953e-135
6.837889838608505215e+02 -4.145391931562146357e-135
6.879504792330411647e+02 -4.185666388470065374e-135
6.921245995107046838e+02 -4.226056241384309702e-135
6.963113446938411926e+02 -4.266561363113502000e-135
7.005107147824502363e+02 -4.307181625107082188e-135
7.047227097765322696e+02 -4.347916897446943649e-135
7.089473296760868379e+02 -4.388767048839038258e-135
7.131845744811142822e+02 -4.429731946604977146e-135
7.174344441916147161e+02 -4.470811456673600903e-135
7.216969388075876850e+02 -4.512005443572552234e-135
7.259720583290334162e+02 -4.553313770419809506e-135
7.302598027559521370e+02 -4.594736298915221522e-135
7.345601720883433927e+02 -4.636272889332028239e-135
7.388731663262075244e+02 -4.677923400508338715e-135
7.431987854695445321e+02 -4.719687689838631057e-135
7.475370295183541884e+02 -4.761565613265210206e-135
7.518878984726366070e+02 -4.803557025269652283e-135
7.562513923323920153e+02 -4.845661778864246491e-135
7.606275110976200722e+02 -4.887879725583405855e-135
7.650162547683207777e+02 -4.930210715475077964e-135
7.694176233444945865e+02 -4.972654597092116606e-135
7.738316168261409302e+02 -5.015211217483671126e-135
7.782582352132600363e+02 -5.057880422186527518e-135
7.826974785058521320e+02 -5.100662055216452562e-135
7.871493467039167626e+02 -5.143555959059525139e-135
7.916138398074542692e+02 -5.186561974663433942e-135
7.960909578164646518e+02 -5.229679941428783735e-135
8.005807007309476830e+02 -5.272909697200362512e-135
8.050830685509034765e+02 -5.316251078258418433e-135
8.095980612763322597e+02 -5.359703919309900099e-135
8.141256789072336915e+02 -5.403268053479689496e-135
8.186659214436077718e+02 -5.446943312301832494e-135
8.232187888854549556e+02 -5.490729525710729632e-135
8.277842812327746742e+02 -5.534626522032334236e-135
8.323623984855671551e+02 -5.578634127975324877e-135
8.369531406438326258e+02 -5.622752168622270491e-135
8.415565077075706313e+02 -5.666980467420767401e-135
8.461724996767815128e+02 -5.711318846174572667e-135
8.508011165514652703e+02 -5.755767125034737440e-135
8.554423583316216764e+02 -5.800325122490679218e-135
8.600962250172508448e+02 -5.844992655361299310e-135
8.647627166083530028e+02 -5.889769538786039204e-135
8.694418331049278095e+02 -5.934655586215949157e-135
8.741335745069752647e+02 -5.979650609404725014e-135
8.788379408144958234e+02 -6.024754418399754793e-135
8.835549320274889169e+02 -6.069966821533115184e-135
8.882845481459547727e+02 -6.115287625412602252e-135
8.930267891698936182e+02 -6.160716634912692494e-135
8.977816550993049987e+02 -6.206253653165538104e-135
9.025491459341891414e+02 -6.251898481551926810e-135
9.073292616745463874e+02 -6.297650919692227041e-135
9.121220023203761684e+02 -6.343510765437317209e-135
9.169273678716787117e+02 -6.389477814859523547e-135
9.217453583284542447e+02 -6.435551862243509065e-135
9.265759736907023125e+02 -6.481732700077184506e-135
9.314192139584232564e+02 -6.528020119042574085e-135
9.362750791316170762e+02 -6.574413908006704446e-135
9.411435692102835446e+02 -6.620913854012431300e-135
9.460246841944230027e+02 -6.667519742269310052e-135
9.509184240840349958e+02 -6.714231356144400446e-135
9.558247888791197511e+02 -6.761048477153098086e-135
9.607437785796776097e+02 -6.807970884949931745e-135
9.656753931857078896e+02 -6.854998357319346018e-135
9.706196326972110455e+02 -6.902130670166496178e-135
9.755764971141871911e+02 -6.949367597507992949e-135
9.805459864366358715e+02 -6.996708911462661930e-135
9.855281006645573143e+02 -7.044154382242292027e-135
9.905228397979518604e+02 -7.091703778142348447e-135
9.955302038368188278e+02 -7.139356865532693021e-135
1.000550192781158671e+03 -7.187113408848284983e-135
1.005582806630971504e+03 -7.234973170579875625e-135
1.010628045386256872e+03 -7.282935911264687085e-135
1.015685909047015002e+03 -7.331001389477063012e-135
1.020756397613246236e+03 -7.379169361819148572e-135
1.025839511084949663e+03 -7.427439582911500791e-135
1.030935249462126421e+03 -7.475811805383774668e-135
1.036043612744775373e+03 -7.524285779865261424e-135
1.041164600932897656e+03 -7.572861254975559950e-135
1.046298214026492815e+03 -7.621537977315211592e-135
1.051444452025560167e+03 -7.670315691456127207e-135
1.056603314930100851e+03 -7.719194139932291597e-135
1.061774802740114183e+03 -7.768173063230582816e-135
1.066958915455599936e+03 -7.817252199780253416e-135
1.072155653076559020e+03 -7.866431285945233226e-135
1.077365015602990752e+03 -7.915710056013039934e-135
1.082587003034894906e+03 -7.965088242186553976e-135
1.087821615372272163e+03 -8.014565574573196733e-135
1.093068852615122296e+03 -8.064141781176459796e-135
1.098328714763444623e+03 -8.113816587884112918e-135
1.103601201817240280e+03 -8.163589718468194237e-135
1.108886313776508814e+03 -8.213460894558600960e-135
1.114184050641249542e+03 -8.263429835643294657e-135
1.119494412411463600e+03 -8.313496259061243135e-135
1.124817399087150307e+03 -8.363659885788147308e-135
1.130153010668309435e+03 -8.413876803855931852e-135
1.135501247154941893e+03 -8.799380416236095951e-135
1.140862108547047001e+03 2.579048467804759667e-132
1.146235594844624302e+03 -1.156246976606647639e-130
1.151621706047675161e+03 5.250509624713971197e-129
1.157020442156198442e+03 -2.412632271244778400e-127
1.162431803170194371e+03 -3.667725664768756338e-128
1.167855789089663404e+03 -7.270329766737940849e-128
1.173292399914605312e+03 -1.087824238614525129e-127
1.178741635645019414e+03 -1.449450375824481053e-127
1.184203496280906620e+03 -1.811910329292703864e-127
1.189677981822266929e+03 -2.175203064577670668e-127
1.195165092269099432e+03 -2.539327533222031245e-127
1.200664827621405038e+03 -2.904282672680027595e-127
1.206177187879183521e+03 -3.270067406239996243e-127
1.211702173042434424e+03 -3.636680642946782594e-127
1.217239783111158431e+03 -4.004121277524078197e-127
1.222790018085355314e+03 -4.372388190296675605e-127
1.228352877965024391e+03 -4.741480247112651055e-127
1.233928362750166798e+03 -5.111396299265461056e-127
1.239516472440782081e+03 -5.482135183415979929e-127
1.245117207036869559e+03 -5.853695721514442214e-127
1.250730566538430367e+03 -6.226076720722339986e-127
1.256356550945463823e+03 -6.599276973334227494e-127
1.261995160257969701e+03 -6.973295256699475783e-127
1.267646394475948910e+03 -7.348130333143951873e-127
1.273310253599400767e+03 -7.723780949891631503e-127
1.278986737628324818e+03 -8.100245838986159408e-127
1.284675846562722199e+03 -8.477523717212340694e-127
1.290377580402592457e+03 -8.855613286017572363e-127
1.296091939147935136e+03 -9.234513231433239566e-127
1.301818922798750918e+03 -9.614222223996003620e-127
1.307558531355039349e+03 -9.994738918669111331e-127
1.313310764816800202e+03 -1.037606195476358296e-126
1.319075623184034384e+03 -1.075818995585939200e-126
1.324853106456741443e+03 -1.114112152972659407e-126
1.330643214634920469e+03 -1.152485526824637878e-126
1.336445947718573052e+03 -1.190938974733213300e-126
1.342261305707698284e+03 -1.229472352685039271e-126
1.348089288602296392e+03 -1.268085515054182099e-126
1.353929896402366694e+03 -1.306778314594210406e-126
1.359783129107910327e+03 -1.345550602430283251e-126
1.365648986718926608e+03 -1.384402228051233342e-126
1.371527469235415310e+03 -1.423333039301648433e-126
1.377418576657377344e+03 -1.462342882373949285e-126
1.383322308984812025e+03 -1.501431601800463684e-126
1.389238666217718901e+03 -1.540599040445501121e-126
1.395167648356099335e+03 -1.579845039497418287e-126
1.401109255399952417e+03 -1.619169438460693415e-126
1.407063487349277693e+03 -1.658572075147985058e-126
1.413030344204076300e+03 -1.698052785672201182e-126
1.419009825964347783e+03 -1.737611404438559745e-126
1.425001932630091460e+03 -1.777247764136650248e-126
1.431006664201308467e+03 -1.816961695732493000e-126
1.437024020677998124e+03 -1.856753028460600017e-126
1.443054002060160201e+03 -1.896621589816030673e-126
1.449096608347795609e+03 -1.936567205546453586e-126
1.455151839540903666e+03 -1.976589699644199646e-126
1.461219695639483916e+03 -2.016688894338324885e-126
1.467300176643537725e+03 -2.056864610086662846e-126
1.473393282553064182e+03 -2.097116665567889094e-126
1.479499013368062833e+03 -2.137444877673575227e-126
1.485617369088534815e+03 -2.177849061500250436e-126
1.491748349714479673e+03 -2.218329030341464696e-126
1.497891955245896725e+03 -2.258884595679848359e-126
1.504048185682787107e+03 -2.299515567179176663e-126
1.510217041025150138e+03 -2.340221752676437516e-126
1.516398521272985590e+03 -2.381002958173898636e-126
1.522592626426294146e+03 -2.421858987831175663e-126
1.528799356485075805e+03 -2.462789643957309463e-126
1.535018711449329430e+03 -2.503794727002837196e-126
1.541250691319056614e+03 -2.544874035551874211e-126
1.547495296094256446e+03 -2.586027366314195283e-126
1.553752525774928472e+03 -2.627254514117319462e-126
1.560022380361073829e+03 -2.668555271898600161e-126
1.566304859852692061e+03 -2.709929430697320180e-126
1.572599964249782261e+03 -2.751376779646785399e-126
1.578907693552346018e+03 -2.792897105966430626e-126
1.585228047760382651e+03 -2.834490194953928383e-126
1.591561026873891478e+03 -2.876155829977295076e-126
1.597906630892873409e+03 -2.917893792467013892e-126
1.604264859817328215e+03 -2.959703861908157039e-126
1.610635713647255443e+03 -3.001585815832513560e-126
1.617019192382655774e+03 -3.043539429810725029e-126
1.623415296023528981e+03 -3.085564477444430746e-126
1.629824024569874382e+03 -3.127660730358407698e-126
1.636245378021693114e+03 -3.169827958192735434e-126
1.642679356378984721e+03 -3.212065928594954396e-126
1.649125959641748523e+03 -3.254374407212233421e-126
1.655585187809985655e+03 -3.296753157683553652e-126
1.662057040883695663e+03 -3.339201941631888511e-126
1.668541518862877638e+03 -3.381720518656402692e-126
1.675038621747533170e+03 -3.424308646324653134e-126
1.681548349537661352e+03 -3.466966080164797197e-126
1.688070702233261727e+03 -3.509692573657825122e-126
1.694605679834335660e+03 -3.552487878229774770e-126
1.701153282340882242e+03 -3.595351743243984418e-126
1.707713509752901018e+03 -3.638283915993338988e-126
1.714286362070393125e+03 -3.681284141692526781e-126
1.720871839293358107e+03 -3.724352163470321790e-126
1.727469941421795284e+03 -3.767487722361852237e-126
1.734080668455705563e+03 -3.810690557300903881e-126
1.740704020395088946e+03 -3.853960405112223329e-126
1.747339997239944523e+03 -3.897297000503833151e-126
1.753988598990273204e+03 -3.940700076059360775e-126
1.760649825646074760e+03 -3.984169362230384438e-126
1.767323677207348737e+03 -4.027704587328784384e-126
1.774010153674095818e+03 -4.071305477519107843e-126
1.780709255046315775e+03 -4.114971756810954998e-126
1.787420981324007926e+03 -4.158703147051372829e-126
1.794145332507173407e+03 -4.202499367917261420e-126
1.800882308595811764e+03 -4.246360136907799291e-126
1.807631909589922316e+03 -4.290285169336877914e-126
1.814394135489506198e+03 -4.334274178325558534e-126
1.821168986294562728e+03 -4.378326874794540151e-126
1.827956462005091680e+03 -4.422442967456636015e-126
1.834756562621093735e+03 -4.466622162809284903e-126
1.841569288142568894e+03 -4.510864165127056491e-126
1.848394638569516019e+03 -4.555168676454189523e-126
1.855232613901936475e+03 -4.599535396597141136e-126
1.862083214139829806e+03 -4.643964023117150615e-126
1.868946439283195332e+03 -4.688454251322826774e-126
1.875822289332034416e+03 -4.733005774262749756e-126
1.882710764286345920e+03 -4.777618282718090558e-126
1.889611864146129847e+03 -4.822291465195248923e-126
1.896525588911387104e+03 -4.867025007918519435e-126
1.903451938582117236e+03 -4.911818594822756966e-126
1.910390913158319336e+03 -4.956671907546084763e-126
1.917342512639994993e+03 -5.001584625422605157e-126
1.924306737027143299e+03 -5.046556425475140452e-126
1.931283586319763799e+03 -5.091586982407992184e-126
1.938273060517857857e+03 -5.136675968599714155e-126
1.945275159621424564e+03 -5.181823054095923520e-126
1.952289883630463237e+03 -5.227027906602114494e-126
1.959317232544975695e+03 -5.272290191476508800e-126
1.966357206364960575e+03 -5.317609571722921209e-126
1.973409805090417876e+03 -5.362985707983648690e-126
1.980475028721348508e+03 -5.408418258532385155e-126
1.987552877257752016e+03 -5.453906879267160467e-126
1.994643350699627490e+03 -5.499451223703298484e-126
2.001746449046976522e+03 -5.545050942966403303e-126
2.008862172299798203e+03 -5.590705685785372412e-126
2.015990520458092760e+03 -5.636415098485424920e-126
2.023131493521859284e+03 -5.682178824981173750e-126
2.030285091491099593e+03 -5.727996506769699796e-126
2.037451314365812323e+03 -5.773867782923675288e-126
2.044630162145997474e+03 -5.819792290084494366e-126
2.051821634831655501e+03 -5.865769662455449582e-126
2.059025732422786859e+03 -5.911799531794916275e-126
2.066242454919390184e+03 -5.957881527409579586e-126
2.073471802321466839e+03 -6.004015276147682470e-126
2.080713774629016370e+03 -6.050200402392309782e-126
2.087968371842038323e+03 -6.096436528054682875e-126
2.095235593960533151e+03 -6.142723272567511255e-126
2.102515440984501311e+03 -6.189060252878350813e-126
2.109807912913941436e+03 -6.235447083442997471e-126
2.117113009748854893e+03 -6.281883376218925448e-126
2.124430731489240770e+03 -6.328368740658736015e-126
2.131761078135099524e+03 -6.374902783703652182e-126
2.139104049686431154e+03 -6.421485109777031742e-126
2.146459646143235659e+03 -6.468115320777935435e-126
2.153827867505512586e+03 -6.514793016074696415e-126
2.161208713773262843e+03 -6.561517792498555329e-126
2.168602184946485522e+03 -6.608289244337299323e-126
2.176008281025180622e+03 -6.655106963328958788e-126
2.183427002009349053e+03 -6.701970538655517222e-126
2.190858347898990360e+03 -6.748879556936677517e-126
2.198302318694103633e+03 -6.795833602223645294e-126
2.205758914394690692e+03 -6.842832255992960793e-126
2.213228135000750171e+03 -6.889875097140346508e-126
2.220709980512282073e+03 -6.936961701974628292e-126
2.228204450929287304e+03 -6.984091644211648598e-126
2.235711546251765412e+03 -7.031264494968251878e-126
2.243231266479715487e+03 -7.078479822756287040e-126
2.250763611613138892e+03 -7.125737193476662396e-126
2.258308581652035173e+03 -7.173036170413426839e-126
2.265866176596403420e+03 -7.220376314227893019e-126
2.273436396446245453e+03 -7.267757182952812993e-126
2.281019241201559907e+03 -7.315178331986568313e-126
2.288614710862346783e+03 -7.362639314087429656e-126
2.296222805428606989e+03 -7.410139679367829567e-126
2.303843524900340071e+03 -7.457678975288699504e-126
2.311476869277545120e+03 -7.505256746653833117e-126
2.319122838560223954e+03 -7.552872535604294144e-126
2.326781432748375209e+03 -7.600525881612878096e-126
2.334452651841998431e+03 -7.648216321478604127e-126
2.342136495841095439e+03 -7.695943389321251508e-126
2.349832964745665322e+03 -7.743706616575943341e-126
2.357542058555707172e+03 -7.791505531987786693e-126
2.365263777271222352e+03 -7.839339661606527155e-126
2.372998120892210409e+03 -7.887208528781278203e-126
2.380745089418670432e+03 -7.935111654155280726e-126
2.388504682850603785e+03 -7.983048555660718978e-126
2.396276901188010470e+03 -8.031018748513569331e-126
2.404061744430888666e+03 -8.079021745208505448e-126
2.411859212579240648e+03 -8.127057055513861192e-126
2.419669305633065505e+03 -8.175124186466610583e-126
2.427492023592362330e+03 -8.223222642367434359e-126
2.435327366457132484e+03 -8.271351924775803594e-126
2.443175334227375515e+03 -8.319511532505140729e-126
2.451035926903090967e+03 -8.367700961617998968e-126
2.458909144484279295e+03 -8.415919705421325653e-126
2.466794986970940954e+03 -8.464167254461749252e-126
2.474693454363074125e+03 -8.512443096520939828e-126
2.482604546660681535e+03 -8.560746716610999681e-126
2.490528263863760912e+03 -8.609077596969923536e-126
2.498464605972312711e+03 -8.657435217057108587e-126
2.506413572986338295e+03 -8.705819053548907840e-126
2.514375164905836300e+03 -8.754228580334254307e-126
2.522349381730806726e+03 -8.802663268510314070e-126
2.530336223461250029e+03 -8.851122586378231190e-126
2.538335690097166662e+03 -8.899605999438892292e-126
2.546347781638555261e+03 -8.948112970388762011e-126
2.554372498085417192e+03 -8.996642959115789283e-126
2.562409839437751998e+03 -9.045195422695333322e-126
2.570459805695558771e+03 -9.093769815386189315e-126
2.578522396858839329e+03 -9.142365588626645603e-126
2.586597612927592309e+03 -9.190982191030599911e-126
2.594685453901817255e+03 -9.239619068383752989e-126
2.602785919781515986e+03 -9.288275663639844240e-126
2.610899010566687593e+03 -9.336951416916942454e-126
2.619024726257331167e+03 -9.385645765493828388e-126
2.627163066853448072e+03 -9.434358143806397032e-126
2.635314032355037853e+03 -9.483087983444154338e-126
2.643477622762100054e+03 -9.531834713146759880e-126
2.651653838074635132e+03 -9.580597758800633795e-126
2.659842678292643541e+03 -9.629376543435629342e-126
2.668044143416123461e+03 -9.678170487221768428e-126
2.676258233445077622e+03 -9.726979007466046688e-126
2.684484948379503749e+03 -9.775801518609285784e-126
2.692724288219402297e+03 -9.824637432223076252e-126
2.700976252964774631e+03 -9.873486157006763643e-126
2.709240842615619385e+03 -9.922347098784514695e-126
2.717518057171936107e+03 -9.971219660502438625e-126
2.725807896633726614e+03 -1.002010324222580026e-125
2.734110361000989997e+03 -1.006899724113626201e-125
2.742425450273725346e+03 -1.011790105152922564e-125
2.750753164451934026e+03 -1.016681406481124084e-125
2.759093503535615582e+03 -1.021573566949746375e-125
2.767446467524769105e+03 -1.026466525120920204e-125
2.775812056419395958e+03 -1.031360219267152691e-125
2.784190270219496142e+03 -1.036254587371095596e-125
2.792581108925067838e+03 -1.041149567125320427e-125
2.800984572536113319e+03 -1.046045095932101551e-125
2.809400661052631676e+03 -1.050941110903205083e-125
2.817829374474622455e+03 -1.055837548859687740e-125
2.826270712802085654e+03 -1.060734346331699766e-125
2.834724676035022185e+03 -1.065631439558298486e-125
2.843191264173431591e+03 -1.070528764487266058e-125
2.851670477217312964e+03 -1.075426256774938899e-125
2.860162315166668122e+03 -1.080323851786040136e-125
2.868666778021495702e+03 -1.085221484593523988e-125
2.877183865781795248e+03 -1.090119089978423961e-125
2.885713578447568580e+03 -1.095016602429712455e-125
2.894255916018814787e+03 -1.099913956144165354e-125
2.902810878495532506e+03 -1.104811085026236069e-125
2.911378465877724466e+03 -1.109707922687936922e-125
2.919958678165388847e+03 -1.114604402448729067e-125
2.928551515358525194e+03 -1.119500457335419485e-125
2.937156977457134872e+03 -1.124396020082067440e-125
2.945775064461217880e+03 -1.129291023129897610e-125
2.954405776370772401e+03 -1.134185398627223077e-125
2.963049113185800707e+03 -1.139079078429374728e-125
2.971705074906301888e+03 -1.143971994098640905e-125
2.980373661532275037e+03 -1.148864076904214265e-125
2.989054873063721516e+03 -1.153755257822147166e-125
2.997748709500640871e+03 -1.158645467535315981e-125
3.006455170843032647e+03 -1.163534636433393937e-125
3.015174257090897299e+03 -1.168422694612832221e-125
3.023905968244235282e+03 -1.173309571876849744e-125
3.032650304303045232e+03 -1.178195197735433146e-125
3.041407265267328512e+03 -1.183079501405342432e-125
3.050176851137084668e+03 -1.187962411810129344e-125
3.058959061912312336e+03 -1.192843857580160587e-125
3.067753897593014244e+03 -1.197723767052654694e-125
3.076561358179188574e+03 -1.202602068271723754e-125
3.085381443670835324e+03 -1.207478688988424843e-125
3.094214154067954951e+03 -1.212353556660824844e-125
3.103059489370547908e+03 -1.217226598454068411e-125
3.111917449578612832e+03 -1.222097741240458530e-125
3.120788034692151086e+03 -1.226966911599547844e-125
3.129671244711162217e+03 -1.231834035818234431e-125
3.138567079635645314e+03 -1.236699039890872810e-125
3.147475539465602196e+03 -1.241561849519389662e-125
3.156396624201031500e+03 -1.246422390113412684e-125
3.165330333841933225e+03 -1.251280586790406775e-125
3.174276668388308281e+03 -1.256136364375819947e-125
3.183235627840155757e+03 -1.260989647403241298e-125
3.192207212197475656e+03 -1.265840360114565806e-125
3.201191421460269339e+03 -1.270688426460171467e-125
3.210188255628535444e+03 -1.275533770099103505e-125
3.219197714702273515e+03 -1.280376314399272242e-125
3.228219798681485372e+03 -1.285215982437658037e-125
3.237254507566169650e+03 -1.290052697000527000e-125
3.246301841356326349e+03 -1.294886380583657981e-125
3.255361800051956379e+03 -1.299716955392579005e-125
3.264434383653059285e+03 -1.304544343342812371e-125
3.273519592159634158e+03 -1.309368466060133923e-125
3.282617425571682361e+03 -1.314189244880839135e-125
3.291727883889203440e+03 -1.319006600852020753e-125
3.300850967112196940e+03 -1.323820454731857979e-125
3.309986675240663772e+03 -1.328630726989915359e-125
3.319135008274603024e+03 -1.333437337807451389e-125
3.328295966214014697e+03 -1.338240207077739977e-125
3.337469549058899702e+03 -1.343039254406400298e-125
3.346655756809257582e+03 -1.347834399111739776e-125
3.355854589465087429e+03 -1.352625560225106508e-125
3.365066047026391061e+03 -1.357412656491251400e-125
3.374290129493167115e+03 -1.362195606368705261e-125
3.383526836865415589e+03 -1.366974328030162455e-125
3.392776169143137395e+03 -1.371748739362878728e-125
3.402038126326331621e+03 -1.376518757969078740e-125
3.411312708414998269e+03 -1.381284301166375406e-125
3.420599915409138248e+03 -1.386045285988200526e-125
3.429899747308751557e+03 -1.390801629184245642e-125
3.439212204113836378e+03 -1.395553247220916809e-125
3.448537285824394985e+03 -1.400300056281798284e-125
3.457874992440426013e+03 -1.405041972268128028e-125
3.467225323961929462e+03 -1.409778910799288425e-125
3.476588280388906242e+03 -1.414510787213300935e-125
3.485963861721355897e+03 -1.419237516567343062e-125
3.495352067959277065e+03 -1.423959013638265834e-125
3.504752899102672473e+03 -1.428675192923132288e-125
3.514166355151540301e+03 -1.433385968639762504e-125
3.523592436105880097e+03 -1.438091254727292822e-125
3.533031141965693678e+03 -1.442790964846745810e-125
3.542482472730980135e+03 -1.447485012381613351e-125
3.551946428401738558e+03 -1.452173310438451286e-125
3.561423008977970312e+03 -1.456855771847487164e-125
3.570912214459674942e+03 -1.461532309163237457e-125
3.580414044846851539e+03 -1.466202834665142076e-125
3.589928500139501466e+03 -1.470867260358205195e-125
3.599455580337624724e+03 -1.475525497973653660e-125
3.608995285441219494e+03 -1.480177458969605360e-125
3.618547615450288049e+03 -1.484823054531749414e-125
3.628112570364829480e+03 -1.489462195574041837e-125
3.637690150184842878e+03 -1.494094792739411185e-125
3.647280354910329606e+03 -1.498720756400478093e-125
3.656883184541289211e+03 -1.503339996660286639e-125
3.666498639077720782e+03 -1.507952423353050395e-125
3.676126718519626138e+03 -1.512557946044910546e-125
3.685767422867004370e+03 -1.517156474034704510e-125
3.695420752119854114e+03 -1.521747916354752407e-125
3.705086706278177644e+03 -1.526332181771651651e-125
3.714765285341974050e+03 -1.530909178787089136e-125
3.724456489311242422e+03 -1.535478815638662073e-125
3.734160318185984124e+03 -1.540041000300716678e-125
3.743876771966199158e+03 -1.544595640485196036e-125
3.753605850651886612e+03 -1.549142643642505036e-125
3.763347554243046034e+03 -1.553681916962384736e-125
3.773101882739678786e+03 -1.558213367374804325e-125
3.782868836141784868e+03 -1.562736901550863569e-125
3.792648414449362463e+03 -1.567252425903710490e-125
3.802440617662413842e+03 -1.571759846589471893e-125
3.812245445780938098e+03 -1.576259069508197279e-125
3.822062898804934321e+03 -1.580750000304818771e-125
3.831892976734403874e+03 -1.585232544370120739e-125
3.841735679569346757e+03 -1.589706606841728594e-125
3.851591007309761153e+03 -1.594172092605106753e-125
3.861458959955648879e+03 -1.598628906294572624e-125
3.871339537507009936e+03 -1.603076952294325280e-125
3.881232739963842505e+03 -1.607516134739487513e-125
3.891138567326149314e+03 -1.611946357517161279e-125
3.901057019593928544e+03 -1.616367524267498622e-125
3.910988096767179286e+03 -1.620779538384787029e-125
3.920931798845904268e+03 -1.625182303018546860e-125
3.930888125830101671e+03 -1.629575721074646618e-125
3.940857077719771041e+03 -1.633959695216428982e-125
3.950838654514914197e+03 -1.638334127865855208e-125
3.960832856215530228e+03 -1.642698921204660027e-125
3.970839682821618226e+03 -1.647053977175524645e-125
3.980859134333179554e+03 -1.651399197483262350e-125
3.990891210750213759e+03 -1.655734483596019587e-125
4.000935912072719930e+03 -1.660059736746490957e-125
4.010993238300699886e+03 -1.664374857933150995e-125
4.021063189434152264e+03 -1.668679747921498295e-125
4.031145765473076608e+03 -1.672974307245316682e-125
4.041240966417475192e+03 -1.677258436207950036e-125
4.051348792267345743e+03 -1.681532034883592599e-125
4.061469243022688715e+03 -1.685795003118595805e-125
4.071602318683505018e+03 -1.690047240532785622e-125
4.081748019249794652e+03 -1.694288646520802183e-125
4.091906344721555797e+03 -1.698519120253447829e-125
4.102077295098791183e+03 -1.702738560679055083e-125
4.112260870381499444e+03 -1.706946866524868020e-125
4.122457070569679672e+03 -1.711143936298438582e-125
4.132665895663330957e+03 -1.715329668289040220e-125
4.142887345662456937e+03 -1.719503960569095445e-125
4.153121420567055793e+03 -1.723666710995618597e-125
4.163368120377126615e+03 -1.727817817211677240e-125
4.173627445092671223e+03 -1.731957176647864592e-125
4.183899394713688707e+03 -1.736084686523791883e-125
4.194183969240176339e+03 -1.740200243849593586e-125
4.204481168672139574e+03 -1.744303745427450480e-125
4.214790993009574777e+03 -1.748395087853127153e-125
4.225113442252482855e+03 -1.752474167517525251e-125
4.235448516400863809e+03 -1.756540880608255617e-125
4.245796215454717640e+03 -1.760595123111221186e-125
4.256156539414044346e+03 -1.764636790812221411e-125
4.266529488278842109e+03 -1.768665779298569009e-125
4.276915062049113658e+03 -1.772681983960724819e-125
4.287313260724858992e+03 -1.776685299993946833e-125
4.297724084306076293e+03 -1.780675622399958904e-125
4.308147532792766469e+03 -1.784652845988632580e-125
4.318583606184930431e+03 -1.788616865379685461e-125
4.329032304482564541e+03 -1.792567575004398988e-125
4.339493627685673346e+03 -1.796504869107348290e-125
4.349967575794255026e+03 -1.800428641748152511e-125
4.360454148808308673e+03 -1.804338786803238509e-125
4.370953346727836106e+03 -1.808235197967622937e-125
4.381465169552836414e+03 -1.812117768756711367e-125
4.391989617283306870e+03 -1.815986392508111336e-125
4.402526689919252931e+03 -1.819840962383466110e-125
4.413076387460670958e+03 -1.823681371370300530e-125
4.423638709907561861e+03 -1.827507512283888109e-125
4.434213657259925640e+03 -1.831319277769131771e-125
4.444801229517762295e+03 -1.835116560302463754e-125
4.455401426681070006e+03 -1.838899252193759417e-125
4.466014248749852413e+03 -1.842667245588272301e-125
4.476639695724106787e+03 -1.846420432468580743e-125
4.487277767603834945e+03 -1.850158704656557834e-125
4.497928464389035071e+03 -1.853881953815351887e-125
4.508591786079708982e+03 -1.857590071451389725e-125
4.519267732675853040e+03 -1.861282948916393619e-125
4.529956304177471793e+03 -1.864960477409415545e-125
4.540657500584563422e+03 -1.868622547978891648e-125
4.551371321897127928e+03 -1.872269051524709298e-125
4.562097768115165309e+03 -1.875899878800295933e-125
4.572836839238675566e+03 -1.879514920414722855e-125
4.583588535267655971e+03 -1.883114066834826347e-125
4.594352856202111980e+03 -1.886697208387346371e-125
4.605129802042039955e+03 -1.890264235261084423e-125
4.615919372787440807e+03 -1.893815037509076088e-125
4.626721568438314534e+03 -1.897349505050783265e-125
4.637536388994662047e+03 -1.900867527674302150e-125
4.648363834456478799e+03 -1.904368995038591676e-125
4.659203904823771154e+03 -1.907853796675715085e-125
4.670056600096536386e+03 -1.911321821993104584e-125
4.680921920274774493e+03 -1.914772960275838337e-125
4.691799865358484567e+03 -1.918207100688938976e-125
4.702690435347668426e+03 -1.921624132279688384e-125
4.713593630242322433e+03 -1.925023943979960056e-125
4.724509450042451135e+03 -1.928406424608570353e-125
4.735437894748053623e+03 -1.931771462873645247e-125
4.746378964359128076e+03 -1.935118947375009098e-125
4.757332658875675406e+03 -1.938448766606585775e-125
4.768298978297694703e+03 -1.941760808958822857e-125
4.779277922625185965e+03 -1.945054962721130545e-125
4.790269491858151923e+03 -1.948331116084339718e-125
4.801273685996589847e+03 -1.951589157143178362e-125
4.812290505040501557e+03 -1.954828973898764275e-125
4.823319948989885233e+03 -1.958050454261119012e-125
4.834362017844741786e+03 -1.961253486051695235e-125
4.845416711605069395e+03 -1.964437957005927398e-125
4.856484030270871699e+03 -1.967603754775796877e-125
4.867563973842146879e+03 -1.970750766932415729e-125
4.878656542318894935e+03 -1.973878880968630916e-125
4.889761735701115867e+03 -1.976987984301643493e-125
4.900879553988808766e+03 -1.980077964275647993e-125
4.912009997181973631e+03 -1.983148708164490194e-125
4.923153065280612282e+03 -1.986200103174341666e-125
4.934308758284723808e+03 -1.989232036446394538e-125
4.945477076194308211e+03 -1.992244395059572786e-125
4.956658019009365489e+03 -1.995237066033261635e-125
4.967851586729895644e+03 -1.998209936330058214e-125
4.979057779355896855e+03 -2.001162892858536645e-125
4.990276596887372762e+03 -2.004095822476034647e-125
5.001508039324321544e+03 -2.007008611991456153e-125
5.012752106666742293e+03 -2.009901148168093865e-125
5.024008798914636827e+03 -2.012773317726469921e-125
5.035278116068003328e+03 -2.015625007347193876e-125
5.046560058126840886e+03 -2.018456103673841421e-125
5.057854625091153139e+03 -2.021266493315848574e-125
5.069161816960938268e+03 -2.024056062851426092e-125
5.080481633736196272e+03 -2.026824698830493548e-125
5.091814075416927153e+03 -2.029572287777628640e-125
5.103159142003130910e+03 -2.032298716195036967e-125
5.114516833494804814e+03 -2.035003870565541477e-125
5.125887149891954323e+03 -2.037687637355587147e-125
5.137270091194575798e+03 -2.040349903018267703e-125
5.148665657402670149e+03 -2.042990553996367289e-125
5.160073848516238286e+03 -2.045609476725424454e-125
5.171494664535278389e+03 -2.048206557636811353e-125
5.182928105459788640e+03 -2.050781683160833150e-125
5.194374171289774495e+03 -2.053334739729845801e-125
5.205832862025233226e+03 -2.055865613781391934e-125
5.217304177666164833e+03 -2.058374191761356414e-125
5.228788118212568406e+03 -2.060860360127137392e-125
5.240284683664445765e+03 -2.063324005350840705e-125
5.251793874021793272e+03 -2.065765013922487665e-125
5.263315689284615473e+03 -2.068183272353245672e-125
5.274850129452910551e+03 -2.070578667178674317e-125
5.286397194526679414e+03 -2.072951084961991681e-125
5.297956884505920243e+03 -2.075300412297358751e-125
5.309529199390633039e+03 -2.077626535813181676e-125
5.321114139180817801e+03 -2.079929342175433700e-125
5.332711703876477259e+03 -2.082208718090994950e-125
5.344321893477608683e+03 -2.084464550311010318e-125
5.355944707984212982e+03 -2.086696725634266773e-125
5.367580147396291068e+03 -2.088905130910588248e-125
5.379228211713841119e+03 -2.091089653044249423e-125
5.390888900936864047e+03 -2.093250178997408928e-125
5.402562215065358032e+03 -2.095386595793558291e-125
5.414248154099326712e+03 -2.097498790520992400e-125
5.425946718038768267e+03 -2.099586650336296241e-125
5.437657906883681790e+03 -2.101650062467851315e-125
5.449381720634069097e+03 -2.103688914219359633e-125
5.461118159289929281e+03 -2.105703092973386874e-125
5.472867222851259612e+03 -2.107692486194922333e-125
5.484628911318064638e+03 -2.109656981434959864e-125
5.496403224690342540e+03 -2.111596466334094307e-125
5.508190162968093318e+03 -2.113510828626137853e-125
5.519989726151316972e+03 -2.115399956141754788e-125
5.531801914240013502e+03 -2.117263736812113547e-125
5.543626727234181089e+03 -2.119102058672557405e-125
5.555464165133822462e+03 -2.120914809866294058e-125
5.567314227938937620e+03 -2.122701878648102269e-125
5.579176915649524744e+03 -2.124463153388057397e-125
5.591052228265585654e+03 -2.126198522575275567e-125
5.602940165787118531e+03 -2.127907874821673316e-125
5.614840728214122464e+03 -2.129591098865750075e-125
5.626753915546601093e+03 -2.131248083576383768e-125
5.638679727784552597e+03 -2.132878717956647402e-125
5.650618164927976977e+03 -2.134482891147642725e-125
5.662569226976873324e+03 -2.136060492432351974e-125
5.674532913931243456e+03 -2.137611411239507748e-125
5.686509225791083736e+03 -2.139135537147480448e-125
5.698498162556399620e+03 -2.140632759888183567e-125
5.710499724227187471e+03 -2.142102969350996567e-125
5.722513910803448198e+03 -2.143546055586707167e-125
5.734540722285181801e+03 -2.144961908811468854e-125
5.746580158672388279e+03 -2.146350419410778077e-125
5.758632219965065815e+03 -2.147711477943467707e-125
5.770696906163218046e+03 -2.149044975145720448e-125
5.782774217266842243e+03 -2.150350801935096145e-125
5.794864153275940225e+03 -2.151628849414579835e-125
5.806966714190510174e+03 -2.152879008876646582e-125
5.819081900010553909e+03 -2.154101171807342328e-125
5.831209710736067791e+03 -2.155295229890383632e-125
5.843350146367056368e+03 -2.156461075011274470e-125
5.855503206903517821e+03 -2.157598599261440876e-125
5.867668892345452150e+03 -2.158707694942380021e-125
5.879847202692859355e+03 -2.159788254569830803e-125
5.892038137945739436e+03 -2.160840170877958351e-125
5.904241698104089664e+03 -2.161863336823557423e-125
5.916457883167914588e+03 -2.162857645590271541e-125
5.928686693137213297e+03 -2.163822990592829460e-125
5.940928128011983972e+03 -2.164759265481299991e-125
5.953182187792227523e+03 -2.165666364145361529e-125
5.965448872477944860e+03 -2.166544180718589423e-125
5.977728182069131435e+03 -2.167392609582761450e-125
5.990020116565793614e+03 -2.168211545372176678e-125
6.002324675967928670e+03 -2.169000882977994003e-125
6.014641860275536601e+03 -2.169760517552586964e-125
6.026971669488616499e+03 -2.170490344513912718e-125
6.039314103607170182e+03 -2.171190259549899922e-125
6.051669162631194013e+03 -2.171860158622851825e-125
6.064036846560692538e+03 -2.172499937973866684e-125
6.076417155395663940e+03 -2.173109494127272348e-125
6.088810089136108218e+03 -2.173688723895079476e-125
6.101215647782025371e+03 -2.174237524381449449e-125
6.113633831333415401e+03 -2.174755792987178293e-125
6.126064639790276487e+03 -2.175243427414197124e-125
6.138508073152611360e+03 -2.175700325670088093e-125
6.150964131420420017e+03 -2.176126386072615793e-125
6.163432814593700641e+03 -2.176521507254275739e-125
6.175914122672455051e+03 -2.176885588166856752e-125
6.188408055656681427e+03 -2.177218528086019870e-125
6.200914613546378860e+03 -2.177520226615892746e-125
6.213433796341550988e+03 -2.177790583693679268e-125
6.225965604042195991e+03 -2.178029499594283871e-125
6.238510036648313871e+03 -2.178236874934952906e-125
6.251067094159903718e+03 -2.178412610679928607e-125
6.263636776576967350e+03 -2.178556608145119851e-125
6.276219083899501129e+03 -2.178668769002787618e-125
6.288814016127509603e+03 -2.178748995286245921e-125
6.301421573260991863e+03 -2.178797189394574566e-125
6.314041755299946090e+03 -2.178813254097350780e-125
