0.000000000000000000e+00 1.366454027406060730e-03
7.901471645829974758e-03 1.366028766398209469e-03
2.842784876444096748e-02 1.364924005322299023e-03
6.157913135583295561e-02 1.363139769679418047e-03
1.073553194200059790e-01 1.360676203173277797e-03
1.657564129569600309e-01 1.357533457380803764e-03
2.367824119666950278e-01 1.353711517669663276e-03
3.204333164492110808e-01 1.349210213071589662e-03
4.167091264045081345e-01 1.344029414054645445e-03
5.256098418325862998e-01 1.338169158015021371e-03
6.471354627334453546e-01 1.331629558984886779e-03
7.812859891070854657e-01 1.324410666585554806e-03
9.280614209535064107e-01 1.316512462809085911e-03
1.087461758272708856e+00 1.307934939683488102e-03
1.259487001064691691e+00 1.298678119355099747e-03
1.444137149329456138e+00 1.288742026909984713e-03
1.641412203067001085e+00 1.278126683527386473e-03
1.851312162277326978e+00 1.266832113871878360e-03
2.073837026960434482e+00 1.254858346960954947e-03
2.308986797116322265e+00 1.242205415542904905e-03
2.556761472744991881e+00 1.228873356728446163e-03
2.817161053846441554e+00 1.214862212610470825e-03
3.090185540420673505e+00 1.200172030931295720e-03
3.375834932467685068e+00 1.184802865888975095e-03
3.674109229987478020e+00 1.168754779089356977e-03
3.985008432980052806e+00 1.152027840670692476e-03
4.308532541445408093e+00 1.134622130632535015e-03
4.644681555383542992e+00 1.116537740406500128e-03
4.993455474794460613e+00 1.097774774714159506e-03
5.354854299678160068e+00 1.078333353765202141e-03
5.728878030034639579e+00 1.058213615860286068e-03
6.115526665863898259e+00 1.037415720482637608e-03
6.514800207165940549e+00 1.015939851991155135e-03
6.926698653940762895e+00 9.937862240667087385e-04
7.351222006188364411e+00 9.709550851069399585e-04
7.788370263908749536e+00 9.474467248145247060e-04
8.238143427101915606e+00 9.232614822849468782e-04
8.700541495767863509e+00 8.983997559874121316e-04
9.175564469906587917e+00 8.728620161576646896e-04
9.663212349518097710e+00 8.466488202948184829e-04
1.016348513460238756e+01 8.197608326898126081e-04
1.067638282515945569e+01 7.921988492389748582e-04
1.120190542118930921e+01 7.639638292544784432e-04
1.174005292269194101e+01 7.350569366381491925e-04
1.229082532966735641e+01 7.054795937323958890e-04
1.285422264211554833e+01 6.752335525556900234e-04
1.343024486003652385e+01 6.443209902095345777e-04
1.401889198343028120e+01 6.127446384023842608e-04
1.462016401229681684e+01 5.805079619264171724e-04
1.523406094663613608e+01 5.476154086585967567e-04
1.586058278644823716e+01 5.140727661720636936e-04
1.649972953173311652e+01 4.798876807847486919e-04
1.715150118249077948e+01 4.450704302578088116e-04
1.781589773872122251e+01 4.096351037010093044e-04
1.849291920042444204e+01 3.736014556070636761e-04
1.918256556760045228e+01 3.369979148451980903e-04
1.988483684024923548e+01 2.998666504337906273e-04
2.059973301837079873e+01 2.622724620103892277e-04
2.132725410196514915e+01 2.243191296813053313e-04
2.206740009103227607e+01 1.861810677586025196e-04
2.282017098557219015e+01 1.481679390921431796e-04
2.358556678558488073e+01 1.108624853210163629e-04
2.436358749107034782e+01 7.541498830389817179e-05
2.515423310202860563e+01 4.407866175909694990e-05
2.595750361845963639e+01 2.048771321756940385e-05
2.677339904036344720e+01 7.287793328643260816e-06
2.760191936774004873e+01 2.132240603567727754e-06
2.844306460058942321e+01 5.682524968411699683e-07
2.929683473891157774e+01 1.453326540479958620e-07
3.016322978270652300e+01 3.628882290092197520e-08
3.104224973197423765e+01 8.889502022854009960e-09
3.193389458671474657e+01 2.139230958834117878e-09
3.283816434692801778e+01 5.059306382671610344e-10
3.375505901261407615e+01 1.176119541387957355e-10
3.468457858377293235e+01 2.687740513431984304e-11
3.562672306040455084e+01 6.038656994788285062e-12
3.658149244250895293e+01 1.333984143986346570e-12
3.754888673008614575e+01 2.897729930135854432e-13
3.852890592313610796e+01 6.190154979108383835e-14
3.952155002165885378e+01 1.300531296104602578e-14
4.052681902565439032e+01 2.687539847590957547e-15
4.154471293512269625e+01 5.463146407506405444e-16
4.257523175006378580e+01 1.092505016826449173e-16
4.361837547047766606e+01 2.149489886825397652e-17
4.467414409636431571e+01 4.161187314434394779e-18
4.574253762772375609e+01 7.926972964194209569e-19
4.682355606455597297e+01 1.486085929251814205e-19
4.791719940686096635e+01 2.741983920585509860e-20
4.902346765463875045e+01 4.979756864298552329e-21
5.014236080788930394e+01 8.902485106789635537e-22
5.127387886661264105e+01 1.566793238506451440e-22
5.241802183080876887e+01 2.714855222237444426e-23
5.357478970047766609e+01 4.631836802115177289e-24
5.474418247561934692e+01 7.781588191626963605e-25
5.592620015623381846e+01 1.287443807119381850e-25
5.712084274232105940e+01 2.097827520450314925e-26
5.832811023388107685e+01 3.366890029285819484e-27
5.954800263091389212e+01 5.322819339098196932e-28
6.078051993341947679e+01 8.289797625545916142e-29
6.202566214139785217e+01 1.271953061049577208e-29
6.328342925484899695e+01 1.922908057784725467e-30
6.455382127377293955e+01 2.864450570884969202e-31
6.583683819816963023e+01 4.204887678975292175e-32
6.713248002803914005e+01 6.083203832247725426e-33
6.844074676338142638e+01 8.673805138142689995e-34
6.976163840419646078e+01 1.219047052131425588e-34
7.109515495048430012e+01 1.688879844554694540e-35
7.244129640224493016e+01 2.306631640432614898e-36
7.380006275947830829e+01 3.105935591275226822e-37
7.517145402218449135e+01 4.123581875680238781e-38
7.655547019036346512e+01 5.398309885114595255e-39
7.795211126401518698e+01 6.969069832232177380e-40
7.936137724313971376e+01 8.872749251905304055e-41
8.078326812773703125e+01 1.114141433896882307e-41
8.221778391780709683e+01 1.379917980485096162e-42
8.366492461334996733e+01 1.685888800381709996e-43
8.512469021436562855e+01 2.031884055561822139e-44
8.659708072085406627e+01 2.415987443811724982e-45
8.808209613281525208e+01 2.834310034935301471e-46
8.957973645024924281e+01 3.280861621222725926e-47
9.109000167315602425e+01 3.747546801359154379e-48
9.261289180153555378e+01 4.224305281644804263e-49
9.414840683538790245e+01 4.699404872487191446e-50
9.569654677471302762e+01 5.159882278460873054e-51
9.725731161951090087e+01 5.592112355517018625e-52
9.883070136978157905e+01 5.982472655757593697e-53
1.004167160255250479e+02 6.318058496190354740e-54
1.020153555867412649e+02 6.587396014491302961e-55
1.036266200534302868e+02 6.781097866154915423e-56
1.052505094255920994e+02 6.892408953027521842e-57
1.068870237032266601e+02 6.917597751194494620e-58
1.085361628863340400e+02 6.856161634871869404e-59
1.101979269749141821e+02 6.710830685429809023e-60
1.118723159689670865e+02 6.487372035940921233e-61
1.135593298684927959e+02 6.194213871019534249e-62
1.152589686734912959e+02 5.841922922167410143e-63
1.169712323839625441e+02 5.442580157509239113e-64
1.186961209999065971e+02 5.009105381619420028e-65
1.204336345213234409e+02 4.554582285093386920e-66
1.221837729482130186e+02 4.091631400738526103e-67
1.239465362805754296e+02 3.631870268265590006e-68
1.257219245184106171e+02 3.185489114423942452e-69
1.275099376617185811e+02 2.760957952088586490e-70
1.293105757104992790e+02 2.364868622816660084e-71
1.311238386647528102e+02 2.001904206285342653e-72
1.329497265244791322e+02 1.674919340944413004e-73
1.347882392896781596e+02 1.385108905430974648e-74
1.366393769603500346e+02 1.132239368890272945e-75
1.385031395364947002e+02 9.149167495846852079e-77
1.403795270181120713e+02 7.308670742513925913e-78
1.422685394052022900e+02 5.772088876355936139e-79
1.441701766977652994e+02 4.507020406563109811e-80
1.460844388958010143e+02 3.479620334569367155e-81
1.480113259993095767e+02 2.656340511710444085e-82
1.499508380082909298e+02 2.005250911642245466e-83
1.519029749227449884e+02 1.496959826504485411e-84
1.538677367426718945e+02 1.105175338384005248e-85
1.558451234680715913e+02 8.069652422399013638e-87
1.578351350989439936e+02 5.827789853149555659e-88
1.598377716352892435e+02 4.162947870601482403e-89
1.618530330771072556e+02 2.941497917819693434e-90
1.638809194243980301e+02 2.056027274251023624e-91
1.659214306771616236e+02 1.421687176526249428e-92
1.679745668353979795e+02 9.725590742964323106e-94
1.700403278991070977e+02 6.582433082556239898e-95
1.721187138682890065e+02 4.407953569139079105e-96
1.742097247429437346e+02 2.920714282622810630e-97
1.763133605230712249e+02 1.914978414092625326e-98
1.784296212086714490e+02 1.242460272385790050e-99
1.805585067997445208e+02 7.977482652432588053e-101
1.827000172962903548e+02 5.069144849097176989e-102
1.848541526983089227e+02 3.187935996857103857e-103
1.870209130058003097e+02 1.984316618372025204e-104
1.892002982187644875e+02 1.222528785978159023e-105
1.913923083372013991e+02 7.455453643025769044e-107
1.935969433611111583e+02 4.500656435371094869e-108
1.958142032904936798e+02 2.689578677769774375e-109
1.980440881253489351e+02 1.591178464177180864e-110
2.002865978656770096e+02 9.319642873112598898e-112
2.025417325114778748e+02 5.404365709874155503e-113
2.048094920627514739e+02 3.102947746604079917e-114
2.070898765194978921e+02 1.764036279389565950e-115
2.093828858817171010e+02 9.930309395194335151e-117
2.116885201494090438e+02 5.535527563901232633e-118
2.140067793225738058e+02 3.055729003532693246e-119
2.163376634012113584e+02 1.670508565736123200e-120
2.186811723853216449e+02 9.044378821844197619e-122
2.210373062749047790e+02 4.849864373633712463e-123
2.234060650699606754e+02 2.575860318027750838e-124
2.257874487704892772e+02 1.356933808741154789e-125
2.281814573764907550e+02 6.342182459534823538e-127
2.305880908879649951e+02 -1.762242304392039868e-126
2.330073493049119406e+02 -4.147064563513612510e-126
2.354392326273317622e+02 -6.545767549011066015e-126
2.378837408552243460e+02 -8.956761382790680330e-126
2.403408739885896921e+02 -1.138012397961738629e-125
2.428106320274278005e+02 -1.381582235096885564e-125
2.452930149717387280e+02 -1.626384254242473541e-125
2.477880228215224179e+02 -1.872415236853802590e-125
2.502956555767788416e+02 -2.119673808575832615e-125
2.528159132375081128e+02 -2.368156682338831542e-125
2.553487958037101748e+02 -2.617862074426404777e-125
2.578943032753850844e+02 -2.868786974171727179e-125
2.604524356525326425e+02 -3.120929038157469058e-125
2.630231929351529629e+02 -3.374285473134158113e-125
2.656065751232462162e+02 -3.628853560166127262e-125
2.682025822168121181e+02 -3.884630496308837023e-125
2.708112142158507822e+02 -4.141613372465897769e-125
2.734324711203623792e+02 -4.399799250455295319e-125
2.760663529303466248e+02 -4.659185088406236832e-125
2.787128596458036327e+02 -4.919767790563216454e-125
2.813719912667335734e+02 -5.181544178029312186e-125
2.840437477931361627e+02 -5.444511001613452149e-125
2.867281292250115143e+02 -5.708664935450012036e-125
2.894251355623597419e+02 -5.974002578133127437e-125
2.921347668051806750e+02 -6.240520451391650514e-125
2.948570229534744271e+02 -6.508214999398198598e-125
2.975919040072409985e+02 -6.777082587968238500e-125
3.003394099664802752e+02 -7.047119503760658208e-125
3.030995408311923143e+02 -7.318321953483662494e-125
3.058722966013772862e+02 -7.590686063098381302e-125
3.086576772770349066e+02 -7.864207877022210460e-125
3.114556828581652894e+02 -8.138883357332057933e-125
3.142663133447686050e+02 -8.414708382967412677e-125
3.170895687368445124e+02 -8.691678748933354706e-125
3.199254490343932389e+02 -8.969790165503652294e-125
3.227739542374148982e+02 -9.249038257424041810e-125
3.256350843459092061e+02 -9.529418563115783613e-125
3.285088393598762764e+02 -9.810926533879627333e-125
3.313952192793162794e+02 -1.009355753310027257e-124
3.342942241042288742e+02 -1.037730683545144999e-124
3.372058538346144587e+02 -1.066216962610180115e-124
3.401301084704726350e+02 -1.094814099992150365e-124
3.430669880118036303e+02 -1.123521596069001733e-124
3.460164924586075017e+02 -1.152338942030479399e-124
3.489786218108840785e+02 -1.181265619799134547e-124
3.519533760686334176e+02 -1.210301101951455030e-124
3.549407552318556327e+02 -1.239444851639151384e-124
3.579407593005504964e+02 -1.268696322510602602e-124
3.609533882747181792e+02 -1.298054958632474690e-124
3.639786421543587380e+02 -1.327520194411526684e-124
3.670165209394720023e+02 -1.357091454516623456e-124
3.700670246300579720e+02 -1.386768153800955097e-124
3.731301532261169314e+02 -1.416549697224496462e-124
3.762059067276484825e+02 -1.446435479776700578e-124
3.792942851346528528e+02 -1.476424886399453845e-124
3.823952884471300990e+02 -1.506517291910312333e-124
3.855089166650799939e+02 -1.536712060926011417e-124
3.886351697885027079e+02 -1.567008547786286741e-124
3.917740478173982979e+02 -1.597406096478019527e-124
3.949255507517665933e+02 -1.627904040559703300e-124
3.980896785916075942e+02 -1.658501703086268960e-124
4.012664313369215847e+02 -1.689198396534277248e-124
4.044558089877081670e+02 -1.719993422727485724e-124
4.076578115439675685e+02 -1.750886072762824071e-124
4.108724390056998459e+02 -1.781875626936780032e-124
4.140996913729047719e+02 -1.812961354672217172e-124
4.173395686455825171e+02 -1.844142514445647785e-124
4.205920708237331382e+02 -1.875418353714967649e-124
4.238571979073564648e+02 -1.906788108847681188e-124
4.271349498964524969e+02 -1.938251005049626907e-124
4.304253267910214618e+02 -1.969806256294223671e-124
4.337283285910631321e+02 -2.001453065252261549e-124
4.370439552965775079e+02 -2.033190623222245003e-124
4.403722069075648733e+02 -2.065018110061320098e-124
4.437130834240248305e+02 -2.096934694116793737e-124
4.470665848459575500e+02 -2.128939532158272616e-124
4.504327111733632591e+02 -2.161031769310434496e-124
4.538114624062415601e+02 -2.193210538986461192e-124
4.572028385445926233e+02 -2.225474962822141662e-124
4.606068395884166762e+02 -2.257824150610675444e-124
4.640234655377133208e+02 -2.290257200238192799e-124
4.674527163924827278e+02 -2.322773197620015924e-124
4.708945921527251244e+02 -2.355371216637670882e-124
4.743490928184401128e+02 -2.388050319076691411e-124
4.778162183896278634e+02 -2.420809554565222572e-124
4.812959688662886037e+02 -2.453647960513442303e-124
4.847883442484219358e+02 -2.486564562053838655e-124
4.882933445360280302e+02 -2.519558371982357008e-124
4.918109697291071143e+02 -2.552628390700427731e-124
4.953412198276587901e+02 -2.585773606157928058e-124
4.988840948316832282e+02 -2.618992993797063473e-124
5.024395947411806560e+02 -2.652285516497224857e-124
5.060077195561506755e+02 -2.685650124520830658e-124
5.095884692765936279e+02 -2.719085755460167072e-124
5.131818439025091720e+02 -2.752591334185280000e-124
5.167878434338975921e+02 -2.786165772792911210e-124
5.204064678707588882e+02 -2.819807970556530778e-124
5.240377172130928329e+02 -2.853516813877464535e-124
5.276815914608995399e+02 -2.887291176237173218e-124
5.313380906141791229e+02 -2.921129918150673235e-124
5.350072146729314682e+02 -2.955031887121156570e-124
5.386889636371564620e+02 -2.988995917595816132e-124
5.423833375068544456e+02 -3.023020830922910128e-124
5.460903362820250777e+02 -3.057105435310094438e-124
5.498099599626684721e+02 -3.091248525784039777e-124
5.535422085487848562e+02 -3.125448884151373973e-124
5.572870820403737753e+02 -3.159705278960966960e-124
5.610445804374354566e+02 -3.194016465467588335e-124
5.648147037399702413e+02 -3.228381185596968101e-124
5.685974519479774472e+02 -3.262798167912284966e-124
5.723928250614575290e+02 -3.297266127582116608e-124
5.762008230804106006e+02 -3.331783766349864111e-124
5.800214460048362071e+02 -3.366349772504705541e-124
5.838546938347346895e+02 -3.400962820854080367e-124
5.877005665701060479e+02 -3.435621572697758041e-124
5.915590642109499413e+02 -3.470324675803494515e-124
5.954301867572667106e+02 -3.505070764384332114e-124
5.993139342090564696e+02 -3.539858459077554532e-124
6.032103065663187635e+02 -3.574686366925331371e-124
6.071193038290539334e+02 -3.609553081357093794e-124
6.110409259972619793e+02 -3.644457182173639609e-124
6.149751730709426738e+02 -3.679397235533046721e-124
6.189220450500960169e+02 -3.714371793938381522e-124
6.228815419347224633e+02 -3.749379396227250912e-124
6.268536637248214447e+02 -3.784418567563239944e-124
6.308384104203933020e+02 -3.819487819429238458e-124
6.348357820214380354e+02 -3.854585649622721770e-124
6.388457785279554173e+02 -3.889710542252981229e-124
6.428683999399454478e+02 -3.924860967740370974e-124
6.469036462574085817e+02 -3.960035382817570056e-124
6.509515174803442505e+02 -3.995232230532921223e-124
6.550120136087527953e+02 -4.030449940255859801e-124
6.590851346426342161e+02 -4.065686927684456191e-124
6.631708805819881718e+02 -4.100941594855150914e-124
6.672692514268150035e+02 -4.136212330154630130e-124
6.713802471771148248e+02 -4.171497508333981050e-124
6.755038678328871811e+02 -4.206795490525058355e-124
6.796401133941322996e+02 -4.242104624259159898e-124
6.837889838608505215e+02 -4.277423243488022580e-124
6.879504792330411647e+02 -4.312749668607161935e-124
6.921245995107046838e+02 -4.348082206481604113e-124
6.963113446938411926e+02 -4.383419150474039660e-124
7.005107147824502363e+02 -4.418758780475414207e-124
7.047227097765322696e+02 -4.454099362938020725e-124
7.089473296760868379e+02 -4.489439150911089997e-124
7.131845744811142822e+02 -4.524776384078938072e-124
7.174344441916147161e+02 -4.560109288801701793e-124
7.216969388075876850e+02 -4.595436078158664893e-124
7.259720583290334162e+02 -4.630754951994255297e-124
7.302598027559521370e+02 -4.666064096966702697e-124
7.345601720883433927e+02 -4.701361686599413507e-124
7.388731663262075244e+02 -4.736645881335080843e-124
7.431987854695445321e+02 -4.771914828592581567e-124
7.475370295183541884e+02 -4.807166662826661260e-124
7.518878984726366070e+02 -4.842399505590471772e-124
7.562513923323920153e+02 -4.877611465600965547e-124
7.606275110976200722e+02 -4.912800638807199625e-124
7.650162547683207777e+02 -4.947965108461564446e-124
7.694176233444945865e+02 -4.983102945193978594e-124
7.738316168261409302e+02 -5.018212207089070469e-124
7.782582352132600363e+02 -5.053290939766386378e-124
7.826974785058521320e+02 -5.088337176463657762e-124
7.871493467039167626e+02 -5.123348938123141024e-124
7.916138398074542692e+02 -5.158324233481072763e-124
7.960909578164646518e+02 -5.193261059160274022e-124
8.005807007309476830e+02 -5.228157399765915286e-124
8.050830685509034765e+02 -5.263011227984491794e-124
8.095980612763322597e+02 -5.297820504686011670e-124
8.141256789072336915e+02 -5.332583179029453984e-124
8.186659214436077718e+02 -5.367297188571505131e-124
8.232187888854549556e+02 -5.401960459378600411e-124
8.277842812327746742e+02 -5.436570906142302711e-124
8.323623984855671551e+02 -5.471126432298057759e-124
8.369531406438326258e+02 -5.505624930147309156e-124
8.415565077075706313e+02 -5.540064280983062204e-124
8.461724996767815128e+02 -5.574442355218852842e-124
8.508011165514652703e+02 -5.608757012521198140e-124
8.554423583316216764e+02 -5.643006101945528319e-124
8.600962250172508448e+02 -5.677187462075620468e-124
8.647627166083530028e+02 -5.711298921166572585e-124
8.694418331049278095e+02 -5.745338297291321291e-124
8.741335745069752647e+02 -5.779303398490736820e-124
8.788379408144958234e+02 -5.813192022927311225e-124
8.835549320274889169e+02 -5.847001959042460814e-124
8.882845481459547727e+02 -5.880730985717452862e-124
8.930267891698936182e+02 -5.914376872437999463e-124
8.977816550993049987e+02 -5.947937379462496654e-124
9.025491459341891414e+02 -5.981410257993965937e-124
9.073292616745463874e+02 -6.014793250355691472e-124
9.121220023203761684e+02 -6.048084090170563015e-124
9.169273678716787117e+02 -6.081280502544164072e-124
9.217453583284542447e+02 -6.114380204251585121e-124
9.265759736907023125e+02 -6.147380903928010592e-124
9.314192139584232564e+02 -6.180280302263058633e-124
9.362750791316170762e+02 -6.213076092198897985e-124
9.411435692102835446e+02 -6.245765959132165510e-124
9.460246841944230027e+02 -6.278347581119659163e-124
9.509184240840349958e+02 -6.310818629087855942e-124
9.558247888791197511e+02 -6.343176767046212864e-124
9.607437785796776097e+02 -6.375419652304318100e-124
9.656753931857078896e+02 -6.407544935692821776e-124
9.706196326972110455e+02 -6.439550261788221980e-124
9.755764971141871911e+02 -6.471433269141465689e-124
9.805459864366358715e+02 -6.503191590510362932e-124
9.855281006645573143e+02 -6.534822853095854494e-124
9.905228397979518604e+02 -6.566324678782076893e-124
9.955302038368188278e+02 -6.597694684380275031e-124
1.000550192781158671e+03 -6.628930481876509596e-124
1.005582806630971504e+03 -6.660029678683204577e-124
1.010628045386256872e+03 -6.690989877894482816e-124
1.015685909047015002e+03 -6.721808678545314799e-124
1.020756397613246236e+03 -6.752483675874456325e-124
1.025839511084949663e+03 -6.783012461591161622e-124
1.030935249462126421e+03 -6.813392624145684512e-124
1.036043612744775373e+03 -6.843621749003520581e-124
1.041164600932897656e+03 -6.873697418923405494e-124
1.046298214026492815e+03 -6.903617214239035002e-124
1.051444452025560167e+03 -6.933378713144507506e-124
1.056603314930100851e+03 -6.962979491983442122e-124
1.061774802740114183e+03 -6.992417125541795790e-124
1.066958915455599936e+03 -7.021689187344308872e-124
1.072155653076559020e+03 -7.050793249954604430e-124
1.077365015602990752e+03 -7.079726885278869820e-124
1.082587003034894906e+03 -7.108487664873146617e-124
1.087821615372272163e+03 -7.137073160254140713e-124
1.093068852615122296e+03 -7.165480943213594565e-124
1.098328714763444623e+03 -7.193708586136124191e-124
1.103601201817240280e+03 -7.221753662320531822e-124
1.108886313776508814e+03 -7.249613746304550557e-124
1.114184050641249542e+03 -7.277286414192973139e-124
1.119494412411463600e+03 -7.304769243989156470e-124
1.124817399087150307e+03 -7.332059815929822923e-124
1.130153010668309435e+03 -7.359155712823161806e-124
1.135501247154941893e+03 -7.386054520390158771e-124
1.140862108547047001e+03 -7.412753827609125451e-124
1.146235594844624302e+03 -7.439251227063378936e-124
1.151621706047675161e+03 -7.465544315292027430e-124
1.157020442156198442e+03 -7.491630693143807508e-124
1.162431803170194371e+03 -7.517507966133939369e-124
1.167855789089663404e+03 -7.543173744803927885e-124
1.173292399914605312e+03 -7.568625645084270812e-124
1.178741635645019414e+03 -7.593861288660017050e-124
1.184203496280906620e+03 -7.618878303339118714e-124
1.189677981822266929e+03 -7.643674323423509809e-124
1.195165092269099432e+03 -7.668246990082864509e-124
1.200664827621405038e+03 -7.692593951730987997e-124
1.206177187879183521e+03 -7.716712864404702998e-124
1.211702173042434424e+03 -7.740601392145304220e-124
1.217239783111158431e+03 -7.764257207382348938e-124
1.222790018085355314e+03 -7.787677991319866009e-124
1.228352877965024391e+03 -7.810861434324800269e-124
1.233928362750166798e+03 -7.833805236317707404e-124
1.239516472440782081e+03 -7.856507107165543135e-124
1.245117207036869559e+03 -7.878964767076571884e-124
1.250730566538430367e+03 -7.901175946997203469e-124
1.256356550945463823e+03 -7.923138389010784708e-124
1.261995160257969701e+03 -7.944849846738201480e-124
1.267646394475948910e+03 -7.966308085740237528e-124
1.273310253599400767e+03 -7.987510883921590874e-124
1.278986737628324818e+03 -8.008456031936490792e-124
1.284675846562722199e+03 -8.029141333595794376e-124
1.290377580402592457e+03 -8.049564606275497230e-124
1.296091939147935136e+03 -8.069723681326584369e-124
1.301818922798750918e+03 -8.089616404486083624e-124
1.307558531355039349e+03 -8.109240636289282918e-124
1.313310764816800202e+03 -8.128594252482966978e-124
1.319075623184034384e+03 -8.147675144439656689e-124
1.324853106456741443e+03 -8.166481219572621011e-124
1.330643214634920469e+03 -8.185010401751748772e-124
1.336445947718573052e+03 -8.203260631719993173e-124
1.342261305707698284e+03 -8.221229867510417534e-124
1.348089288602296392e+03 -8.238916084863699538e-124
1.353929896402366694e+03 -8.256317277645973047e-124
1.359783129107910327e+03 -8.273431458266928559e-124
1.365648986718926608e+03 -8.290256658098068176e-124
1.371527469235415310e+03 -8.306790927890982399e-124
1.377418576657377344e+03 -8.323032338195559752e-124
1.383322308984812025e+03 -8.338978979778040212e-124
1.389238666217718901e+03 -8.354628964038736102e-124
1.395167648356099335e+03 -8.369980423429410378e-124
1.401109255399952417e+03 -8.385031511870080534e-124
1.407063487349277693e+03 -8.399780405165243085e-124
1.413030344204076300e+03 -8.414225301419340622e-124
1.419009825964347783e+03 -8.428364421451367288e-124
1.425001932630091460e+03 -8.442196009208505207e-124
1.431006664201308467e+03 -8.455718332178681009e-124
1.437024020677998124e+03 -8.468929681801899707e-124
1.443054002060160201e+03 -8.481828373880258509e-124
1.449096608347795609e+03 -8.494412748986517966e-124
1.455151839540903666e+03 -8.506681172871084339e-124
1.461219695639483916e+03 -8.518632036867347774e-124
1.467300176643537725e+03 -8.530263758295141146e-124
1.473393282553064182e+03 -8.541574780862339724e-124
1.479499013368062833e+03 -8.552563575064349762e-124
1.485617369088534815e+03 -8.563228638581435592e-124
1.491748349714479673e+03 -8.573568496673752578e-124
1.497891955245896725e+03 -8.583581702573917958e-124
1.504048185682787107e+03 -8.593266837877070891e-124
1.510217041025150138e+03 -8.602622512928210071e-124
1.516398521272985590e+03 -8.611647367206745114e-124
1.522592626426294146e+03 -8.620340069708127340e-124
1.528799356485075805e+03 -8.628699319322385302e-124
1.535018711449329430e+03 -8.636723845209506260e-124
1.541250691319056614e+03 -8.644412407171502396e-124
1.547495296094256446e+03 -8.651763796021005559e-124
1.553752525774928472e+03 -8.658776833946346882e-124
1.560022380361073829e+03 -8.665450374872887827e-124
1.566304859852692061e+03 -8.671783304820582499e-124
1.572599964249782261e+03 -8.677774542257549542e-124
1.578907693552346018e+03 -8.683423038449596516e-124
1.585228047760382651e+03 -8.688727777805533842e-124
1.591561026873891478e+03 -8.693687778218160761e-124
1.597906630892873409e+03 -8.698302091400810770e-124
1.604264859817328215e+03 -8.702569803219296998e-124
1.610635713647255443e+03 -8.706490034019171859e-124
1.617019192382655774e+03 -8.710061938948158236e-124
1.623415296023528981e+03 -8.713284708273616150e-124
1.629824024569874382e+03 -8.716157567694940795e-124
1.636245378021693114e+03 -8.718679778650765975e-124
1.642679356378984721e+03 -8.720850638620825146e-124
1.649125959641748523e+03 -8.722669481422402893e-124
1.655585187809985655e+03 -8.724135677501192096e-124
1.662057040883695663e+03 -8.725248634216471125e-124
1.668541518862877638e+03 -8.726007796120490236e-124
1.675038621747533170e+03 -8.726412645231924391e-124
1.681548349537661352e+03 -8.726462701303288401e-124
1.688070702233261727e+03 -8.726157522082190083e-124
1.694605679834335660e+03 -8.725496703566325723e-124
1.701153282340882242e+03 -8.724479880252065008e-124
1.707713509752901018e+03 -8.723106725376566636e-124
1.714286362070393125e+03 -8.721376951153249953e-124
1.720871839293358107e+03 -8.719290309000575582e-124
1.727469941421795284e+03 -8.716846589763963739e-124
1.734080668455705563e+03 -8.714045623930801544e-124
1.740704020395088946e+03 -8.710887281838374717e-124
1.747339997239944523e+03 -8.707371473874683370e-124
1.753988598990273204e+03 -8.703498150671962187e-124
1.760649825646074760e+03 -8.699267303292874753e-124
1.767323677207348737e+03 -8.694678963409242654e-124
1.774010153674095818e+03 -8.689733203473200159e-124
1.780709255046315775e+03 -8.684430136880727484e-124
1.787420981324007926e+03 -8.678769918127401386e-124
1.794145332507173407e+03 -8.672752742956336234e-124
1.800882308595811764e+03 -8.666378848498161032e-124
1.807631909589922316e+03 -8.659648513402990417e-124
1.814394135489506198e+03 -8.652562057964288859e-124
1.821168986294562728e+03 -8.645119844234513858e-124
1.827956462005091680e+03 -8.637322276132504555e-124
1.834756562621093735e+03 -8.629169799542491467e-124
1.841569288142568894e+03 -8.620662902404671933e-124
1.848394638569516019e+03 -8.611802114797253856e-124
1.855232613901936475e+03 -8.602588009009920713e-124
1.862083214139829806e+03 -8.593021199608623794e-124
1.868946439283195332e+03 -8.583102343491621045e-124
1.875822289332034416e+03 -8.572832139936728927e-124
1.882710764286345920e+03 -8.562211330639694925e-124
1.889611864146129847e+03 -8.551240699743625206e-124
1.896525588911387104e+03 -8.539921073859425435e-124
1.903451938582117236e+03 -8.528253322077192612e-124
1.910390913158319336e+03 -8.516238355968457168e-124
1.917342512639994993e+03 -8.503877129579324006e-124
1.924306737027143299e+03 -8.491170639414324415e-124
1.931283586319763799e+03 -8.478119924411067836e-124
1.938273060517857857e+03 -8.464726065905540679e-124
1.945275159621424564e+03 -8.450990187588067282e-124
1.952289883630463237e+03 -8.436913455449884325e-124
1.959317232544975695e+03 -8.422497077720279982e-124
1.966357206364960575e+03 -8.407742304794259188e-124
1.973409805090417876e+03 -8.392650429150729991e-124
1.980475028721348508e+03 -8.377222785261148827e-124
1.987552877257752016e+03 -8.361460749488636501e-124
1.994643350699627490e+03 -8.345365739977487594e-124
2.001746449046976522e+03 -8.328939216533125381e-124
2.008862172299798203e+03 -8.312182680492409870e-124
2.015990520458092760e+03 -8.295097674584356078e-124
2.023131493521859284e+03 -8.277685782781185284e-124
2.030285091491099593e+03 -8.259948630139751236e-124
2.037451314365812323e+03 -8.241887882633321185e-124
2.044630162145997474e+03 -8.223505246973691554e-124
2.051821634831655501e+03 -8.204802470423675228e-124
2.059025732422786859e+03 -8.185781340599925169e-124
2.066242454919390184e+03 -8.166443685266141394e-124
2.073471802321466839e+03 -8.146791372116636126e-124
2.080713774629016370e+03 -8.126826308550300772e-124
2.087968371842038323e+03 -8.106550441434983137e-124
2.095235593960533151e+03 -8.085965756862268152e-124
2.102515440984501311e+03 -8.065074279892741052e-124
2.109807912913941436e+03 -8.043878074291702767e-124
2.117113009748854893e+03 -8.022379242255418154e-124
2.124430731489240770e+03 -8.000579924127878581e-124
2.131761078135099524e+03 -7.978482298108167888e-124
2.139104049686431154e+03 -7.956088579948440109e-124
2.146459646143235659e+03 -7.933401022642552637e-124
2.153827867505512586e+03 -7.910421916105416953e-124
2.161208713773262843e+03 -7.887153586843100532e-124
2.168602184946485522e+03 -7.863598397613762195e-124
2.176008281025180622e+03 -7.839758747079429323e-124
2.183427002009349053e+03 -7.815637069448721052e-124
2.190858347898990360e+03 -7.791235834110562797e-124
2.198302318694103633e+03 -7.766557545258959280e-124
2.205758914394690692e+03 -7.741604741508893247e-124
2.213228135000750171e+03 -7.716379995503432164e-124
2.220709980512282073e+03 -7.690885913512105032e-124
2.228204450929287304e+03 -7.665125135020648408e-124
2.235711546251765412e+03 -7.639100332312190501e-124
2.243231266479715487e+03 -7.612814210039953939e-124
2.250763611613138892e+03 -7.586269504791588074e-124
2.258308581652035173e+03 -7.559468984645197978e-124
2.265866176596403420e+03 -7.532415448717200319e-124
2.273436396446245453e+03 -7.505111726702050590e-124
2.281019241201559907e+03 -7.477560678404010512e-124
2.288614710862346783e+03 -7.449765193261003444e-124
2.296222805428606989e+03 -7.421728189860703095e-124
2.303843524900340071e+03 -7.393452615448947902e-124
2.311476869277545120e+03 -7.364941445430605356e-124
2.319122838560223954e+03 -7.336197682862995437e-124
2.326781432748375209e+03 -7.307224357942009198e-124
2.334452651841998431e+03 -7.278024527481020756e-124
2.342136495841095439e+03 -7.248601274382748862e-124
2.349832964745665322e+03 -7.218957707104169668e-124
2.357542058555707172e+03 -7.189096959114641933e-124
2.365263777271222352e+03 -7.159022188347351283e-124
2.372998120892210409e+03 -7.128736576644230586e-124
2.380745089418670432e+03 -7.098243329194491624e-124
2.388504682850603785e+03 -7.067545673966909978e-124
2.396276901188010470e+03 -7.036646861136015961e-124
2.404061744430888666e+03 -7.005550162502328473e-124
2.411859212579240648e+03 -6.974258870906800570e-124
2.419669305633065505e+03 -6.942776299639607736e-124
2.427492023592362330e+03 -6.911105781843464448e-124
2.435327366457132484e+03 -6.879250669911604231e-124
2.443175334227375515e+03 -6.847214334880589459e-124
2.451035926903090967e+03 -6.815000165818128105e-124
2.458909144484279295e+03 -6.782611569206053613e-124
2.466794986970940954e+03 -6.750051968318621572e-124
2.474693454363074125e+03 -6.717324802596334806e-124
2.482604546660681535e+03 -6.684433527015426195e-124
2.490528263863760912e+03 -6.651381611453190688e-124
2.498464605972312711e+03 -6.618172540049362170e-124
2.506413572986338295e+03 -6.584809810563681284e-124
2.514375164905836300e+03 -6.551296933729854929e-124
2.522349381730806726e+03 -6.517637432606090463e-124
2.530336223461250029e+03 -6.483834841922380150e-124
2.538335690097166662e+03 -6.449892707424725602e-124
2.546347781638555261e+03 -6.415814585216497894e-124
2.554372498085417192e+03 -6.381604041097102967e-124
2.562409839437751998e+03 -6.347264649898168977e-124
2.570459805695558771e+03 -6.312799994817426894e-124
2.578522396858839329e+03 -6.278213666750485878e-124
2.586597612927592309e+03 -6.243509263620701635e-124
2.594685453901817255e+03 -6.208690389707323297e-124
2.602785919781515986e+03 -6.173760654972130474e-124
2.610899010566687593e+03 -6.138723674384748562e-124
2.619024726257331167e+03 -6.103583067246837119e-124
2.627163066853448072e+03 -6.068342456515368815e-124
2.635314032355037853e+03 -6.033005468125181174e-124
2.643477622762100054e+03 -5.997575730311013553e-124
2.651653838074635132e+03 -5.962056872929225027e-124
2.659842678292643541e+03 -5.926452526779406460e-124
2.668044143416123461e+03 -5.890766322926074041e-124
2.676258233445077622e+03 -5.855001892020663435e-124
2.684484948379503749e+03 -5.819162863624019385e-124
2.692724288219402297e+03 -5.783252865529584806e-124
2.700976252964774631e+03 -5.747275523087498477e-124
2.709240842615619385e+03 -5.711234458529805379e-124
2.717518057171936107e+03 -5.675133290296975340e-124
2.725807896633726614e+03 -5.638975632365946637e-124
2.734110361000989997e+03 -5.602765093579888537e-124
2.742425450273725346e+03 -5.566505276979891023e-124
2.750753164451934026e+03 -5.530199779138784094e-124
2.759093503535615582e+03 -5.493852189497289843e-124
2.767446467524769105e+03 -5.457466089702708016e-124
2.775812056419395958e+03 -5.421045052950336584e-124
2.784190270219496142e+03 -5.384592643327828867e-124
2.792581108925067838e+03 -5.348112415162687911e-124
2.800984572536113319e+03 -5.311607912373099641e-124
2.809400661052631676e+03 -5.275082667822285351e-124
2.817829374474622455e+03 -5.238540202676607797e-124
2.826270712802085654e+03 -5.201984025767574506e-124
2.834724676035022185e+03 -5.165417632957986011e-124
2.843191264173431591e+03 -5.128844506512381847e-124
2.851670477217312964e+03 -5.092268114471995087e-124
2.860162315166668122e+03 -5.055691910034403500e-124
2.868666778021495702e+03 -5.019119330938059583e-124
2.877183865781795248e+03 -4.982553798851890059e-124
2.885713578447568580e+03 -4.945998718770153796e-124
2.894255916018814787e+03 -4.909457478412729450e-124
2.902810878495532506e+03 -4.872933447631025129e-124
2.911378465877724466e+03 -4.836429977819683907e-124
2.919958678165388847e+03 -4.799950401334264884e-124
2.928551515358525194e+03 -4.763498030915061033e-124
2.937156977457134872e+03 -4.727076159117257036e-124
2.945775064461217880e+03 -4.690688057747550562e-124
2.954405776370772401e+03 -4.654336977307452785e-124
2.963049113185800707e+03 -4.618026146443400841e-124
2.971705074906301888e+03 -4.581758771403848466e-124
2.980373661532275037e+03 -4.545538035503515378e-124
2.989054873063721516e+03 -4.509367098594913801e-124
2.997748709500640871e+03 -4.473249096547352812e-124
3.006455170843032647e+03 -4.437187140733526347e-124
3.015174257090897299e+03 -4.401184317523867900e-124
3.023905968244235282e+03 -4.365243687788791170e-124
3.032650304303045232e+03 -4.329368286408976213e-124
3.041407265267328512e+03 -4.293561121793832916e-124
3.050176851137084668e+03 -4.257825175408271134e-124
3.058959061912312336e+03 -4.222163401307919393e-124
3.067753897593014244e+03 -4.186578725682913924e-124
3.076561358179188574e+03 -4.151074046410391542e-124
3.085381443670835324e+03 -4.115652232615792188e-124
3.094214154067954951e+03 -4.080316124243104632e-124
3.103059489370547908e+03 -4.045068531634167042e-124
3.111917449578612832e+03 -4.009912235117124857e-124
3.120788034692151086e+03 -3.974849984604155966e-124
3.129671244711162217e+03 -3.939884499198579924e-124
3.138567079635645314e+03 -3.905018466811426772e-124
3.147475539465602196e+03 -3.870254543787585560e-124
3.156396624201031500e+03 -3.835595354541602242e-124
3.165330333841933225e+03 -3.801043491203230264e-124
3.174276668388308281e+03 -3.766601513272819892e-124
3.183235627840155757e+03 -3.732271947286600455e-124
3.192207212197475656e+03 -3.698057286491969704e-124
3.201191421460269339e+03 -3.663959990532829755e-124
3.210188255628535444e+03 -3.629982485145053587e-124
3.219197714702273515e+03 -3.596127161862142143e-124
3.228219798681485372e+03 -3.562396377731127449e-124
3.237254507566169650e+03 -3.528792455038786408e-124
3.246301841356326349e+03 -3.495317681048203073e-124
3.255361800051956379e+03 -3.461974307745737741e-124
3.264434383653059285e+03 -3.428764551598441509e-124
3.273519592159634158e+03 -3.395690593321949455e-124
3.282617425571682361e+03 -3.362754577658896113e-124
3.291727883889203440e+03 -3.329958613167874235e-124
3.300850967112196940e+03 -3.297304772022969170e-124
3.309986675240663772e+03 -3.264795089823883554e-124
3.319135008274603024e+03 -3.232431565416675823e-124
3.328295966214014697e+03 -3.200216160725120531e-124
3.337469549058899702e+03 -3.168150800592700963e-124
3.346655756809257582e+03 -3.136237372635238671e-124
3.355854589465087429e+03 -3.104477727104155299e-124
3.365066047026391061e+03 -3.072873676760373854e-124
3.374290129493167115e+03 -3.041426996758832115e-124
3.383526836865415589e+03 -3.010139424543617428e-124
3.392776169143137395e+03 -2.979012659753688455e-124
3.402038126326331621e+03 -2.948048364139168333e-124
3.411312708414998269e+03 -2.917248161488189945e-124
3.420599915409138248e+03 -2.886613637564255086e-124
3.429899747308751557e+03 -2.856146340054077711e-124
3.439212204113836378e+03 -2.825847778525873481e-124
3.448537285824394985e+03 -2.795719424398057399e-124
3.457874992440426013e+03 -2.765762710918294958e-124
3.467225323961929462e+03 -2.735979033152866897e-124
3.476588280388906242e+03 -2.706369747986289645e-124
3.485963861721355897e+03 -2.676936174131130136e-124
3.495352067959277065e+03 -2.647679592147963361e-124
3.504752899102672473e+03 -2.618601244475397494e-124
3.514166355151540301e+03 -2.589702335470104038e-124
3.523592436105880097e+03 -2.560984031456777406e-124
3.533031141965693678e+03 -2.532447460787949217e-124
3.542482472730980135e+03 -2.504093713913577088e-124
3.551946428401738558e+03 -2.475923843460323135e-124
3.561423008977970312e+03 -2.447938864320436089e-124
3.570912214459674942e+03 -2.420139753750148871e-124
3.580414044846851539e+03 -2.392527451477493359e-124
3.589928500139501466e+03 -2.365102859819438324e-124
3.599455580337624724e+03 -2.337866843808249311e-124
3.608995285441219494e+03 -2.310820231326967632e-124
3.618547615450288049e+03 -2.283963813253900963e-124
3.628112570364829480e+03 -2.257298343616014291e-124
3.637690150184842878e+03 -2.230824539751111194e-124
3.647280354910329606e+03 -2.204543082478689171e-124
3.656883184541289211e+03 -2.178454616279349755e-124
3.666498639077720782e+03 -2.152559749482638728e-124
3.676126718519626138e+03 -2.126859054463202648e-124
3.685767422867004370e+03 -2.101353067845120605e-124
3.695420752119854114e+03 -2.076042290714294072e-124
3.705086706278177644e+03 -2.050927188838758816e-124
3.714765285341974050e+03 -2.026008192896782401e-124
3.724456489311242422e+03 -2.001285698712613775e-124
3.734160318185984124e+03 -1.976760067499746802e-124
3.743876771966199158e+03 -1.952431626111554981e-124
3.753605850651886612e+03 -1.928300667299154183e-124
3.763347554243046034e+03 -1.904367449976351063e-124
3.773101882739678786e+03 -1.880632199491530415e-124
3.782868836141784868e+03 -1.857095107906326948e-124
3.792648414449362463e+03 -1.833756334280940829e-124
3.802440617662413842e+03 -1.810616004965937871e-124
3.812245445780938098e+03 -1.787674213900382367e-124
3.822062898804934321e+03 -1.764931022916150369e-124
3.831892976734403874e+03 -1.742386462048263235e-124
3.841735679569346757e+03 -1.720040529851088188e-124
3.851591007309761153e+03 -1.697893193720241310e-124
3.861458959955648879e+03 -1.675944390220040540e-124
3.871339537507009936e+03 -1.654194025416340750e-124
3.881232739963842505e+03 -1.632641975214592596e-124
3.891138567326149314e+03 -1.611288085702963285e-124
3.901057019593928544e+03 -1.590132173500353002e-124
3.910988096767179286e+03 -1.569174026109144495e-124
3.920931798845904268e+03 -1.548413402272522285e-124
3.930888125830101671e+03 -1.527850032336192718e-124
3.940857077719771041e+03 -1.507483618614344254e-124
3.950838654514914197e+03 -1.487313835759676482e-124
3.960832856215530228e+03 -1.467340331137338093e-124
3.970839682821618226e+03 -1.447562725202600843e-124
3.980859134333179554e+03 -1.427980611882109302e-124
3.990891210750213759e+03 -1.408593558958535319e-124
4.000935912072719930e+03 -1.389401108458474482e-124
4.010993238300699886e+03 -1.370402777043416016e-124
4.021063189434152264e+03 -1.351598056403623400e-124
4.031145765473076608e+03 -1.332986413654757356e-124
4.041240966417475192e+03 -1.314567291737078076e-124
4.051348792267345743e+03 -1.296340109817061905e-124
4.061469243022688715e+03 -1.278304263691270177e-124
4.071602318683505018e+03 -1.260459126192304179e-124
4.081748019249794652e+03 -1.242804047596687079e-124
4.091906344721555797e+03 -1.225338356034510359e-124
4.102077295098791183e+03 -1.208061357900683715e-124
4.112260870381499444e+03 -1.190972338267629513e-124
4.122457070569679672e+03 -1.174070561299263501e-124
4.132665895663330957e+03 -1.157355270666105399e-124
4.142887345662456937e+03 -1.140825689961361251e-124
4.153121420567055793e+03 -1.124481023117824752e-124
4.163368120377126615e+03 -1.108320454825443829e-124
4.173627445092671223e+03 -1.092343150949399904e-124
4.183899394713688707e+03 -1.076548258948550116e-124
4.194183969240176339e+03 -1.060934908294083680e-124
4.204481168672139574e+03 -1.045502210888244588e-124
4.214790993009574777e+03 -1.030249261482975371e-124
4.225113442252482855e+03 -1.015175138098338124e-124
4.235448516400863809e+03 -1.000278902440572133e-124
4.245796215454717640e+03 -9.855596003196447270e-125
4.256156539414044346e+03 -9.710162620661605672e-125
4.266529488278842109e+03 -9.566479029474912466e-125
4.276915062049113658e+03 -9.424535235829913621e-125
4.287313260724858992e+03 -9.284321103581685925e-125
4.297724084306076293e+03 -9.145826358376791973e-125
4.308147532792766469e+03 -9.009040591770186742e-125
4.318583606184930431e+03 -8.873953265327836071e-125
4.329032304482564541e+03 -8.740553714713812656e-125
4.339493627685673346e+03 -8.608831153760651933e-125
4.349967575794255026e+03 -8.478774678521773336e-125
4.360454148808308673e+03 -8.350373271304829082e-125
4.370953346727836106e+03 -8.223615804684806956e-125
4.381465169552836414e+03 -8.098491045495796491e-125
4.391989617283306870e+03 -7.974987658800316398e-125
4.402526689919252931e+03 -7.853094211835139921e-125
4.413076387460670958e+03 -7.732799177932575800e-125
4.423638709907561861e+03 -7.614090940416194021e-125
4.434213657259925640e+03 -7.496957796470006499e-125
4.444801229517762295e+03 -7.381387960980137019e-125
4.455401426681070006e+03 -7.267369570348039911e-125
4.466014248749852413e+03 -7.154890686274377363e-125
4.476639695724106787e+03 -7.043939299512645285e-125
4.487277767603834945e+03 -6.934503333591709065e-125
4.497928464389035071e+03 -6.826570648506415762e-125
4.508591786079708982e+03 -6.720129044375478691e-125
4.519267732675853040e+03 -6.615166265065866061e-125
4.529956304177471793e+03 -6.511670001782929479e-125
4.540657500584563422e+03 -6.409627896625579568e-125
4.551371321897127928e+03 -6.309027546105785454e-125
4.562097768115165309e+03 -6.209856504631765192e-125
4.572836839238675566e+03 -6.112102287954194273e-125
4.583588535267655971e+03 -6.015752376574859114e-125
4.594352856202111980e+03 -5.920794219117143559e-125
4.605129802042039955e+03 -5.827215235657814117e-125
4.615919372787440807e+03 -5.735002821019559160e-125
4.626721568438314534e+03 -5.644144348023809724e-125
4.637536388994662047e+03 -5.554627170703326534e-125
4.648363834456478799e+03 -5.466438627474164870e-125
4.659203904823771154e+03 -5.379566044266541777e-125
4.670056600096536386e+03 -5.293996737614263423e-125
4.680921920274774493e+03 -5.209718017702316892e-125
4.691799865358484567e+03 -5.126717191372306246e-125
4.702690435347668426e+03 -5.044981565085421116e-125
4.713593630242322433e+03 -4.964498447842647062e-125
4.724509450042451135e+03 -4.885255154061971033e-125
4.735437894748053623e+03 -4.807239006412347838e-125
4.746378964359128076e+03 -4.730437338604215614e-125
4.757332658875675406e+03 -4.654837498136397049e-125
4.768298978297694703e+03 -4.580426848999217906e-125
4.779277922625185965e+03 -4.507192774333725269e-125
4.790269491858151923e+03 -4.435122679046896884e-125
4.801273685996589847e+03 -4.364203992382769153e-125
4.812290505040501557e+03 -4.294424170449425543e-125
4.823319948989885233e+03 -4.225770698701819674e-125
4.834362017844741786e+03 -4.158231094380425756e-125
4.845416711605069395e+03 -4.091792908905740501e-125
4.856484030270871699e+03 -4.026443730228670113e-125
4.867563973842146879e+03 -3.962171185136876872e-125
4.878656542318894935e+03 -3.898962941517169817e-125
4.889761735701115867e+03 -3.836806710574046596e-125
4.900879553988808766e+03 -3.775690249004526601e-125
4.912009997181973631e+03 -3.715601361129426556e-125
4.923153065280612282e+03 -3.656527900981253846e-125
4.934308758284723808e+03 -3.598457774348916489e-125
4.945477076194308211e+03 -3.541378940779469681e-125
4.956658019009365489e+03 -3.485279415537137161e-125
4.967851586729895644e+03 -3.430147271519860386e-125
4.979057779355896855e+03 -3.375970641133667836e-125
4.990276596887372762e+03 -3.322737718125143674e-125
5.001508039324321544e+03 -3.270436759372333739e-125
5.012752106666742293e+03 -3.219056086634405879e-125
5.024008798914636827e+03 -3.168584088260432015e-125
5.035278116068003328e+03 -3.119009220857656158e-125
5.046560058126840886e+03 -3.070320010919643057e-125
5.057854625091153139e+03 -3.022505056414706366e-125
5.069161816960938268e+03 -2.975553028335052967e-125
5.080481633736196272e+03 -2.929452672207067014e-125
5.091814075416927153e+03 -2.884192809563202362e-125
5.103159142003130910e+03 -2.839762339375946285e-125
5.114516833494804814e+03 -2.796150239454352556e-125
5.125887149891954323e+03 -2.753345567803625679e-125
5.137270091194575798e+03 -2.711337463948293190e-125
5.148665657402670149e+03 -2.670115150219486651e-125
5.160073848516238286e+03 -2.629667933006871391e-125
5.171494664535278389e+03 -2.589985203975788157e-125
5.182928105459788640e+03 -2.551056441250181344e-125
5.194374171289774495e+03 -2.512871210561879071e-125
5.205832862025233226e+03 -2.475419166366844401e-125
5.217304177666164833e+03 -2.438690052928986031e-125
5.228788118212568406e+03 -2.402673705372151979e-125
5.240284683664445765e+03 -2.367360050700944448e-125
5.251793874021793272e+03 -2.332739108790984358e-125
5.263315689284615473e+03 -2.298800993349284222e-125
5.274850129452910551e+03 -2.265535912845391693e-125
5.286397194526679414e+03 -2.232934171413967717e-125
5.297956884505920243e+03 -2.200986169729491256e-125
5.309529199390633039e+03 -2.169682405853769225e-125
5.321114139180817801e+03 -2.139013476056958045e-125
5.332711703876477259e+03 -2.108970075612803509e-125
5.344321893477608683e+03 -2.079542999568810904e-125
5.355944707984212982e+03 -2.050723143492072275e-125
5.367580147396291068e+03 -2.022501504191483241e-125
5.379228211713841119e+03 -1.994869180417083347e-125
5.390888900936864047e+03 -1.967817373537272295e-125
5.402562215065358032e+03 -1.941337388194646273e-125
5.414248154099326712e+03 -1.915420632941223787e-125
5.425946718038768267e+03 -1.890058620853817020e-125
5.437657906883681790e+03 -1.865242970130325476e-125
5.449381720634069097e+03 -1.840965404667727079e-125
5.461118159289929281e+03 -1.817217754622550316e-125
5.472867222851259612e+03 -1.793991956954615193e-125
5.484628911318064638e+03 -1.771280055954834454e-125
5.496403224690342540e+03 -1.749074203757874915e-125
5.508190162968093318e+03 -1.727366660840480065e-125
5.519989726151316972e+03 -1.706149796506260347e-125
5.531801914240013502e+03 -1.685416089357764348e-125
5.543626727234181089e+03 -1.665158127756640981e-125
5.555464165133822462e+03 -1.645368610272716900e-125
5.567314227938937620e+03 -1.626040346122807653e-125
5.579176915649524744e+03 -1.607166255600087574e-125
5.591052228265585654e+03 -1.588739370494852676e-125
5.602940165787118531e+03 -1.570752834507501031e-125
5.614840728214122464e+03 -1.553199903654570653e-125
5.626753915546601093e+03 -1.536073946668671452e-125
5.638679727784552597e+03 -1.519368445393151013e-125
5.650618164927976977e+03 -1.503076995172334969e-125
5.662569226976873324e+03 -1.487193305238191938e-125
5.674532913931243456e+03 -1.471711199094264871e-125
5.686509225791083736e+03 -1.456624614897722176e-125
5.698498162556399620e+03 -1.441927605840376753e-125
5.710499724227187471e+03 -1.427614340529528956e-125
5.722513910803448198e+03 -1.413679103369486321e-125
5.734540722285181801e+03 -1.400116294944616599e-125
5.746580158672388279e+03 -1.386920432404795085e-125
5.758632219965065815e+03 -1.374086149854100136e-125
5.770696906163218046e+03 -1.361608198743623139e-125
5.782774217266842243e+03 -1.349481448269252848e-125
5.794864153275940225e+03 -1.337700885775296659e-125
5.806966714190510174e+03 -1.326261617164804029e-125
5.819081900010553909e+03 -1.315158867317458253e-125
5.831209710736067791e+03 -1.304387980515899967e-125
5.843350146367056368e+03 -1.293944420881354124e-125
5.855503206903517821e+03 -1.283823772819424578e-125
5.867668892345452150e+03 -1.274021741476926714e-125
5.879847202692859355e+03 -1.264534153210626997e-125
5.892038137945739436e+03 -1.255356956068759856e-125
5.904241698104089664e+03 -1.246486220286192890e-125
5.916457883167914588e+03 -1.237918138794109237e-125
5.928686693137213297e+03 -1.229649027745081761e-125
5.940928128011983972e+03 -1.221675327054408430e-125
5.953182187792227523e+03 -1.213993600958580113e-125
5.965448872477944860e+03 -1.206600538591757276e-125
5.977728182069131435e+03 -1.199492954581121285e-125
5.990020116565793614e+03 -1.192667789661980195e-125
6.002324675967928670e+03 -1.186122111313493443e-125
6.014641860275536601e+03 -1.179853114415895178e-125
6.026971669488616499e+03 -1.173858121930082218e-125
6.039314103607170182e+03 -1.168134585600441399e-125
6.051669162631194013e+03 -1.162680086681787146e-125
6.064036846560692538e+03 -1.157492336691279825e-125
6.076417155395663940e+03 -1.152569178186193890e-125
6.088810089136108218e+03 -1.147908585568408737e-125
6.101215647782025371e+03 -1.143508665916486019e-125
6.113633831333415401e+03 -1.139367659846205305e-125
6.126064639790276487e+03 -1.135483942400422603e-125
6.138508073152611360e+03 -1.131856023969117091e-125
6.150964131420420017e+03 -1.128482551240490949e-125
6.163432814593700641e+03 -1.125362308183982794e-125
6.175914122672455051e+03 -1.122494217066057257e-125
6.188408055656681427e+03 -1.119877339499627890e-125
6.200914613546378860e+03 -1.117510877527970085e-125
6.213433796341550988e+03 -1.115394174743978136e-125
6.225965604042195991e+03 -1.113526717445617106e-125
6.238510036648313871e+03 -1.111908135828420097e-125
6.251067094159903718e+03 -1.110538205215871722e-125
6.263636776576967350e+03 -1.109416847328525245e-125
6.276219083899501129e+03 -1.108544131592687232e-125
6.288814016127509603e+03 -1.107920276489505100e-125
6.301421573260991863e+03 -1.107545650945287344e-125
6.314041755299946090e+03 -1.107420775763881338e-125
