0.000000000000000000e+00 9.741720809416451118e-03
7.901471645829974758e-03 9.733880836410097742e-03
2.842784876444096748e-02 9.713515766857881706e-03
6.157913135583295561e-02 9.680629932922572151e-03
1.073553194200059790e-01 9.635230059867766830e-03
1.657564129569600309e-01 9.577326096160704988e-03
2.367824119666950278e-01 9.506931139164197242e-03
3.204333164492110808e-01 9.424062007654250908e-03
4.167091264045081345e-01 9.328739799447458708e-03
5.256098418325862998e-01 9.220990654429593938e-03
6.471354627334453546e-01 9.100846744140255601e-03
7.812859891070854657e-01 8.968347744245026495e-03
9.280614209535064107e-01 8.823542328383509811e-03
1.087461758272708856e+00 8.666490239176340843e-03
1.259487001064691691e+00 8.497265500848255604e-03
1.444137149329456138e+00 8.315960519635432618e-03
1.641412203067001085e+00 8.122691131859429217e-03
1.851312162277326978e+00 7.917603869434807623e-03
2.073837026960434482e+00 7.700886419102612526e-03
2.308986797116322265e+00 7.472781501231738795e-03
2.556761472744991881e+00 7.233607357099463252e-03
2.817161053846441554e+00 6.983787280268678906e-03
3.090185540420673505e+00 6.723893225697398154e-03
3.375834932467685068e+00 6.454711501735001765e-03
3.674109229987478020e+00 6.177343282329033486e-03
3.985008432980052806e+00 5.893360191184021137e-03
4.308532541445408093e+00 5.605045729389204756e-03
4.644681555383542992e+00 5.315764656846592474e-03
4.993455474794460613e+00 5.030499970322077803e-03
5.354854299678160068e+00 4.756529423198648659e-03
5.728878030034639579e+00 4.503950840355443706e-03
6.115526665863898259e+00 4.285149016458603827e-03
6.514800207165940549e+00 4.111722314464850807e-03
6.926698653940762895e+00 3.988864837698653451e-03
7.351222006188364411e+00 3.911652086425936557e-03
7.788370263908749536e+00 3.867984665230656677e-03
8.238143427101915606e+00 3.845107738075048947e-03
8.700541495767863509e+00 3.833531161664636370e-03
9.175564469906587917e+00 3.827300602895719519e-03
9.663212349518097710e+00 3.822654274264006453e-03
1.016348513460238756e+01 3.817885136271973769e-03
1.067638282515945569e+01 3.812995770113051901e-03
1.120190542118930921e+01 3.807986197796143363e-03
1.174005292269194101e+01 3.802856443402718480e-03
1.229082532966735641e+01 3.797606533223944845e-03
1.285422264211554833e+01 3.792236495867289548e-03
1.343024486003652385e+01 3.786746362377932905e-03
1.401889198343028120e+01 3.781136166358885914e-03
1.462016401229681684e+01 3.775405944094909361e-03
1.523406094663613608e+01 3.769555734678826844e-03
1.586058278644823716e+01 3.763585580140520540e-03
1.649972953173311652e+01 3.757495525578576773e-03
1.715150118249077948e+01 3.751285619294542767e-03
1.781589773872122251e+01 3.744955912929813675e-03
1.849291920042444204e+01 3.738506461605106950e-03
1.918256556760045228e+01 3.731937324062531858e-03
1.988483684024923548e+01 3.725248562810228991e-03
2.059973301837079873e+01 3.718440244269564151e-03
2.132725410196514915e+01 3.711512438924866215e-03
2.206740009103227607e+01 3.704465221475672539e-03
2.282017098557219015e+01 3.697298670991485368e-03
2.358556678558488073e+01 3.690012871069002411e-03
2.436358749107034782e+01 3.682607909991800731e-03
2.515423310202860563e+01 3.675083880892457931e-03
2.595750361845963639e+01 3.667440881917069864e-03
2.677339904036344720e+01 3.659679016392162684e-03
2.760191936774004873e+01 3.651798392993942446e-03
2.844306460058942321e+01 3.643799125919873136e-03
2.929683473891157774e+01 3.635681335062545833e-03
3.016322978270652300e+01 3.627445146185799118e-03
3.104224973197423765e+01 3.619090691103064687e-03
3.193389458671474657e+01 3.610618107857902631e-03
3.283816434692801778e+01 3.602027540906673885e-03
3.375505901261407615e+01 3.593319141303329481e-03
3.468457858377293235e+01 3.584493066886256744e-03
3.562672306040455084e+01 3.575549482467151215e-03
3.658149244250895293e+01 3.566488560021859652e-03
3.754888673008614575e+01 3.557310478883152043e-03
3.852890592313610796e+01 3.548015425935365820e-03
3.952155002165885378e+01 3.538603595810880208e-03
4.052681902565439032e+01 3.529075191088348711e-03
4.154471293512269625e+01 3.519430422492658087e-03
4.257523175006378580e+01 3.509669509096529673e-03
4.361837547047766606e+01 3.499792678523714912e-03
4.467414409636431571e+01 3.489800167153723522e-03
4.574253762772375609e+01 3.479692220328007950e-03
4.682355606455597297e+01 3.469469092557543859e-03
4.791719940686096635e+01 3.459131047731733334e-03
4.902346765463875045e+01 3.448678359328554051e-03
5.014236080788930394e+01 3.438111310625884161e-03
5.127387886661264105e+01 3.427430194913919613e-03
5.241802183080876887e+01 3.416635315708598485e-03
5.357478970047766609e+01 3.405726986965963363e-03
5.474418247561934692e+01 3.394705533297352491e-03
5.592620015623381846e+01 3.383571290185352892e-03
5.712084274232105940e+01 3.372324604200404880e-03
5.832811023388107685e+01 3.360965833217970360e-03
5.954800263091389212e+01 3.349495346636174268e-03
6.078051993341947679e+01 3.337913525593797295e-03
6.202566214139785217e+01 3.326220763188540101e-03
6.328342925484899695e+01 3.314417464695434534e-03
6.455382127377293955e+01 3.302504047785300399e-03
6.583683819816963023e+01 3.290480942743134133e-03
6.713248002803914005e+01 3.278348592686310126e-03
6.844074676338142638e+01 3.266107453782478038e-03
6.976163840419646078e+01 3.253757995467039879e-03
7.109515495048430012e+01 3.241300700660068070e-03
7.244129640224493016e+01 3.228736065982553902e-03
7.380006275947830829e+01 3.216064601971840679e-03
7.517145402218449135e+01 3.203286833296120108e-03
7.655547019036346512e+01 3.190403298967842746e-03
7.795211126401518698e+01 3.177414552555913718e-03
7.936137724313971376e+01 3.164321162396524934e-03
8.078326812773703125e+01 3.151123711802477668e-03
8.221778391780709683e+01 3.137822799270851074e-03
8.366492461334996733e+01 3.124419038688858782e-03
8.512469021436562855e+01 3.110913059537743532e-03
8.659708072085406627e+01 3.097305507094552397e-03
8.808209613281525208e+01 3.083597042631628250e-03
8.957973645024924281e+01 3.069788343613657003e-03
9.109000167315602425e+01 3.055880103892103655e-03
9.261289180153555378e+01 3.041873033896871480e-03
9.414840683538790245e+01 3.027767860825004379e-03
9.569654677471302762e+01 3.013565328826271934e-03
9.725731161951090087e+01 2.999266199185442877e-03
9.883070136978157905e+01 2.984871250501086072e-03
1.004167160255250479e+02 2.970381278860702561e-03
1.020153555867412649e+02 2.955797098012011292e-03
1.036266200534302868e+02 2.941119539530205086e-03
1.052505094255920994e+02 2.926349452980978212e-03
1.068870237032266601e+02 2.911487706079144734e-03
1.085361628863340400e+02 2.896535184842652030e-03
1.101979269749141821e+02 2.881492793741786962e-03
1.118723159689670865e+02 2.866361455843393843e-03
1.135593298684927959e+02 2.851142112949886943e-03
1.152589686734912959e+02 2.835835725732874929e-03
1.169712323839625441e+02 2.820443273861180863e-03
1.186961209999065971e+02 2.804965756123066478e-03
1.204336345213234409e+02 2.789404190542449109e-03
1.221837729482130186e+02 2.773759614488908315e-03
1.239465362805754296e+02 2.758033084781274895e-03
1.257219245184106171e+02 2.742225677784598022e-03
1.275099376617185811e+02 2.726338489500276709e-03
1.293105757104992790e+02 2.710372635649151759e-03
1.311238386647528102e+02 2.694329251747350912e-03
1.329497265244791322e+02 2.678209493174665140e-03
1.347882392896781596e+02 2.662014535235271775e-03
1.366393769603500346e+02 2.645745573210561610e-03
1.385031395364947002e+02 2.629403822403894326e-03
1.403795270181120713e+02 2.612990518177048943e-03
1.422685394052022900e+02 2.596506915978177583e-03
1.441701766977652994e+02 2.579954291361040951e-03
1.460844388958010143e+02 2.563333939995337749e-03
1.480113259993095767e+02 2.546647177667902932e-03
1.499508380082909298e+02 2.529895340274589208e-03
1.519029749227449884e+02 2.513079783802619257e-03
1.538677367426718945e+02 2.496201884303212229e-03
1.558451234680715913e+02 2.479263037854288927e-03
1.578351350989439936e+02 2.462264660513056175e-03
1.598377716352892435e+02 2.445208188258283892e-03
1.618530330771072556e+02 2.428095076922078856e-03
1.638809194243980301e+02 2.410926802110970393e-03
1.659214306771616236e+02 2.393704859116127168e-03
1.679745668353979795e+02 2.376430762812523339e-03
1.700403278991070977e+02 2.359106047546876295e-03
1.721187138682890065e+02 2.341732267014185517e-03
1.742097247429437346e+02 2.324310994122709938e-03
1.763133605230712249e+02 2.306843820847209042e-03
1.784296212086714490e+02 2.289332358070301533e-03
1.805585067997445208e+02 2.271778235411781553e-03
1.827000172962903548e+02 2.254183101045748906e-03
1.848541526983089227e+02 2.236548621505407564e-03
1.870209130058003097e+02 2.218876481475398881e-03
1.892002982187644875e+02 2.201168383571541157e-03
1.913923083372013991e+02 2.183426048107851066e-03
1.935969433611111583e+02 2.165651212850726402e-03
1.958142032904936798e+02 2.147845632760192990e-03
1.980440881253489351e+02 2.130011079718099540e-03
2.002865978656770096e+02 2.112149342243176738e-03
2.025417325114778748e+02 2.094262225192870374e-03
2.048094920627514739e+02 2.076351549451873040e-03
2.070898765194978921e+02 2.058419151607281550e-03
2.093828858817171010e+02 2.040466883610325861e-03
2.116885201494090438e+02 2.022496612424609652e-03
2.140067793225738058e+02 2.004510219660830903e-03
2.163376634012113584e+02 1.986509601197943876e-03
2.186811723853216449e+02 1.968496666790741246e-03
2.210373062749047790e+02 1.950473339663847923e-03
2.234060650699606754e+02 1.932441556092121806e-03
2.257874487704892772e+02 1.914403264967473595e-03
2.281814573764907550e+02 1.896360427352127356e-03
2.305880908879649951e+02 1.878315016018349817e-03
2.330073493049119406e+02 1.860269014974698246e-03
2.354392326273317622e+02 1.842224418978837463e-03
2.378837408552243460e+02 1.824183233036998607e-03
2.403408739885896921e+02 1.806147471890156642e-03
2.428106320274278005e+02 1.788119159487021152e-03
2.452930149717387280e+02 1.770100328443946231e-03
2.477880228215224179e+02 1.752093019491880038e-03
2.502956555767788416e+02 1.734099280910482823e-03
2.528159132375081128e+02 1.716121167949564118e-03
2.553487958037101748e+02 1.698160742237993497e-03
2.578943032753850844e+02 1.680220071180264004e-03
2.604524356525326425e+02 1.662301227340892565e-03
2.630231929351529629e+02 1.644406287816858186e-03
2.656065751232462162e+02 1.626537333598298673e-03
2.682025822168121181e+02 1.608696448917693120e-03
2.708112142158507822e+02 1.590885720587775862e-03
2.734324711203623792e+02 1.573107237328444895e-03
2.760663529303466248e+02 1.555363089082936918e-03
2.787128596458036327e+02 1.537655366323561080e-03
2.813719912667335734e+02 1.519986159347294337e-03
2.840437477931361627e+02 1.502357557561562413e-03
2.867281292250115143e+02 1.484771648760536793e-03
2.894251355623597419e+02 1.467230518392302315e-03
2.921347668051806750e+02 1.449736248817258110e-03
2.948570229534744271e+02 1.432290918558132026e-03
2.975919040072409985e+02 1.414896601542007517e-03
3.003394099664802752e+02 1.397555366334767837e-03
3.030995408311923143e+02 1.380269275368387755e-03
3.058722966013772862e+02 1.363040384161509503e-03
3.086576772770349066e+02 1.345870740533757458e-03
3.114556828581652894e+02 1.328762383814262532e-03
3.142663133447686050e+02 1.311717344044876143e-03
3.170895687368445124e+02 1.294737641178574008e-03
3.199254490343932389e+02 1.277825284273556529e-03
3.227739542374148982e+02 1.260982270683574632e-03
3.256350843459092061e+02 1.244210585245014060e-03
3.285088393598762764e+02 1.227512199461290631e-03
3.313952192793162794e+02 1.210889070685120233e-03
3.342942241042288742e+02 1.194343141299235604e-03
3.372058538346144587e+02 1.177876337896140114e-03
3.401301084704726350e+02 1.161490570457493357e-03
3.430669880118036303e+02 1.145187731533740686e-03
3.460164924586075017e+02 1.128969695424604904e-03
3.489786218108840785e+02 1.112838317361068956e-03
3.519533760686334176e+02 1.096795432689490375e-03
3.549407552318556327e+02 1.080842856058493451e-03
3.579407593005504964e+02 1.064982380609296592e-03
3.609533882747181792e+02 1.049215777170138834e-03
3.639786421543587380e+02 1.033544793455475324e-03
3.670165209394720023e+02 1.017971153270620047e-03
3.700670246300579720e+02 1.002496555722517555e-03
3.731301532261169314e+02 9.871226744373358397e-04
3.762059067276484825e+02 9.718511567855660054e-04
3.792942851346528528e+02 9.566836231153311989e-04
3.823952884471300990e+02 9.416216659946003049e-04
3.855089166650799939e+02 9.266668494630071317e-04
3.886351697885027079e+02 9.118207082939787335e-04
3.917740478173982979e+02 8.970847472678733720e-04
3.949255507517665933e+02 8.824604404568308974e-04
3.980896785916075942e+02 8.679492305220364847e-04
4.012664313369215847e+02 8.535525280240935679e-04
4.044558089877081670e+02 8.392717107472043043e-04
4.076578115439675685e+02 8.251081230378456066e-04
4.108724390056998459e+02 8.110630751586280157e-04
4.140996913729047719e+02 7.971378426580176448e-04
4.173395686455825171e+02 7.833336657565928562e-04
4.205920708237331382e+02 7.696517487505028909e-04
4.238571979073564648e+02 7.560932594327828731e-04
4.271349498964524969e+02 7.426593285331736533e-04
4.304253267910214618e+02 7.293510491770806379e-04
4.337283285910631321e+02 7.161694763642970822e-04
4.370439552965775079e+02 7.031156264681029042e-04
4.403722069075648733e+02 6.901904767553364121e-04
4.437130834240248305e+02 6.773949649280225751e-04
4.470665848459575500e+02 6.647299886871250877e-04
4.504327111733632591e+02 6.521964053189732236e-04
4.538114624062415601e+02 6.397950313048967946e-04
4.572028385445926233e+02 6.275266419545844293e-04
4.606068395884166762e+02 6.153919710636604349e-04
4.640234655377133208e+02 6.033917105959550132e-04
4.674527163924827278e+02 5.915265103909237397e-04
4.708945921527251244e+02 5.797969778966454314e-04
4.743490928184401128e+02 5.682036779288100747e-04
4.778162183896278634e+02 5.567471324560796476e-04
4.812959688662886037e+02 5.454278204121850403e-04
4.847883442484219358e+02 5.342461775350919274e-04
4.882933445360280302e+02 5.232025962335458890e-04
4.918109697291071143e+02 5.122974254812783478e-04
4.953412198276587901e+02 5.015309707391297361e-04
4.988840948316832282e+02 4.909034939053129147e-04
5.024395947411806560e+02 4.804152132940177973e-04
5.060077195561506755e+02 4.700663036425226332e-04
5.095884692765936279e+02 4.598568961469520788e-04
5.131818439025091720e+02 4.497870785267870102e-04
5.167878434338975921e+02 4.398568951182050602e-04
5.204064678707588882e+02 4.300663469962947064e-04
5.240377172130928329e+02 4.204153921261573833e-04
5.276815914608995399e+02 4.109039455428775624e-04
5.313380906141791229e+02 4.015318795603098410e-04
5.350072146729314682e+02 3.922990240085985278e-04
5.386889636371564620e+02 3.832051665003118708e-04
5.423833375068544456e+02 3.742500527250416345e-04
5.460903362820250777e+02 3.654333867722833859e-04
5.498099599626684721e+02 3.567548314823815701e-04
5.535422085487848562e+02 3.482140088252885465e-04
5.572870820403737753e+02 3.398105003068556374e-04
5.610445804374354566e+02 3.315438474023385193e-04
5.648147037399702413e+02 3.234135520167696312e-04
5.685974519479774472e+02 3.154190769718143899e-04
5.723928250614575290e+02 3.075598465186986721e-04
5.762008230804106006e+02 2.998352468767607657e-04
5.800214460048362071e+02 2.922446267971503045e-04
5.838546938347346895e+02 2.847872981511665662e-04
5.877005665701060479e+02 2.774625365426955479e-04
5.915590642109499413e+02 2.702695819441775903e-04
5.954301867572667106e+02 2.632076393555063658e-04
5.993139342090564696e+02 2.562758794852326152e-04
6.032103065663187635e+02 2.494734394534159328e-04
6.071193038290539334e+02 2.427994235154432598e-04
6.110409259972619793e+02 2.362529038061051258e-04
6.149751730709426738e+02 2.298329211031940617e-04
6.189220450500960169e+02 2.235384856098677879e-04
6.228815419347224633e+02 2.173685777549938677e-04
6.268536637248214447e+02 2.113221490106710241e-04
6.308384104203933020e+02 2.053981227261010383e-04
6.348357820214380354e+02 1.995953949769644947e-04
6.388457785279554173e+02 1.939128354294347473e-04
6.428683999399454478e+02 1.883492882179463443e-04
6.469036462574085817e+02 1.829035728358180532e-04
6.509515174803442505e+02 1.775744850378148756e-04
6.550120136087527953e+02 1.723607977537189155e-04
6.590851346426342161e+02 1.672612620119679589e-04
6.631708805819881718e+02 1.622746078724071259e-04
6.672692514268150035e+02 1.573995453671909572e-04
6.713802471771148248e+02 1.526347654488635977e-04
6.755038678328871811e+02 1.479789409446387457e-04
6.796401133941322996e+02 1.434307275158943707e-04
6.837889838608505215e+02 1.389887646218943560e-04
6.879504792330411647e+02 1.346516764867457803e-04
6.921245995107046838e+02 1.304180730686000094e-04
6.963113446938411926e+02 1.262865510301059606e-04
7.005107147824502363e+02 1.222556947091263673e-04
7.047227097765322696e+02 1.183240770887305143e-04
7.089473296760868379e+02 1.144902607654830557e-04
7.131845744811142822e+02 1.107527989150541067e-04
7.174344441916147161e+02 1.071102362541843976e-04
7.216969388075876850e+02 1.035611099980485048e-04
7.259720583290334162e+02 1.001039508120702722e-04
7.302598027559521370e+02 9.673728375725700913e-05
7.345601720883433927e+02 9.345962922813278785e-05
7.388731663262075244e+02 9.026950388236637285e-05
7.431987854695445321e+02 8.716542156120626818e-05
7.475370295183541884e+02 8.414589419985270128e-05
7.518878984726366070e+02 8.120943272691643451e-05
7.562513923323920153e+02 7.835454795213410851e-05
7.606275110976200722e+02 7.557975144153188552e-05
7.650162547683207777e+02 7.288355637925233521e-05
7.694176233444945865e+02 7.026447841528292481e-05
7.738316168261409302e+02 6.772103649835042784e-05
7.782582352132600363e+02 6.525175369327115360e-05
7.826974785058521320e+02 6.285515798207435623e-05
7.871493467039167626e+02 6.052978304824441279e-05
7.916138398074542692e+02 5.827416904345596188e-05
7.960909578164646518e+02 5.608686333620648457e-05
8.005807007309476830e+02 5.396642124178091608e-05
8.050830685509034765e+02 5.191140673301456945e-05
8.095980612763322597e+02 4.992039313135211454e-05
8.141256789072336915e+02 4.799196377773305109e-05
8.186659214436077718e+02 4.612471268286708807e-05
8.232187888854549556e+02 4.431724515649595022e-05
8.277842812327746742e+02 4.256817841527215621e-05
8.323623984855671551e+02 4.087614216891921490e-05
8.369531406438326258e+02 3.923977918437179053e-05
8.415565077075706313e+02 3.765774582762915722e-05
8.461724996767815128e+02 3.612871258308936092e-05
8.508011165514652703e+02 3.465136455016625596e-05
8.554423583316216764e+02 3.322440191702602676e-05
8.600962250172508448e+02 3.184654041131407314e-05
8.647627166083530028e+02 3.051651172777733383e-05
8.694418331049278095e+02 2.923306393272102465e-05
8.741335745069752647e+02 2.799496184527242192e-05
8.788379408144958234e+02 2.680098739545741372e-05
8.835549320274889169e+02 2.564993995912839966e-05
8.882845481459547727e+02 2.454063666981434432e-05
8.930267891698936182e+02 2.347191270759547871e-05
8.977816550993049987e+02 2.244262156513625398e-05
9.025491459341891414e+02 2.145163529104044154e-05
9.073292616745463874e+02 2.049784471072210940e-05
9.121220023203761684e+02 1.958015962501487192e-05
9.169273678716787117e+02 1.869750898676999563e-05
9.217453583284542447e+02 1.784884105572104914e-05
9.265759736907023125e+02 1.703312353191901925e-05
9.314192139584232564e+02 1.624934366806708757e-05
9.362750791316170762e+02 1.549650836110852094e-05
9.411435692102835446e+02 1.477364422344434280e-05
9.460246841944230027e+02 1.407979763417962261e-05
9.509184240840349958e+02 1.341403477081822403e-05
9.558247888791197511e+02 1.277544162184579438e-05
9.607437785796776097e+02 1.216312398065953015e-05
9.656753931857078896e+02 1.157620742132079334e-05
9.706196326972110455e+02 1.101383725662311127e-05
9.755764971141871911e+02 1.047517847898319705e-05
9.805459864366358715e+02 9.959415684676639169e-06
9.855281006645573143e+02 9.465752981952607639e-06
9.905228397979518604e+02 8.993413883573443646e-06
9.955302038368188278e+02 8.541641184335259016e-06
1.000550192781158671e+03 8.109696824134685821e-06
1.005582806630971504e+03 7.696861737154758382e-06
1.010628045386256872e+03 7.302435687749454884e-06
1.015685909047015002e+03 6.925737093611803652e-06
1.020756397613246236e+03 6.566102836814646885e-06
1.025839511084949663e+03 6.222888063316125997e-06
1.030935249462126421e+03 5.895465971523778962e-06
1.036043612744775373e+03 5.583227590511823569e-06
1.041164600932897656e+03 5.285581548485758396e-06
1.046298214026492815e+03 5.001953832086878426e-06
1.051444452025560167e+03 4.731787537126703589e-06
1.056603314930100851e+03 4.474542611337665223e-06
1.061774802740114183e+03 4.229695589721790990e-06
1.066958915455599936e+03 3.996739323073466363e-06
1.072155653076559020e+03 3.775182700245849838e-06
1.077365015602990752e+03 3.564550364723062134e-06
1.082587003034894906e+03 3.364382426051949292e-06
1.087821615372272163e+03 3.174234166678139329e-06
1.093068852615122296e+03 2.993675744721190450e-06
1.098328714763444623e+03 2.822291893213014162e-06
1.103601201817240280e+03 2.659681616312438204e-06
1.108886313776508814e+03 2.505457882996809002e-06
1.114184050641249542e+03 2.359247318718968466e-06
1.119494412411463600e+03 2.220689895504822800e-06
1.124817399087150307e+03 2.089438620953087585e-06
1.130153010668309435e+03 1.965159226584689003e-06
1.135501247154941893e+03 1.847529855974802022e-06
1.140862108547047001e+03 1.736240753085589840e-06
1.146235594844624302e+03 1.630993951202517856e-06
1.151621706047675161e+03 1.531502962861586264e-06
1.157020442156198442e+03 1.437492471139100710e-06
1.162431803170194371e+03 1.348698022659649061e-06
1.167855789089663404e+03 1.264865722661867432e-06
1.173292399914605312e+03 1.185751932445376125e-06
1.178741635645019414e+03 1.111122969505986602e-06
1.184203496280906620e+03 1.040754810649992997e-06
1.189677981822266929e+03 9.744327983620543961e-07
1.195165092269099432e+03 9.119513506849470885e-07
1.200664827621405038e+03 8.531136748532910191e-07
1.206177187879183521e+03 7.977314849073270490e-07
1.211702173042434424e+03 7.456247234969246989e-07
1.217239783111158431e+03 6.966212880703033778e-07
1.222790018085355314e+03 6.505567616264583944e-07
1.228352877965024391e+03 6.072741481950432291e-07
1.233928362750166798e+03 5.666236131924860182e-07
1.239516472440782081e+03 5.284622287884450456e-07
1.245117207036869559e+03 4.926537244023533722e-07
1.250730566538430367e+03 4.590682424357945035e-07
1.256356550945463823e+03 4.275820993328030685e-07
1.261995160257969701e+03 3.980775520469193145e-07
1.267646394475948910e+03 3.704425699809635490e-07
1.273310253599400767e+03 3.445706124530422068e-07
1.278986737628324818e+03 3.203604117302771317e-07
1.284675846562722199e+03 2.977157616601619385e-07
1.290377580402592457e+03 2.765453119183185608e-07
1.296091939147935136e+03 2.567623678807463816e-07
1.301818922798750918e+03 2.382846961184469449e-07
1.307558531355039349e+03 2.210343355025622931e-07
1.313310764816800202e+03 2.049374138988976944e-07
1.319075623184034384e+03 1.899239704219036675e-07
1.324853106456741443e+03 1.759277832098756986e-07
1.330643214634920469e+03 1.628862026752876586e-07
1.336445947718573052e+03 1.507399901768057418e-07
1.342261305707698284e+03 1.394331620526319082e-07
1.348089288602296392e+03 1.289128389483922240e-07
1.353929896402366694e+03 1.191291003668135996e-07
1.359783129107910327e+03 1.100348443609123038e-07
1.365648986718926608e+03 1.015856522873446930e-07
1.371527469235415310e+03 9.373965853193337667e-08
1.377418576657377344e+03 8.645742511517333071e-08
1.383322308984812025e+03 7.970182108173041466e-08
1.389238666217718901e+03 7.343790657455876876e-08
1.395167648356099335e+03 6.763282149127243244e-08
1.401109255399952417e+03 6.225567861779698795e-08
1.407063487349277693e+03 5.727746113208712712e-08
1.413030344204076300e+03 5.267092436881192065e-08
1.419009825964347783e+03 4.841050173436771746e-08
1.425001932630091460e+03 4.447221466036512155e-08
1.431006664201308467e+03 4.083358648283692454e-08
1.437024020677998124e+03 3.747356013381373623e-08
1.443054002060160201e+03 3.437241953159894598e-08
1.449096608347795609e+03 3.151171455602951010e-08
1.455151839540903666e+03 2.887418949521946536e-08
1.461219695639483916e+03 2.644371485073385910e-08
1.467300176643537725e+03 2.420522238881793304e-08
1.473393282553064182e+03 2.214464332619459768e-08
1.479499013368062833e+03 2.024884954002858493e-08
1.485617369088534815e+03 1.850559769292389624e-08
1.491748349714479673e+03 1.690347616525796642e-08
1.497891955245896725e+03 1.543185468874826296e-08
1.504048185682787107e+03 1.408083657688060928e-08
1.510217041025150138e+03 1.284121344969123170e-08
1.516398521272985590e+03 1.170442235237277081e-08
1.522592626426294146e+03 1.066250516925669634e-08
1.528799356485075805e+03 9.708070236898322710e-09
1.535018711449329430e+03 8.834256062244666550e-09
1.541250691319056614e+03 8.034697054188615009e-09
1.547495296094256446e+03 7.303491179194710576e-09
1.553752525774928472e+03 6.635169454112109814e-09
1.560022380361073829e+03 6.024667191759368633e-09
1.566304859852692061e+03 5.467296917364384463e-09
1.572599964249782261e+03 4.958722876462421100e-09
1.578907693552346018e+03 4.494937057387446323e-09
1.585228047760382651e+03 4.072236654029240769e-09
1.591561026873891478e+03 3.687202897063711422e-09
1.597906630892873409e+03 3.336681184389708942e-09
1.604264859817328215e+03 3.017762444016130455e-09
1.610635713647255443e+03 2.727765665132383644e-09
1.617019192382655774e+03 2.464221535557911723e-09
1.623415296023528981e+03 2.224857126197587563e-09
1.629824024569874382e+03 2.007581565524794867e-09
1.636245378021693114e+03 1.810472649468884153e-09
1.642679356378984721e+03 1.631764334394708038e-09
1.649125959641748523e+03 1.469835063125832693e-09
1.655585187809985655e+03 1.323196876176898697e-09
1.662057040883695663e+03 1.190485262521887851e-09
1.668541518862877638e+03 1.070449706331587274e-09
1.675038621747533170e+03 9.619448881634478577e-10
1.681548349537661352e+03 8.639225010787765102e-10
1.688070702233261727e+03 7.754236440945356347e-10
1.694605679834335660e+03 6.955717572489938317e-10
1.701153282340882242e+03 6.235660643713825376e-10
1.707713509752901018e+03 5.586754913951238011e-10
1.714286362070393125e+03 5.002330297419006160e-10
1.720871839293358107e+03 4.476305159298459304e-10
1.727469941421795284e+03 4.003138001236422612e-10
1.734080668455705563e+03 3.577782778477533553e-10
1.740704020395088946e+03 3.195647605269068519e-10
1.747339997239944523e+03 2.852556619010459301e-10
1.753988598990273204e+03 2.544714786861241277e-10
1.760649825646074760e+03 2.268675451183218137e-10
1.767323677207348737e+03 2.021310422286205185e-10
1.774010153674095818e+03 1.799782438483805881e-10
1.780709255046315775e+03 1.601519824459248783e-10
1.787420981324007926e+03 1.424193189404992301e-10
1.794145332507173407e+03 1.265694016347937748e-10
1.800882308595811764e+03 1.124115003519543802e-10
1.807631909589922316e+03 9.977320275921754880e-11
1.814394135489506198e+03 8.849876070953667195e-11
1.821168986294562728e+03 7.844757523641751231e-11
1.827956462005091680e+03 6.949280959725977398e-11
1.834756562621093735e+03 6.152012047842723270e-11
1.841569288142568894e+03 5.442649815266294250e-11
1.848394638569516019e+03 4.811920701794939801e-11
1.855232613901936475e+03 4.251481854809351828e-11
1.862083214139829806e+03 3.753832925078939246e-11
1.868946439283195332e+03 3.312235676025239597e-11
1.875822289332034416e+03 2.920640769027768666e-11
1.882710764286345920e+03 2.573621134127737905e-11
1.889611864146129847e+03 2.266311379298599967e-11
1.896525588911387104e+03 1.994352732454972053e-11
1.903451938582117236e+03 1.753843048705249438e-11
1.910390913158319336e+03 1.541291451156194345e-11
1.917342512639994993e+03 1.353577206983997037e-11
1.924306737027143299e+03 1.187912471625489942e-11
1.931283586319763799e+03 1.041808562940699413e-11
1.938273060517857857e+03 9.130454541746369973e-12
1.945275159621424564e+03 7.996441996185410709e-12
1.952289883630463237e+03 6.998420301504711967e-12
1.959317232544975695e+03 6.120698774294809202e-12
1.966357206364960575e+03 5.349321055292010219e-12
1.973409805090417876e+03 4.671882473237234793e-12
1.980475028721348508e+03 4.077365600748082989e-12
1.987552877257752016e+03 3.555992305038986980e-12
1.994643350699627490e+03 3.099090742500887906e-12
2.001746449046976522e+03 2.698975880966802239e-12
2.008862172299798203e+03 2.348842257707439941e-12
2.015990520458092760e+03 2.042667795545922158e-12
2.023131493521859284e+03 1.775127604637336636e-12
2.030285091491099593e+03 1.541516794073997968e-12
2.037451314365812323e+03 1.337681406160627956e-12
2.044630162145997474e+03 1.159956667529368316e-12
2.051821634831655501e+03 1.005111825772629696e-12
2.059025732422786859e+03 8.703009084693159460e-13
2.066242454919390184e+03 7.530188038425893516e-13
2.073471802321466839e+03 6.510621192605450888e-13
2.080713774629016370e+03 5.624943257917025533e-13
2.087968371842038323e+03 4.856147444444408432e-13
2.095235593960533151e+03 4.189309729167125790e-13
2.102515440984501311e+03 3.611343909981408584e-13
2.109807912913941436e+03 3.110784185160583072e-13
2.117113009748854893e+03 2.677592321931419262e-13
2.124430731489240770e+03 2.302986772590327072e-13
2.131761078135099524e+03 1.979291363839495833e-13
2.139104049686431154e+03 1.699801427124569481e-13
2.146459646143235659e+03 1.458665456863749976e-13
2.153827867505512586e+03 1.250780581570757539e-13
2.161208713773262843e+03 1.071700311834308349e-13
2.168602184946485522e+03 9.175531906242817575e-14
2.176008281025180622e+03 7.849711170144346966e-14
2.183427002009349053e+03 6.710262455827844688e-14
2.190858347898990360e+03 5.731754817959643003e-14
2.198302318694103633e+03 4.892116998163812541e-14
2.205758914394690692e+03 4.172209045031448908e-14
2.213228135000750171e+03 3.555446449277983843e-14
2.220709980512282073e+03 3.027470634251754694e-14
2.228204450929287304e+03 2.575860328989512835e-14
2.235711546251765412e+03 2.189878965769429237e-14
2.243231266479715487e+03 1.860253793704807768e-14
2.250763611613138892e+03 1.578982890794037158e-14
2.258308581652035173e+03 1.339166694852666174e-14
2.265866176596403420e+03 1.134861064223852013e-14
2.273436396446245453e+03 9.609492269231050994e-15
2.281019241201559907e+03 8.130302862996428072e-15
2.288614710862346783e+03 6.873222263532542482e-15
2.296222805428606989e+03 5.805776041170894574e-15
2.303843524900340071e+03 4.900103332419046186e-15
2.311476869277545120e+03 4.132321550187770767e-15
2.319122838560223954e+03 3.481975631900572828e-15
2.326781432748375209e+03 2.931560993950468362e-15
2.334452651841998431e+03 2.466110691119499752e-15
2.342136495841095439e+03 2.072838454088628460e-15
2.349832964745665322e+03 1.740830314253780252e-15
2.357542058555707172e+03 1.460778438162469936e-15
2.365263777271222352e+03 1.224751597818657346e-15
2.372998120892210409e+03 1.025997410239398163e-15
2.380745089418670432e+03 8.587721010391636760e-16
2.388504682850603785e+03 7.181940923346489302e-16
2.396276901188010470e+03 6.001181937050185665e-16
2.404061744430888666e+03 5.010275941497014414e-16
2.411859212579240648e+03 4.179412199346361395e-16
2.419669305633065505e+03 3.483343441099529307e-16
2.427492023592362330e+03 2.900706138244139749e-16
2.435327366457132484e+03 2.413439062392859178e-16
2.443175334227375515e+03 2.006286371849632866e-16
2.451035926903090967e+03 1.666373325386282201e-16
2.458909144484279295e+03 1.382844340178175537e-16
2.466794986970940954e+03 1.146554516747126820e-16
2.474693454363074125e+03 9.498069747881034787e-17
2.482604546660681535e+03 7.861294031768240697e-17
2.490528263863760912e+03 6.500841457483577026e-17
2.498464605972312711e+03 5.371069396137561843e-17
2.506413572986338295e+03 4.433701106654487310e-17
2.514375164905836300e+03 3.656666253980661646e-17
2.522349381730806726e+03 3.013119114116607824e-17
2.530336223461250029e+03 2.480608016277092125e-17
2.538335690097166662e+03 2.040373386583364094e-17
2.546347781638555261e+03 1.676755040726293288e-17
2.554372498085417192e+03 1.376692196115931817e-17
2.562409839437751998e+03 1.129302099152356369e-17
2.570459805695558771e+03 9.255252444144653966e-18
2.578522396858839329e+03 7.578269467491365093e-18
2.586597612927592309e+03 6.199465552837520474e-18
2.594685453901817255e+03 5.066869057279679605e-18
2.602785919781515986e+03 4.137377247160623022e-18
2.610899010566687593e+03 3.375276539987474047e-18
2.619024726257331167e+03 2.751003760663657568e-18
2.627163066853448072e+03 2.240110161925160327e-18
2.635314032355037853e+03 1.822395861272545974e-18
2.643477622762100054e+03 1.481187365764421799e-18
2.651653838074635132e+03 1.202735119595712458e-18
2.659842678292643541e+03 9.757116274240860179e-19
2.668044143416123461e+03 7.907937734968351152e-19
2.676258233445077622e+03 6.403155539792518062e-19
2.684484948379503749e+03 5.179796371589680166e-19
2.692724288219402297e+03 4.186180230941410025e-19
2.700976252964774631e+03 3.379936418830473891e-19
2.709240842615619385e+03 2.726360517466669482e-19
2.717518057171936107e+03 2.197055118470492644e-19
2.725807896633726614e+03 1.768806420456477434e-19
2.734110361000989997e+03 1.422656697653236604e-19
2.742425450273725346e+03 1.143139258502555757e-19
2.750753164451934026e+03 9.176480645583538950e-20
2.759093503535615582e+03 7.359188322442799795e-20
2.767446467524769105e+03 5.896023346340762623e-20
2.775812056419395958e+03 4.719138773192012609e-20
2.784190270219496142e+03 3.773456431490207781e-20
2.792581108925067838e+03 3.014308710216458876e-20
2.800984572536113319e+03 2.405507264847335363e-20
2.809400661052631676e+03 1.917762978597479357e-20
2.817829374474622455e+03 1.527394624959540154e-20
2.826270712802085654e+03 1.215274570021489278e-20
2.834724676035022185e+03 9.659688939876576120e-21
2.843191264173431591e+03 7.670368074236090963e-21
2.851670477217312964e+03 6.084604462439589513e-21
2.860162315166668122e+03 4.821812659669643587e-21
2.868666778021495702e+03 3.817235007549669951e-21
2.877183865781795248e+03 3.018886571635889682e-21
2.885713578447568580e+03 2.385079023869914894e-21
2.894255916018814787e+03 1.882415872752919188e-21
2.902810878495532506e+03 1.484171031507558152e-21
2.911378465877724466e+03 1.168978814104770434e-21
2.919958678165388847e+03 9.197766672795812913e-22
2.928551515358525194e+03 7.229527872650281353e-22
2.937156977457134872e+03 5.676596507980582027e-22
2.945775064461217880e+03 4.452617572354910259e-22
2.954405776370772401e+03 3.488918189266268601e-22
2.963049113185800707e+03 2.730944872242720875e-22
2.971705074906301888e+03 2.135406572990727212e-22
2.980373661532275037e+03 1.667986176003681642e-22
2.989054873063721516e+03 1.301509323048442668e-22
2.997748709500640871e+03 1.014480767941241364e-22
3.006455170843032647e+03 7.899157700893040823e-23
3.015174257090897299e+03 6.144080725064331243e-23
3.023905968244235282e+03 4.773873816702807287e-23
3.032650304303045232e+03 3.705284684262168367e-23
3.041407265267328512e+03 2.872814467368201086e-23
3.050176851137084668e+03 2.224987918483484228e-23
3.058959061912312336e+03 1.721395019012876548e-23
3.067753897593014244e+03 1.330347076776447791e-23
3.076561358179188574e+03 1.027021736233201636e-23
3.085381443670835324e+03 7.919965555780085855e-24
3.094214154067954951e+03 6.100910522921753716e-24
3.103059489370547908e+03 4.694533535781629363e-24
3.111917449578612832e+03 3.608405905370684004e-24
3.120788034692151086e+03 2.770525764942509933e-24
3.129671244711162217e+03 2.124866211516808664e-24
3.138567079635645314e+03 1.627879655852747593e-24
3.147475539465602196e+03 1.245756110980812531e-24
3.156396624201031500e+03 9.522752552321612653e-25
3.165330333841933225e+03 7.271255934030324856e-25
3.174276668388308281e+03 5.545906419743723477e-25
3.183235627840155757e+03 4.225231720551434162e-25
3.192207212197475656e+03 3.215452720704935474e-25
3.201191421460269339e+03 2.444252341547436109e-25
3.210188255628535444e+03 1.855927379507149504e-25
3.219197714702273515e+03 1.407620736068586145e-25
3.228219798681485372e+03 1.066396674231810494e-25
3.237254507566169650e+03 8.069731159109749042e-26
3.246301841356326349e+03 6.099654253516104511e-26
3.255361800051956379e+03 4.605279002605383967e-26
3.264434383653059285e+03 3.473041373622458223e-26
3.273519592159634158e+03 2.616169977074254416e-26
3.282617425571682361e+03 1.968442138926164285e-26
3.291727883889203440e+03 1.479376618669309982e-26
3.300850967112196940e+03 1.110536795870069287e-26
3.309986675240663772e+03 8.326911794332699317e-27
3.319135008274603024e+03 6.236350102073584721e-27
3.328295966214014697e+03 4.665210307322630997e-27
3.337469549058899702e+03 3.485819390157884336e-27
3.346655756809257582e+03 2.601537879338173128e-27
3.355854589465087429e+03 1.939303333977751355e-27
3.365066047026391061e+03 1.443944005424529128e-27
3.374290129493167115e+03 1.073847664502485545e-27
3.383526836865415589e+03 7.976666174632504598e-28
3.392776169143137395e+03 5.918140488427053939e-28
3.402038126326331621e+03 4.385639546650326163e-28
3.411312708414998269e+03 3.246109049889641693e-28
3.420599915409138248e+03 2.399796854548385494e-28
3.429899747308751557e+03 1.772008304439858045e-28
3.439212204113836378e+03 1.306879722965778015e-28
3.448537285824394985e+03 9.626818293864682110e-29
3.457874992440426013e+03 7.082815213143800000e-29
3.467225323961929462e+03 5.204796135921663371e-29
3.476588280388906242e+03 3.820101511716788112e-29
3.485963861721355897e+03 2.800387586884023710e-29
3.495352067959277065e+03 2.050369515514915249e-29
3.504752899102672473e+03 1.499393320291472484e-29
3.514166355151540301e+03 1.095133694420419036e-29
3.523592436105880097e+03 7.988873328926230931e-30
3.533031141965693678e+03 5.820622622799776050e-30
3.542482472730980135e+03 4.235625499715526831e-30
3.551946428401738558e+03 3.078424862225502236e-30
3.561423008977970312e+03 2.234606935322628396e-30
3.570912214459674942e+03 1.620070804557914470e-30
3.580414044846851539e+03 1.173075070321601762e-30
3.589928500139501466e+03 8.483503805967444971e-31
3.599455580337624724e+03 6.127467877033505833e-31
3.608995285441219494e+03 4.420199227610960067e-31
3.618547615450288049e+03 3.184610690543315039e-31
3.628112570364829480e+03 2.291517835657756640e-31
3.637690150184842878e+03 1.646801330799715494e-31
3.647280354910329606e+03 1.181976755814111183e-31
3.656883184541289211e+03 8.472763940948156794e-32
3.666498639077720782e+03 6.065804456866239695e-32
3.676126718519626138e+03 4.337080843503786026e-32
3.685767422867004370e+03 3.097070742095507796e-32
3.695420752119854114e+03 2.208756869586509746e-32
3.705086706278177644e+03 1.573209513874880443e-32
3.714765285341974050e+03 1.119091922504770220e-32
3.724456489311242422e+03 7.950312265248683037e-33
3.734160318185984124e+03 5.640797691229655860e-33
3.743876771966199158e+03 3.996993616067319635e-33
3.753605850651886612e+03 2.828535677108337916e-33
3.763347554243046034e+03 1.999050773896994113e-33
3.773101882739678786e+03 1.410972755510153936e-33
3.782868836141784868e+03 9.945915195743728844e-34
3.792648414449362463e+03 7.001657744979201156e-34
3.802440617662413842e+03 4.922499569866948960e-34
3.812245445780938098e+03 3.456191996722943361e-34
3.822062898804934321e+03 2.423461242835325919e-34
3.831892976734403874e+03 1.697067134809643286e-34
3.841735679569346757e+03 1.186821414687660956e-34
3.851591007309761153e+03 8.288841061431922120e-35
3.861458959955648879e+03 5.781266876436725457e-35
3.871339537507009936e+03 4.026907665786144683e-35
3.881232739963842505e+03 2.801163468470800469e-35
3.891138567326149314e+03 1.945906840367875986e-35
3.901057019593928544e+03 1.349960697121213268e-35
3.910988096767179286e+03 9.352643354677430139e-36
3.920931798845904268e+03 6.470837179919153580e-36
3.930888125830101671e+03 4.470932368535394511e-36
3.940857077719771041e+03 3.084934436479295408e-36
3.950838654514914197e+03 2.125703398082250512e-36
3.960832856215530228e+03 1.462739420144239784e-36
3.970839682821618226e+03 1.005165363932190935e-36
3.980859134333179554e+03 6.897838089826801461e-37
3.990891210750213759e+03 4.727070601593654017e-37
4.000935912072719930e+03 3.234993957431052292e-37
4.010993238300699886e+03 2.210832457125296174e-37
4.021063189434152264e+03 1.508821429489692724e-37
4.031145765473076608e+03 1.028296103579625753e-37
4.041240966417475192e+03 6.998348291302271710e-38
4.051348792267345743e+03 4.756293124380850059e-38
4.061469243022688715e+03 3.228018755766951547e-38
4.071602318683505018e+03 2.187744229369583318e-38
4.081748019249794652e+03 1.480637641812266783e-38
4.091906344721555797e+03 1.000671310968953072e-38
4.102077295098791183e+03 6.753411565509456667e-39
4.112260870381499444e+03 4.551376614551402022e-39
4.122457070569679672e+03 3.063012724034645092e-39
4.132665895663330957e+03 2.058448384954957179e-39
4.142887345662456937e+03 1.381385837354240290e-39
4.153121420567055793e+03 9.257048447471803010e-40
4.163368120377126615e+03 6.194571613152409702e-40
4.173627445092671223e+03 4.139328629283521575e-40
4.183899394713688707e+03 2.762021841938942811e-40
4.194183969240176339e+03 1.840354836544971936e-40
4.204481168672139574e+03 1.224480763969515043e-40
4.214790993009574777e+03 8.135364092497561281e-41
4.225113442252482855e+03 5.397284791526685077e-41
4.235448516400863809e+03 3.575573203643282137e-41
4.245796215454717640e+03 2.365302543958680607e-41
4.256156539414044346e+03 1.562417506432071744e-41
4.266529488278842109e+03 1.030565391686707048e-41
4.276915062049113658e+03 6.787670615384152021e-42
4.287313260724858992e+03 4.464074156690061101e-42
4.297724084306076293e+03 2.931609810838266887e-42
4.308147532792766469e+03 1.922399949301609164e-42
4.318583606184930431e+03 1.258759699017417286e-42
4.329032304482564541e+03 8.230043057324403977e-43
4.339493627685673346e+03 5.373042420117251430e-43
4.349967575794255026e+03 3.502644066441162661e-43
4.360454148808308673e+03 2.279964121020633614e-43
4.370953346727836106e+03 1.481886625112226526e-43
4.381465169552836414e+03 9.617353885204977366e-44
4.391989617283306870e+03 6.232303034916260729e-44
4.402526689919252931e+03 4.032668917165561839e-44
4.413076387460670958e+03 2.605471392719512369e-44
4.423638709907561861e+03 1.680848153024822327e-44
4.434213657259925640e+03 1.082724041750104712e-44
4.444801229517762295e+03 6.963906043800047125e-45
4.455401426681070006e+03 4.472316667984930397e-45
4.466014248749852413e+03 2.867843246282221001e-45
4.476639695724106787e+03 1.836200875440579419e-45
4.487277767603834945e+03 1.173885094203866161e-45
4.497928464389035071e+03 7.493251400788690429e-46
4.508591786079708982e+03 4.775875947585990641e-46
4.519267732675853040e+03 3.039292453956437545e-46
4.529956304177471793e+03 1.931200515886831911e-46
4.540657500584563422e+03 1.225226472658428654e-46
4.551371321897127928e+03 7.761366733366339568e-47
4.562097768115165309e+03 4.908983506110598536e-47
4.572836839238675566e+03 3.100096278028738844e-47
4.583588535267655971e+03 1.954734318591356126e-47
4.594352856202111980e+03 1.230631276845169258e-47
4.605129802042039955e+03 7.735609221889371880e-48
4.615919372787440807e+03 4.854965728602302299e-48
4.626721568438314534e+03 3.042296914393355794e-48
4.637536388994662047e+03 1.903441433659352431e-48
4.648363834456478799e+03 1.189045971091068513e-48
4.659203904823771154e+03 7.416136092320001261e-49
4.670056600096536386e+03 4.618227978760994716e-49
4.680921920274774493e+03 2.871378155228950993e-49
4.691799865358484567e+03 1.782466919810489838e-49
4.702690435347668426e+03 1.104758482302515450e-49
4.713593630242322433e+03 6.836388077210489324e-50
4.724509450042451135e+03 4.223750805026067608e-50
4.735437894748053623e+03 2.605438360411975651e-50
4.746378964359128076e+03 1.604622862065773772e-50
4.757332658875675406e+03 9.866736431837104600e-51
4.768298978297694703e+03 6.057329253042970983e-51
4.779277922625185965e+03 3.712741060223953649e-51
4.790269491858151923e+03 2.272022840423986472e-51
4.801273685996589847e+03 1.388142347262092621e-51
4.812290505040501557e+03 8.467541217127042447e-52
4.823319948989885233e+03 5.156812847609342000e-52
4.834362017844741786e+03 3.135486142419738304e-52
4.845416711605069395e+03 1.903384801400884926e-52
4.856484030270871699e+03 1.153573409629896021e-52
4.867563973842146879e+03 6.980066148638261483e-53
4.878656542318894935e+03 4.216656625634430403e-53
4.889761735701115867e+03 2.543138822438474841e-53
4.900879553988808766e+03 1.531312292833089052e-53
4.912009997181973631e+03 9.205514765129404740e-54
4.923153065280612282e+03 5.524865854699615923e-54
4.934308758284723808e+03 3.310422967594229734e-54
4.945477076194308211e+03 1.980304925979088806e-54
4.956658019009365489e+03 1.182677203099598704e-54
4.967851586729895644e+03 7.051551874316249820e-55
4.979057779355896855e+03 4.197456973449306843e-55
4.990276596887372762e+03 2.494420214746159147e-55
5.001508039324321544e+03 1.479904011941970133e-55
5.012752106666742293e+03 8.765502023797780487e-56
5.024008798914636827e+03 5.183201708541268184e-56
5.035278116068003328e+03 3.059822603114675258e-56
5.046560058126840886e+03 1.803308229573627394e-56
5.057854625091153139e+03 1.061006428498613292e-56
5.069161816960938268e+03 6.232168091072058978e-57
5.080481633736196272e+03 3.654535237454820277e-57
5.091814075416927153e+03 2.139418576468070077e-57
5.103159142003130910e+03 1.250341791012665453e-57
5.114516833494804814e+03 7.295076862333706483e-58
5.125887149891954323e+03 4.249109303941370249e-58
5.137270091194575798e+03 2.470765948327019861e-58
5.148665657402670149e+03 1.434266167187579586e-58
5.160073848516238286e+03 8.311723999589614049e-59
5.171494664535278389e+03 4.808553563985635733e-59
5.182928105459788640e+03 2.777145038148720559e-59
5.194374171289774495e+03 1.601187531137631164e-59
5.205832862025233226e+03 9.216035708246015018e-60
5.217304177666164833e+03 5.295453860617289500e-60
5.228788118212568406e+03 3.037512674245620706e-60
5.240284683664445765e+03 1.739352725626507944e-60
5.251793874021793272e+03 9.942844842948654033e-61
5.263315689284615473e+03 5.673954975244743294e-61
5.274850129452910551e+03 3.232303392666632143e-61
5.286397194526679414e+03 1.838180480789758632e-61
5.297956884505920243e+03 1.043548822443161413e-61
5.309529199390633039e+03 5.914047080250515623e-62
5.321114139180817801e+03 3.345822983902413825e-62
5.332711703876477259e+03 1.889583625297466808e-62
5.344321893477608683e+03 1.065302743678995686e-62
5.355944707984212982e+03 5.995460506960657931e-63
5.367580147396291068e+03 3.368320603384216576e-63
5.379228211713841119e+03 1.889054445348008931e-63
5.390888900936864047e+03 1.057583124365188360e-63
5.402562215065358032e+03 5.910474403460081545e-64
5.414248154099326712e+03 3.297363077359746638e-64
5.425946718038768267e+03 1.836312594415796445e-64
5.437657906883681790e+03 1.020847057322495050e-64
5.449381720634069097e+03 5.665102748914299934e-65
5.461118159289929281e+03 3.138244381986024249e-65
5.472867222851259612e+03 1.735387269982987799e-65
5.484628911318064638e+03 9.579339262011647844e-66
5.496403224690342540e+03 5.278408833808498103e-66
5.508190162968093318e+03 2.903338307881432014e-66
5.519989726151316972e+03 1.594109831377835863e-66
5.531801914240013502e+03 8.737026281979615400e-67
5.543626727234181089e+03 4.780052668169412594e-67
5.555464165133822462e+03 2.610502979274439109e-67
5.567314227938937620e+03 1.423105221532130582e-67
5.579176915649524744e+03 7.744082602092469924e-68
5.591052228265585654e+03 4.206510014293210602e-68
5.602940165787118531e+03 2.280823640948080512e-68
5.614840728214122464e+03 1.234463226518668814e-68
5.626753915546601093e+03 6.669298076264495793e-69
5.638679727784552597e+03 3.596635837718167741e-69
5.650618164927976977e+03 1.936092159088738173e-69
5.662569226976873324e+03 1.040321700527668021e-69
5.674532913931243456e+03 5.579820366524654698e-70
5.686509225791083736e+03 2.987325623556796014e-70
5.698498162556399620e+03 1.596443513608860160e-70
5.710499724227187471e+03 8.515929512086019324e-71
5.722513910803448198e+03 4.534369766365540658e-71
5.734540722285181801e+03 2.409944538730785383e-71
5.746580158672388279e+03 1.278501591429964527e-71
5.758632219965065815e+03 6.770152932904735146e-72
5.770696906163218046e+03 3.578471319095446415e-72
5.782774217266842243e+03 1.887979759282345525e-72
5.794864153275940225e+03 9.942526051500718558e-73
5.806966714190510174e+03 5.226303576949553929e-73
5.819081900010553909e+03 2.742141760906284345e-73
5.831209710736067791e+03 1.436089258599438444e-73
5.843350146367056368e+03 7.507029356134838500e-74
5.855503206903517821e+03 3.916957276275835538e-74
5.867668892345452150e+03 2.039963929222022365e-74
5.879847202692859355e+03 1.060444566026943280e-74
5.892038137945739436e+03 5.502298928267849878e-75
5.904241698104089664e+03 2.849640135213033186e-75
5.916457883167914588e+03 1.473073402064662378e-75
5.928686693137213297e+03 7.600570536389047754e-76
5.940928128011983972e+03 3.914302135489497559e-76
5.953182187792227523e+03 2.012091616734699473e-76
5.965448872477944860e+03 1.032346114860749623e-76
5.977728182069131435e+03 5.286716097684089281e-77
5.990020116565793614e+03 2.702269465357339125e-77
6.002324675967928670e+03 1.378644344609480797e-77
6.014641860275536601e+03 7.020300170360167696e-78
6.026971669488616499e+03 3.568107209306942221e-78
6.039314103607170182e+03 1.810080175362065456e-78
6.051669162631194013e+03 9.165039988639184764e-79
6.064036846560692538e+03 4.631764676000031288e-79
6.076417155395663940e+03 2.336324240506785029e-79
6.088810089136108218e+03 1.176232540721631896e-79
6.101215647782025371e+03 5.910519490413466770e-80
6.113633831333415401e+03 2.964349807838539982e-80
6.126064639790276487e+03 1.483896225606921909e-80
6.138508073152611360e+03 7.413902006741082533e-81
6.150964131420420017e+03 3.697075668434036043e-81
6.163432814593700641e+03 1.840081185987435632e-81
6.175914122672455051e+03 9.140748433249638197e-82
6.188408055656681427e+03 4.532018775593479651e-82
6.200914613546378860e+03 2.242673921030400344e-82
6.213433796341550988e+03 1.107657522416284450e-82
6.225965604042195991e+03 5.460281076036975269e-83
6.238510036648313871e+03 2.686703895180489977e-83
6.251067094159903718e+03 1.319864511948782305e-83
6.263636776576967350e+03 6.480495764556398675e-84
6.276219083899501129e+03 3.194551235814477339e-84
6.288814016127509603e+03 1.610492795359312423e-84
6.301421573260991863e+03 8.898380016587942773e-85
6.314041755299946090e+03 6.496197370919548954e-85
