0.000000000000000000e+00 2.288525349886714327e-02
7.901471645829974758e-03 2.280765719805200736e-02
2.842784876444096748e-02 2.260626971633785190e-02
6.157913135583295561e-02 2.228164338122334831e-02
1.073553194200059790e-01 2.183476351273044846e-02
1.657564129569600309e-01 2.126710083462347162e-02
2.367824119666950278e-01 2.058062774507845444e-02
3.204333164492110808e-01 1.977785982765130346e-02
4.167091264045081345e-01 1.886200994061238215e-02
5.256098418325862998e-01 1.783728762208758312e-02
6.471354627334453546e-01 1.670929358047985522e-02
7.812859891070854657e-01 1.548544511141456553e-02
9.280614209535064107e-01 1.417545714060671445e-02
1.087461758272708856e+00 1.279200164021026577e-02
1.259487001064691691e+00 1.135164319728485319e-02
1.444137149329456138e+00 9.875995713119237532e-03
1.641412203067001085e+00 8.392879816780923069e-03
1.851312162277326978e+00 6.937086710726453678e-03
2.073837026960434482e+00 5.550014035500779215e-03
2.308986797116322265e+00 4.277003308987206188e-03
2.556761472744991881e+00 3.161307988840533680e-03
2.817161053846441554e+00 2.235132381163780144e-03
3.090185540420673505e+00 1.511029731189915577e-03
3.375834932467685068e+00 9.786805990833560582e-04
3.674109229987478020e+00 6.095641072562953643e-04
3.985008432980052806e+00 3.666904608812642245e-04
4.308532541445408093e+00 2.139181629775086934e-04
4.644681555383542992e+00 1.214196117406575036e-04
4.993455474794460613e+00 6.721479262716566802e-05
5.354854299678160068e+00 3.634854683482481575e-05
5.728878030034639579e+00 1.922293854126833003e-05
6.115526665863898259e+00 9.948521413253695876e-06
6.514800207165940549e+00 5.040693811585596620e-06
6.926698653940762895e+00 2.501126040735328451e-06
7.351222006188364411e+00 1.215557774929606151e-06
7.788370263908749536e+00 5.787212701418962675e-07
8.238143427101915606e+00 2.699379744590769316e-07
8.700541495767863509e+00 1.233672163859660852e-07
9.175564469906587917e+00 5.524770122439637878e-08
9.663212349518097710e+00 2.424618328488404662e-08
1.016348513460238756e+01 1.042852496974732269e-08
1.067638282515945569e+01 4.396310200666186194e-09
1.120190542118930921e+01 1.816667928456789904e-09
1.174005292269194101e+01 7.359032223543813111e-10
1.229082532966735641e+01 2.922538933069279938e-10
1.285422264211554833e+01 1.137971066876188875e-10
1.343024486003652385e+01 4.344808755838644688e-11
1.401889198343028120e+01 1.626732661599287513e-11
1.462016401229681684e+01 5.973180557666928398e-12
1.523406094663613608e+01 2.151182136579178897e-12
1.586058278644823716e+01 7.599223646551702224e-13
1.649972953173311652e+01 2.633421895448540550e-13
1.715150118249077948e+01 8.953023636971138241e-14
1.781589773872122251e+01 2.986456569646545511e-14
1.849291920042444204e+01 9.775053914709740441e-15
1.918256556760045228e+01 3.139771769963420731e-15
1.988483684024923548e+01 9.897661348970739788e-16
2.059973301837079873e+01 3.062403823730195772e-16
2.132725410196514915e+01 9.300955617990994298e-17
2.206740009103227607e+01 2.773115267542503468e-17
2.282017098557219015e+01 8.117524081777277274e-18
2.358556678558488073e+01 2.333107301190358819e-18
2.436358749107034782e+01 6.584783623228393963e-19
2.515423310202860563e+01 1.825089725504346653e-19
2.595750361845963639e+01 4.968246349268025295e-20
2.677339904036344720e+01 1.328429472237937948e-20
2.760191936774004873e+01 3.489238444113986149e-21
2.844306460058942321e+01 9.003675575485415221e-22
2.929683473891157774e+01 2.282686763397633716e-22
3.016322978270652300e+01 5.686568971788624241e-23
3.104224973197423765e+01 1.392104944375144352e-23
3.193389458671474657e+01 3.349279742967938456e-24
3.283816434692801778e+01 7.920063970535560184e-25
3.375505901261407615e+01 1.840957380070079180e-25
3.468457858377293235e+01 4.206650455852743200e-26
3.562672306040455084e+01 9.450320489894928992e-27
3.658149244250895293e+01 2.087438691790875316e-27
3.754888673008614575e+01 4.533958602146701082e-28
3.852890592313610796e+01 9.684504939773247463e-29
3.952155002165885378e+01 2.034476348157296946e-29
4.052681902565439032e+01 4.203803090191513633e-30
4.154471293512269625e+01 8.544479111503114305e-31
4.257523175006378580e+01 1.708524390269406160e-31
4.361837547047766606e+01 3.361149533519099720e-32
4.467414409636431571e+01 6.506150101944720535e-33
4.574253762772375609e+01 1.239276684388364444e-33
4.682355606455597297e+01 2.323050349665486030e-34
4.791719940686096635e+01 4.285812003553196085e-35
4.902346765463875045e+01 7.782687333694589042e-36
5.014236080788930394e+01 1.391187459568020056e-36
5.127387886661264105e+01 2.448154198744664115e-37
5.241802183080876887e+01 4.241565402324356635e-38
5.357478970047766609e+01 7.235772306281222442e-39
5.474418247561934692e+01 1.215491082078545602e-39
5.592620015623381846e+01 2.010774874916880224e-40
5.712084274232105940e+01 3.276093808257734084e-41
5.832811023388107685e+01 5.257346697976426722e-42
5.954800263091389212e+01 8.310560290577448511e-43
6.078051993341947679e+01 1.294145657973726272e-43
6.202566214139785217e+01 1.985458129404747637e-44
6.328342925484899695e+01 3.001223595814855992e-45
6.455382127377293955e+01 4.470242899100834475e-46
6.583683819816963023e+01 6.561360818436419353e-47
6.713248002803914005e+01 9.491206032467467226e-48
6.844074676338142638e+01 1.353156371114109742e-48
6.976163840419646078e+01 1.901550541297078417e-49
7.109515495048430012e+01 2.634116782492396300e-50
7.244129640224493016e+01 3.597188350068760033e-51
7.380006275947830829e+01 4.843126748302543754e-52
7.517145402218449135e+01 6.429190097273544733e-53
7.655547019036346512e+01 8.415647063409297625e-54
7.795211126401518698e+01 1.086306508163826891e-54
7.936137724313971376e+01 1.382876652454648403e-55
8.078326812773703125e+01 1.736253138043403945e-56
8.221778391780709683e+01 2.150172425141758041e-57
8.366492461334996733e+01 2.626612781003077962e-58
8.512469021436562855e+01 3.165286190823608343e-59
8.659708072085406627e+01 3.763184309159103478e-60
8.808209613281525208e+01 4.414227904286838007e-61
8.957973645024924281e+01 5.109068431251452055e-62
9.109000167315602425e+01 5.835083985580945591e-63
9.261289180153555378e+01 6.576599803167036305e-64
9.414840683538790245e+01 7.315346307268086000e-65
9.569654677471302762e+01 8.031146863155066345e-66
9.725731161951090087e+01 8.702804957766527680e-67
9.883070136978157905e+01 9.309138993376869034e-68
1.004167160255250479e+02 9.830094911375395519e-69
1.020153555867412649e+02 1.024785483880627314e-69
1.036266200534302868e+02 1.054785566382460369e-70
1.052505094255920994e+02 1.071963578874766962e-71
1.068870237032266601e+02 1.075744111139343453e-72
1.085361628863340400e+02 1.066054130467942549e-73
1.101979269749141821e+02 1.043323253612249059e-74
1.118723159689670865e+02 1.008453009462993279e-75
1.135593298684927959e+02 9.627580922416885809e-77
1.152589686734912959e+02 9.078848898242252277e-78
1.169712323839625441e+02 8.457142539412221333e-79
1.186961209999065971e+02 7.782564067517732233e-80
1.204336345213234409e+02 7.075459982355551875e-81
1.221837729482130186e+02 6.355446863391142917e-82
1.239465362805754296e+02 5.640573376007231527e-83
1.257219245184106171e+02 4.946662320961175925e-84
1.275099376617185811e+02 4.286857260035857072e-85
1.293105757104992790e+02 3.671379005313547714e-86
1.311238386647528102e+02 3.107480020332943801e-87
1.329497265244791322e+02 2.599571011443250250e-88
1.347882392896781596e+02 2.149484554951031517e-89
1.366393769603500346e+02 1.756835767326429345e-90
1.385031395364947002e+02 1.419439494882943125e-91
1.403795270181120713e+02 1.133746571549256428e-92
1.422685394052022900e+02 8.952674049276158001e-94
1.441701766977652994e+02 6.989584409495181376e-95
1.460844388958010143e+02 5.395549109891983303e-96
1.480113259993095767e+02 4.118408208341120068e-97
1.499508380082909298e+02 3.108537563410629442e-98
1.519029749227449884e+02 2.320273570131216379e-99
1.538677367426718945e+02 1.712780787272549506e-100
1.558451234680715913e+02 1.250451573478727884e-101
1.578351350989439936e+02 9.029366560379442290e-103
1.598377716352892435e+02 6.449048310901510635e-104
1.618530330771072556e+02 4.556216624409395611e-105
1.638809194243980301e+02 3.184239738325113870e-106
1.659214306771616236e+02 2.201516309666930079e-107
1.679745668353979795e+02 1.505825802641132829e-108
1.700403278991070977e+02 1.019027701016580456e-109
1.721187138682890065e+02 6.823029551401823500e-111
1.742097247429437346e+02 4.520327817375724246e-112
1.763133605230712249e+02 2.963365830265819097e-113
1.784296212086714490e+02 1.922402578879889543e-114
1.805585067997445208e+02 1.234150309783842550e-115
1.827000172962903548e+02 7.841103105551035452e-117
1.848541526983089227e+02 4.930514607627165429e-118
1.870209130058003097e+02 3.068553765634750031e-119
1.892002982187644875e+02 1.890261516028658816e-120
1.913923083372013991e+02 1.152595247482154862e-121
1.935969433611111583e+02 6.956943644265635419e-123
1.958142032904936798e+02 4.156872200523354540e-124
1.980440881253489351e+02 2.458900930040640472e-125
2.002865978656770096e+02 1.439995230339789377e-126
2.025417325114778748e+02 8.349223410792631029e-128
2.048094920627514739e+02 4.793086981563969254e-129
2.070898765194978921e+02 2.724506095117402550e-130
2.093828858817171010e+02 1.533495133797361122e-131
2.116885201494090438e+02 8.547082975087381535e-133
2.140067793225738058e+02 4.717511296437131313e-134
2.163376634012113584e+02 2.578611749816314862e-135
2.186811723853216449e+02 1.395903106463354972e-136
2.210373062749047790e+02 7.484091473279256661e-138
2.234060650699606754e+02 3.974252421223473897e-139
2.257874487704892772e+02 2.090365692247586789e-140
2.281814573764907550e+02 1.089073848406942176e-141
2.305880908879649951e+02 5.620542978434801017e-143
2.330073493049119406e+02 2.873443156697479176e-144
2.354392326273317622e+02 1.455283884302631974e-145
2.378837408552243460e+02 7.301815430645128798e-147
2.403408739885896921e+02 3.629686551766347152e-148
2.428106320274278005e+02 1.787637783099658454e-149
2.452930149717387280e+02 8.723262148566294061e-151
2.477880228215224179e+02 4.217781301774913869e-152
2.502956555767788416e+02 2.020745120525797615e-153
2.528159132375081128e+02 9.593513599092807731e-155
2.553487958037101748e+02 4.512581105365760042e-156
2.578943032753850844e+02 1.939236939177673558e-157
2.604524356525326425e+02 -3.457034656240333471e-157
2.630231929351529629e+02 -8.847199619545049241e-157
2.656065751232462162e+02 -1.420592561890923817e-156
2.682025822168121181e+02 -1.950755259716880537e-156
2.708112142158507822e+02 -2.472630713241964939e-156
2.734324711203623792e+02 -2.983652481588375846e-156
2.760663529303466248e+02 -3.481287810718160475e-156
2.787128596458036327e+02 -3.963060693574416649e-156
2.813719912667335734e+02 -4.426574916358758989e-156
2.840437477931361627e+02 -4.869536791409824760e-156
2.867281292250115143e+02 -5.289777270822290629e-156
2.894251355623597419e+02 -5.685273133711338943e-156
2.921347668051806750e+02 -6.054166944148020658e-156
2.948570229534744271e+02 -6.394785486424885358e-156
2.975919040072409985e+02 -6.705656399500640447e-156
3.003394099664802752e+02 -6.985522753136185150e-156
3.030995408311923143e+02 -7.233355334163174655e-156
3.058722966013772862e+02 -7.448362442182244427e-156
3.086576772770349066e+02 -7.629997029307089712e-156
3.114556828581652894e+02 -7.777961057768228394e-156
3.142663133447686050e+02 -7.892206991571701598e-156
3.170895687368445124e+02 -7.972936383181492611e-156
3.199254490343932389e+02 -8.020595562488019293e-156
3.227739542374148982e+02 -8.035868482206235318e-156
3.256350843459092061e+02 -8.019666820344806839e-156
3.285088393598762764e+02 -7.973117485517438251e-156
3.313952192793162794e+02 -7.897547713654772915e-156
3.342942241042288742e+02 -7.794467984183347360e-156
3.372058538346144587e+02 -7.665553019092126239e-156
3.401301084704726350e+02 -7.512621158719401208e-156
3.430669880118036303e+02 -7.337612432884425368e-156
3.460164924586075017e+02 -7.142565664609333679e-156
3.489786218108840785e+02 -6.929594955722794430e-156
3.519533760686334176e+02 -6.700865908860333803e-156
3.549407552318556327e+02 -6.458571938695212338e-156
3.579407593005504964e+02 -6.204911016734557272e-156
3.609533882747181792e+02 -5.942063178950762597e-156
3.639786421543587380e+02 -5.672169104300166929e-156
3.670165209394720023e+02 -5.397310045369665146e-156
3.700670246300579720e+02 -5.119489360678997368e-156
3.731301532261169314e+02 -4.840615862355342172e-156
3.762059067276484825e+02 -4.562489153879596317e-156
3.792942851346528528e+02 -4.286787091334916546e-156
3.823952884471300990e+02 -4.015055459057889652e-156
3.855089166650799939e+02 -3.748699907798275412e-156
3.886351697885027079e+02 -3.488980161411497305e-156
3.917740478173982979e+02 -3.237006457668215692e-156
3.949255507517665933e+02 -2.993738150824905067e-156
3.980896785916075942e+02 -2.759984368921752927e-156
4.012664313369215847e+02 -2.536406588010612990e-156
4.044558089877081670e+02 -2.323522959190469177e-156
4.076578115439675685e+02 -2.121714202828556861e-156
4.108724390056998459e+02 -1.931230867917263629e-156
4.140996913729047719e+02 -1.752201743262604853e-156
4.173395686455825171e+02 -1.584643201082483494e-156
4.205920708237331382e+02 -1.428469252443767250e-156
4.238571979073564648e+02 -1.283502097498355142e-156
4.271349498964524969e+02 -1.149482961296886553e-156
4.304253267910214618e+02 -1.026083017584095406e-156
4.337283285910631321e+02 -9.129142178632451104e-157
4.370439552965775079e+02 -8.095398605618333084e-157
4.403722069075648733e+02 -7.154847547125675606e-157
4.437130834240248305e+02 -6.302448535509278628e-157
4.470665848459575500e+02 -5.532962552036028639e-157
4.504327111733632591e+02 -4.841034896099032327e-157
4.538114624062415601e+02 -4.221270324343050857e-157
4.572028385445926233e+02 -3.668300075027091078e-157
4.606068395884166762e+02 -3.176840588044862927e-157
4.640234655377133208e+02 -2.741743909968941849e-157
4.674527163924827278e+02 -2.358039933551378894e-157
4.708945921527251244e+02 -2.020970760354872388e-157
4.743490928184401128e+02 -1.726017592421994461e-157
4.778162183896278634e+02 -1.468920653657426038e-157
4.812959688662886037e+02 -1.245692714106170753e-157
4.847883442484219358e+02 -1.052626841353973257e-157
4.882933445360280302e+02 -8.862990341499734536e-158
4.918109697291071143e+02 -7.435664057565871252e-158
4.953412198276587901e+02 -6.215615804756168979e-158
4.988840948316832282e+02 -5.176839485002667212e-158
5.024395947411806560e+02 -4.295883940341342955e-158
5.060077195561506755e+02 -3.551720718649086023e-158
5.095884692765936279e+02 -2.925597606005994822e-158
5.131818439025091720e+02 -2.400882687761102666e-158
5.167878434338975921e+02 -1.962903150591015779e-158
5.204064678707588882e+02 -1.598782476617464067e-158
5.240377172130928329e+02 -1.297279124003220552e-158
5.276815914608995399e+02 -1.048629249881943940e-158
5.313380906141791229e+02 -8.443955219407656846e-159
5.350072146729314682e+02 -6.773235928881359481e-159
5.386889636371564620e+02 -5.412073834266708605e-159
5.423833375068544456e+02 -4.307639380193616102e-159
5.460903362820250777e+02 -3.415182855131141487e-159
5.498099599626684721e+02 -2.696984536742481315e-159
5.535422085487848562e+02 -2.121405515683750274e-159
5.572870820403737753e+02 -1.662036440033546309e-159
5.610445804374354566e+02 -1.296939945968656745e-159
5.648147037399702413e+02 -1.007981444648141569e-159
5.685974519479774472e+02 -7.802421771240249074e-160
5.723928250614575290e+02 -6.015079833673051308e-160
5.762008230804106006e+02 -4.618270131636356993e-160
5.800214460048362071e+02 -3.531295921835075284e-160
5.838546938347346895e+02 -2.689036050770962223e-160
5.877005665701060479e+02 -2.039190315214447080e-160
5.915590642109499413e+02 -1.539956372507781801e-160
5.954301867572667106e+02 -1.158082509633522979e-160
5.993139342090564696e+02 -8.672452467131560831e-161
6.032103065663187635e+02 -6.467055881940406476e-161
6.071193038290539334e+02 -4.802025762097724241e-161
6.110409259972619793e+02 -3.550475150548098173e-161
6.149751730709426738e+02 -2.613867259996397069e-161
6.189220450500960169e+02 -1.916048892282677207e-161
6.228815419347224633e+02 -1.398448905093802698e-161
6.268536637248214447e+02 -1.016235906886187040e-161
6.308384104203933020e+02 -7.352606898420223860e-162
6.348357820214380354e+02 -5.296366191472165884e-162
6.388457785279554173e+02 -3.798354353760810383e-162
6.428683999399454478e+02 -2.711969128683880602e-162
6.469036462574085817e+02 -1.927688115833203583e-162
6.509515174803442505e+02 -1.364088477502704285e-162
6.550120136087527953e+02 -9.609328279683775909e-163
6.590851346426342161e+02 -6.738748007141250117e-163
6.631708805819881718e+02 -4.704268208821273075e-163
6.672692514268150035e+02 -3.269057643552582299e-163
6.713802471771148248e+02 -2.261318309572854489e-163
6.755038678328871811e+02 -1.557042272191080152e-163
6.796401133941322996e+02 -1.067160283734156089e-163
6.837889838608505215e+02 -7.280151342565698052e-164
6.879504792330411647e+02 -4.943375674435469244e-164
6.921245995107046838e+02 -3.340951904559947441e-164
6.963113446938411926e+02 -2.247352345040786315e-164
7.005107147824502363e+02 -1.504587247717019586e-164
7.047227097765322696e+02 -1.002535527569273614e-164
7.089473296760868379e+02 -6.648279442901457413e-165
7.131845744811142822e+02 -4.387698326838056743e-165
7.174344441916147161e+02 -2.881861795572122083e-165
7.216969388075876850e+02 -1.883689503089444925e-165
7.259720583290334162e+02 -1.225282240421221616e-165
7.302598027559521370e+02 -7.931301838840748730e-166
7.345601720883433927e+02 -5.108873990572911857e-166
7.388731663262075244e+02 -3.274681939394407947e-166
7.431987854695445321e+02 -2.088656956414416308e-166
7.475370295183541884e+02 -1.325592376115999175e-166
7.518878984726366070e+02 -8.371216805630836397e-167
7.562513923323920153e+02 -5.260096471196115578e-167
7.606275110976200722e+02 -3.288638722316712174e-167
7.650162547683207777e+02 -2.045722707020036330e-167
7.694176233444945865e+02 -1.266124200431173092e-167
7.738316168261409302e+02 -7.796426657622597102e-168
7.782582352132600363e+02 -4.776342127191885002e-168
7.826974785058521320e+02 -2.911163502059051883e-168
7.871493467039167626e+02 -1.765224346800633933e-168
7.916138398074542692e+02 -1.064844432836469175e-168
7.960909578164646518e+02 -6.390225363871683688e-169
8.005807007309476830e+02 -3.814878891778531676e-169
8.050830685509034765e+02 -2.265534771033618794e-169
8.095980612763322597e+02 -1.338372306527340209e-169
8.141256789072336915e+02 -7.864846196056964462e-170
8.186659214436077718e+02 -4.597285492585441515e-170
8.232187888854549556e+02 -2.673015921149885387e-170
8.277842812327746742e+02 -1.545899832513839690e-170
8.323623984855671551e+02 -8.892662561180028485e-171
8.369531406438326258e+02 -5.087962285782170610e-171
8.415565077075706313e+02 -2.895399784961023073e-171
8.461724996767815128e+02 -1.638765383723155911e-171
8.508011165514652703e+02 -9.224857204155944232e-172
8.554423583316216764e+02 -5.164499281164955891e-172
8.600962250172508448e+02 -2.875501491134673963e-172
8.647627166083530028e+02 -1.592234123774306670e-172
8.694418331049278095e+02 -8.767976974124093968e-173
8.741335745069752647e+02 -4.801558788475190767e-173
8.788379408144958234e+02 -2.614849855385114141e-173
8.835549320274889169e+02 -1.416068453083756797e-173
8.882845481459547727e+02 -7.625812161511906331e-174
8.930267891698936182e+02 -4.083605289929377111e-174
8.977816550993049987e+02 -2.174446365299875179e-174
9.025491459341891414e+02 -1.151310532707199306e-174
9.073292616745463874e+02 -6.061312843396926994e-175
9.121220023203761684e+02 -3.172948602502197475e-175
9.169273678716787117e+02 -1.651479646014637674e-175
9.217453583284542447e+02 -8.546515167487075860e-176
9.265759736907023125e+02 -4.397465445083972438e-176
9.314192139584232564e+02 -2.249599835315481749e-176
9.362750791316170762e+02 -1.144167457545463562e-176
9.411435692102835446e+02 -5.785587754205513413e-177
9.460246841944230027e+02 -2.908513740231561825e-177
9.509184240840349958e+02 -1.453626193394615252e-177
9.558247888791197511e+02 -7.222452110765001290e-178
9.607437785796776097e+02 -3.567461694864587076e-178
9.656753931857078896e+02 -1.751738087224737667e-178
9.706196326972110455e+02 -8.550801153726679541e-179
9.755764971141871911e+02 -4.149204897527516861e-179
9.805459864366358715e+02 -2.001410362239150565e-179
9.855281006645573143e+02 -9.596512414391175266e-180
9.905228397979518604e+02 -4.573931580245349097e-180
9.955302038368188278e+02 -2.166994773558215472e-180
1.000550192781158671e+03 -1.020495603933667579e-180
1.005582806630971504e+03 -4.776861931319305464e-181
1.010628045386256872e+03 -2.222520684691818818e-181
1.015685909047015002e+03 -1.027812506032715258e-181
1.020756397613246236e+03 -4.724332265001382697e-182
1.025839511084949663e+03 -2.158335752514016741e-182
1.030935249462126421e+03 -9.800388474061392599e-183
1.036043612744775373e+03 -4.422899507777217758e-183
1.041164600932897656e+03 -1.983828962671290692e-183
1.046298214026492815e+03 -8.843592694703295529e-184
1.051444452025560167e+03 -3.918092344410135368e-184
1.056603314930100851e+03 -1.725187134891318733e-184
1.061774802740114183e+03 -7.549316649865567546e-185
1.066958915455599936e+03 -3.283094184111042332e-185
1.072155653076559020e+03 -1.418919618889327641e-185
1.077365015602990752e+03 -6.094324604793569131e-186
1.082587003034894906e+03 -2.601245826060648244e-186
1.087821615372272163e+03 -1.103367088471532707e-186
1.093068852615122296e+03 -4.650893166354629001e-187
1.098328714763444623e+03 -1.948163521983589959e-187
1.103601201817240280e+03 -8.109279255523680327e-188
1.108886313776508814e+03 -3.354301637252200300e-188
1.114184050641249542e+03 -1.378733372169222999e-188
1.119494412411463600e+03 -5.631345682912230360e-189
1.124817399087150307e+03 -2.285563687053642594e-189
1.130153010668309435e+03 -9.217631134190784395e-190
1.135501247154941893e+03 -3.693906520006696970e-190
1.140862108547047001e+03 -1.470919412506244437e-190
1.146235594844624302e+03 -5.820016140086470639e-191
1.151621706047675161e+03 -2.288167747627535480e-191
1.157020442156198442e+03 -8.938734247415108514e-192
1.162431803170194371e+03 -3.469644053096386027e-192
1.167855789089663404e+03 -1.338168774835379816e-192
1.173292399914605312e+03 -5.128027818600173030e-193
1.178741635645019414e+03 -1.952539862687743160e-193
1.184203496280906620e+03 -7.386796707571599219e-194
1.189677981822266929e+03 -2.776616069379542768e-194
1.195165092269099432e+03 -1.036992975450967864e-194
1.200664827621405038e+03 -3.847982079998851454e-195
1.206177187879183521e+03 -1.418680374645570829e-195
1.211702173042434424e+03 -5.196698536343194985e-196
1.217239783111158431e+03 -1.891294581406872886e-196
1.222790018085355314e+03 -6.838752272331049880e-197
1.228352877965024391e+03 -2.456846661229173453e-197
1.233928362750166798e+03 -8.769205793508293734e-198
1.239516472440782081e+03 -3.109718988827531956e-198
1.245117207036869559e+03 -1.095616191687066429e-198
1.250730566538430367e+03 -3.835040789554388772e-199
1.256356550945463823e+03 -1.333686376370011441e-199
1.261995160257969701e+03 -4.607948878136617174e-200
1.267646394475948910e+03 -1.581721153669843478e-200
1.273310253599400767e+03 -5.394096904730140459e-201
1.278986737628324818e+03 -1.827563299139484522e-201
1.284675846562722199e+03 -6.151618280774152399e-202
1.290377580402592457e+03 -2.057160108436635828e-202
1.296091939147935136e+03 -6.834506533200673539e-203
1.301818922798750918e+03 -2.255824277146940991e-203
1.307558531355039349e+03 -7.397094636913537575e-204
1.313310764816800202e+03 -2.409759774964567638e-204
1.319075623184034384e+03 -7.799054291027550152e-205
1.324853106456741443e+03 -2.507637714851937214e-205
1.330643214634920469e+03 -8.010164331879473342e-206
1.336445947718573052e+03 -2.541973720934680459e-206
1.342261305707698284e+03 -8.014067302636493423e-207
1.348089288602296392e+03 -2.510074425632161385e-207
1.353929896402366694e+03 -7.810365685664721465e-208
1.359783129107910327e+03 -2.414386806066881438e-208
1.365648986718926608e+03 -7.414684572246576536e-209
1.371527469235415310e+03 -2.262187424796570187e-209
1.377418576657377344e+03 -6.856687601682362172e-210
1.383322308984812025e+03 -2.064666458426885006e-210
1.389238666217718901e+03 -6.176396490392617128e-211
1.395167648356099335e+03 -1.835566836753492507e-211
1.401109255399952417e+03 -5.419448971297632654e-212
1.407063487349277693e+03 -1.589608421846754247e-212
1.413030344204076300e+03 -4.632074674532998839e-213
1.419009825964347783e+03 -1.340947199271101722e-213
1.425001932630091460e+03 -3.856549958850647808e-214
1.431006664201308467e+03 -1.101889157723711477e-214
1.437024020677998124e+03 -3.127728883519157584e-215
1.443054002060160201e+03 -8.820093450966175981e-216
1.449096608347795609e+03 -2.470989453882646214e-216
1.455151839540903666e+03 -6.877379854601497409e-217
1.461219695639483916e+03 -1.901649238577546047e-217
1.467300176643537725e+03 -5.223890116368644629e-218
1.473393282553064182e+03 -1.425656421950675195e-218
1.479499013368062833e+03 -3.865396169616717298e-219
1.485617369088534815e+03 -1.041196225564699255e-219
1.491748349714479673e+03 -2.786325187393206921e-220
1.497891955245896725e+03 -7.407862822009598250e-221
1.504048185682787107e+03 -1.956668773804747543e-221
1.510217041025150138e+03 -5.134596847863945899e-222
1.516398521272985590e+03 -1.338632924265511999e-222
1.522592626426294146e+03 -3.467243145751297369e-223
1.528799356485075805e+03 -8.922289795583123955e-224
1.535018711449329430e+03 -2.281073245873740058e-224
1.541250691319056614e+03 -5.793949741664213686e-225
1.547495296094256446e+03 -1.462125227583042050e-225
1.553752525774928472e+03 -3.665815441295182640e-226
1.560022380361073829e+03 -9.131343559824706501e-227
1.566304859852692061e+03 -2.259845610246839753e-227
1.572599964249782261e+03 -5.556545186339169884e-228
1.578907693552346018e+03 -1.357422283414820330e-228
1.585228047760382651e+03 -3.294664864013212911e-229
1.591561026873891478e+03 -7.945035041705225992e-230
1.597906630892873409e+03 -1.903578981220805742e-230
1.604264859817328215e+03 -4.531466314961539698e-231
1.610635713647255443e+03 -1.071770239506690745e-231
1.617019192382655774e+03 -2.518616675975531543e-232
1.623415296023528981e+03 -5.880609065684621752e-233
1.629824024569874382e+03 -1.364221393705684507e-233
1.636245378021693114e+03 -3.144504503276511267e-234
1.642679356378984721e+03 -7.201566207113139680e-235
1.649125959641748523e+03 -1.638746077037350574e-235
1.655585187809985655e+03 -3.705177239419655975e-236
1.662057040883695663e+03 -8.323799570455805559e-237
1.668541518862877638e+03 -1.858028100759198610e-237
1.675038621747533170e+03 -4.121010817920776919e-238
1.681548349537661352e+03 -9.081944890581614938e-239
1.688070702233261727e+03 -1.988751227739179305e-239
1.694605679834335660e+03 -4.327244659661222038e-240
1.701153282340882242e+03 -9.355667368667574076e-241
1.707713509752901018e+03 -2.009895169508536051e-241
1.714286362070393125e+03 -4.290524349987228103e-242
1.720871839293358107e+03 -9.100991799059844020e-243
1.727469941421795284e+03 -1.918278044564907948e-243
1.734080668455705563e+03 -4.017741591355402051e-244
1.740704020395088946e+03 -8.361866378409585108e-245
1.747339997239944523e+03 -1.729332187362538007e-245
1.753988598990273204e+03 -3.553946137508092696e-246
1.760649825646074760e+03 -7.257779049093882903e-247
1.767323677207348737e+03 -1.472856485011806941e-247
1.774010153674095818e+03 -2.970190074676163182e-248
1.780709255046315775e+03 -5.952214086704768462e-249
1.787420981324007926e+03 -1.185350349270306536e-249
1.794145332507173407e+03 -2.345806780128335100e-250
1.800882308595811764e+03 -4.613372446894560545e-251
1.807631909589922316e+03 -9.016314680515135281e-252
1.814394135489506198e+03 -1.751166269209536490e-252
1.821168986294562728e+03 -3.380002563846844895e-253
1.827956462005091680e+03 -6.483381415283821787e-254
1.834756562621093735e+03 -1.235903630823160328e-254
1.841569288142568894e+03 -2.341368458766212216e-255
1.848394638569516019e+03 -4.408193892663708390e-256
1.855232613901936475e+03 -8.248235618631387238e-257
1.862083214139829806e+03 -1.533820624755440671e-257
1.868946439283195332e+03 -2.834685986006842291e-258
1.875822289332034416e+03 -5.206620880176914799e-259
1.882710764286345920e+03 -9.504545195501387172e-260
1.889611864146129847e+03 -1.724387643044761890e-260
1.896525588911387104e+03 -3.109356045386353025e-261
1.903451938582117236e+03 -5.572394228204998174e-262
1.910390913158319336e+03 -9.925511424531595246e-263
1.917342512639994993e+03 -1.757144631438605916e-263
1.924306737027143299e+03 -3.091787078170899409e-264
1.931283586319763799e+03 -5.407082685817130866e-265
1.938273060517857857e+03 -9.398785579791249372e-266
1.945275159621424564e+03 -1.623826861083876486e-266
1.952289883630463237e+03 -2.788501720073269797e-267
1.959317232544975695e+03 -4.759587481799631639e-268
1.966357206364960575e+03 -8.074932737643777958e-269
1.973409805090417876e+03 -1.361707200313003343e-269
1.980475028721348508e+03 -2.282484349029520760e-270
1.987552877257752016e+03 -3.802902447853852721e-271
1.994643350699627490e+03 -6.298105443032362563e-272
2.001746449046976522e+03 -1.036802683543351806e-272
2.008862172299798203e+03 -1.696593630030933449e-273
2.015990520458092760e+03 -2.759682949703902502e-274
2.023131493521859284e+03 -4.462151433501103352e-275
2.030285091491099593e+03 -7.171950873185010805e-276
2.037451314365812323e+03 -1.145888433441811778e-276
2.044630162145997474e+03 -1.819967144389184201e-277
2.051821634831655501e+03 -2.873459679681376969e-278
2.059025732422786859e+03 -4.509944431570511950e-279
2.066242454919390184e+03 -7.036650556806623442e-280
2.073471802321466839e+03 -1.091424464948808445e-280
2.080713774629016370e+03 -1.682900726245797896e-281
2.087968371842038323e+03 -2.579672891482502056e-282
2.095235593960533151e+03 -3.931120309587834984e-283
2.102515440984501311e+03 -5.955494355988793454e-284
2.109807912913941436e+03 -8.969605193351546518e-285
2.117113009748854893e+03 -1.343034333285403645e-285
2.124430731489240770e+03 -1.999233115989547020e-286
2.131761078135099524e+03 -2.958738325066855939e-287
2.139104049686431154e+03 -4.353321551305794120e-288
2.146459646143235659e+03 -6.368105990112487252e-289
2.153827867505512586e+03 -9.261459881848667135e-290
2.161208713773262843e+03 -1.339160208572829005e-290
2.168602184946485522e+03 -1.925191066387564941e-291
2.176008281025180622e+03 -2.751741630428198219e-292
2.183427002009349053e+03 -3.910554033001744251e-293
2.190858347898990360e+03 -5.525480592907195910e-294
2.198302318694103633e+03 -7.762601090639956015e-295
2.205758914394690692e+03 -1.084311945626788318e-295
2.213228135000750171e+03 -1.505966460974910634e-296
2.220709980512282073e+03 -2.079671628038475854e-297
2.228204450929287304e+03 -2.855597361913440566e-298
2.235711546251765412e+03 -3.898757709438726282e-299
2.243231266479715487e+03 -5.292817560170603457e-300
2.250763611613138892e+03 -7.144689211346807663e-301
2.258308581652035173e+03 -9.590027177385291079e-302
2.265866176596403420e+03 -1.279972834079641094e-302
2.273436396446245453e+03 -1.698753745238581960e-303
2.281019241201559907e+03 -2.241884352576587317e-304
2.288614710862346783e+03 -2.942072918330354650e-305
2.296222805428606989e+03 -3.839330086213058790e-306
2.303843524900340071e+03 -4.982228147552791852e-307
2.311476869277545120e+03 -6.429278741699271373e-308
2.319122838560223954e+03 -8.250413790324869736e-309
2.326781432748375209e+03 -1.052854564171776353e-309
2.334452651841998431e+03 -1.336117220930426059e-310
2.342136495841095439e+03 -1.686198149591810146e-311
2.349832964745665322e+03 -2.116239758762255730e-312
2.357542058555707172e+03 -2.641299739871475362e-313
2.365263777271222352e+03 -3.278471469843228007e-314
2.372998120892210409e+03 -4.046973626110387380e-315
2.380745089418670432e+03 -4.968198444279273235e-316
2.388504682850603785e+03 -6.065707668461297344e-317
2.396276901188010470e+03 -7.365194683562131433e-318
2.404061744430888666e+03 -8.894219162998704413e-319
2.411859212579240648e+03 -1.068416959131695652e-319
2.419669305633065505e+03 -1.279135957082987303e-320
2.427492023592362330e+03 -1.561247440858339080e-321
2.435327366457132484e+03 -1.976262583364986177e-322
2.443175334227375515e+03 -9.881312916824930884e-324
2.451035926903090967e+03 0.000000000000000000e+00
2.458909144484279295e+03 0.000000000000000000e+00
2.466794986970940954e+03 0.000000000000000000e+00
2.474693454363074125e+03 0.000000000000000000e+00
2.482604546660681535e+03 0.000000000000000000e+00
2.490528263863760912e+03 0.000000000000000000e+00
2.498464605972312711e+03 0.000000000000000000e+00
2.506413572986338295e+03 0.000000000000000000e+00
2.514375164905836300e+03 0.000000000000000000e+00
2.522349381730806726e+03 0.000000000000000000e+00
2.530336223461250029e+03 0.000000000000000000e+00
2.538335690097166662e+03 0.000000000000000000e+00
2.546347781638555261e+03 0.000000000000000000e+00
2.554372498085417192e+03 0.000000000000000000e+00
2.562409839437751998e+03 0.000000000000000000e+00
2.570459805695558771e+03 0.000000000000000000e+00
2.578522396858839329e+03 0.000000000000000000e+00
2.586597612927592309e+03 0.000000000000000000e+00
2.594685453901817255e+03 0.000000000000000000e+00
2.602785919781515986e+03 0.000000000000000000e+00
2.610899010566687593e+03 0.000000000000000000e+00
2.619024726257331167e+03 0.000000000000000000e+00
2.627163066853448072e+03 0.000000000000000000e+00
2.635314032355037853e+03 0.000000000000000000e+00
2.643477622762100054e+03 0.000000000000000000e+00
2.651653838074635132e+03 0.000000000000000000e+00
2.659842678292643541e+03 0.000000000000000000e+00
2.668044143416123461e+03 0.000000000000000000e+00
2.676258233445077622e+03 0.000000000000000000e+00
2.684484948379503749e+03 0.000000000000000000e+00
2.692724288219402297e+03 0.000000000000000000e+00
2.700976252964774631e+03 0.000000000000000000e+00
2.709240842615619385e+03 0.000000000000000000e+00
2.717518057171936107e+03 0.000000000000000000e+00
2.725807896633726614e+03 0.000000000000000000e+00
2.734110361000989997e+03 0.000000000000000000e+00
2.742425450273725346e+03 0.000000000000000000e+00
2.750753164451934026e+03 0.000000000000000000e+00
2.759093503535615582e+03 0.000000000000000000e+00
2.767446467524769105e+03 0.000000000000000000e+00
2.775812056419395958e+03 0.000000000000000000e+00
2.784190270219496142e+03 0.000000000000000000e+00
2.792581108925067838e+03 0.000000000000000000e+00
2.800984572536113319e+03 0.000000000000000000e+00
2.809400661052631676e+03 0.000000000000000000e+00
2.817829374474622455e+03 0.000000000000000000e+00
2.826270712802085654e+03 0.000000000000000000e+00
2.834724676035022185e+03 0.000000000000000000e+00
2.843191264173431591e+03 0.000000000000000000e+00
2.851670477217312964e+03 0.000000000000000000e+00
2.860162315166668122e+03 0.000000000000000000e+00
2.868666778021495702e+03 0.000000000000000000e+00
2.877183865781795248e+03 0.000000000000000000e+00
2.885713578447568580e+03 0.000000000000000000e+00
2.894255916018814787e+03 0.000000000000000000e+00
2.902810878495532506e+03 0.000000000000000000e+00
2.911378465877724466e+03 0.000000000000000000e+00
2.919958678165388847e+03 0.000000000000000000e+00
2.928551515358525194e+03 0.000000000000000000e+00
2.937156977457134872e+03 0.000000000000000000e+00
2.945775064461217880e+03 0.000000000000000000e+00
2.954405776370772401e+03 0.000000000000000000e+00
2.963049113185800707e+03 0.000000000000000000e+00
2.971705074906301888e+03 0.000000000000000000e+00
2.980373661532275037e+03 0.000000000000000000e+00
2.989054873063721516e+03 0.000000000000000000e+00
2.997748709500640871e+03 0.000000000000000000e+00
3.006455170843032647e+03 0.000000000000000000e+00
3.015174257090897299e+03 0.000000000000000000e+00
3.023905968244235282e+03 0.000000000000000000e+00
3.032650304303045232e+03 0.000000000000000000e+00
3.041407265267328512e+03 0.000000000000000000e+00
3.050176851137084668e+03 0.000000000000000000e+00
3.058959061912312336e+03 0.000000000000000000e+00
3.067753897593014244e+03 0.000000000000000000e+00
3.076561358179188574e+03 0.000000000000000000e+00
3.085381443670835324e+03 0.000000000000000000e+00
3.094214154067954951e+03 0.000000000000000000e+00
3.103059489370547908e+03 0.000000000000000000e+00
3.111917449578612832e+03 0.000000000000000000e+00
3.120788034692151086e+03 0.000000000000000000e+00
3.129671244711162217e+03 0.000000000000000000e+00
3.138567079635645314e+03 0.000000000000000000e+00
3.147475539465602196e+03 0.000000000000000000e+00
3.156396624201031500e+03 0.000000000000000000e+00
3.165330333841933225e+03 0.000000000000000000e+00
3.174276668388308281e+03 0.000000000000000000e+00
3.183235627840155757e+03 0.000000000000000000e+00
3.192207212197475656e+03 0.000000000000000000e+00
3.201191421460269339e+03 0.000000000000000000e+00
3.210188255628535444e+03 0.000000000000000000e+00
3.219197714702273515e+03 0.000000000000000000e+00
3.228219798681485372e+03 0.000000000000000000e+00
3.237254507566169650e+03 0.000000000000000000e+00
3.246301841356326349e+03 0.000000000000000000e+00
3.255361800051956379e+03 0.000000000000000000e+00
3.264434383653059285e+03 0.000000000000000000e+00
3.273519592159634158e+03 0.000000000000000000e+00
3.282617425571682361e+03 0.000000000000000000e+00
3.291727883889203440e+03 0.000000000000000000e+00
3.300850967112196940e+03 0.000000000000000000e+00
3.309986675240663772e+03 0.000000000000000000e+00
3.319135008274603024e+03 0.000000000000000000e+00
3.328295966214014697e+03 0.000000000000000000e+00
3.337469549058899702e+03 0.000000000000000000e+00
3.346655756809257582e+03 0.000000000000000000e+00
3.355854589465087429e+03 0.000000000000000000e+00
3.365066047026391061e+03 0.000000000000000000e+00
3.374290129493167115e+03 0.000000000000000000e+00
3.383526836865415589e+03 0.000000000000000000e+00
3.392776169143137395e+03 0.000000000000000000e+00
3.402038126326331621e+03 0.000000000000000000e+00
3.411312708414998269e+03 0.000000000000000000e+00
3.420599915409138248e+03 0.000000000000000000e+00
3.429899747308751557e+03 0.000000000000000000e+00
3.439212204113836378e+03 0.000000000000000000e+00
3.448537285824394985e+03 0.000000000000000000e+00
3.457874992440426013e+03 0.000000000000000000e+00
3.467225323961929462e+03 0.000000000000000000e+00
3.476588280388906242e+03 0.000000000000000000e+00
3.485963861721355897e+03 0.000000000000000000e+00
3.495352067959277065e+03 0.000000000000000000e+00
3.504752899102672473e+03 0.000000000000000000e+00
3.514166355151540301e+03 0.000000000000000000e+00
3.523592436105880097e+03 0.000000000000000000e+00
3.533031141965693678e+03 0.000000000000000000e+00
3.542482472730980135e+03 0.000000000000000000e+00
3.551946428401738558e+03 0.000000000000000000e+00
3.561423008977970312e+03 0.000000000000000000e+00
3.570912214459674942e+03 0.000000000000000000e+00
3.580414044846851539e+03 0.000000000000000000e+00
3.589928500139501466e+03 0.000000000000000000e+00
3.599455580337624724e+03 0.000000000000000000e+00
3.608995285441219494e+03 0.000000000000000000e+00
3.618547615450288049e+03 0.000000000000000000e+00
3.628112570364829480e+03 0.000000000000000000e+00
3.637690150184842878e+03 0.000000000000000000e+00
3.647280354910329606e+03 0.000000000000000000e+00
3.656883184541289211e+03 0.000000000000000000e+00
3.666498639077720782e+03 0.000000000000000000e+00
3.676126718519626138e+03 0.000000000000000000e+00
3.685767422867004370e+03 0.000000000000000000e+00
3.695420752119854114e+03 0.000000000000000000e+00
3.705086706278177644e+03 0.000000000000000000e+00
3.714765285341974050e+03 0.000000000000000000e+00
3.724456489311242422e+03 0.000000000000000000e+00
3.734160318185984124e+03 0.000000000000000000e+00
3.743876771966199158e+03 0.000000000000000000e+00
3.753605850651886612e+03 0.000000000000000000e+00
3.763347554243046034e+03 0.000000000000000000e+00
3.773101882739678786e+03 0.000000000000000000e+00
3.782868836141784868e+03 0.000000000000000000e+00
3.792648414449362463e+03 0.000000000000000000e+00
3.802440617662413842e+03 0.000000000000000000e+00
3.812245445780938098e+03 0.000000000000000000e+00
3.822062898804934321e+03 0.000000000000000000e+00
3.831892976734403874e+03 0.000000000000000000e+00
3.841735679569346757e+03 0.000000000000000000e+00
3.851591007309761153e+03 0.000000000000000000e+00
3.861458959955648879e+03 0.000000000000000000e+00
3.871339537507009936e+03 0.000000000000000000e+00
3.881232739963842505e+03 0.000000000000000000e+00
3.891138567326149314e+03 0.000000000000000000e+00
3.901057019593928544e+03 0.000000000000000000e+00
3.910988096767179286e+03 0.000000000000000000e+00
3.920931798845904268e+03 0.000000000000000000e+00
3.930888125830101671e+03 0.000000000000000000e+00
3.940857077719771041e+03 0.000000000000000000e+00
3.950838654514914197e+03 0.000000000000000000e+00
3.960832856215530228e+03 0.000000000000000000e+00
3.970839682821618226e+03 0.000000000000000000e+00
3.980859134333179554e+03 0.000000000000000000e+00
3.990891210750213759e+03 0.000000000000000000e+00
4.000935912072719930e+03 0.000000000000000000e+00
4.010993238300699886e+03 0.000000000000000000e+00
4.021063189434152264e+03 0.000000000000000000e+00
4.031145765473076608e+03 0.000000000000000000e+00
4.041240966417475192e+03 0.000000000000000000e+00
4.051348792267345743e+03 0.000000000000000000e+00
4.061469243022688715e+03 0.000000000000000000e+00
4.071602318683505018e+03 0.000000000000000000e+00
4.081748019249794652e+03 0.000000000000000000e+00
4.091906344721555797e+03 0.000000000000000000e+00
4.102077295098791183e+03 0.000000000000000000e+00
4.112260870381499444e+03 0.000000000000000000e+00
4.122457070569679672e+03 0.000000000000000000e+00
4.132665895663330957e+03 0.000000000000000000e+00
4.142887345662456937e+03 0.000000000000000000e+00
4.153121420567055793e+03 0.000000000000000000e+00
4.163368120377126615e+03 0.000000000000000000e+00
4.173627445092671223e+03 0.000000000000000000e+00
4.183899394713688707e+03 0.000000000000000000e+00
4.194183969240176339e+03 0.000000000000000000e+00
4.204481168672139574e+03 0.000000000000000000e+00
4.214790993009574777e+03 0.000000000000000000e+00
4.225113442252482855e+03 0.000000000000000000e+00
4.235448516400863809e+03 0.000000000000000000e+00
4.245796215454717640e+03 0.000000000000000000e+00
4.256156539414044346e+03 0.000000000000000000e+00
4.266529488278842109e+03 0.000000000000000000e+00
4.276915062049113658e+03 0.000000000000000000e+00
4.287313260724858992e+03 0.000000000000000000e+00
4.297724084306076293e+03 0.000000000000000000e+00
4.308147532792766469e+03 0.000000000000000000e+00
4.318583606184930431e+03 0.000000000000000000e+00
4.329032304482564541e+03 0.000000000000000000e+00
4.339493627685673346e+03 0.000000000000000000e+00
4.349967575794255026e+03 0.000000000000000000e+00
4.360454148808308673e+03 0.000000000000000000e+00
4.370953346727836106e+03 0.000000000000000000e+00
4.381465169552836414e+03 0.000000000000000000e+00
4.391989617283306870e+03 0.000000000000000000e+00
4.402526689919252931e+03 0.000000000000000000e+00
4.413076387460670958e+03 0.000000000000000000e+00
4.423638709907561861e+03 0.000000000000000000e+00
4.434213657259925640e+03 0.000000000000000000e+00
4.444801229517762295e+03 0.000000000000000000e+00
4.455401426681070006e+03 0.000000000000000000e+00
4.466014248749852413e+03 0.000000000000000000e+00
4.476639695724106787e+03 0.000000000000000000e+00
4.487277767603834945e+03 0.000000000000000000e+00
4.497928464389035071e+03 0.000000000000000000e+00
4.508591786079708982e+03 0.000000000000000000e+00
4.519267732675853040e+03 0.000000000000000000e+00
4.529956304177471793e+03 0.000000000000000000e+00
4.540657500584563422e+03 0.000000000000000000e+00
4.551371321897127928e+03 0.000000000000000000e+00
4.562097768115165309e+03 0.000000000000000000e+00
4.572836839238675566e+03 0.000000000000000000e+00
4.583588535267655971e+03 0.000000000000000000e+00
4.594352856202111980e+03 0.000000000000000000e+00
4.605129802042039955e+03 0.000000000000000000e+00
4.615919372787440807e+03 0.000000000000000000e+00
4.626721568438314534e+03 0.000000000000000000e+00
4.637536388994662047e+03 0.000000000000000000e+00
4.648363834456478799e+03 0.000000000000000000e+00
4.659203904823771154e+03 0.000000000000000000e+00
4.670056600096536386e+03 0.000000000000000000e+00
4.680921920274774493e+03 0.000000000000000000e+00
4.691799865358484567e+03 0.000000000000000000e+00
4.702690435347668426e+03 0.000000000000000000e+00
4.713593630242322433e+03 0.000000000000000000e+00
4.724509450042451135e+03 0.000000000000000000e+00
4.735437894748053623e+03 0.000000000000000000e+00
4.746378964359128076e+03 0.000000000000000000e+00
4.757332658875675406e+03 0.000000000000000000e+00
4.768298978297694703e+03 0.000000000000000000e+00
4.779277922625185965e+03 0.000000000000000000e+00
4.790269491858151923e+03 0.000000000000000000e+00
4.801273685996589847e+03 0.000000000000000000e+00
4.812290505040501557e+03 0.000000000000000000e+00
4.823319948989885233e+03 0.000000000000000000e+00
4.834362017844741786e+03 0.000000000000000000e+00
4.845416711605069395e+03 0.000000000000000000e+00
4.856484030270871699e+03 0.000000000000000000e+00
4.867563973842146879e+03 0.000000000000000000e+00
4.878656542318894935e+03 0.000000000000000000e+00
4.889761735701115867e+03 0.000000000000000000e+00
4.900879553988808766e+03 0.000000000000000000e+00
4.912009997181973631e+03 0.000000000000000000e+00
4.923153065280612282e+03 0.000000000000000000e+00
4.934308758284723808e+03 0.000000000000000000e+00
4.945477076194308211e+03 0.000000000000000000e+00
4.956658019009365489e+03 0.000000000000000000e+00
4.967851586729895644e+03 0.000000000000000000e+00
4.979057779355896855e+03 0.000000000000000000e+00
4.990276596887372762e+03 0.000000000000000000e+00
5.001508039324321544e+03 0.000000000000000000e+00
5.012752106666742293e+03 0.000000000000000000e+00
5.024008798914636827e+03 0.000000000000000000e+00
5.035278116068003328e+03 0.000000000000000000e+00
5.046560058126840886e+03 0.000000000000000000e+00
5.057854625091153139e+03 0.000000000000000000e+00
5.069161816960938268e+03 0.000000000000000000e+00
5.080481633736196272e+03 0.000000000000000000e+00
5.091814075416927153e+03 0.000000000000000000e+00
5.103159142003130910e+03 0.000000000000000000e+00
5.114516833494804814e+03 0.000000000000000000e+00
5.125887149891954323e+03 0.000000000000000000e+00
5.137270091194575798e+03 0.000000000000000000e+00
5.148665657402670149e+03 0.000000000000000000e+00
5.160073848516238286e+03 0.000000000000000000e+00
5.171494664535278389e+03 0.000000000000000000e+00
5.182928105459788640e+03 0.000000000000000000e+00
5.194374171289774495e+03 0.000000000000000000e+00
5.205832862025233226e+03 0.000000000000000000e+00
5.217304177666164833e+03 0.000000000000000000e+00
5.228788118212568406e+03 0.000000000000000000e+00
5.240284683664445765e+03 0.000000000000000000e+00
5.251793874021793272e+03 0.000000000000000000e+00
5.263315689284615473e+03 0.000000000000000000e+00
5.274850129452910551e+03 0.000000000000000000e+00
5.286397194526679414e+03 0.000000000000000000e+00
5.297956884505920243e+03 0.000000000000000000e+00
5.309529199390633039e+03 0.000000000000000000e+00
5.321114139180817801e+03 0.000000000000000000e+00
5.332711703876477259e+03 0.000000000000000000e+00
5.344321893477608683e+03 0.000000000000000000e+00
5.355944707984212982e+03 0.000000000000000000e+00
5.367580147396291068e+03 0.000000000000000000e+00
5.379228211713841119e+03 0.000000000000000000e+00
5.390888900936864047e+03 0.000000000000000000e+00
5.402562215065358032e+03 0.000000000000000000e+00
5.414248154099326712e+03 0.000000000000000000e+00
5.425946718038768267e+03 0.000000000000000000e+00
5.437657906883681790e+03 0.000000000000000000e+00
5.449381720634069097e+03 0.000000000000000000e+00
5.461118159289929281e+03 0.000000000000000000e+00
5.472867222851259612e+03 0.000000000000000000e+00
5.484628911318064638e+03 0.000000000000000000e+00
5.496403224690342540e+03 0.000000000000000000e+00
5.508190162968093318e+03 0.000000000000000000e+00
5.519989726151316972e+03 0.000000000000000000e+00
5.531801914240013502e+03 0.000000000000000000e+00
5.543626727234181089e+03 0.000000000000000000e+00
5.555464165133822462e+03 0.000000000000000000e+00
5.567314227938937620e+03 0.000000000000000000e+00
5.579176915649524744e+03 0.000000000000000000e+00
5.591052228265585654e+03 0.000000000000000000e+00
5.602940165787118531e+03 0.000000000000000000e+00
5.614840728214122464e+03 0.000000000000000000e+00
5.626753915546601093e+03 0.000000000000000000e+00
5.638679727784552597e+03 0.000000000000000000e+00
5.650618164927976977e+03 0.000000000000000000e+00
5.662569226976873324e+03 0.000000000000000000e+00
5.674532913931243456e+03 0.000000000000000000e+00
5.686509225791083736e+03 0.000000000000000000e+00
5.698498162556399620e+03 0.000000000000000000e+00
5.710499724227187471e+03 0.000000000000000000e+00
5.722513910803448198e+03 0.000000000000000000e+00
5.734540722285181801e+03 0.000000000000000000e+00
5.746580158672388279e+03 0.000000000000000000e+00
5.758632219965065815e+03 0.000000000000000000e+00
5.770696906163218046e+03 0.000000000000000000e+00
5.782774217266842243e+03 0.000000000000000000e+00
5.794864153275940225e+03 0.000000000000000000e+00
5.806966714190510174e+03 0.000000000000000000e+00
5.819081900010553909e+03 0.000000000000000000e+00
5.831209710736067791e+03 0.000000000000000000e+00
5.843350146367056368e+03 0.000000000000000000e+00
5.855503206903517821e+03 0.000000000000000000e+00
5.867668892345452150e+03 0.000000000000000000e+00
5.879847202692859355e+03 0.000000000000000000e+00
5.892038137945739436e+03 0.000000000000000000e+00
5.904241698104089664e+03 0.000000000000000000e+00
5.916457883167914588e+03 0.000000000000000000e+00
5.928686693137213297e+03 0.000000000000000000e+00
5.940928128011983972e+03 0.000000000000000000e+00
5.953182187792227523e+03 0.000000000000000000e+00
5.965448872477944860e+03 0.000000000000000000e+00
5.977728182069131435e+03 0.000000000000000000e+00
5.990020116565793614e+03 0.000000000000000000e+00
6.002324675967928670e+03 0.000000000000000000e+00
6.014641860275536601e+03 0.000000000000000000e+00
6.026971669488616499e+03 0.000000000000000000e+00
6.039314103607170182e+03 0.000000000000000000e+00
6.051669162631194013e+03 0.000000000000000000e+00
6.064036846560692538e+03 0.000000000000000000e+00
6.076417155395663940e+03 0.000000000000000000e+00
6.088810089136108218e+03 0.000000000000000000e+00
6.101215647782025371e+03 0.000000000000000000e+00
6.113633831333415401e+03 0.000000000000000000e+00
6.126064639790276487e+03 0.000000000000000000e+00
6.138508073152611360e+03 0.000000000000000000e+00
6.150964131420420017e+03 0.000000000000000000e+00
6.163432814593700641e+03 0.000000000000000000e+00
6.175914122672455051e+03 0.000000000000000000e+00
6.188408055656681427e+03 0.000000000000000000e+00
6.200914613546378860e+03 0.000000000000000000e+00
6.213433796341550988e+03 0.000000000000000000e+00
6.225965604042195991e+03 0.000000000000000000e+00
6.238510036648313871e+03 0.000000000000000000e+00
6.251067094159903718e+03 0.000000000000000000e+00
6.263636776576967350e+03 0.000000000000000000e+00
6.276219083899501129e+03 0.000000000000000000e+00
6.288814016127509603e+03 0.000000000000000000e+00
6.301421573260991863e+03 0.000000000000000000e+00
6.314041755299946090e+03 0.000000000000000000e+00
