0.000000000000000000e+00 1.318128640122440687e-01
2.960298997525126832e-04 1.312103091545595845e-01
7.880995995100251780e-04 1.302816465364265430e-01
1.476209099272537701e-03 1.291123192378083595e-01
2.360358399040050469e-03 1.277886987107529904e-01
3.440547498812562832e-03 1.263849395611578719e-01
4.716776398590073922e-03 1.249579183250956876e-01
6.189045098372585908e-03 1.235480104752470359e-01
7.857353598160098790e-03 1.221801317969647138e-01
9.721701897952610832e-03 1.208704540010725331e-01
1.178208999775012290e-02 1.196275648100555422e-01
1.403851789755263500e-02 1.184551165750304808e-01
1.649098559736015060e-02 1.173536666268919781e-01
1.913949309717266622e-02 1.163218761617000885e-01
2.198404039699017321e-02 1.153572692487102591e-01
2.502462749681268195e-02 1.144567126190433604e-01
2.826125439664019939e-02 1.136167271576973975e-01
3.169392109647271166e-02 1.128337244921840815e-01
3.532262759631021876e-02 1.121042344947309755e-01
3.914737389615272761e-02 1.114243191475748351e-01
4.316815999600024517e-02 1.107910946574849620e-01
4.738498589585275755e-02 1.102009637366953426e-01
5.179785159571026476e-02 1.096509393931686394e-01
5.640675709557277373e-02 1.091381792818817004e-01
6.121170239544029140e-02 1.086598984805492163e-01
6.621268749531281084e-02 1.082136039911020947e-01
7.140971239519032510e-02 1.077969104571469688e-01
7.680277709507281336e-02 1.074076353511624754e-01
8.239188159496033115e-02 1.070437381258011744e-01
8.817702589485285070e-02 1.067033370766189565e-01
9.415820999475034425e-02 1.063846909553545772e-01
1.003354338946528534e-01 1.060861914535828343e-01
1.067086975945603783e-01 1.058063557558791834e-01
1.132780010944729049e-01 1.055438162491838111e-01
1.200433443943904194e-01 1.052973130564977683e-01
1.270047274943129079e-01 1.050656855320332983e-01
1.341621503942404259e-01 1.048478649517393946e-01
1.415156130941729595e-01 1.046428671538370825e-01
1.490651155941104256e-01 1.044497859290573483e-01
1.568106578940529627e-01 1.042677867309343975e-01
1.647522399940004878e-01 1.040961008633195101e-01
1.728898618939530007e-01 1.039340201137062408e-01
1.812235235939105293e-01 1.037808917775224909e-01
1.897532250938729903e-01 1.036361140888183430e-01
1.984789663938405224e-01 1.034991320155223826e-01
2.074007474938130424e-01 1.033694333990907988e-01
2.165185683937905226e-01 1.032465454183460335e-01
2.258324290937730461e-01 1.031300313496113369e-01
2.353423295937605575e-01 1.030194876034594698e-01
2.450482698937530845e-01 1.029145410152032258e-01
2.549502499937505995e-01 1.028148463685493452e-01
2.650482698937531301e-01 1.027200841337194692e-01
2.753423295937606485e-01 1.026299584012587696e-01
2.858324290937730994e-01 1.025441949954357529e-01
2.965185683937905936e-01 1.024625397512223951e-01
3.074007474938131312e-01 1.023847569409279540e-01
3.184789663938406568e-01 1.023106278371232331e-01
3.297532250938731702e-01 1.022399493999710807e-01
3.412235235939106714e-01 1.021725330778793239e-01
3.528898618939532161e-01 1.021082037114829782e-01
3.647522399940006377e-01 1.020467985317612125e-01
3.768106578940531581e-01 1.019881662440024483e-01
3.890651155941106665e-01 1.019321661900375597e-01
4.015156130941732182e-01 1.018786675818324911e-01
4.141621503942407023e-01 1.018275488002189366e-01
4.270047274943132298e-01 1.017786967531203457e-01
4.400433443943908007e-01 1.017320062881458542e-01
4.532780010944733040e-01 1.016873796548704578e-01
4.667086975945608507e-01 1.016447260126590729e-01
4.803354338946532187e-01 1.016039609802265875e-01
4.941582099947507412e-01 1.015650062234851048e-01
5.081770258948532515e-01 1.015277890786327603e-01
5.223918815949607497e-01 1.014922422076868919e-01
5.368027770950732913e-01 1.014583032839784932e-01
5.514097123951908763e-01 1.014259147053760274e-01
5.662126874953133937e-01 1.013950233332487072e-01
5.812117023954407324e-01 1.013655802554068314e-01
5.964067570955732256e-01 1.013375405714557476e-01
6.117978515957107621e-01 1.013108631992079983e-01
6.273849858958533421e-01 1.012855107009676264e-01
6.431681599960008544e-01 1.012614491286931984e-01
6.591473738961534101e-01 1.012386478871960260e-01
6.753226275963108982e-01 1.012170796147193463e-01
6.916939210964734297e-01 1.011967200803883110e-01
7.082612543966410046e-01 1.011775480981867842e-01
7.250246274968132898e-01 1.011595454573013669e-01
7.419840403969908404e-01 1.011426968688278888e-01
7.591394930971734345e-01 1.011269899290201807e-01
7.764909855973609609e-01 1.011124150994675563e-01
7.940385178975534197e-01 1.010989657047909329e-01
8.117820899977510329e-01 1.010866379486790451e-01
8.297217018979535785e-01 1.010754309493470671e-01
8.478573535981608345e-01 1.010653467958010782e-01
8.661890450983733558e-01 1.010563906266180589e-01
8.847167763985909206e-01 1.010485707333451666e-01
9.034405474988134177e-01 1.010418986910660011e-01
9.223603583990409582e-01 1.010363895192122330e-01
9.414762090992735422e-01 1.010320618763231870e-01
9.607880995995110585e-01 1.010289382931925661e-01
9.802960298997536182e-01 1.010270454497269738e-01
1.000000000000000666e+00 1.010264145019051096e-01
