-1.000000000000000000e+01 1.000000000000000000e+00
-9.800000000000000711e+00 9.820142523486040664e-01
-9.599999999999999645e+00 9.640285046998754437e-01
-9.400000000000000355e+00 9.460427570564815536e-01
-9.199999999999999289e+00 9.280570094210895959e-01
-9.000000000000000000e+00 9.100712617963669926e-01
-8.800000000000000711e+00 8.920855141849810543e-01
-8.599999999999999645e+00 8.740997665895989810e-01
-8.400000000000000355e+00 8.561140190128885274e-01
-8.199999999999999289e+00 8.381282714575165604e-01
-8.000000000000000000e+00 8.201425239261507238e-01
-7.799999999999999822e+00 8.021567764214586616e-01
-7.599999999999999645e+00 7.841710289461071293e-01
-7.400000000000000355e+00 7.661852815027637709e-01
-7.199999999999999289e+00 7.481995340940962302e-01
-7.000000000000000000e+00 7.302137867227718182e-01
-6.799999999999999822e+00 7.122280393914578456e-01
-6.599999999999999645e+00 6.942422921028218452e-01
-6.400000000000000355e+00 6.762565448595313500e-01
-6.199999999999999289e+00 6.582707976642535597e-01
-6.000000000000000000e+00 6.402850505196564512e-01
-5.799999999999999822e+00 6.222993034284071134e-01
-5.599999999999999645e+00 6.043135563931734122e-01
-5.399999999999999467e+00 5.863278094166226584e-01
-5.199999999999999289e+00 5.683420625014224958e-01
-5.000000000000000000e+00 5.503563156502406795e-01
-4.799999999999999822e+00 5.323705688657446311e-01
-4.599999999999999645e+00 5.143848221506024387e-01
-4.399999999999999467e+00 4.963990755074809691e-01
-4.199999999999999289e+00 4.784133289390488653e-01
-4.000000000000000000e+00 4.604275824479731605e-01
-3.799999999999999822e+00 4.424418360369218872e-01
-3.599999999999999645e+00 4.244560897085629669e-01
-3.399999999999999467e+00 4.064703434655639325e-01
-3.199999999999999289e+00 3.884845973105927608e-01
-3.000000000000000000e+00 3.704988512463173733e-01
-2.799999999999999822e+00 3.525131052754057470e-01
-2.599999999999999645e+00 3.345273594005256923e-01
-2.399999999999999467e+00 3.165416136243454637e-01
-2.199999999999999289e+00 2.985558679495331491e-01
-2.000000000000000000e+00 2.805701223787575582e-01
-1.799999999999998934e+00 2.625843769146874451e-01
-1.599999999999999645e+00 2.445986315599925909e-01
-1.400000000000000355e+00 2.266128863173431096e-01
-1.199999999999999289e+00 2.086271411894100314e-01
-1.000000000000000000e+00 1.906413961788642475e-01
-7.999999999999989342e-01 1.726556512883756778e-01
-5.999999999999996447e-01 1.546699065206077195e-01
-3.999999999999985789e-01 1.366841618781764467e-01
-1.999999999999992895e-01 1.186984173726126773e-01
0.000000000000000000e+00 1.007126697432792206e-01
