-1.000000000000000000e+01 1.000000000000000000e+00
-9.800000000000000711e+00 9.820179019385352204e-01
-9.599999999999999645e+00 9.640358038798576557e-01
-9.400000000000000355e+00 9.460537058267551869e-01
-9.199999999999999289e+00 9.280716077820160281e-01
-9.000000000000000000e+00 9.100895097484267282e-01
-8.800000000000000711e+00 8.921074117287752792e-01
-8.599999999999999645e+00 8.741253137258491179e-01
-8.400000000000000355e+00 8.561432157424361256e-01
-8.199999999999999289e+00 8.381611177813231839e-01
-8.000000000000000000e+00 8.201790198452981739e-01
-7.799999999999999822e+00 8.021969219371483106e-01
-7.599999999999999645e+00 7.842148240596612530e-01
-7.400000000000000355e+00 7.662327262156242158e-01
-7.199999999999999289e+00 7.482506284078241920e-01
-7.000000000000000000e+00 7.302685306390491737e-01
-6.799999999999999822e+00 7.122864329120859317e-01
-6.599999999999999645e+00 6.943043352297216808e-01
-6.400000000000000355e+00 6.763222375947434140e-01
-6.199999999999999289e+00 6.583401400099386791e-01
-6.000000000000000000e+00 6.403580424780940250e-01
-5.799999999999999822e+00 6.223759450019967776e-01
-5.599999999999999645e+00 6.043938475844334857e-01
-5.399999999999999467e+00 5.864117502281911420e-01
-5.199999999999999289e+00 5.684296529360567396e-01
-5.000000000000000000e+00 5.504475557108168271e-01
-4.799999999999999822e+00 5.324654585552573982e-01
-4.599999999999999645e+00 5.144833614721657788e-01
-4.399999999999999467e+00 4.965012644643281847e-01
-4.199999999999999289e+00 4.785191675345308315e-01
-4.000000000000000000e+00 4.605370706855601015e-01
-3.799999999999999822e+00 4.425549739202018218e-01
-3.599999999999999645e+00 4.245728772412426522e-01
-3.399999999999999467e+00 4.065907806514680312e-01
-3.199999999999999289e+00 3.886086841536642300e-01
-3.000000000000000000e+00 3.706265877506167428e-01
-2.799999999999999822e+00 3.526444914451113410e-01
-2.599999999999999645e+00 3.346623952399334634e-01
-2.399999999999999467e+00 3.166802991378687704e-01
-2.199999999999999289e+00 2.986982031417025341e-01
-2.000000000000000000e+00 2.807161072542203595e-01
-1.799999999999998934e+00 2.627340114782072966e-01
-1.599999999999999645e+00 2.447519158164487563e-01
-1.400000000000000355e+00 2.267698202717303990e-01
-1.199999999999999289e+00 2.087877248468372193e-01
-1.000000000000000000e+00 1.908056295445551831e-01
-7.999999999999989342e-01 1.728235343676700897e-01
-5.999999999999996447e-01 1.548414393189675720e-01
-3.999999999999985789e-01 1.368593444012264349e-01
-1.999999999999992895e-01 1.188772496167448539e-01
0.000000000000000000e+00 1.008951551912712630e-01
