9.073681002894524728e-01
9.999999999999992228e-01
1.707745068545527545e-01
9.981678482586969769e-01
1.471070660618697956e-01
9.045137068798613234e-01
1.402491983491625516e-01
7.650712726370452188e-01
1.365767310964613457e-01
6.417957904523418078e-01
1.340407353253879608e-01
5.401611428968093875e-01
1.320789074955402431e-01
4.574947291058683030e-01
1.304652532317103764e-01
3.902291818697417591e-01
1.290873770542538268e-01
3.352177836934412958e-01
1.278813012881362676e-01
2.899244677154859118e-01
1.268070437546116591e-01
2.523618687148871387e-01
1.258378449279258515e-01
2.209845343335311019e-01
1.249548303388151177e-01
1.945899479085665962e-01
1.241441247718170493e-01
1.722383944881691331e-01
1.233951820358969304e-01
1.531910805988681290e-01
1.226997637919402528e-01
1.368631959391182207e-01
1.220512863602345732e-01
1.227885389251200804e-01
1.214443867205837330e-01
1.105928444967820140e-01
1.208746246544841474e-01
9.997357384905036781e-02
1.203382725149565874e-01
9.068453072051414765e-02
1.198321631622564082e-01
8.252409399498654430e-02
1.193535775690473116e-01
7.532613404805235668e-02
1.189001601392981611e-01
6.895297042459085091e-02
1.184698538024072795e-01
6.328986941972676583e-02
1.180608494933519798e-01
5.824071685135952248e-02
1.176715462803114842e-01
5.372459503575169326e-02
1.173005194976985133e-01
4.967305736754168421e-02
1.169464949851774377e-01
4.602794510466220318e-02
1.166083280452577114e-01
4.273963000760671455e-02
1.162849860914758060e-01
3.976559018933569639e-02
1.159755342154189101e-01
3.706925132605223827e-02
1.156791230857460440e-01
3.461903864026109889e-02
1.153949787281869921e-01
3.238759720439743361e-02
1.151223938360187576e-01
3.035114832071443558e-02
1.148607203359259393e-01
2.848895565972973595e-02
1.146093629914637785e-01
2.678288030526910363e-02
1.143677738701249225e-01
2.521700889789635011e-02
1.141354475338826058e-01
2.377734130059215231e-02
1.139119168395713588e-01
2.245152729197997382e-02
1.136967492562065141e-01
2.122864414473689745e-02
1.134895436228597759e-01
2.009900752327243439e-02
1.132899272838659016e-01
1.905401081551839557e-02
1.130975535487149380e-01
1.808598760276001333e-02
1.129120994325707172e-01
1.718809407594188571e-02
1.127332636403268473e-01
1.635420778356265134e-02
1.125607647628421304e-01
1.557884058989136324e-02
1.123943396587110122e-01
1.485706323967861224e-02
1.122337419988300167e-01
1.418444025985550645e-02
1.120787409542778612e-01
1.355697314090404358e-02
1.119291200107490336e-01
1.297105113773262125e-02
1.117846758950624547e-01
1.242340811705467708e-02
1.116452176012129316e-01
1.191108491221232711e-02
1.115105655050500910e-01
1.143139635853958336e-02
1.113805505580820476e-01
1.098190218959878978e-02
1.112550135520822409e-01
1.056038157184172044e-02
1.111338044471930631e-01
1.016481056994224252e-02
1.110167817571123539e-01
9.793342182539074153e-03
1.109038119856938093e-01
9.444288765326909821e-03
1.107947691099486209e-01
9.116106392403405465e-03
1.106895341050145726e-01
8.807380915896233925e-03
1.105879945071470138e-01
8.516815613674994997e-03
1.104900440112166066e-01
8.243220192229604518e-03
1.103955820995846521e-01
7.985500901273367980e-03
1.103045136995585707e-01
7.742651719759475679e-03
1.102167488669175133e-01
7.513746480838054236e-03
1.101322024932587657e-01
7.297931810809295261e-03
1.100507940351460739e-01
7.094420749456180862e-03
1.099724472632418737e-01
6.902487031745331743e-03
1.098970900297829706e-01
6.721459943095212108e-03
1.098246540529195653e-01
6.550719691846648533e-03
1.097550747165802199e-01
6.389693216329705994e-03
1.096882908846534138e-01
6.237850390763929539e-03
1.096242447283882898e-01
6.094700602839342451e-03
1.095628815660195099e-01
5.959789655443242275e-03
1.095041497137120567e-01
5.832696960996607005e-03
1.094480003470055113e-01
5.713033000412988394e-03
1.093943873720099741e-01
5.600437005663302069e-03
1.093432673056745491e-01
5.494574859623850734e-03
1.092945991645081077e-01
5.395137190004472595e-03
1.092483443611879934e-01
5.301837636961215759e-03
1.092044666085413979e-01
5.214411278168312562e-03
1.091629318304305207e-01
5.132613196926144074e-03
1.091237080791127717e-01
5.056217181682092984e-03
1.090867654586859803e-01
4.985014542660785516e-03
1.090520760542626061e-01
4.918813034971838104e-03
1.090196138665485009e-01
4.857435882905730522e-03
1.089893547515313199e-01
4.800720895385164090e-03
1.089612763650101984e-01
4.748519665146901624e-03
1.089353581117225994e-01
4.700696845160010420e-03
1.089115810988483535e-01
4.657129496497806713e-03
1.088899280936911212e-01
4.617706502528178859e-03
1.088703834853579494e-01
4.582328044866439652e-03
1.088529332502760211e-01
4.550905137069790468e-03
1.088375649214029933e-01
4.523359212533798086e-03
1.088242675610043841e-01
4.499621763496770670e-03
1.088130317368857236e-01
4.479634028469070550e-03
1.088038495019840318e-01
4.463346725781891164e-03
1.087967143772348572e-01
4.450719831308182564e-03
1.087916213376469987e-01
4.441722398739046500e-03
1.087885668015286800e-01
4.436332421119395727e-03
1.087875486228225552e-01
4.434535761912846048e-03
