9.061175055180706872e-01
9.999999999999992228e-01
1.606488910823786753e-01
9.991555714879011285e-01
1.398700575299461901e-01
9.237581954909848125e-01
1.341846056490074712e-01
7.960479131956148535e-01
1.312406658223008726e-01
6.781947096438637468e-01
1.292357517269069611e-01
5.785558861773205663e-01
1.276932195522326174e-01
4.959890717764828816e-01
1.264261699470869138e-01
4.277729854372311347e-01
1.253433113615079475e-01
3.712462778432518151e-01
1.243934206878366255e-01
3.241577613549946335e-01
1.235448712691593481e-01
2.846891187057515316e-01
1.227767159013845727e-01
2.513951254986732109e-01
1.220743140959426876e-01
2.231317806852693431e-01
1.214269887312185575e-01
1.989922650318401987e-01
1.208266803887197427e-01
1.782548343880076269e-01
1.202671305248685374e-01
1.603419242363085806e-01
1.197433625072148317e-01
1.447885612363492558e-01
1.192513390206833834e-01
1.312180861195993420e-01
1.187877284041542886e-01
1.193234678302439178e-01
1.183497407258768536e-01
1.088528911878036826e-01
1.179350099100960891e-01
9.959860583046600824e-02
1.175415071116126808e-01
9.138822997379630886e-02
1.171674758111404674e-01
8.407794635117846194e-02
1.168113823326451667e-01
7.754714109683531753e-02
1.164718775245103116e-01
7.169415475170254348e-02
1.161477666629874422e-01
6.643289666652772707e-02
1.158379855077751042e-01
6.169013094635989597e-02
1.155415810277192340e-01
5.740328828493258123e-02
1.152576957186567247e-01
5.351869376859322291e-02
1.149855547180567289e-01
4.999012229696857962e-02
1.147244551218969399e-01
4.677761654213272863e-02
1.144737570535508953e-01
4.384651467767716748e-02
1.142328761401326248e-01
4.116664658012686440e-02
1.140012771296411015e-01
3.871166695846946226e-02
1.137784684404698626e-01
3.645849950931795425e-02
1.135639974789394852e-01
3.438687146281123319e-02
1.133574465940620363e-01
3.247892279201912424e-02
1.131584295646042987e-01
3.071887651705472455e-02
1.129665885336709058e-01
2.909275956000251934e-02
1.127815913217385529e-01
2.758816592647511320e-02
1.126031290615473884e-01
2.619405455680667502e-02
1.124309141081517721e-01
2.490057685350196767e-02
1.122646781853638281e-01
2.369892848929964699e-02
1.121041707362362694e-01
2.258122219888815743e-02
1.119491574504222070e-01
2.154037784582952739e-02
1.117994189455003146e-01
2.057002755037237035e-02
1.116547495828426190e-01
1.966443319338907411e-02
1.115149564014806527e-01
1.881841494768364889e-02
1.113798581558220896e-01
1.802728871265123212e-02
1.112492844450660157e-01
1.728681172612858002e-02
1.111230749238334287e-01
1.659313472608366091e-02
1.110010785849519510e-01
1.594276007022960712e-02
1.108831531065082310e-01
1.533250494111048669e-02
1.107691642563105455e-01
1.475946877651006586e-02
1.106589853477594060e-01
1.422100466451786151e-02
1.105524967418586718e-01
1.371469396347526487e-02
1.104495853907462438e-01
1.323832375680573589e-02
1.103501444186600622e-01
1.278986693266619123e-02
1.102540727367274653e-01
1.236746441627242440e-02
1.101612746883852967e-01
1.196940929369965517e-02
1.100716597225869370e-01
1.159413269766861911e-02
1.099851420922631495e-01
1.124019120563237058e-02
1.099016405757802239e-01
1.090625549178359834e-02
1.098210782193780044e-01
1.059110017874927145e-02
1.097433820987758213e-01
1.029359474434766997e-02
1.096684830983215564e-01
1.001269534757699524e-02
1.095963157062245230e-01
9.747437431511659159e-03
1.095268178245574209e-01
9.496929074086397915e-03
1.094599305928394412e-01
9.260344991091124314e-03
1.093955982241273800e-01
9.036921127862185960e-03
1.093337678526449114e-01
8.825949750713433725e-03
1.092743893920719300e-01
8.626774996521213018e-03
1.092174154036958944e-01
8.438788848060001582e-03
1.091628009737008187e-01
8.261427482875925016e-03
1.091105035989358568e-01
8.094167959912714622e-03
1.090604830805635139e-01
7.936525212068324536e-03
1.090127014250430459e-01
7.788049300235261145e-03
1.089671227519510427e-01
7.648322919331935164e-03
1.089237132081861126e-01
7.516959130298346906e-03
1.088824408881434308e-01
7.393599295103929839e-03
1.088432757594811340e-01
7.277911196223832077e-03
1.088061895941342533e-01
7.169587324064292597e-03
1.087711559042607579e-01
7.068343318811188755e-03
1.087381498828322302e-01
6.973916550687232069e-03
1.087071483486070633e-01
6.886064826431790090e-03
1.086781296952465392e-01
6.804565215299475563e-03
1.086510738443557944e-01
6.729212983280419801e-03
1.086259622022513749e-01
6.659820626969400331e-03
1.086027776202745376e-01
6.596216999557021586e-03
1.085815043584873879e-01
6.538246522230386701e-03
1.085621280526034294e-01
6.485768475012958049e-03
1.085446356840195914e-01
6.438656361740207300e-03
1.085290155528302464e-01
6.396797344487464669e-03
1.085152572537163712e-01
6.360091743315040604e-03
1.085033516546153043e-01
6.328452597721942290e-03
1.084932908780883720e-01
6.301805286666853183e-03
1.084850682853141790e-01
6.280087204461715089e-03
1.084786784626463746e-01
6.263247490254883129e-03
1.084741172106840346e-01
6.251246809211327519e-03
1.084713815358134409e-01
6.244057183868380496e-03
1.084704696441899097e-01
6.241660642087398445e-03
