9.064217002119842048e-01
9.999999999999996669e-01
1.631415724638551334e-01
9.989101459359499557e-01
1.417492796206120120e-01
9.179724036730549930e-01
1.357852408210343809e-01
7.864271941516944864e-01
1.326620037009554887e-01
6.666927406640469345e-01
1.305243683718499970e-01
5.662740139665084493e-01
1.288759926253640886e-01
4.835560691988976534e-01
1.275207526924909129e-01
4.155490929206338557e-01
1.263623184606685046e-01
3.594340877300499781e-01
1.253464018319676021e-01
3.128652320663982134e-01
1.244393598330940098e-01
2.739666805759422563e-01
1.236188382434365851e-01
2.412581234267314467e-01
1.228691688231825507e-01
2.135743220898629335e-01
1.221788961112604543e-01
1.899958871830806362e-01
1.215393538419662078e-01
1.697939788343754697e-01
1.209437989909200872e-01
1.523874073963837339e-01
1.203868605039519063e-01
1.373097699591898924e-01
1.198641746965843774e-01
1.241843529620155484e-01
1.193721361279392046e-01
1.127049144358262533e-01
1.189077225227366391e-01
1.026209253365920060e-01
1.184683686597440139e-01
9.372619300079144955e-02
1.180518735366838656e-01
8.585001851310976317e-02
1.176563306976155521e-01
7.885029867447997109e-02
1.172800750301563194e-01
7.260810564567692083e-02
1.169216415012386961e-01
6.702340182483362829e-02
1.165797326985107546e-01
6.201163348426686622e-02
1.162531929693037952e-01
5.750100610459864953e-02
1.159409875750115337e-01
5.343029224898542678e-02
1.156421857084102001e-01
4.974705969945197870e-02
1.153559465227926156e-01
4.640622989176692442e-02
1.150815075357676520e-01
4.336890049944770731e-02
1.148181749247542544e-01
4.060137866990887190e-02
1.145653153440568256e-01
3.807438313133191393e-02
1.143223489767679207e-01
3.576238331180141977e-02
1.140887435970670133e-01
3.364304936381855987e-02
1.138640094657581148e-01
3.169679233310169347e-02
1.136476949178833323e-01
2.990637867367506100e-02
1.134393825290296032e-01
2.825660550207991298e-02
1.132386857686153575e-01
2.673402603392585619e-02
1.130452460653575963e-01
2.532671698191181833e-02
1.128587302235624645e-01
2.402408026888858128e-02
1.126788281395583180e-01
2.281667408258121130e-02
1.125052507761559462e-01
2.169606789607708697e-02
1.123377283599546334e-01
2.065471818133829407e-02
1.121760087719295695e-01
1.968586112931462045e-02
1.120198561063422416e-01
1.878342018588489634e-02
1.118690493767974664e-01
1.794192573953175274e-02
1.117233813513969914e-01
1.715644563328169725e-02
1.115826575015423372e-01
1.642252439473073158e-02
1.114466950511100035e-01
1.573613047645670837e-02
1.113153221145390670e-01
1.509360989450015886e-02
1.111883769139195705e-01
1.449164568814328112e-02
1.110657070664516355e-01
1.392722234158489704e-02
1.109471689347677203e-01
1.339759431906550544e-02
1.108326270335435598e-01
1.290025846405338378e-02
1.107219534866270561e-01
1.243292953210795720e-02
1.106150275296207131e-01
1.199351847627982970e-02
1.105117350534400578e-01
1.158011328310456362e-02
1.104119681848885065e-01
1.119096189395743859e-02
1.103156249007463258e-01
1.082445695700453431e-02
1.102226086722562087e-01
1.047912228616408939e-02
1.101328281372257883e-01
1.015360078251218226e-02
1.100461967972723581e-01
9.846643564341965929e-03
1.099626327379970431e-01
9.557100255957512794e-03
1.098820583701004272e-01
9.283910294346961120e-03
1.098044001896576194e-01
9.026095121294852239e-03
1.097295885559524536e-01
8.782751121633696270e-03
1.096575574854285473e-01
8.553043281455705721e-03
1.095882444604547035e-01
8.336199473080872085e-03
1.095215902517285567e-01
8.131505305525144056e-03
1.094575387532545491e-01
7.938299453522056071e-03
1.093960368289342427e-01
7.755969425360465311e-03
1.093370341698943898e-01
7.583947738811089301e-03
1.092804831617591316e-01
7.421708454420314696e-03
1.092263387611454306e-01
7.268764031746702964e-03
1.091745583807251507e-01
7.124662477948769460e-03
1.091251017822570113e-01
6.988984745379033837e-03
1.090779309770438799e-01
6.861342369714923048e-03
1.090330101333194940e-01
6.741375323511544781e-03
1.089903054901111557e-01
6.628750063051075739e-03
1.089497852771655617e-01
6.523157750697560452e-03
1.089114196405605167e-01
6.424312636917962546e-03
1.088751805736582617e-01
6.331950589063236809e-03
1.088410418530862817e-01
6.245827751452131225e-03
1.088089789794588896e-01
6.165719325079787802e-03
1.087789691225778815e-01
6.091418460709111839e-03
1.087509910708746863e-01
6.022735254462568619e-03
1.087250251848767141e-01
5.959495837717647404e-03
1.087010533545014201e-01
5.901541554118222392e-03
1.086790589599993806e-01
5.848728217295049228e-03
1.086590268363852169e-01
5.800925443599723973e-03
1.086409432412112214e-01
5.758016054795704781e-03
1.086247958255526641e-01
5.719895546239701055e-03
1.086105736080893863e-01
5.686471616617499482e-03
1.085982669521798893e-01
5.657663755792960610e-03
1.085878675458378101e-01
5.633402887782233172e-03
1.085793683845324015e-01
5.613631066286679273e-03
1.085727637567458215e-01
5.598301220612239386e-03
1.085680492322314422e-01
5.587376950174525667e-03
1.085652216529276598e-01
5.580832366143181726e-03
1.085642791264930657e-01
5.578650838132733457e-03
