9.056648124524592225e-01
9.999999999999995559e-01
1.567135532721256885e-01
9.996448626731546661e-01
1.361702282867821856e-01
9.398014148672818591e-01
1.308862348073313309e-01
8.241322604336211999e-01
1.282527641829075693e-01
7.126670751920883840e-01
1.264918050599276589e-01
6.160541675984673171e-01
1.251499751720396569e-01
5.345088491877798553e-01
1.240536223188500736e-01
4.661125431495618532e-01
1.231193139507849033e-01
4.086909604923730233e-01
1.223008297375292458e-01
3.602946179360632661e-01
1.215699306499517796e-01
3.192946900355948525e-01
1.209080821329366617e-01
2.843658198509122492e-01
1.203024335886689611e-01
2.544398277294612210e-01
1.197436806197507281e-01
2.286574420467356039e-01
1.192248456246235710e-01
2.063261144822305382e-01
1.187405419928979217e-01
1.868854609056317395e-01
1.182865091240375005e-01
1.698798044598248402e-01
1.178593069951903299e-01
1.549366282670982253e-01
1.174561088191611175e-01
1.417496890801826503e-01
1.170745562453047589e-01
1.300658066975528271e-01
1.167126556930593029e-01
1.196745325081429306e-01
1.163687024929828395e-01
1.103999936039089108e-01
1.160412242878872124e-01
1.020944572186118088e-01
1.157289380602865153e-01
9.463321478315250834e-02
1.154307169896239688e-01
8.791049404137871170e-02
1.151455645246226983e-01
8.183617859068446909e-02
1.148725938354133586e-01
7.633315954349524646e-02
1.146110113358039945e-01
7.133518572952327053e-02
1.143601033253898863e-01
6.678511266056519347e-02
1.141192250525385199e-01
6.263346566259647696e-02
1.138877916771900423e-01
5.883725791828628426e-02
1.136652707399529033e-01
5.535901291346887604e-02
1.134511758372764162e-01
5.216595160834171935e-02
1.132450612710185212e-01
4.922931486968497306e-02
1.130465174917783810e-01
4.652379589166334012e-02
1.128551671940642154e-01
4.402706236364390541e-02
1.126706619506347984e-01
4.171935366026886111e-02
1.124926792958821503e-01
3.958313932400350788e-02
1.123209201856835149e-01
3.760282852791239916e-02
1.121551067747324909e-01
3.576452276273041353e-02
1.119949804631758111e-01
3.405580350609847817e-02
1.118403001729131457e-01
3.246555062414736847e-02
1.116908408207347159e-01
3.098378542638186364e-02
1.115463919609881449e-01
2.960153563344620695e-02
1.114067565748985966e-01
2.831071802691654746e-02
1.112717499873018129e-01
2.710403697981444288e-02
1.111411988945184282e-01
2.597489568552454123e-02
1.110149404895421632e-01
2.491731920125943647e-02
1.108928216727461252e-01
2.392588658279490299e-02
1.107746983379984812e-01
2.299567192400394505e-02
1.106604347254798865e-01
2.212219212379358188e-02
1.105499028337039585e-01
2.130136109234729777e-02
1.104429818842084104e-01
2.052944941777751567e-02
1.103395578332642818e-01
1.980304841930139587e-02
1.102395229256556558e-01
1.911903861223862230e-02
1.101427752861905002e-01
1.847456157702402971e-02
1.100492185451537319e-01
1.786699485027691547e-02
1.099587614943477870e-01
1.729392975964261572e-02
1.098713177707588279e-01
1.675315155417654578e-02
1.097868055652394398e-01
1.624262155954721287e-02
1.097051473538828564e-01
1.576046131673504783e-02
1.096262696500147488e-01
1.530493839408045981e-02
1.095501027749647138e-01
1.487445351928583584e-02
1.094765806459729457e-01
1.446752906353722910e-02
1.094056405797540488e-01
1.408279871179120117e-02
1.093372231103927200e-01
1.371899815514204639e-02
1.092712718203859706e-01
1.337495661396124157e-02
1.092077331837626314e-01
1.304958921512246010e-02
1.091465564203120686e-01
1.274189010372362915e-02
1.090876933600500309e-01
1.245092622493244872e-02
1.090310983171328546e-01
1.217583165353951571e-02
1.089767279725072507e-01
1.191580243607337150e-02
1.089245412646471095e-01
1.167009192354927921e-02
1.088744992877881540e-01
1.143800652815722338e-02
1.088265651971254827e-01
1.121890186557425104e-02
1.087807041204870845e-01
1.101217924883241862e-02
1.087368830760402222e-01
1.081728247097907269e-02
1.086950708956268968e-01
1.063369488053684218e-02
1.086552381533594930e-01
1.046093671839023499e-02
1.086173570991397636e-01
1.029856268845875944e-02
1.085814015967941637e-01
1.014615974132209927e-02
1.085473470665452717e-01
1.000334505223903804e-02
1.085151704315625021e-01
9.869764179383755734e-03
1.084848500683588679e-01
9.745089381854078053e-03
1.084563657608196424e-01
9.629018083225545852e-03
1.084296986576687716e-01
9.521271476427806482e-03
1.084048312331946651e-01
9.421593255504293746e-03
1.083817472510744950e-01
9.329748464380007225e-03
1.083604317311491760e-01
9.245522454049460298e-03
1.083408709190165492e-01
9.168719940523685497e-03
1.083230522583219640e-01
9.099164156703842474e-03
1.083069643656373177e-01
9.036696092112751766e-03
1.082925970078315453e-01
8.981173815109700503e-03
1.082799410818452018e-01
8.932471872842250721e-03
1.082689885967923343e-01
8.890480764788225021e-03
1.082597326583216168e-01
8.855106486272888017e-03
1.082521674551780722e-01
8.826270138857455691e-03
1.082462882479155036e-01
8.803907604969317402e-03
1.082420913597173101e-01
8.787969284590106331e-03
1.082395741692917801e-01
8.778419892246225667e-03
1.082387351058165942e-01
8.775236761464929799e-03
