9.076243182961443168e-01
9.999999999999992228e-01
1.728254972106063603e-01
9.979626292353034334e-01
1.484957263859483234e-01
9.014746211170204804e-01
1.413899167453167294e-01
7.604424281786645867e-01
1.375679370339479846e-01
6.365214217280819042e-01
1.349246182192874177e-01
5.347198994337027944e-01
1.328790248183549239e-01
4.521355603858980277e-01
1.311968039498643268e-01
3.850801653229409816e-01
1.297610811655046659e-01
3.303406627293567488e-01
1.285051819609293322e-01
2.853437854202538482e-01
1.273873617186517815e-01
2.480812112247091916e-01
1.263796374352497143e-01
2.169958513963020919e-01
1.254622453270163029e-01
1.908790003074460062e-01
1.246206401040061557e-01
1.687879676904316117e-01
1.238437560258902476e-01
1.499828806170661333e-01
1.231229424637836078e-01
1.338789547929153390e-01
1.224512822731869122e-01
1.200106409756078046e-01
1.218231384170544856e-01
1.080046607428812033e-01
1.212338424893820571e-01
9.755961829033731048e-02
1.206794746551291264e-01
8.843050926165701986e-02
1.201567043245694855e-01
8.041688976660740784e-02
1.196626722847118629e-01
7.335375646541936190e-02
1.191949018180322173e-01
6.710448508096025777e-02
1.187512305225816855e-01
6.155531939624797610e-02
1.183297572042869977e-01
5.661104191587056078e-02
1.179287999335503490e-01
5.219155258989716106e-02
1.175468625024036207e-01
4.822914733521649344e-02
1.171826072938638164e-01
4.466633990131563953e-02
1.168348331100733661e-01
4.145411007267430642e-02
1.165024568815596906e-01
3.855048515425871930e-02
1.161844984479961235e-01
3.591938665080893212e-02
1.158800677943996466e-01
3.352968741343774484e-02
1.155883542689643967e-01
3.135443673198653330e-02
1.153086174140858788e-01
2.937022110280218534e-02
1.150401791212164876e-01
2.755663435309594136e-02
1.147824168803374539e-01
2.589583628461136419e-02
1.145347579408085986e-01
2.437218405262985346e-02
1.142966742359485394e-01
2.297192273162884310e-02
1.140676779515467920e-01
2.168292460238046768e-02
1.138473176403273918e-01
2.049446904759510274e-02
1.136351748017697255e-01
1.939705551752738538e-02
1.134308608605476276e-01
1.838224470702942703e-02
1.132340144879975113e-01
1.744252267137983564e-02
1.130442992200765134e-01
1.657118471151058231e-02
1.128614013326253857e-01
1.576223543300126276e-02
1.126850279407959066e-01
1.501030287545211499e-02
1.125149052944803135e-01
1.431056412378415264e-02
1.123507772457028181e-01
1.365868114622002458e-02
1.121924038673750706e-01
1.305074481366347121e-02
1.120395602056924872e-01
1.248322645160905055e-02
1.118920351508614908e-01
1.195293536099005863e-02
1.117496304129042550e-01
1.145698177767791141e-02
1.116121595909985026e-01
1.099274445126500847e-02
1.114794473263029245e-01
1.055784203009033431e-02
1.113513285294693150e-01
1.015010803613882427e-02
1.112276476751156984e-01
9.767568727193936054e-03
1.111082581564798166e-01
9.408423490646434031e-03
1.109930216942599246e-01
9.071027590073851496e-03
1.108818077943450470e-01
8.753876819075526866e-03
1.107744932497489315e-01
8.455593825627631330e-03
1.106709616825786030e-01
8.174915999672176248e-03
1.105711031223245017e-01
7.910684693548806351e-03
1.104748136171669615e-01
7.661835534067743675e-03
1.103819948753446689e-01
7.427389787963768406e-03
1.102925539339358330e-01
7.206446650049490830e-03
1.102064028526773681e-01
6.998176330718688595e-03
1.101234584306918091e-01
6.801813811599837986e-03
1.100436419442043512e-01
6.616653250644464503e-03
1.099668789035192357e-01
6.442042949984971151e-03
1.098930988276951293e-01
6.277380831219724067e-03
1.098222350355096549e-01
6.122110336425911487e-03
1.097542244514386756e-01
5.975716719961423652e-03
1.096890074254937009e-01
5.837723704642631094e-03
1.096265275658695887e-01
5.707690455421390342e-03
1.095667315834507605e-01
5.585208839618419421e-03
1.095095691473112753e-01
5.469900946261104825e-03
1.094549927504228637e-01
5.361416823985049387e-03
1.094029575848552704e-01
5.259432431614454763e-03
1.093534214258174292e-01
5.163647778607000430e-03
1.093063445239450815e-01
5.073785235318771340e-03
1.092616895052941905e-01
4.989587997180947379e-03
1.092194212785461555e-01
4.910818688651187244e-03
1.091795069489751441e-01
4.837258095574331097e-03
1.091419157387675254e-01
4.768704011882107623e-03
1.091066189133192699e-01
4.704970190208971996e-03
1.090735897131710763e-01
4.645885391325804865e-03
1.090428032912711398e-01
4.591292522528473904e-03
1.090142366552840775e-01
4.541047857710795929e-03
1.089878686146902032e-01
4.495020332765067850e-03
1.089636797324436551e-01
4.453090910652559263e-03
1.089416522809804055e-01
4.415152011119453761e-03
1.089217702023877327e-01
4.381107000601454186e-03
1.089040190725664714e-01
4.350869738385049548e-03
1.088883860692359262e-01
4.324364175563656307e-03
1.088748599436477893e-01
4.301524003763389052e-03
1.088634309958927404e-01
4.282292351015722608e-03
1.088540910536981848e-01
4.266621522523124550e-03
1.088468334546306288e-01
4.254472784414317817e-03
1.088416530316308334e-01
4.245816188909136944e-03
1.088385461018230166e-01
4.240630439626398226e-03
1.088375104585537489e-01
4.238901856532152276e-03
