9.056806516138560248e-01
9.999999999999995559e-01
1.566235187003922336e-01
9.997720413955962782e-01
1.353887030406106806e-01
9.461611442426383078e-01
1.300888588617827024e-01
8.358738623037726967e-01
1.274966001661923254e-01
7.274502019762242311e-01
1.257795652532731623e-01
6.324141410247050565e-01
1.244783118845311093e-01
5.515392764343975962e-01
1.234187328817800550e-01
4.832500427274676880e-01
1.225177840747751906e-01
4.255864685730628705e-01
1.217297111123310377e-01
3.767353472694711658e-01
1.210266823834171834e-01
3.351556901046489068e-01
1.203904986091410140e-01
2.995792587940989682e-01
1.198085827392076919e-01
2.689751570814942205e-01
1.192718550438225250e-01
2.425083966272007785e-01
1.187735245207412471e-01
2.195020917616319622e-01
1.183083614156992397e-01
1.994057545317947933e-01
1.178722385030562675e-01
1.817697242473279851e-01
1.174618303582250362e-01
1.662248824178351458e-01
1.170744095779381599e-01
1.524666204804584202e-01
1.167077047092073550e-01
1.402422115724854257e-01
1.163597986994348993e-01
1.293408784208488205e-01
1.160290547012566009e-01
1.195859130007714405e-01
1.157140607983024039e-01
1.108284311785324716e-01
1.154135881001849412e-01
1.029423881329187551e-01
1.151265584698915739e-01
9.582058089554398861e-02
1.148520193129327488e-01
8.937142964553371205e-02
1.145891236257028378e-01
8.351637102892385534e-02
1.143371140181258794e-01
7.818773588667554675e-02
1.140953097791303078e-01
7.332701578180438051e-02
1.138630963005141522e-01
6.888343672665749040e-02
1.136399163494457715e-01
6.481278292931073881e-02
1.134252628049900874e-01
6.107642155872539808e-02
1.132186725655094511e-01
5.764048992171340313e-02
1.130197214009286827e-01
5.447521634026738363e-02
1.128280195738217001e-01
5.155435000491432468e-02
1.126432080911283773e-01
4.885467995140676395e-02
1.124649554769116544e-01
4.635562870306220162e-02
1.122929549785672831e-01
4.403890704593713123e-02
1.121269221360307738e-01
4.188821975681534387e-02
1.119665926567691427e-01
3.988901461523491898e-02
1.118117205498819627e-01
3.802826652340821068e-02
1.116620764809396898e-01
3.629429251547539731e-02
1.115174463158176976e-01
3.467659160531319507e-02
1.113776298271457743e-01
3.316570673859659674e-02
1.112424395412957984e-01
3.175310462554212232e-02
1.111116997073573198e-01
3.043107164737957754e-02
1.109852453724286259e-01
2.919262265192000896e-02
1.108629215499171289e-01
2.803142174264577902e-02
1.107445824695095643e-01
2.694171233244700009e-02
1.106300908991022652e-01
2.591825626137545316e-02
1.105193175303355591e-01
2.495627979389132556e-02
1.104121404205431201e-01
2.405142619479715832e-02
1.103084444848582424e-01
2.319971389528932906e-02
1.102081210330669025e-01
2.239749916644499447e-02
1.101110673464757023e-01
2.164144331433585228e-02
1.100171862906482168e-01
2.092848338159092325e-02
1.099263859603913790e-01
2.025580596502273012e-02
1.098385793537907523e-01
1.962082406263439965e-02
1.097536840724707558e-01
1.902115629554245943e-02
1.096716220455931368e-01
1.845460822749643223e-02
1.095923192753800735e-01
1.791915573417119170e-02
1.095157056021875269e-01
1.741293010682333497e-02
1.094417144873812836e-01
1.693420453220530544e-02
1.093702828124519244e-01
1.648138197582214859e-02
1.093013506929642331e-01
1.605298429839533553e-02
1.092348613060831058e-01
1.564764243765505436e-02
1.091707607305501121e-01
1.526408746075923195e-02
1.091089977980962550e-01
1.490114250716730211e-02
1.090495239553733037e-01
1.455771549949060398e-02
1.089922931355762348e-01
1.423279255522826373e-02
1.089372616390096860e-01
1.392543197460692495e-02
1.088843880219228372e-01
1.363475876707622922e-02
1.088336329929986274e-01
1.335995969242245555e-02
1.087849593169394335e-01
1.310027874796530246e-02
1.087383317246428671e-01
1.285501306180514280e-02
1.086937168295066536e-01
1.262350915648127909e-02
1.086510830494436808e-01
1.240515951890019779e-02
1.086104005342249240e-01
1.219939947917930527e-02
1.085716410978017632e-01
1.200570436585146790e-02
1.085347781552889745e-01
1.182358690871157178e-02
1.084997866643180320e-01
1.165259486747634472e-02
1.084666430704957912e-01
1.149230886679422289e-02
1.084353252567264031e-01
1.134234042259944786e-02
1.084058124961750913e-01
1.120233013861879345e-02
1.083780854086721923e-01
1.107194605811862367e-02
1.083521259203736459e-01
1.095088216603594053e-02
1.083279172265097234e-01
1.083885702648518766e-02
1.083054437570695333e-01
1.073561254525739854e-02
1.082846911452820804e-01
1.064091284824843914e-02
1.082656461987687307e-01
1.055454326773772045e-02
1.082482968732526030e-01
1.047630942929933355e-02
1.082326322487222880e-01
1.040603643293418201e-02
1.082186425079584846e-01
1.034356812274335978e-02
1.082063189173403661e-01
1.028876644011980819e-02
1.081956538098599874e-01
1.024151085607003832e-02
1.081866405702797546e-01
1.020169787884217180e-02
1.081792736223781692e-01
1.016924063356756079e-02
1.081735484182360513e-01
1.014406851113464590e-02
1.081694614295239665e-01
1.012612688397726557e-02
1.081670101407584822e-01
1.011537688691834316e-02
1.081661930445033254e-01
1.011179355456537018e-02
