9.060807524414875580e-01
9.999999999999996669e-01
1.603448465281812063e-01
9.991864621435569971e-01
1.396315023399908040e-01
9.245602037079676538e-01
1.339793477277722855e-01
7.974028344202362950e-01
1.310574826776102764e-01
6.798280886688363722e-01
1.290690940934799691e-01
5.803102639309195565e-01
1.275398271867281552e-01
4.977732678207898998e-01
1.262838823750778439e-01
4.295339685761516146e-01
1.252105760095005849e-01
3.729536547578122252e-01
1.242690573102985530e-01
3.257948666611642508e-01
1.234279456250854390e-01
2.862477226754213677e-01
1.226664659711943772e-01
2.528722061221067574e-01
1.219701039700048784e-01
2.245275161928941277e-01
1.213282782159631340e-01
2.003087665523372307e-01
1.207330040612119015e-01
1.794953382963008492e-01
1.201780827683528730e-01
1.615102746596438765e-01
1.196585864804576987e-01
1.458888786477259281e-01
1.191705183147081792e-01
1.322545564208117974e-01
1.187105805862687102e-01
1.203002102670409218e-01
1.182760122480405046e-01
1.097738780176562012e-01
1.178644720244378385e-01
1.004676160725663098e-01
1.174739525464339046e-01
9.220882555233345101e-02
1.171027160306249010e-01
8.485346285881979755e-02
1.167492452526587149e-01
7.828068796765809412e-02
1.164122055894900309e-01
7.238862135611182080e-02
1.160904152127761046e-01
6.709096197752348334e-02
1.157828213797872374e-01
6.231427520736401715e-02
1.154884813522741999e-01
5.799580563143424267e-02
1.152065468742787535e-01
5.408170511456817514e-02
1.149362514204513991e-01
5.052558804136943887e-02
1.146768996254592388e-01
4.728734881689336533e-02
1.144278584483013061e-01
4.433218897197893638e-02
1.141885497300784286e-01
4.162981265285811694e-02
1.139584438810321565e-01
3.915375900164327211e-02
1.137370544903653913e-01
3.688084555942074821e-02
1.135239336960756074e-01
3.479070207893520533e-02
1.133186681852752370e-01
3.286537903289650508e-02
1.131208757211022708e-01
3.108901725707797353e-02
1.129302021122902677e-01
2.944756818819569896e-02
1.127463185570316967e-01
2.792855647350997103e-02
1.125689193051240683e-01
2.652087729497370344e-02
1.123977195921895822e-01
2.521462341274879199e-02
1.122324538076124312e-01
2.400093653048763695e-02
1.120728738641882660e-01
2.287187968265892365e-02
1.119187477426176469e-01
2.182032693290180889e-02
1.117698581881846065e-01
2.083986816618201010e-02
1.116260015404126060e-01
1.992472628742324864e-02
1.114869866793395392e-01
1.906968547512058118e-02
1.113526340744238619e-01
1.827002836363098015e-02
1.112227749240691371e-01
1.752148142554863300e-02
1.110972503754037999e-01
1.682016692483606635e-02
1.109759108153606372e-01
1.616256084677832397e-02
1.108586152252610674e-01
1.554545593055370670e-02
1.107452305921276525e-01
1.496592894270430858e-02
1.106356313707933942e-01
1.442131192929891302e-02
1.105296989916026706e-01
1.390916670574043890e-02
1.104273214091381905e-01
1.342726219301098624e-02
1.103283926879382593e-01
1.297355438916975023e-02
1.102328126216361864e-01
1.254616850301094877e-02
1.101404863823669811e-01
1.214338298778939486e-02
1.100513241976328882e-01
1.176361534471057069e-02
1.099652410521239354e-01
1.140540944577974822e-02
1.098821564122653971e-01
1.106742411700216422e-02
1.098019939714986737e-01
1.074842292708982905e-02
1.097246814145056981e-01
1.044726503652351757e-02
1.096501501987719035e-01
1.016289697066913127e-02
1.095783353520459608e-01
9.894345174190940020e-03
1.095091752843977279e-01
9.640709317348323745e-03
1.094426116137004745e-01
9.401156258149329092e-03
1.093785890034780356e-01
9.174914596522625726e-03
1.093170550121579376e-01
8.961269731273426367e-03
1.092579599528633594e-01
8.759559377971036509e-03
1.092012567629555841e-01
8.569169515128897616e-03
1.091469008826114889e-01
8.389530706250928477e-03
1.090948501417852434e-01
8.220114761766907086e-03
1.090450646549624564e-01
8.060431708857580119e-03
1.089975067231677558e-01
7.910027024567410636e-03
1.089521407427348904e-01
7.768479122564816812e-03
1.089089331203905719e-01
7.635397067393278822e-03
1.088678521942436639e-01
7.510418493142139579e-03
1.088288681603057362e-01
7.393207707887065536e-03
1.087919530042028293e-01
7.283453967281479369e-03
1.087570804377667039e-01
7.180869903685245005e-03
1.087242258402215250e-01
7.085190094735553494e-03
1.086933662037069398e-01
6.996169759100963510e-03
1.086644800829008051e-01
6.913583572648590060e-03
1.086375475485260866e-01
6.837224593666966534e-03
1.086125501445458358e-01
6.766903288518187100e-03
1.085894708488677196e-01
6.702446650143351406e-03
1.085682940373965538e-01
6.643697402664518539e-03
1.085490054512890656e-01
6.590513286073389904e-03
1.085315921672788259e-01
6.542766415668166760e-03
1.085160425709531390e-01
6.500342711521131175e-03
1.085023463328766702e-01
6.463141393818027172e-03
1.084904943874683142e-01
6.431074540430988321e-03
1.084804789145492887e-01
6.404066703564989180e-03
1.084722933234912312e-01
6.382054582763985358e-03
1.084659322399038062e-01
6.364986751976189211e-03
1.084613914948104607e-01
6.352823438774419205e-03
1.084586681162719030e-01
6.345536354198644952e-03
1.084577603234257170e-01
6.343107326006719622e-03
