9.064252092027125229e-01
9.999999999999995559e-01
1.615819339602481974e-01
9.999534629135474750e-01
1.354169812663454098e-01
9.618311972315912728e-01
1.294979956000985033e-01
8.663625301690616176e-01
1.267711852110394444e-01
7.666833806346080582e-01
1.250202354955591288e-01
6.764482458112757168e-01
1.237177077478273518e-01
5.978670407140177501e-01
1.226701150985212291e-01
5.302725706434096020e-01
1.217871392942627140e-01
4.722851214259607966e-01
1.210197944986867863e-01
4.224677018741673229e-01
1.203386474730705341e-01
3.795263923438380038e-01
1.197246455349572775e-01
3.423567460043474009e-01
1.191647357782350258e-01
3.100370491201798195e-01
1.186495670284304638e-01
2.818051696372541048e-01
1.181721936628656738e-01
2.570326247158281618e-01
1.177273008322001074e-01
2.352007141641807020e-01
1.173107188836821080e-01
2.158801944750032287e-01
1.169191066932435685e-01
1.987145471073832603e-01
1.165497381117927417e-01
1.834063807871157692e-01
1.162003537112482054e-01
1.697064857112415559e-01
1.158690552430924336e-01
1.574050714120200645e-01
1.155542288105629450e-01
1.463247063597938047e-01
1.152544878395214828e-01
1.363146483580480184e-01
1.149686299886744367e-01
1.272462655644646112e-01
1.146956040763555812e-01
1.190093246862005127e-01
1.144344843270968387e-01
1.115089728972657318e-01
1.141844500566110004e-01
1.046632712734860693e-01
1.139447694542371214e-01
9.840116943672420902e-02
1.137147864954158732e-01
9.266083797384555565e-02
1.134939102732876876e-01
8.738828591769889909e-02
1.132816062222597175e-01
8.253621231891533627e-02
1.130773888358245910e-01
7.806304748900549928e-02
1.128808155766980598e-01
7.393214860587746240e-02
1.126914817465411722e-01
7.011112333232477623e-02
1.125090161346658374e-01
6.657125846860607876e-02
1.123330773040088493e-01
6.328703505552474295e-02
1.121633504023769740e-01
6.023571636465478024e-02
1.119995444095219089e-01
5.739699592042028092e-02
1.118413897483172825e-01
5.475269584747670393e-02
1.116886362018622708e-01
5.228650820514116337e-02
1.115410510891820944e-01
4.998377139103386130e-02
1.113984176606719473e-01
4.783127754257997244e-02
1.112605336812308165e-01
4.581710501675463620e-02
1.111272101744873730e-01
4.393047327274943181e-02
1.109982703059164549e-01
4.216161599113376485e-02
1.108735483862249988e-01
4.050167063626337188e-02
1.107528889793122778e-01
3.894258129706186511e-02
1.106361461015060860e-01
3.747701389850408710e-02
1.105231825007668978e-01
3.609828105834327755e-02
1.104138690061982203e-01
3.480027636330969287e-02
1.103080839395662593e-01
3.357741587414690004e-02
1.102057125817047373e-01
3.242458653367526894e-02
1.101066466876185201e-01
3.133710047177989955e-02
1.100107840449470603e-01
3.031065410829392875e-02
1.099180280711285207e-01
2.934129204328093585e-02
1.098282874451903673e-01
2.842537470508608305e-02
1.097414757706178107e-01
2.755954934711708770e-02
1.096575112661673512e-01
2.674072428724198411e-02
1.095763164818662344e-01
2.596604572175305325e-02
1.094978180377742111e-01
2.523287682122256001e-02
1.094219463833523975e-01
2.453877904482874503e-02
1.093486355755223655e-01
2.388149534534885279e-02
1.092778230737195405e-01
2.325893489565600269e-02
1.092094495504285362e-01
2.266915935115412783e-02
1.091434587158420094e-01
2.211037046782016180e-02
1.090797971554298001e-01
2.158089889864791763e-02
1.090184141793338751e-01
2.107919396545129484e-02
1.089592616826130650e-01
2.060381441696251814e-02
1.089022940154564245e-01
2.015342004352714891e-02
1.088474678625714065e-01
1.972676407438746921e-02
1.087947421310316160e-01
1.932268622680268985e-02
1.087440778459377450e-01
1.894010636363582800e-02
1.086954380533052267e-01
1.857801872991402675e-02
1.086487877296459376e-01
1.823548669507987774e-02
1.086040936977621524e-01
1.791163795644840073e-02
1.085613245483130346e-01
1.760566016413532553e-02
1.085204505667558966e-01
1.731679689972221228e-02
1.084814436652990627e-01
1.704434400772381411e-02
1.084442773195351817e-01
1.678764624417927384e-02
1.084089265094532462e-01
1.654609421080777132e-02
1.083753676645543840e-01
1.631912155027017905e-02
1.083435786128203321e-01
1.610620238066499260e-02
1.083135385333055395e-01
1.590684895204088831e-02
1.082852279121439831e-01
1.572060950174665808e-02
1.082586285017805711e-01
1.554706629187917882e-02
1.082337232832529667e-01
1.538583382225041513e-02
1.082104964313658629e-01
1.523655720236253078e-02
1.081889332826134476e-01
1.509891067061645137e-02
1.081690203057197874e-01
1.497259625042648631e-02
1.081507450746782423e-01
1.485734253402143726e-02
1.081340962441827980e-01
1.475290358567561862e-02
1.081190635273549527e-01
1.465905795703267671e-02
1.081056376756797249e-01
1.457560780800421993e-02
1.080938104610732059e-01
1.450237812747651178e-02
1.080835746600133096e-01
1.443921604878320095e-02
1.080749240396741140e-01
1.438599025553585591e-02
1.080678533460108920e-01
1.434259047402573067e-02
1.080623582937520893e-01
1.430892704898353157e-02
1.080584355582607375e-01
1.428493060002522692e-02
1.080560827692351317e-01
1.427055175663489821e-02
1.080552985062266103e-01
1.426575880883812139e-02
