1.863264901305446974e-01
4.160216490945777834e-01
1.764789727233539995e-01
3.265877618301408214e-01
1.689946727987686470e-01
2.601419826505909083e-01
1.630324008589103535e-01
2.101085775192756966e-01
1.581284036896824508e-01
1.718812811011746489e-01
1.540003612104136610e-01
1.422546515014165014e-01
1.504637964544375262e-01
1.189827208009618803e-01
1.473916212387062774e-01
1.004730527468791212e-01
1.446926319531967320e-01
8.558125299733981839e-02
1.422992195059573639e-01
7.347343760038131666e-02
1.401599285932538519e-01
6.353367844459616165e-02
1.382347364011543567e-01
5.530113342486359107e-02
1.364919379767838836e-01
4.842678290944656128e-02
1.349060231615545891e-01
4.264330551332705388e-02
1.334561885284789584e-01
3.774378178898447900e-02
1.321252691391318901e-01
3.356641681236122166e-02
1.308989555374938940e-01
2.998352063016945443e-02
1.297652091971428778e-01
2.689346971949012344e-02
1.287138190359304046e-01
2.421472198955272256e-02
1.277360601186619260e-01
2.188134060578431073e-02
1.268244275958993195e-01
1.983964498402790086e-02
1.259724268844114869e-01
1.804563184911240140e-02
1.251744064707425164e-01
1.646300793175373145e-02
1.244254234034263135e-01
1.506166354284513807e-02
1.237211341428019473e-01
1.381647939563040994e-02
1.230577052811309413e-01
1.270639063318628956e-02
1.224317399789498773e-01
1.171364544052700893e-02
1.218402169406155588e-01
1.082321321065514950e-02
1.212804394733394964e-01
1.002231224153188847e-02
1.207499927151860358e-01
9.300026785727052298e-03
1.202467075268516261e-01
8.646997676136422908e-03
1.197686298536117522e-01
8.055170208555858732e-03
1.193139946049967953e-01
7.517586854414175408e-03
1.188812032863864332e-01
7.028217232668214354e-03
1.184688047627527469e-01
6.581817537258783692e-03
1.180754786503570020e-01
6.173813271430143336e-03
1.177000209235502665e-01
5.800202038464513654e-03
1.173413313968643262e-01
5.457471900790252482e-03
1.169984028014842276e-01
5.142532576914095495e-03
1.166703112224934669e-01
4.852657950522940543e-03
1.163562077019565794e-01
4.585436704900092315e-03
1.160553108443794917e-01
4.338731093803032367e-03
1.157669002869132213e-01
4.110641211434206896e-03
1.154903109180214216e-01
3.899474956452874362e-03
1.152249277459444637e-01
3.703721846662979406e-03
1.149701813329858102e-01
3.522030931464722840e-03
1.147255437238934028e-01
3.353191292683311339e-03
1.144905248068657788e-01
3.196115705605448443e-03
1.142646690543560190e-01
3.049825916479211030e-03
1.140475525981325539e-01
2.913440400230976179e-03
1.138387805992056717e-01
2.786163265604894336e-03
1.136379848785148833e-01
2.667274774856177779e-03
1.134448217786753477e-01
2.556123126767758172e-03
1.132589702309576979e-01
2.452116962949011172e-03
1.130801300049173452e-01
2.354719098893386878e-03
1.129080201208878531e-01
2.263440861708921042e-03
1.127423774080162366e-01
2.177836998438231666e-03
1.125829551925757316e-01
2.097501379285009963e-03
1.124295221031055697e-01
2.022063099700845395e-03
1.122818609805259632e-01
1.951182934840891203e-03
1.121397678827251443e-01
1.884550302803634624e-03
1.120030511743016488e-01
1.821880594390498523e-03
1.118715306932065862e-01
1.762912661753112103e-03
1.117450369869416593e-01
1.707406630493994975e-03
1.116234106117567487e-01
1.655141982333669867e-03
1.115065014890008754e-01
1.605915843350328234e-03
1.113941683134085925e-01
1.559541373144068170e-03
1.112862780086482234e-01
1.515846357017075138e-03
1.111827052259374282e-01
1.474671949221120206e-03
1.110833318819623855e-01
1.435871563204265799e-03
1.109880467327205855e-01
1.399309839075272644e-03
1.108967449802460148e-01
1.364861700668129401e-03
1.108093279094743422e-01
1.332411522520981920e-03
1.107257025527743355e-01
1.301852377075097319e-03
1.106457813799118228e-01
1.273085356954822877e-03
1.105694820114277305e-01
1.246018967797868533e-03
1.104967269536054342e-01
1.220568554910853162e-03
1.104274433533746352e-01
1.196655791607650118e-03
1.103615627716537928e-01
1.174208218805867024e-03
1.102990209737732819e-01
1.153158826989048470e-03
1.102397577357483588e-01
1.133445676521625681e-03
1.101837166652846756e-01
1.115011552823743550e-03
1.101308450365026392e-01
1.097803655759184210e-03
1.100810936374612276e-01
1.081773314842064378e-03
1.100344166296466225e-01
1.066875726886668376e-03
1.099907714186689756e-01
1.053069721678188790e-03
1.099501185354818944e-01
1.040317549915415743e-03
1.099124215275028155e-01
1.028584691358905377e-03
1.098776468590739047e-01
1.017839681593965930e-03
1.098457638207567116e-01
1.008053955994528406e-03
1.098167444470048437e-01
9.992017096324586067e-04
1.097905634418055720e-01
9.912597720209068153e-04
1.097671981119250767e-01
9.842074957105214229e-04
1.097466283074324395e-01
9.780266578764530792e-04
1.097288363692155017e-01
9.727013741428863465e-04
1.097138070832376772e-01
9.682180239921173940e-04
1.097015276413184498e-01
9.645651871981784182e-04
1.096919876082526890e-01
9.617335908115002977e-04
1.096851788951142548e-01
9.597160663024857435e-04
1.096810957386194774e-01
9.585075165499734118e-04
1.096797346864545469e-01
9.581046666324691567e-04
