9.056975521585735045e-01
9.999999999999995559e-01
1.567127111912784143e-01
9.997908929046975812e-01
1.352959079391453101e-01
9.472768242730751354e-01
1.299811920402430265e-01
8.379697930904299596e-01
1.273909057670370160e-01
7.301094253128480593e-01
1.256783020309458210e-01
6.353720087427575658e-01
1.243817898702612446e-01
5.546303261900127346e-01
1.233267948041001649e-01
4.863704197045996547e-01
1.224301615585548092e-01
4.286711317763157725e-01
1.216461202835653482e-01
3.797441174595918567e-01
1.209468520798175212e-01
3.380645267924904385e-01
1.203141781157164719e-01
3.023746938877543422e-01
1.197355427689948681e-01
2.716506797533138062e-01
1.192018864855960980e-01
2.450620705690325085e-01
1.187064365535202143e-01
2.219349660824017634e-01
1.182439795689363832e-01
2.017207943684566629e-01
1.178104028625059363e-01
1.839710864911496546e-01
1.174023939725475363e-01
1.683174234450245665e-01
1.170172370662210803e-01
1.544555616279952304e-01
1.166526710504341563e-01
1.421329127232887624e-01
1.163067881802150316e-01
1.311386861317379582e-01
1.159779599988683685e-01
1.212960603754370259e-01
1.156647821786925545e-01
1.124559737028462958e-01
1.153660327135820896e-01
1.044921645432082130e-01
1.150806397294929367e-01
9.729719143883920618e-02
1.148076563445636911e-01
9.077922635356433512e-02
1.145462407783903735e-01
8.485945621481172374e-02
1.142956404272090359e-01
7.946996618147589286e-02
1.140551789749049000e-01
7.455200980594606230e-02
1.138242458565319193e-01
7.005458505285391824e-02
1.136022875655038344e-01
6.593325938449542956e-02
1.133888004205996086e-01
6.214919519767891226e-02
1.131833245002507177e-01
5.866833720921835887e-02
1.129854385186120636e-01
5.546073322288105900e-02
1.127947554678006004e-01
5.249996365927731695e-02
1.126109188884663603e-01
4.976266007176922967e-02
1.124335996594056225e-01
4.722809824336045292e-02
1.122624932188829583e-01
4.487785237098369795e-02
1.120973171474206331e-01
4.269550018399478203e-02
1.119378090550283422e-01
4.066637134620841587e-02
1.117837247263547412e-01
3.877733097926756162e-02
1.116348364855249131e-01
3.701659409598493516e-02
1.114909317490399288e-01
3.537356489935752218e-02
1.113518117404604102e-01
3.383869821509909170e-02
1.112172903448859079e-01
3.240337883636994903e-02
1.110871930847575628e-01
3.105981697343816045e-02
1.109613562013806454e-01
2.980095662386299943e-02
1.108396258289203185e-01
2.862039596599013844e-02
1.107218572495845682e-01
2.751231704632292260e-02
1.106079142203318655e-01
2.647142455790251273e-02
1.104976683627892364e-01
2.549289152420456880e-02
1.103909986092284495e-01
2.457231158567708268e-02
1.102877906983758538e-01
2.370565689880854005e-02
1.101879367156749917e-01
2.288924056363476553e-02
1.100913346732969866e-01
2.211968359199664030e-02
1.099978881257753366e-01
2.139388540016952042e-02
1.099075058176686714e-01
2.070899743405463928e-02
1.098201013600694220e-01
2.006239983880974201e-02
1.097355929331513547e-01
1.945168051740442036e-02
1.096539030122856140e-01
1.887461629964785892e-02
1.095749581155250757e-01
1.832915617273664713e-02
1.094986885704960639e-01
1.781340625700478589e-02
1.094250282989606693e-01
1.732561616795854492e-02
1.093539146174973414e-01
1.686416679078740072e-02
1.092852880529040227e-01
1.642755929648538962e-02
1.092190921710751161e-01
1.601440523103941915e-02
1.091552734182341527e-01
1.562341748238938073e-02
1.090937809735147701e-01
1.525340214436972548e-02
1.090345666119791890e-01
1.490325115464499924e-02
1.089775845772525675e-01
1.457193563906729328e-02
1.089227914630317845e-01
1.425849983725514455e-02
1.088701461027978962e-01
1.396205557153727163e-02
1.088196094671229908e-01
1.368177723484572533e-02
1.087711445680173972e-01
1.341689722869809920e-02
1.087247163698152885e-01
1.316670181092730388e-02
1.086802917061406581e-01
1.293052731724071355e-02
1.086378392025382361e-01
1.270775669221949934e-02
1.085973292043902055e-01
1.249781633216105400e-02
1.085587337097725091e-01
1.230017320699634473e-02
1.085220263069347213e-01
1.211433223237053970e-02
1.084871821161158406e-01
1.193983386987943103e-02
1.084541777354325054e-01
1.177625193583510359e-02
1.084229911905997823e-01
1.162319160340591351e-02
1.083936018882646901e-01
1.148028757680435302e-02
1.083659905727530209e-01
1.134720242248784400e-02
1.083401392860464107e-01
1.122362505239947982e-02
1.083160313308233341e-01
1.110926934414022474e-02
1.082936512364123943e-01
1.100387288759514803e-02
1.082729847275205465e-01
1.090719584886565459e-02
1.082540186956110484e-01
1.081901994335329742e-02
1.082367411728183404e-01
1.073914751070612073e-02
1.082211413082981855e-01
1.066740068515613024e-02
1.082072093469217261e-01
1.060362065551064860e-02
1.081949366102317872e-01
1.054766700972516007e-02
1.081843154795895101e-01
1.049941715962666305e-02
1.081753393814475356e-01
1.045876584192370617e-02
1.081680027746951267e-01
1.042562469217803676e-02
1.081623011400277140e-01
1.039992188892786655e-02
1.081582309713021578e-01
1.038160186562101135e-02
1.081557897688454201e-01
1.037062508847964339e-02
1.081549760346931788e-01
1.036696616276585464e-02
