1.000000000000000000e+00
0.000000000000000000e+00
9.985171429284388500e-01
0.000000000000000000e+00
9.970342857344233201e-01
0.000000000000000000e+00
9.955514282954988081e-01
0.000000000000000000e+00
9.940685704892111563e-01
0.000000000000000000e+00
9.925857121931064286e-01
0.000000000000000000e+00
9.911028532847311334e-01
0.000000000000000000e+00
9.896199936416317788e-01
0.000000000000000000e+00
9.881371331413558723e-01
0.000000000000000000e+00
9.866542716614511432e-01
0.000000000000000000e+00
9.851714090794657652e-01
0.000000000000000000e+00
9.836885452729491330e-01
0.000000000000000000e+00
9.822056801194513076e-01
0.000000000000000000e+00
9.807228134965233490e-01
0.000000000000000000e+00
9.792399452817172056e-01
0.000000000000000000e+00
9.777570753525859359e-01
0.000000000000000000e+00
9.762742035866835977e-01
0.000000000000000000e+00
9.747913298615656918e-01
0.000000000000000000e+00
9.733084540547890517e-01
0.000000000000000000e+00
9.718255760439119539e-01
0.000000000000000000e+00
9.703426957064938962e-01
0.000000000000000000e+00
9.688598129200963749e-01
0.000000000000000000e+00
9.673769275622821073e-01
0.000000000000000000e+00
9.658940395106154764e-01
0.000000000000000000e+00
9.644111486426633073e-01
0.000000000000000000e+00
9.629282548359935356e-01
0.000000000000000000e+00
9.614453579681768725e-01
0.000000000000000000e+00
9.599624579167854721e-01
0.000000000000000000e+00
9.584795545593941535e-01
0.000000000000000000e+00
9.569966477735795118e-01
0.000000000000000000e+00
9.555137374369206960e-01
0.000000000000000000e+00
9.540308234269990750e-01
0.000000000000000000e+00
9.525479056213989049e-01
0.000000000000000000e+00
9.510649838977066617e-01
0.000000000000000000e+00
9.495820581335115973e-01
0.000000000000000000e+00
9.480991282064056280e-01
0.000000000000000000e+00
9.466161939939836678e-01
0.000000000000000000e+00
9.451332553738430731e-01
0.000000000000000000e+00
9.436503122235847529e-01
0.000000000000000000e+00
9.421673644208120590e-01
0.000000000000000000e+00
9.406844118431321178e-01
0.000000000000000000e+00
9.392014543681549421e-01
0.000000000000000000e+00
9.377184918734936536e-01
0.000000000000000000e+00
9.362355242367651487e-01
0.000000000000000000e+00
9.347525513355896543e-01
0.000000000000000000e+00
9.332695730475910612e-01
0.000000000000000000e+00
9.317865892503968128e-01
0.000000000000000000e+00
9.303035998216380165e-01
0.000000000000000000e+00
9.288206046389496651e-01
0.000000000000000000e+00
9.273376035799706374e-01
0.000000000000000000e+00
9.258545965223440311e-01
0.000000000000000000e+00
