1.000000000000000000e+00
0.000000000000000000e+00
9.981210221406369154e-01
0.000000000000000000e+00
9.962420442811477095e-01
0.000000000000000000e+00
9.943630664214058168e-01
0.000000000000000000e+00
9.924840885612852270e-01
0.000000000000000000e+00
9.906051107006598189e-01
0.000000000000000000e+00
9.887261328394030269e-01
0.000000000000000000e+00
9.868471549773889517e-01
0.000000000000000000e+00
9.849681771144911391e-01
0.000000000000000000e+00
9.830891992505835786e-01
0.000000000000000000e+00
9.812102213855399269e-01
0.000000000000000000e+00
9.793312435192337295e-01
0.000000000000000000e+00
9.774522656515389762e-01
0.000000000000000000e+00
9.755732877823294347e-01
0.000000000000000000e+00
9.736943099114792055e-01
0.000000000000000000e+00
9.718153320388616123e-01
0.000000000000000000e+00
9.699363541643504227e-01
0.000000000000000000e+00
9.680573762878195154e-01
0.000000000000000000e+00
9.661783984091423250e-01
0.000000000000000000e+00
9.642994205281930631e-01
0.000000000000000000e+00
9.624204426448453864e-01
0.000000000000000000e+00
9.605414647589728405e-01
0.000000000000000000e+00
9.586624868704493041e-01
0.000000000000000000e+00
9.567835089791485448e-01
0.000000000000000000e+00
9.549045310849442192e-01
0.000000000000000000e+00
9.530255531877103170e-01
0.000000000000000000e+00
9.511465752873202728e-01
0.000000000000000000e+00
9.492675973836480763e-01
0.000000000000000000e+00
9.473886194765677171e-01
0.000000000000000000e+00
9.455096415659527409e-01
0.000000000000000000e+00
9.436306636516770263e-01
0.000000000000000000e+00
9.417516857336141189e-01
0.000000000000000000e+00
9.398727078116376754e-01
0.000000000000000000e+00
9.379937298856215744e-01
0.000000000000000000e+00
9.361147519554396945e-01
0.000000000000000000e+00
9.342357740209658035e-01
0.000000000000000000e+00
9.323567960820734468e-01
0.000000000000000000e+00
9.304778181386368363e-01
0.000000000000000000e+00
9.285988401905296286e-01
0.000000000000000000e+00
9.267198622376254802e-01
0.000000000000000000e+00
9.248408842797982699e-01
0.000000000000000000e+00
9.229619063169217652e-01
0.000000000000000000e+00
9.210829283488696229e-01
0.000000000000000000e+00
9.192039503755154994e-01
0.000000000000000000e+00
9.173249723967332736e-01
0.000000000000000000e+00
9.154459944123967130e-01
0.000000000000000000e+00
9.135670164223794742e-01
0.000000000000000000e+00
9.116880384265555470e-01
0.000000000000000000e+00
9.098090604247984770e-01
0.000000000000000000e+00
9.079300824169820316e-01
0.000000000000000000e+00
9.060511044029802008e-01
0.000000000000000000e+00
