1.000000000000000000e+00
0.000000000000000000e+00
9.981137055434663452e-01
0.000000000000000000e+00
9.962274110868825083e-01
0.000000000000000000e+00
9.943411166301981963e-01
0.000000000000000000e+00
9.924548221733636710e-01
0.000000000000000000e+00
9.905685277163281954e-01
0.000000000000000000e+00
9.886822332590418094e-01
0.000000000000000000e+00
9.867959388014545530e-01
0.000000000000000000e+00
9.849096443435162440e-01
0.000000000000000000e+00
9.830233498851765894e-01
0.000000000000000000e+00
9.811370554263856292e-01
0.000000000000000000e+00
9.792507609670929591e-01
0.000000000000000000e+00
9.773644665072486193e-01
0.000000000000000000e+00
9.754781720468022055e-01
0.000000000000000000e+00
9.735918775857034246e-01
0.000000000000000000e+00
9.717055831239025387e-01
0.000000000000000000e+00
9.698192886613489216e-01
0.000000000000000000e+00
9.679329941979926133e-01
0.000000000000000000e+00
9.660466997337834316e-01
0.000000000000000000e+00
9.641604052686711945e-01
0.000000000000000000e+00
9.622741108026054979e-01
0.000000000000000000e+00
9.603878163355362707e-01
0.000000000000000000e+00
9.585015218674132198e-01
0.000000000000000000e+00
9.566152273981863852e-01
0.000000000000000000e+00
9.547289329278054737e-01
0.000000000000000000e+00
9.528426384562204143e-01
0.000000000000000000e+00
9.509563439833811360e-01
0.000000000000000000e+00
9.490700495092373457e-01
0.000000000000000000e+00
9.471837550337389722e-01
0.000000000000000000e+00
9.452974605568357225e-01
0.000000000000000000e+00
9.434111660784775255e-01
0.000000000000000000e+00
9.415248715986140882e-01
0.000000000000000000e+00
9.396385771171952284e-01
0.000000000000000000e+00
9.377522826341710971e-01
0.000000000000000000e+00
9.358659881494909571e-01
0.000000000000000000e+00
9.339796936631046265e-01
0.000000000000000000e+00
9.320933991749624781e-01
0.000000000000000000e+00
9.302071046850139968e-01
0.000000000000000000e+00
9.283208101932091116e-01
0.000000000000000000e+00
9.264345156994976405e-01
0.000000000000000000e+00
9.245482212038292902e-01
0.000000000000000000e+00
9.226619267061541008e-01
0.000000000000000000e+00
9.207756322064216681e-01
0.000000000000000000e+00
9.188893377045821431e-01
0.000000000000000000e+00
9.170030432005852328e-01
0.000000000000000000e+00
9.151167486943807550e-01
0.000000000000000000e+00
9.132304541859185276e-01
0.000000000000000000e+00
9.113441596751483686e-01
0.000000000000000000e+00
9.094578651620199850e-01
0.000000000000000000e+00
9.075715706464834165e-01
0.000000000000000000e+00
9.056852761284883702e-01
0.000000000000000000e+00
