1.000000000000000000e+00
0.000000000000000000e+00
9.981247808603425087e-01
0.000000000000000000e+00
9.962495617208536602e-01
0.000000000000000000e+00
9.943743425817022086e-01
0.000000000000000000e+00
9.924991234430567966e-01
0.000000000000000000e+00
9.906239043050861781e-01
0.000000000000000000e+00
9.887486851679589961e-01
0.000000000000000000e+00
9.868734660318440044e-01
0.000000000000000000e+00
9.849982468969099569e-01
0.000000000000000000e+00
9.831230277633252745e-01
0.000000000000000000e+00
9.812478086312587111e-01
0.000000000000000000e+00
9.793725895008791316e-01
0.000000000000000000e+00
9.774973703723548457e-01
0.000000000000000000e+00
9.756221512458548295e-01
0.000000000000000000e+00
9.737469321215478368e-01
0.000000000000000000e+00
9.718717129996022885e-01
0.000000000000000000e+00
9.699964938801870495e-01
0.000000000000000000e+00
9.681212747634706517e-01
0.000000000000000000e+00
9.662460556496218489e-01
0.000000000000000000e+00
9.643708365388092840e-01
0.000000000000000000e+00
9.624956174312016000e-01
0.000000000000000000e+00
9.606203983269675506e-01
0.000000000000000000e+00
9.587451792262756678e-01
0.000000000000000000e+00
9.568699601292947055e-01
0.000000000000000000e+00
9.549947410361933064e-01
0.000000000000000000e+00
9.531195219471400026e-01
0.000000000000000000e+00
9.512443028623035479e-01
0.000000000000000000e+00
9.493690837818528072e-01
0.000000000000000000e+00
9.474938647059562014e-01
0.000000000000000000e+00
9.456186456347824842e-01
0.000000000000000000e+00
9.437434265685005208e-01
0.000000000000000000e+00
9.418682075072789539e-01
0.000000000000000000e+00
9.399929884512863154e-01
0.000000000000000000e+00
9.381177694006914702e-01
0.000000000000000000e+00
9.362425503556629502e-01
0.000000000000000000e+00
9.343673313163697314e-01
0.000000000000000000e+00
9.324921122829802345e-01
0.000000000000000000e+00
9.306168932556632134e-01
0.000000000000000000e+00
9.287416742345874221e-01
0.000000000000000000e+00
9.268664552199213924e-01
0.000000000000000000e+00
9.249912362118339892e-01
0.000000000000000000e+00
9.231160172104936334e-01
0.000000000000000000e+00
9.212407982160693010e-01
0.000000000000000000e+00
9.193655792287294126e-01
0.000000000000000000e+00
9.174903602486427223e-01
0.000000000000000000e+00
9.156151412759777619e-01
0.000000000000000000e+00
9.137399223109033963e-01
0.000000000000000000e+00
9.118647033535882684e-01
0.000000000000000000e+00
9.099894844042011322e-01
0.000000000000000000e+00
9.081142654629108524e-01
0.000000000000000000e+00
9.062390465298857389e-01
0.000000000000000000e+00
