1.000000000000000000e+00
0.000000000000000000e+00
9.981231691546017526e-01
0.000000000000000000e+00
9.962463383090511826e-01
0.000000000000000000e+00
9.943695074631956343e-01
0.000000000000000000e+00
9.924926766168826742e-01
0.000000000000000000e+00
9.906158457699598685e-01
0.000000000000000000e+00
9.887390149222747837e-01
0.000000000000000000e+00
9.868621840736748752e-01
0.000000000000000000e+00
9.849853532240077092e-01
0.000000000000000000e+00
9.831085223731209632e-01
0.000000000000000000e+00
9.812316915208624257e-01
0.000000000000000000e+00
9.793548606670793300e-01
0.000000000000000000e+00
9.774780298116192423e-01
0.000000000000000000e+00
9.756011989543300622e-01
0.000000000000000000e+00
9.737243680950590230e-01
0.000000000000000000e+00
9.718475372336536910e-01
0.000000000000000000e+00
9.699707063699616327e-01
0.000000000000000000e+00
9.680938755038305255e-01
0.000000000000000000e+00
9.662170446351080466e-01
0.000000000000000000e+00
9.643402137636416516e-01
0.000000000000000000e+00
9.624633828892790177e-01
0.000000000000000000e+00
9.605865520118676004e-01
0.000000000000000000e+00
9.587097211312547440e-01
0.000000000000000000e+00
9.568328902472880149e-01
0.000000000000000000e+00
9.549560593598149794e-01
0.000000000000000000e+00
9.530792284686830929e-01
0.000000000000000000e+00
9.512023975737400328e-01
0.000000000000000000e+00
9.493255666748336985e-01
0.000000000000000000e+00
9.474487357718113234e-01
0.000000000000000000e+00
9.455719048645205849e-01
0.000000000000000000e+00
9.436950739528090493e-01
0.000000000000000000e+00
9.418182430365240609e-01
0.000000000000000000e+00
9.399414121155132973e-01
0.000000000000000000e+00
9.380645811896243247e-01
0.000000000000000000e+00
9.361877502587045985e-01
0.000000000000000000e+00
9.343109193226020182e-01
0.000000000000000000e+00
9.324340883811635949e-01
0.000000000000000000e+00
9.305572574342372283e-01
0.000000000000000000e+00
9.286804264816701515e-01
0.000000000000000000e+00
9.268035955233102641e-01
0.000000000000000000e+00
9.249267645590049103e-01
0.000000000000000000e+00
9.230499335886017676e-01
0.000000000000000000e+00
9.211731026119486243e-01
0.000000000000000000e+00
9.192962716288926028e-01
0.000000000000000000e+00
9.174194406392816026e-01
0.000000000000000000e+00
9.155426096429628569e-01
0.000000000000000000e+00
9.136657786397839320e-01
0.000000000000000000e+00
9.117889476295927276e-01
0.000000000000000000e+00
9.099121166122365878e-01
0.000000000000000000e+00
9.080352855875630791e-01
0.000000000000000000e+00
9.061584545554197678e-01
0.000000000000000000e+00
