1.000000000000000000e+00
0.000000000000000000e+00
9.982189685857845163e-01
0.000000000000000000e+00
9.964379371685756492e-01
0.000000000000000000e+00
9.946569057453799045e-01
0.000000000000000000e+00
9.928758743132040099e-01
0.000000000000000000e+00
9.910948428690544709e-01
0.000000000000000000e+00
9.893138114099377933e-01
0.000000000000000000e+00
9.875327799328607048e-01
0.000000000000000000e+00
9.857517484348298220e-01
0.000000000000000000e+00
9.839707169128516506e-01
0.000000000000000000e+00
9.821896853639328073e-01
0.000000000000000000e+00
9.804086537850801308e-01
0.000000000000000000e+00
9.786276221733000158e-01
0.000000000000000000e+00
9.768465905255990789e-01
0.000000000000000000e+00
9.750655588389839368e-01
0.000000000000000000e+00
9.732845271104610951e-01
0.000000000000000000e+00
9.715034953370373927e-01
0.000000000000000000e+00
9.697224635157195571e-01
0.000000000000000000e+00
9.679414316435143162e-01
0.000000000000000000e+00
9.661603997174280645e-01
0.000000000000000000e+00
9.643793677344670856e-01
0.000000000000000000e+00
9.625983356916381073e-01
0.000000000000000000e+00
9.608173035859481903e-01
0.000000000000000000e+00
9.590362714144035072e-01
0.000000000000000000e+00
9.572552391740110078e-01
0.000000000000000000e+00
9.554742068617773088e-01
0.000000000000000000e+00
9.536931744747090267e-01
0.000000000000000000e+00
9.519121420098127784e-01
0.000000000000000000e+00
9.501311094640954025e-01
0.000000000000000000e+00
9.483500768345632936e-01
0.000000000000000000e+00
9.465690441182232906e-01
0.000000000000000000e+00
9.447880113120818990e-01
0.000000000000000000e+00
9.430069784131460686e-01
0.000000000000000000e+00
9.412259454184224161e-01
0.000000000000000000e+00
9.394449123249173361e-01
0.000000000000000000e+00
9.376638791296380004e-01
0.000000000000000000e+00
9.358828458295908037e-01
0.000000000000000000e+00
9.341018124217824736e-01
0.000000000000000000e+00
9.323207789032198489e-01
0.000000000000000000e+00
9.305397452709094352e-01
0.000000000000000000e+00
9.287587115218581824e-01
0.000000000000000000e+00
9.269776776530727069e-01
0.000000000000000000e+00
9.251966436615598477e-01
0.000000000000000000e+00
9.234156095443261103e-01
0.000000000000000000e+00
9.216345752983783335e-01
0.000000000000000000e+00
9.198535409207232449e-01
0.000000000000000000e+00
9.180725064083676834e-01
0.000000000000000000e+00
9.162914717583185986e-01
0.000000000000000000e+00
9.145104369675824962e-01
0.000000000000000000e+00
9.127294020331665481e-01
0.000000000000000000e+00
9.109483669520770377e-01
0.000000000000000000e+00
