1.000000000000000000e+00
0.000000000000000000e+00
9.981247768603777049e-01
0.000000000000000000e+00
9.962495537204109075e-01
0.000000000000000000e+00
9.943743305797549947e-01
0.000000000000000000e+00
9.924991074380654643e-01
0.000000000000000000e+00
9.906238842949977030e-01
0.000000000000000000e+00
9.887486611502070977e-01
0.000000000000000000e+00
9.868734380033490350e-01
0.000000000000000000e+00
9.849982148540787907e-01
0.000000000000000000e+00
9.831229917020516407e-01
0.000000000000000000e+00
9.812477685469233046e-01
0.000000000000000000e+00
9.793725453883489473e-01
0.000000000000000000e+00
9.774973222259840666e-01
0.000000000000000000e+00
9.756220990594840492e-01
0.000000000000000000e+00
9.737468758885042819e-01
0.000000000000000000e+00
9.718716527127000404e-01
0.000000000000000000e+00
9.699964295317270446e-01
0.000000000000000000e+00
9.681212063452404593e-01
0.000000000000000000e+00
9.662459831528956711e-01
0.000000000000000000e+00
9.643707599543481779e-01
0.000000000000000000e+00
9.624955367492532554e-01
0.000000000000000000e+00
9.606203135372664015e-01
0.000000000000000000e+00
9.587450903180427808e-01
0.000000000000000000e+00
9.568698670912382243e-01
0.000000000000000000e+00
9.549946438565081186e-01
0.000000000000000000e+00
9.531194206135075175e-01
0.000000000000000000e+00
9.512441973618921409e-01
0.000000000000000000e+00
9.493689741013171535e-01
0.000000000000000000e+00
9.474937508314381640e-01
0.000000000000000000e+00
9.456185275519106703e-01
0.000000000000000000e+00
9.437433042623898372e-01
0.000000000000000000e+00
9.418680809625309402e-01
0.000000000000000000e+00
9.399928576519894774e-01
0.000000000000000000e+00
9.381176343304209464e-01
0.000000000000000000e+00
9.362424109974808450e-01
0.000000000000000000e+00
9.343671876528243381e-01
0.000000000000000000e+00
9.324919642961072563e-01
0.000000000000000000e+00
9.306167409269847646e-01
0.000000000000000000e+00
9.287415175451125826e-01
0.000000000000000000e+00
9.268662941501458752e-01
0.000000000000000000e+00
9.249910707417396960e-01
0.000000000000000000e+00
9.231158473195496539e-01
0.000000000000000000e+00
9.212406238832312466e-01
0.000000000000000000e+00
9.193654004324397500e-01
0.000000000000000000e+00
9.174901769668305507e-01
0.000000000000000000e+00
9.156149534860589245e-01
0.000000000000000000e+00
9.137397299897805913e-01
0.000000000000000000e+00
9.118645064776508269e-01
0.000000000000000000e+00
9.099892829493249069e-01
0.000000000000000000e+00
9.081140594044583292e-01
0.000000000000000000e+00
9.062388358427068136e-01
0.000000000000000000e+00
