1.000000000000000000e+00
0.000000000000000000e+00
9.981334359084969021e-01
0.000000000000000000e+00
9.962668718172160709e-01
0.000000000000000000e+00
9.944003077263799950e-01
0.000000000000000000e+00
9.925337436362107191e-01
0.000000000000000000e+00
9.906671795469305097e-01
0.000000000000000000e+00
9.888006154587620777e-01
0.000000000000000000e+00
9.869340513719272456e-01
0.000000000000000000e+00
9.850674872866485021e-01
0.000000000000000000e+00
9.832009232031482249e-01
0.000000000000000000e+00
9.813343591216490136e-01
0.000000000000000000e+00
9.794677950423730239e-01
0.000000000000000000e+00
9.776012309655425225e-01
0.000000000000000000e+00
9.757346668913799981e-01
0.000000000000000000e+00
9.738681028201077172e-01
0.000000000000000000e+00
9.720015387519479466e-01
0.000000000000000000e+00
9.701349746871232860e-01
0.000000000000000000e+00
9.682684106258557799e-01
0.000000000000000000e+00
9.664018465683680281e-01
0.000000000000000000e+00
9.645352825148819642e-01
0.000000000000000000e+00
9.626687184656200769e-01
0.000000000000000000e+00
9.608021544208045217e-01
0.000000000000000000e+00
9.589355903806577874e-01
0.000000000000000000e+00
9.570690263454020297e-01
0.000000000000000000e+00
9.552024623152596261e-01
0.000000000000000000e+00
9.533358982904528434e-01
0.000000000000000000e+00
9.514693342712043922e-01
0.000000000000000000e+00
9.496027702577364282e-01
0.000000000000000000e+00
9.477362062502712181e-01
0.000000000000000000e+00
9.458696422490309175e-01
0.000000000000000000e+00
9.440030782542379040e-01
0.000000000000000000e+00
9.421365142661145553e-01
0.000000000000000000e+00
9.402699502848832491e-01
0.000000000000000000e+00
9.384033863107663631e-01
0.000000000000000000e+00
9.365368223439861639e-01
0.000000000000000000e+00
9.346702583847651402e-01
0.000000000000000000e+00
9.328036944333254477e-01
0.000000000000000000e+00
9.309371304898894639e-01
0.000000000000000000e+00
9.290705665546796777e-01
0.000000000000000000e+00
9.272040026279180225e-01
0.000000000000000000e+00
9.253374387098272091e-01
0.000000000000000000e+00
9.234708748006292822e-01
0.000000000000000000e+00
9.216043109005467304e-01
0.000000000000000000e+00
9.197377470098014873e-01
0.000000000000000000e+00
9.178711831286160416e-01
0.000000000000000000e+00
9.160046192572127710e-01
0.000000000000000000e+00
9.141380553958141642e-01
0.000000000000000000e+00
9.122714915446424877e-01
0.000000000000000000e+00
9.104049277039200083e-01
0.000000000000000000e+00
9.085383638738691037e-01
0.000000000000000000e+00
9.066718000547120404e-01
0.000000000000000000e+00
