1.000000000000000000e+00
0.000000000000000000e+00
9.981131112427116259e-01
0.000000000000000000e+00
9.962262224854248061e-01
0.000000000000000000e+00
9.943393337281408728e-01
0.000000000000000000e+00
9.924524449708617135e-01
0.000000000000000000e+00
9.905655562135888825e-01
0.000000000000000000e+00
9.886786674563239341e-01
0.000000000000000000e+00
9.867917786990684226e-01
0.000000000000000000e+00
9.849048899418236802e-01
0.000000000000000000e+00
9.830180011845917054e-01
0.000000000000000000e+00
9.811311124273739415e-01
0.000000000000000000e+00
9.792442236701719427e-01
0.000000000000000000e+00
9.773573349129873744e-01
0.000000000000000000e+00
9.754704461558216799e-01
0.000000000000000000e+00
9.735835573986763025e-01
0.000000000000000000e+00
9.716966686415532406e-01
0.000000000000000000e+00
9.698097798844538264e-01
0.000000000000000000e+00
9.679228911273796143e-01
0.000000000000000000e+00
9.660360023703322696e-01
0.000000000000000000e+00
9.641491136133131246e-01
0.000000000000000000e+00
9.622622248563240666e-01
0.000000000000000000e+00
9.603753360993663168e-01
0.000000000000000000e+00
9.584884473424414297e-01
0.000000000000000000e+00
9.566015585855514036e-01
0.000000000000000000e+00
9.547146698286973487e-01
0.000000000000000000e+00
9.528277810718811525e-01
0.000000000000000000e+00
9.509408923151043691e-01
0.000000000000000000e+00
9.490540035583684420e-01
0.000000000000000000e+00
9.471671148016750363e-01
0.000000000000000000e+00
9.452802260450259286e-01
0.000000000000000000e+00
9.433933372884223401e-01
0.000000000000000000e+00
9.415064485318657139e-01
0.000000000000000000e+00
9.396195597753581596e-01
0.000000000000000000e+00
9.377326710189006764e-01
0.000000000000000000e+00
9.358457822624950406e-01
0.000000000000000000e+00
9.339588935061429176e-01
0.000000000000000000e+00
9.320720047498459726e-01
0.000000000000000000e+00
9.301851159936055380e-01
0.000000000000000000e+00
9.282982272374233901e-01
0.000000000000000000e+00
9.264113384813009722e-01
0.000000000000000000e+00
9.245244497252399496e-01
0.000000000000000000e+00
9.226375609692417656e-01
0.000000000000000000e+00
9.207506722133078636e-01
0.000000000000000000e+00
9.188637834574401309e-01
0.000000000000000000e+00
9.169768947016398997e-01
0.000000000000000000e+00
9.150900059459090574e-01
0.000000000000000000e+00
9.132031171902488254e-01
0.000000000000000000e+00
9.113162284346609798e-01
0.000000000000000000e+00
9.094293396791471862e-01
0.000000000000000000e+00
9.075424509237088877e-01
0.000000000000000000e+00
9.056555621683478607e-01
0.000000000000000000e+00
