1.000000000000000000e+00
0.000000000000000000e+00
9.981196595909902491e-01
0.000000000000000000e+00
9.962393191821091731e-01
0.000000000000000000e+00
9.943589787734855578e-01
0.000000000000000000e+00
9.924786383652478561e-01
0.000000000000000000e+00
9.905982979575248537e-01
0.000000000000000000e+00
9.887179575504451146e-01
0.000000000000000000e+00
9.868376171441375355e-01
0.000000000000000000e+00
9.849572767387305694e-01
0.000000000000000000e+00
9.830769363343530021e-01
0.000000000000000000e+00
9.811965959311336194e-01
0.000000000000000000e+00
9.793162555292010962e-01
0.000000000000000000e+00
9.774359151286841074e-01
0.000000000000000000e+00
9.755555747297112168e-01
0.000000000000000000e+00
9.736752343324113212e-01
0.000000000000000000e+00
9.717948939369127626e-01
0.000000000000000000e+00
9.699145535433445486e-01
0.000000000000000000e+00
9.680342131518350213e-01
0.000000000000000000e+00
9.661538727625132994e-01
0.000000000000000000e+00
9.642735323755075028e-01
0.000000000000000000e+00
9.623931919909466393e-01
0.000000000000000000e+00
9.605128516089590507e-01
0.000000000000000000e+00
9.586325112296736339e-01
0.000000000000000000e+00
9.567521708532189528e-01
0.000000000000000000e+00
9.548718304797241263e-01
0.000000000000000000e+00
9.529914901093173851e-01
0.000000000000000000e+00
9.511111497421276262e-01
0.000000000000000000e+00
9.492308093782835243e-01
0.000000000000000000e+00
9.473504690179135324e-01
0.000000000000000000e+00
9.454701286611463251e-01
0.000000000000000000e+00
9.435897883081105775e-01
0.000000000000000000e+00
9.417094479589350753e-01
0.000000000000000000e+00
9.398291076137483824e-01
0.000000000000000000e+00
9.379487672726793956e-01
0.000000000000000000e+00
9.360684269358565679e-01
0.000000000000000000e+00
9.341880866034090181e-01
0.000000000000000000e+00
9.323077462754650879e-01
0.000000000000000000e+00
9.304274059521534523e-01
0.000000000000000000e+00
9.285470656336026751e-01
0.000000000000000000e+00
9.266667253199416532e-01
0.000000000000000000e+00
9.247863850112989503e-01
0.000000000000000000e+00
9.229060447078034635e-01
0.000000000000000000e+00
9.210257044095839785e-01
0.000000000000000000e+00
9.191453641167688371e-01
0.000000000000000000e+00
9.172650238294870473e-01
0.000000000000000000e+00
9.153846835478673949e-01
0.000000000000000000e+00
9.135043432720379997e-01
0.000000000000000000e+00
9.116240030021277585e-01
0.000000000000000000e+00
9.097436627382654573e-01
0.000000000000000000e+00
9.078633224805798818e-01
0.000000000000000000e+00
9.059829822291995960e-01
0.000000000000000000e+00
