1.000000000000000000e+00
0.000000000000000000e+00
9.981330853513227241e-01
0.000000000000000000e+00
9.962661707028658276e-01
0.000000000000000000e+00
9.943992560548495785e-01
0.000000000000000000e+00
9.925323414074943562e-01
0.000000000000000000e+00
9.906654267610204290e-01
0.000000000000000000e+00
9.887985121156481760e-01
0.000000000000000000e+00
9.869315974715979767e-01
0.000000000000000000e+00
9.850646828290900991e-01
0.000000000000000000e+00
9.831977681883448117e-01
0.000000000000000000e+00
9.813308535495824936e-01
0.000000000000000000e+00
9.794639389130234131e-01
0.000000000000000000e+00
9.775970242788877274e-01
0.000000000000000000e+00
9.757301096473958157e-01
0.000000000000000000e+00
9.738631950187682795e-01
0.000000000000000000e+00
9.719962803932251649e-01
0.000000000000000000e+00
9.701293657709869622e-01
0.000000000000000000e+00
9.682624511522740507e-01
0.000000000000000000e+00
9.663955365373068096e-01
0.000000000000000000e+00
9.645286219263051741e-01
0.000000000000000000e+00
9.626617073194899676e-01
0.000000000000000000e+00
9.607947927170810143e-01
0.000000000000000000e+00
9.589278781192989154e-01
0.000000000000000000e+00
9.570609635263638282e-01
0.000000000000000000e+00
9.551940489384962429e-01
0.000000000000000000e+00
9.533271343559164279e-01
0.000000000000000000e+00
9.514602197788444293e-01
0.000000000000000000e+00
9.495933052075011815e-01
0.000000000000000000e+00
9.477263906421065087e-01
0.000000000000000000e+00
9.458594760828809012e-01
0.000000000000000000e+00
9.439925615300446271e-01
0.000000000000000000e+00
9.421256469838180658e-01
0.000000000000000000e+00
9.402587324444215966e-01
0.000000000000000000e+00
9.383918179120753766e-01
0.000000000000000000e+00
9.365249033870001183e-01
0.000000000000000000e+00
9.346579888694157567e-01
0.000000000000000000e+00
9.327910743595427823e-01
0.000000000000000000e+00
9.309241598576016852e-01
0.000000000000000000e+00
9.290572453638126227e-01
0.000000000000000000e+00
9.271903308783959741e-01
0.000000000000000000e+00
9.253234164015720076e-01
0.000000000000000000e+00
9.234565019335608804e-01
0.000000000000000000e+00
9.215895874745831939e-01
0.000000000000000000e+00
9.197226730248592164e-01
0.000000000000000000e+00
9.178557585846092159e-01
0.000000000000000000e+00
9.159888441540534609e-01
0.000000000000000000e+00
9.141219297334124416e-01
0.000000000000000000e+00
9.122550153229065373e-01
0.000000000000000000e+00
9.103881009227559051e-01
0.000000000000000000e+00
9.085211865331810355e-01
0.000000000000000000e+00
9.066542721544023076e-01
0.000000000000000000e+00
