1.000000000000000000e+00
0.000000000000000000e+00
9.982534831080156490e-01
0.000000000000000000e+00
9.965069662107379767e-01
0.000000000000000000e+00
9.947604493028734396e-01
0.000000000000000000e+00
9.930139323791287165e-01
0.000000000000000000e+00
9.912674154342104860e-01
0.000000000000000000e+00
9.895208984628252047e-01
0.000000000000000000e+00
9.877743814596796623e-01
0.000000000000000000e+00
9.860278644194805375e-01
0.000000000000000000e+00
9.842813473369346200e-01
0.000000000000000000e+00
9.825348302067485884e-01
0.000000000000000000e+00
9.807883130236287883e-01
0.000000000000000000e+00
9.790417957822820094e-01
0.000000000000000000e+00
9.772952784774149304e-01
0.000000000000000000e+00
9.755487611037338969e-01
0.000000000000000000e+00
9.738022436559456985e-01
0.000000000000000000e+00
9.720557261287571249e-01
0.000000000000000000e+00
9.703092085168748548e-01
0.000000000000000000e+00
9.685626908150055669e-01
0.000000000000000000e+00
9.668161730178559399e-01
0.000000000000000000e+00
9.650696551201327633e-01
0.000000000000000000e+00
9.633231371165428270e-01
0.000000000000000000e+00
9.615766190017924764e-01
0.000000000000000000e+00
9.598301007705886123e-01
0.000000000000000000e+00
9.580835824176380244e-01
0.000000000000000000e+00
9.563370639376473914e-01
0.000000000000000000e+00
9.545905453253235029e-01
0.000000000000000000e+00
9.528440265753729266e-01
0.000000000000000000e+00
9.510975076825027852e-01
0.000000000000000000e+00
9.493509886414195353e-01
0.000000000000000000e+00
9.476044694468300778e-01
0.000000000000000000e+00
9.458579500934413131e-01
0.000000000000000000e+00
9.441114305759602532e-01
0.000000000000000000e+00
9.423649108890937987e-01
0.000000000000000000e+00
9.406183910275487392e-01
0.000000000000000000e+00
9.388718709860316425e-01
0.000000000000000000e+00
9.371253507592498533e-01
0.000000000000000000e+00
9.353788303419099392e-01
0.000000000000000000e+00
9.336323097287191342e-01
0.000000000000000000e+00
9.318857889143841167e-01
0.000000000000000000e+00
9.301392678936117875e-01
0.000000000000000000e+00
9.283927466611093804e-01
0.000000000000000000e+00
9.266462252115836851e-01
0.000000000000000000e+00
9.248997035397417132e-01
0.000000000000000000e+00
9.231531816402901436e-01
0.000000000000000000e+00
9.214066595079362099e-01
0.000000000000000000e+00
9.196601371373871459e-01
0.000000000000000000e+00
9.179136145233497412e-01
0.000000000000000000e+00
9.161670916605313408e-01
0.000000000000000000e+00
9.144205685436388453e-01
0.000000000000000000e+00
9.126740451673793775e-01
0.000000000000000000e+00
