1.000000000000000000e+00
0.000000000000000000e+00
9.981912226217282136e-01
0.000000000000000000e+00
9.963824452417355815e-01
0.000000000000000000e+00
9.945736678583017021e-01
0.000000000000000000e+00
9.927648904697057297e-01
0.000000000000000000e+00
9.909561130742268187e-01
0.000000000000000000e+00
9.891473356701442343e-01
0.000000000000000000e+00
9.873385582557370199e-01
0.000000000000000000e+00
9.855297808292846629e-01
0.000000000000000000e+00
9.837210033890663174e-01
0.000000000000000000e+00
9.819122259333613600e-01
0.000000000000000000e+00
9.801034484604488339e-01
0.000000000000000000e+00
9.782946709686080045e-01
0.000000000000000000e+00
9.764858934561179149e-01
0.000000000000000000e+00
9.746771159212581637e-01
0.000000000000000000e+00
9.728683383623080161e-01
0.000000000000000000e+00
9.710595607775466265e-01
0.000000000000000000e+00
9.692507831652534822e-01
0.000000000000000000e+00
9.674420055237078486e-01
0.000000000000000000e+00
9.656332278511888800e-01
0.000000000000000000e+00
9.638244501459756197e-01
0.000000000000000000e+00
9.620156724063475551e-01
0.000000000000000000e+00
9.602068946305838404e-01
0.000000000000000000e+00
9.583981168169637410e-01
0.000000000000000000e+00
9.565893389637666333e-01
0.000000000000000000e+00
9.547805610692716716e-01
0.000000000000000000e+00
9.529717831317582322e-01
0.000000000000000000e+00
9.511630051495054694e-01
0.000000000000000000e+00
9.493542271207926486e-01
0.000000000000000000e+00
9.475454490438991462e-01
0.000000000000000000e+00
9.457366709171040053e-01
0.000000000000000000e+00
9.439278927386867135e-01
0.000000000000000000e+00
9.421191145069264250e-01
0.000000000000000000e+00
9.403103362201026272e-01
0.000000000000000000e+00
9.385015578764942523e-01
0.000000000000000000e+00
9.366927794743807878e-01
0.000000000000000000e+00
9.348840010120416100e-01
0.000000000000000000e+00
9.330752224877558731e-01
0.000000000000000000e+00
9.312664438998029537e-01
0.000000000000000000e+00
9.294576652464621169e-01
0.000000000000000000e+00
9.276488865260127392e-01
0.000000000000000000e+00
9.258401077367339749e-01
0.000000000000000000e+00
9.240313288769052003e-01
0.000000000000000000e+00
9.222225499448056807e-01
0.000000000000000000e+00
9.204137709387145705e-01
0.000000000000000000e+00
9.186049918569114681e-01
0.000000000000000000e+00
9.167962126976757498e-01
0.000000000000000000e+00
9.149874334592864589e-01
0.000000000000000000e+00
9.131786541400228607e-01
0.000000000000000000e+00
9.113698747381645537e-01
0.000000000000000000e+00
9.095610952519905812e-01
0.000000000000000000e+00
