0.000000000000000000e+00 0.000000000000000000e+00
2.078119897502626434e-05 0.000000000000000000e+00
4.352279595010249372e-05 0.000000000000000000e+00
6.822479092522875592e-05 0.000000000000000000e+00
9.488718390040502381e-05 0.000000000000000000e+00
1.235099748756312839e-04 0.000000000000000000e+00
1.540931638509075632e-04 0.000000000000000000e+00
1.866367508262337669e-04 0.000000000000000000e+00
2.211407358016100034e-04 0.000000000000000000e+00
2.576051187770363269e-04 0.000000000000000000e+00
2.960298997525126832e-04 0.000000000000000000e+00
3.364150787280388555e-04 0.000000000000000000e+00
3.787606557036150606e-04 0.000000000000000000e+00
4.230666306792412444e-04 0.000000000000000000e+00
4.693330036549174067e-04 0.000000000000000000e+00
5.175597746306437102e-04 0.000000000000000000e+00
5.677469436064200466e-04 0.000000000000000000e+00
6.198945105822462531e-04 0.000000000000000000e+00
6.740024755581224382e-04 0.000000000000000000e+00
7.300708385340486020e-04 0.000000000000000000e+00
7.880995995100251780e-04 0.000000000000000000e+00
8.480887584860512989e-04 0.000000000000000000e+00
9.100383154621275068e-04 0.000000000000000000e+00
9.739482704382536934e-04 0.000000000000000000e+00
1.039818623414429750e-03 0.000000000000000000e+00
1.107649374390655894e-03 0.000000000000000000e+00
1.177440523366932558e-03 0.000000000000000000e+00
1.249192070343258659e-03 0.000000000000000000e+00
1.322904015319634847e-03 0.000000000000000000e+00
1.398576358296060905e-03 0.000000000000000000e+00
1.476209099272537051e-03 0.000000000000000000e+00
1.555802238249063716e-03 0.000000000000000000e+00
1.637355775225640036e-03 0.000000000000000000e+00
1.720869710202266008e-03 0.000000000000000000e+00
1.806344043178942285e-03 0.000000000000000000e+00
1.893778774155669082e-03 0.000000000000000000e+00
1.983173903132445098e-03 0.000000000000000000e+00
2.074529430109271419e-03 0.000000000000000000e+00
2.167845355086147393e-03 0.000000000000000000e+00
2.263121678063073454e-03 0.000000000000000000e+00
2.360358399040050469e-03 0.000000000000000000e+00
2.459555518017076271e-03 0.000000000000000000e+00
2.560713034994152593e-03 0.000000000000000000e+00
2.663830949971278568e-03 0.000000000000000000e+00
2.768909262948454630e-03 4.940656458412465442e-324
2.875947973925680780e-03 4.940656458412465442e-324
2.984947082902957450e-03 4.940656458412465442e-324
3.095906589880283773e-03 4.940656458412465442e-324
3.208826494857659750e-03 4.940656458412465442e-324
3.323706797835085814e-03 4.940656458412465442e-324
3.440547498812561965e-03 4.940656458412465442e-324
3.559348597790088636e-03 4.940656458412465442e-324
3.680110094767664961e-03 4.940656458412465442e-324
3.802831989745290939e-03 4.940656458412465442e-324
3.927514282722965704e-03 4.940656458412465442e-324
4.054156973700691856e-03 4.940656458412465442e-324
4.182760062678468095e-03 4.940656458412465442e-324
4.313323549656295289e-03 4.940656458412465442e-324
4.445847434634171702e-03 4.940656458412465442e-324
4.580331717612097335e-03 4.940656458412465442e-324
4.716776398590073922e-03 4.940656458412465442e-324
4.855181477568099729e-03 4.940656458412465442e-324
4.995546954546175623e-03 4.940656458412465442e-324
5.137872829524301604e-03 4.940656458412465442e-324
5.282159102502477672e-03 4.940656458412465442e-324
5.428405773480703828e-03 4.940656458412465442e-324
5.576612842458980070e-03 4.940656458412465442e-324
5.726780309437305531e-03 4.940656458412465442e-324
5.878908174415681948e-03 4.940656458412465442e-324
6.032996437394107583e-03 4.940656458412465442e-324
6.189045098372585908e-03 4.940656458412465442e-324
6.347054157351111718e-03 4.940656458412465442e-324
6.507023614329687615e-03 4.940656458412465442e-324
6.668953469308313599e-03 4.940656458412465442e-324
6.832843722286989670e-03 4.940656458412465442e-324
6.998694373265715828e-03 4.940656458412465442e-324
7.166505422244492073e-03 4.940656458412465442e-324
7.336276869223317537e-03 4.940656458412465442e-324
7.508008714202193956e-03 4.940656458412465442e-324
7.681700957181119595e-03 4.940656458412465442e-324
7.857353598160098790e-03 4.940656458412465442e-324
8.034966637139125470e-03 4.940656458412465442e-324
8.214540074118200502e-03 4.940656458412465442e-324
8.396073909097327356e-03 4.940656458412465442e-324
8.579568142076502563e-03 4.940656458412465442e-324
8.765022773055727856e-03 4.940656458412465442e-324
8.952437802035004971e-03 4.940656458412465442e-324
9.141813229014330439e-03 4.940656458412465442e-324
9.333149053993705993e-03 4.940656458412465442e-324
9.526445276973131635e-03 4.940656458412465442e-324
9.721701897952607363e-03 4.940656458412465442e-324
9.918918916932136648e-03 4.940656458412465442e-324
1.011809633391171255e-02 9.881312916824930884e-324
1.031923414889133854e-02 9.881312916824930884e-324
1.052233236187101462e-02 9.881312916824930884e-324
1.072739097285074078e-02 9.881312916824930884e-324
1.093440998183051703e-02 9.881312916824930884e-324
1.114338938881034163e-02 9.881312916824930884e-324
1.135432919379021806e-02 9.881312916824930884e-324
1.156722939677014457e-02 9.881312916824930884e-324
1.178208999775011943e-02 9.881312916824930884e-324
1.199891099673014612e-02 9.881312916824930884e-324
1.221769239371022463e-02 9.881312916824930884e-324
1.243843418869035149e-02 9.881312916824930884e-324
1.266113638167052670e-02 9.881312916824930884e-324
1.288579897265075200e-02 9.881312916824930884e-324
1.311242196163102738e-02 1.482196937523739633e-323
1.334100534861135459e-02 1.482196937523739633e-323
1.357154913359173015e-02 1.482196937523739633e-323
1.380405331657215580e-02 1.482196937523739633e-323
1.403851789755263153e-02 1.482196937523739633e-323
1.427494287653315735e-02 1.482196937523739633e-323
1.451332825351373326e-02 1.482196937523739633e-323
1.475367402849436273e-02 1.976262583364986177e-323
1.499598020147503881e-02 1.976262583364986177e-323
1.524024677245576498e-02 1.976262583364986177e-323
1.548647374143653950e-02 1.976262583364986177e-323
1.573466110841736931e-02 1.976262583364986177e-323
1.598480887339824227e-02 2.470328229206232721e-323
1.623691703637917053e-02 2.470328229206232721e-323
1.649098559736014366e-02 2.470328229206232721e-323
1.674701455634117209e-02 2.470328229206232721e-323
1.700500391332224540e-02 2.964393875047479265e-323
1.726495366830337400e-02 2.964393875047479265e-323
1.752686382128455442e-02 2.964393875047479265e-323
1.779073437226577625e-02 3.458459520888725809e-323
1.805656532124705685e-02 3.458459520888725809e-323
1.832435666822837886e-02 3.458459520888725809e-323
1.859410841320975616e-02 3.952525166729972353e-323
1.886582055619118528e-02 3.952525166729972353e-323
1.913949309717265929e-02 4.446590812571218898e-323
1.941512603615418858e-02 4.940656458412465442e-323
1.969271937313575929e-02 4.940656458412465442e-323
1.997227310811738876e-02 5.434722104253711986e-323
2.025378724109906312e-02 5.928787750094958530e-323
2.053726177208079276e-02 6.422853395936205074e-323
2.082269670106256382e-02 6.916919041777451618e-323
2.111009202804439364e-02 7.410984687618698163e-323
2.139944775302626487e-02 7.905050333459944707e-323
2.169076387600819486e-02 1.100805458533869832e-294
2.198404039699017321e-02 1.240183958675147105e-262
2.227927731597219643e-02 3.324538074395095716e-233
2.257647463295427495e-02 2.869352199051675555e-206
2.287563234793639835e-02 1.075519787924540667e-181
2.317675046091857705e-02 2.353279988142857002e-159
2.347982897190080062e-02 4.024183028334133496e-139
2.378486788088307949e-02 7.169236723342856695e-121
2.409186718786539977e-02 1.765379559154376985e-104
2.440082689284778228e-02 7.930680854095510678e-90
2.471174699583020273e-02 8.531116550243648084e-77
2.502462749681268195e-02 2.867065964944009783e-65
2.533946839579521298e-02 3.902425224595263463e-55
2.565626969277778543e-02 2.769855267295058310e-46
2.597503138776041318e-02 1.310426657633860231e-38
2.629575348074308580e-02 5.241677299940969745e-32
2.661843597172581372e-02 2.230348032346958495e-26
2.694307886070858651e-02 1.259356119175436410e-21
2.726968214769141807e-02 1.166603650497004179e-17
2.759824583267428758e-02 2.171342297377348496e-14
2.792876991565721931e-02 9.847119683642986426e-12
2.826125439664019939e-02 1.305971577980848606e-09
2.859569927562322089e-02 6.014537063500108478e-08
2.893210455260630115e-02 1.129639086065069563e-06
2.927047022758941935e-02 1.006175710246480296e-05
2.961079630057259979e-02 4.916378351222447775e-05
2.995308277155582163e-02 1.522971008491862837e-04
3.029732964053910224e-02 3.424041279301688286e-04
3.064353690752242426e-02 6.222754625530259797e-04
3.099170457250580504e-02 9.838799906540327683e-04
3.134183263548922377e-02 1.417315630245178032e-03
3.169392109647270472e-02 1.914082984979267313e-03
3.204796995545623056e-02 2.467533213137414454e-03
3.240397921243980128e-02 3.072551274732077554e-03
3.276194886742343076e-02 3.725165157074792309e-03
3.312187892040710513e-02 4.422234657237129017e-03
3.348376937139083825e-02 5.161227292399797953e-03
3.384762022037460932e-02 5.940060769102294483e-03
3.421343146735843915e-02 6.756991971525207023e-03
3.458120311234230693e-02 7.610537746064665460e-03
3.495093515532624040e-02 8.499417454845413500e-03
3.532262759631021182e-02 9.422510602266299592e-03
3.569628043529424199e-02 1.037882505710458272e-02
3.607189367227831706e-02 1.136747284511678731e-02
3.644946730726244394e-02 1.238765143936708564e-02
3.682900134024662264e-02 1.343862910590276627e-02
3.721049577123083929e-02 1.451973328525279355e-02
3.759395060021512164e-02 1.563034127805728105e-02
3.797936582719944193e-02 1.676987270198487118e-02
3.836674145218382098e-02 1.793778332658015062e-02
3.875607747516824492e-02 1.913355999182835346e-02
3.914737389615272761e-02 2.035671638776514331e-02
3.954063071513724825e-02 2.160678952465330815e-02
3.993584793212182765e-02 2.288333676184906018e-02
4.033302554710645887e-02 2.418593329232384889e-02
4.073216356009112804e-02 2.551417000162038706e-02
4.113326197107585597e-02 2.686765163662034606e-02
4.153632078006062878e-02 2.824599523237493817e-02
4.194133998704546035e-02 2.964882875512754243e-02
4.234831959203032986e-02 3.107578992753970426e-02
4.275725959501525814e-02 3.252652520825020238e-02
4.316815999600023129e-02 3.400068890279710210e-02
4.358102079498526321e-02 3.549794238690549830e-02
4.399584199197033307e-02 3.701795342625915919e-02
4.441262358695546170e-02 3.856039557949057089e-02
4.483136557994064214e-02 4.012494767317634214e-02
4.525206797092586747e-02 4.171129333942252132e-02
4.567473075991114462e-02 4.331912060793890323e-02
4.609935394689646665e-02 4.494812154579830299e-02
4.652593753188184744e-02 4.659799193895913100e-02
4.695448151486726618e-02 4.826843101053295698e-02
4.738498589585275061e-02 4.995914117140403538e-02
4.781745067483826606e-02 5.166982779943538051e-02
4.825187585182384720e-02 5.340019904399662121e-02
4.868826142680946628e-02 5.514996565290305325e-02
4.912660739979515107e-02 5.691884081931146422e-02
4.956691377078088073e-02 5.870654004637292089e-02
5.000918053976664834e-02 6.051278102768260780e-02
5.045340770675248165e-02 6.233728354184900344e-02
5.089959527173835291e-02 6.417976935969750552e-02
5.134774323472428292e-02 6.603996216275005715e-02
5.179785159571025088e-02 6.791758747180288991e-02
5.224992035469628454e-02 6.981237258457889672e-02
5.270394951168235614e-02 7.172404652149111381e-02
5.315993906666848651e-02 7.365233997868750326e-02
5.361788901965465481e-02 7.559698528764378922e-02
5.407779937064088882e-02 7.755771638062269879e-02
5.453967011962716771e-02 7.953426876138876278e-02
5.500350126661349148e-02 8.152637948066597529e-02
5.546929281159986708e-02 8.353378711582698513e-02
5.593704475458628755e-02 8.555623175437324091e-02
5.640675709557277373e-02 8.759345498084017412e-02
5.687842983455929091e-02 8.964519986672278562e-02
5.735206297154587379e-02 9.171121096315038024e-02
5.782765650653248768e-02 9.379123429597931161e-02
5.830521043951917420e-02 9.588501736301188738e-02
5.878472477050590561e-02 9.799230913322713732e-02
5.926619949949267496e-02 1.001128600475911651e-01
5.974963462647950307e-02 1.022464220214696767e-01
6.023503015146637607e-02 1.043927484483147677e-01
6.072238607445330782e-02 1.065515942045130310e-01
6.121170239544027752e-02 1.087227156552281471e-01
6.170297911442730598e-02 1.109058706611382311e-01
6.219621623141437933e-02 1.131008185858952825e-01
6.269141374640151143e-02 1.153073203042070255e-01
6.318857165938866760e-02 1.175251382104697817e-01
6.368768997037589641e-02 1.197540362278066151e-01
6.418876867936318398e-02 1.219937798174679233e-01
6.469180778635051643e-02 1.242441359884924323e-01
6.519680729133789376e-02 1.265048733075546661e-01
6.570376719432530210e-02 1.287757619089668071e-01
6.621268749531278308e-02 1.310565735047182767e-01
6.672356819430030894e-02 1.333470813945634992e-01
6.723640929128789356e-02 1.356470604760423859e-01
6.775121078627552307e-02 1.379562872544982388e-01
6.826797267926318358e-02 1.402745398528723597e-01
6.878669497025091673e-02 1.426015980214347667e-01
6.930737765923869476e-02 1.449372431472960299e-01
6.983002074622653155e-02 1.472812582637101908e-01
7.035462423121441322e-02 1.496334280591362920e-01
7.088118811420231202e-02 1.519935388860279291e-01
7.140971239519029734e-02 1.543613787693350059e-01
7.194019707417832754e-02 1.567367374147640435e-01
7.247264215116641650e-02 1.591194062165953715e-01
7.300704762615452259e-02 1.615091782652746111e-01
7.354341349914270132e-02 1.639058483546255440e-01
7.408173977013092493e-02 1.663092129886600545e-01
7.462202643911922118e-02 1.687190703881029930e-01
7.516427350610754843e-02 1.711352204964324830e-01
7.570848097109590669e-02 1.735574649856439222e-01
7.625464883408433758e-02 1.759856072615592348e-01
7.680277709507281336e-02 1.784194524687622296e-01
7.735286575406134790e-02 1.808588074951340552e-01
7.790491481104989957e-02 1.833034809760325234e-01
7.845892426603853775e-02 1.857532832979368886e-01
7.901489411902722082e-02 1.882080266018913151e-01
7.957282437001594877e-02 1.906675247864005329e-01
8.013271501900470772e-02 1.931315935099434111e-01
8.069456606599353932e-02 1.956000501931638158e-01
8.125837751098241579e-02 1.980727140205918724e-01
8.182414935397135103e-02 2.005494059419991315e-01
8.239188159496033115e-02 2.030299486733440073e-01
8.296157423394934227e-02 2.055141666973960557e-01
8.353322727093842603e-02 2.080018862638840782e-01
8.410684070592755468e-02 2.104929353893578436e-01
8.468241453891674209e-02 2.129871438565750508e-01
8.525994876990593274e-02 2.154843432136320791e-01
8.583944339889522379e-02 2.179843667726572010e-01
8.642089842588455972e-02 2.204870496081814679e-01
8.700431385087394054e-02 2.229922285550974548e-01
8.758968967386336624e-02 2.254997422064046186e-01
8.817702589485282294e-02 2.280094309104601924e-01
8.876632251384235228e-02 2.305211367679986245e-01
8.935757953083194038e-02 2.330347036288263063e-01
8.995079694582157337e-02 2.355499770881035182e-01
9.054597475881122348e-02 2.380668044824224283e-01
9.114311296980096011e-02 2.405850348855553544e-01
9.174221157879074162e-02 2.431045191038252729e-01
9.234327058578056802e-02 2.456251096713100990e-01
9.294628999077042542e-02 2.481466608446619704e-01
9.355126979376035545e-02 2.506690285976757027e-01
9.415820999475034425e-02 2.531920706156353118e-01
9.476711059374037793e-02 2.557156462893154791e-01
9.537797159073045650e-02 2.582396167087906425e-01
9.599079298572055219e-02 2.607638446570008095e-01
9.660557477871074827e-02 2.632881946029951292e-01
9.722231696970097536e-02 2.658125326950140366e-01
9.784101955869126122e-02 2.683367267533557365e-01
9.846168254568156419e-02 2.708606462629590816e-01
9.908430593067193981e-02 2.733841623657826125e-01
9.970888971366237419e-02 2.759071478530676913e-01
1.003354338946528534e-01 2.784294771572229377e-01
1.009639384736433915e-01 2.809510263437569599e-01
1.015944034506339466e-01 2.834716731027732139e-01
1.022268288256245744e-01 2.859912967404449891e-01
1.028612145986152610e-01 2.885097781702979924e-01
1.034975607696059924e-01 2.910269999042397471e-01
1.041358673385967409e-01 2.935428460435716147e-01
1.047761343055875760e-01 2.960572022696901229e-01
1.054183616705784560e-01 2.985699558347548743e-01
1.060625494335693947e-01 3.010809955521202008e-01
1.067086975945603783e-01 3.035902117867636529e-01
1.073568061535513790e-01 3.060974964454356018e-01
1.080068751105424663e-01 3.086027429667942967e-01
1.086589044655335984e-01 3.111058463113603456e-01
1.093128942185247754e-01 3.136067029513543991e-01
1.099688443695159834e-01 3.161052108605183486e-01
1.106267549185072641e-01 3.186012695036798958e-01
1.112866258654986035e-01 3.210947798263888986e-01
1.119484572104899878e-01 3.235856442443279524e-01
1.126122489534813753e-01 3.260737666326920525e-01
1.132780010944728633e-01 3.285590523155169085e-01
1.139457136334643961e-01 3.310414080548929050e-01
1.146153865704559877e-01 3.335207420400470579e-01
1.152870199054476102e-01 3.359969638765257227e-01
1.159606136384392638e-01 3.384699845751324987e-01
1.166361677694310039e-01 3.409397165409248642e-01
1.173136822984227889e-01 3.434060735621097260e-01
1.179931572254146188e-01 3.458689707989603956e-01
1.186745925504064658e-01 3.483283247724870968e-01
1.193579882733983993e-01 3.507840533533447269e-01
1.200433443943903777e-01 3.532360757505459969e-01
1.207306609133824149e-01 3.556843125001180050e-01
1.214199378303744969e-01 3.581286854537718556e-01
1.221111751453665961e-01 3.605691177676291215e-01
1.228043728583587818e-01 3.630055338907838269e-01
1.234995309693510124e-01 3.654378595538992913e-01
1.241966494783433017e-01 3.678660217578461067e-01
1.248957283853355943e-01 3.702899487622213215e-01
1.255967676903279873e-01 3.727095700740061246e-01
1.262997673933204390e-01 3.751248164360190263e-01
1.270047274943129079e-01 3.775356198155312981e-01
1.277116479933054216e-01 3.799419133928498282e-01
1.284205288902980080e-01 3.823436315497827365e-01
1.291313701852906393e-01 3.847407098582911189e-01
1.298441718782833154e-01 3.871330850690024028e-01
1.305589339692760642e-01 3.895206950996983886e-01
1.312756564582688024e-01 3.919034790240460975e-01
1.319943393452616409e-01 3.942813770600031575e-01
1.327149826302545244e-01 3.966543305584877555e-01
1.334375863132474527e-01 3.990222819918538555e-01
1.341621503942403981e-01 4.013851749424320881e-01
1.348886748732334440e-01 4.037429540910228432e-01
1.356171597502265069e-01 4.060955652050584619e-01
1.363476050252196425e-01 4.084429551267769187e-01
1.370800106982128508e-01 4.107850717606512658e-01
1.378143767692060206e-01 4.131218640597708047e-01
1.385507032381993187e-01 4.154532820098970070e-01
1.392889901051926616e-01 4.177792766061668717e-01
1.400292373701860493e-01 4.200938211385673582e-01
1.407714450331794265e-01 4.224087562165337317e-01
1.415156130941729040e-01 4.247181259988396795e-01
1.422617415531664542e-01 4.270218855887508158e-01
1.430098304101600493e-01 4.293199910467018210e-01
1.437598796651536337e-01 4.316123993906755829e-01
1.445118893181473185e-01 4.338990685895997568e-01
1.452658593691410482e-01 4.361799575551065788e-01
1.460217898181348506e-01 4.384550261320581122e-01
1.467796806651286701e-01 4.407242350886408921e-01
1.475395319101225067e-01 4.429875461062944275e-01
1.483013435531164437e-01 4.452449217695221284e-01
1.490651155941104256e-01 4.474963255557816710e-01
1.498308480331044801e-01 4.497417218251562598e-01
1.505985408700985240e-01 4.519810758102352777e-01
1.513681941050926405e-01 4.542143536060738174e-01
1.521398077380868297e-01 4.564415221599876782e-01
1.529133817690810637e-01 4.586625492616254185e-01
1.536889161980753704e-01 4.608774035329825103e-01
1.544664110250696387e-01 4.630860544184448035e-01
1.552458662500640352e-01 4.652884721750319974e-01
1.560272818730584765e-01 4.674846278625669482e-01
1.568106578940529627e-01 4.696744933339171979e-01
1.575959943130474383e-01 4.718580412254357870e-01
1.583832911300420421e-01 4.740352449473285157e-01
1.591725483450366629e-01 4.762060786740675566e-01
1.599637659580313565e-01 4.783705173350619733e-01
1.607569439690260948e-01 4.805285366051570417e-01
1.615520823780208504e-01 4.826801128953787656e-01
1.623491811850156785e-01 4.848252233437161940e-01
1.631482403900105516e-01 4.869638458058057617e-01
1.639492599930054972e-01 4.890959588459993790e-01
1.647522399940004323e-01 4.912215417281424190e-01
1.655571803929954677e-01 4.933405744067980714e-01
1.663640811899905481e-01 4.954530375181593338e-01
1.671729423849857010e-01 4.975589123713862194e-01
1.679837639779808434e-01 4.996581809397392382e-01
1.687965459689760583e-01 5.017508258519557396e-01
1.696112883579713460e-01 5.038368303835533135e-01
1.704279911449667062e-01 5.059161784484494939e-01
1.712466543299620836e-01 5.079888545903394892e-01
1.720672779129574781e-01 5.100548439744455598e-01
1.728898618939529452e-01 5.121141323789604183e-01
1.737144062729484850e-01 5.141667061871209032e-01
1.745409110499440697e-01 5.162125523787181036e-01
1.753693762249396715e-01 5.182516585222176619e-01
1.761998017979353459e-01 5.202840127666344960e-01
1.770321877689310930e-01 5.223096038335419689e-01
1.778665341379268849e-01 5.243284210092739039e-01
1.787028409049227218e-01 5.263404541369838263e-01
1.795411080699185480e-01 5.283456936090339395e-01
1.803813356329145023e-01 5.303441303592529854e-01
1.812235235939104738e-01 5.323357558553029056e-01
1.820676719529065180e-01 5.343205620912375720e-01
1.829137807099025514e-01 5.362985415799640387e-01
1.837618498648986853e-01 5.382696873458886477e-01
1.846118794178948919e-01 5.402339929176162014e-01
1.854638693688911155e-01 5.421914523206760039e-01
1.863178197178873563e-01 5.441420600703172905e-01
1.871737304648836975e-01 5.460858111645073842e-01
1.880316016098800835e-01 5.480227010768045082e-01
1.888914331528765145e-01 5.499527257494130073e-01
1.897532250938729903e-01 5.518758815863544775e-01
1.906169774328694833e-01 5.537921654464440513e-01
1.914826901698660766e-01 5.557015746368362263e-01
1.923503633048627148e-01 5.576041069060738709e-01
1.932199968378593979e-01 5.594997604375214761e-01
1.940915907688560982e-01 5.613885338429761562e-01
1.949651450978528711e-01 5.632704261559737802e-01
1.958406598248497166e-01 5.651454368254066329e-01
1.967181349498466070e-01 5.670135657093660075e-01
1.975975704728435423e-01 5.688748130685993276e-01
1.984789663938404669e-01 5.707291795603893769e-01
1.993623227128375197e-01 5.725766662324790479e-01
2.002476394298345896e-01 5.744172745168546479e-01
2.011349165448317322e-01 5.762510062238666020e-01
2.020241540578288642e-01 5.780778635360596107e-01
2.029153519688260965e-01 5.798978490025448185e-01
2.038085102778234015e-01 5.817109655329123497e-01
2.047036289848207236e-01 5.835172163916383381e-01
2.056007080898180628e-01 5.853166051923573976e-01
2.064997475928155024e-01 5.871091358920870196e-01
2.074007474938129869e-01 5.888948127858464332e-01
2.083037077928105441e-01 5.906736405009838098e-01
2.092086284898081183e-01 5.924456239918077793e-01
2.101155095848057097e-01 5.942107685340950463e-01
2.110243510778034015e-01 5.959690797198738954e-01
2.119351529688011382e-01 5.977205634521207678e-01
2.128479152577989197e-01 5.994652259394620541e-01
2.137626379447967184e-01 6.012030736910553008e-01
2.146793210297945897e-01 6.029341135115267036e-01
2.155979645127925337e-01 6.046583524959651124e-01
2.165185683937905226e-01 6.063757980247974633e-01
2.174411326727885563e-01 6.080864577590386899e-01
2.183656573497865794e-01 6.097903396352557515e-01
2.192921424247847306e-01 6.114874518608532927e-01
2.202205878977829268e-01 6.131778029093735150e-01
2.211509937687811678e-01 6.148614015156493862e-01
2.220833600377793982e-01 6.165382566712310775e-01
2.230176867047777289e-01 6.182083776198136205e-01
2.239539737697761046e-01 6.198717738527222965e-01
2.248922212327745529e-01 6.215284551043204209e-01
2.258324290937730461e-01 6.231784313477289894e-01
2.267745973527715286e-01 6.248217127902941925e-01
2.277187260097701116e-01 6.264583098693634611e-01
2.286648150647687394e-01 6.280882332480282049e-01
2.296128645177674399e-01 6.297114938108039350e-01
2.305628743687661297e-01 6.313281026595588541e-01
2.315148446177649200e-01 6.329380711092880141e-01
2.324687752647637551e-01 6.345414106842093283e-01
2.334246663097626351e-01 6.361381331135134154e-01
2.343825177527615322e-01 6.377282503275917280e-01
2.353423295937605020e-01 6.393117744540003367e-01
2.363041018327595444e-01 6.408887178136181140e-01
2.372678344697586317e-01 6.424590929167952602e-01
2.382335275047577638e-01 6.440229124596437149e-01
2.392011809377569131e-01 6.455801893200768804e-01
2.401707947687561351e-01 6.471309365543862491e-01
2.411423689977554297e-01 6.486751673935038376e-01
2.421159036247547691e-01 6.502128952391863503e-01
2.430913986497540979e-01 6.517441336607499025e-01
2.440688540727535549e-01 6.532688963912736124e-01
2.450482698937530290e-01 6.547871973241692345e-01
2.460296461127525758e-01 6.562990505097600069e-01
2.470129827297521674e-01 6.578044701516030379e-01
2.479982797447517484e-01 6.593034706028230163e-01
2.489855371577514298e-01 6.607960663623357878e-01
2.499747549687511561e-01 6.622822720695733523e-01
2.509659331777509550e-01 6.637595826772728635e-01
2.519590717847506878e-01 6.652329909858856194e-01
2.529541707897505765e-01 6.667000528140966109e-01
2.539512301927505100e-01 6.681607833392134710e-01
2.549502499937504885e-01 6.696151978639333091e-01
2.559512301927505673e-01 6.710633118146556164e-01
2.569541707897506355e-01 6.725051407393267677e-01
2.579590717847507486e-01 6.739407003045623235e-01
2.589659331777509621e-01 6.753700062931604631e-01
2.599747549687512205e-01 6.767930746010172305e-01
2.609855371577514682e-01 6.782099212345866768e-01
2.619982797447518164e-01 6.796205623080888714e-01
2.630129827297520984e-01 6.810250140406992614e-01
2.640296461127525363e-01 6.824232927540724303e-01
2.650482698937530190e-01 6.838154148693874612e-01
2.660688540727535467e-01 6.852013969050116948e-01
2.670913986497541748e-01 6.865812554736748785e-01
2.681159036247547922e-01 6.879550072802667060e-01
2.691423689977554545e-01 6.893226691188309996e-01
2.701707947687562172e-01 6.906842578704718294e-01
2.712011809377570248e-01 6.920397905007314998e-01
2.722335275047577108e-01 6.933892840572281058e-01
2.732678344697586081e-01 6.947327556671932802e-01
2.743041018327595504e-01 6.960702225352362049e-01
2.753423295937605375e-01 6.974017019408793594e-01
2.763825177527615695e-01 6.987272112363613896e-01
2.774246663097627019e-01 7.000467678443983433e-01
2.784687752647638237e-01 7.013603892558566422e-01
2.795148446177649904e-01 7.026680930275855941e-01
2.805628743687662574e-01 7.039698967803619256e-01
2.816128645177674028e-01 7.052658181965687501e-01
2.826648150647687596e-01 7.065558750182161507e-01
2.837187260097701613e-01 7.078400850448782755e-01
2.847745973527716079e-01 7.091184661314846593e-01
2.858324290937730994e-01 7.103910361865293233e-01
2.868922212327746357e-01 7.116578131698438892e-01
2.879539737697762170e-01 7.129188150908952748e-01
2.890176867047778431e-01 7.141740600065533684e-01
2.900833600377795141e-01 7.154235660194094848e-01
2.911509937687811744e-01 7.166673512758462428e-01
2.922205878977829352e-01 7.179054339641003368e-01
2.932921424247847964e-01 7.191378323125632299e-01
2.943656573497866469e-01 7.203645645878483661e-01
2.954411326727885978e-01 7.215856490931662481e-01
2.965185683937905936e-01 7.228011041664141878e-01
2.975979645127926343e-01 7.240109481785778067e-01
2.986793210297947199e-01 7.252151995319886524e-01
2.997626379447967393e-01 7.264138766586867302e-01
3.008479152577989146e-01 7.276069980186548047e-01
3.019351529688011904e-01 7.287945820983408041e-01
3.030243510778034555e-01 7.299766474090229051e-01
3.041155095848058210e-01 7.311532124851801706e-01
3.052086284898081758e-01 7.323242958829658811e-01
3.063037077928106311e-01 7.334899161787026278e-01
3.074007474938131312e-01 7.346500919674141539e-01
3.084997475928156763e-01 7.358048418611302655e-01
3.096007080898180996e-01 7.369541844877960379e-01
3.107036289848207899e-01 7.380981384894724773e-01
3.118085102778234696e-01 7.392367225211706749e-01
3.129153519688261942e-01 7.403699552493111513e-01
3.140241540578289636e-01 7.414978553504173453e-01
3.151349165448318335e-01 7.426204415097402700e-01
3.162476394298346927e-01 7.437377324199214712e-01
3.173623227128376523e-01 7.448497467797885463e-01
3.184789663938406568e-01 7.459565032928517914e-01
3.195975704728435396e-01 7.470580206662557066e-01
3.207181349498466338e-01 7.481543176094187508e-01
3.218406598248497730e-01 7.492454128327887819e-01
3.229651450978529570e-01 7.503313250466643325e-01
3.240915907688562414e-01 7.514120729600476389e-01
3.252199968378595152e-01 7.524876752794500412e-01
3.263503633048628338e-01 7.535581507075902463e-01
3.274826901698662529e-01 7.546235179425495598e-01
3.286169774328696613e-01 7.556837956763536868e-01
3.297532250938730591e-01 7.567390025941626019e-01
3.308914331528765573e-01 7.577891573728834373e-01
3.320316016098801559e-01 7.588342786803926598e-01
3.331737304648837994e-01 7.598743851743231525e-01
3.343178197178874878e-01 7.609094955010008432e-01
3.354638693688912210e-01 7.619396282946107046e-01
3.366118794178950546e-01 7.629648021759954934e-01
3.377618498648988776e-01 7.639850357518430668e-01
3.389137807099027455e-01 7.650003476135085467e-01
3.400676719529066028e-01 7.660107563362202887e-01
3.412235235939105604e-01 7.670162804778364318e-01
3.423813356329146185e-01 7.680162062485981211e-01
3.435411080699187214e-01 7.690119900954124343e-01
3.447028409049228137e-01 7.700029442304715532e-01
3.458665341379270064e-01 7.709890871217649488e-01
3.470321877689312440e-01 7.719704372157005778e-01
3.481998017979355819e-01 7.729470129361012409e-01
3.493693762249399093e-01 7.739188326835376719e-01
3.505409110499441705e-01 7.748859148347140291e-01
3.517144062729485876e-01 7.758482777412953890e-01
3.528898618939531051e-01 7.768059397296247504e-01
3.540672779129576120e-01 7.777589190995100044e-01
3.552466543299622193e-01 7.787072341236878081e-01
3.564279911449668714e-01 7.796509030471352464e-01
3.576112883579715684e-01 7.805899440862059668e-01
3.587965459689763104e-01 7.815243754279972421e-01
3.599837639779809306e-01 7.824542152296201092e-01
3.611729423849858178e-01 7.833794816175746467e-01
3.623640811899906944e-01 7.843001926869541673e-01
3.635571803929956158e-01 7.852163665010003513e-01
3.647522399940006377e-01 7.861280210901184784e-01
3.659492599930056489e-01 7.870351744515583503e-01
3.671482403900107605e-01 7.879378445486528992e-01
3.683491811850159170e-01 7.888360493101953530e-01
3.695520823780210629e-01 7.897298066298891195e-01
3.707569439690261981e-01 7.906191343656641113e-01
3.719637659580314892e-01 7.915040503392272164e-01
3.731725483450368253e-01 7.923845723353710735e-01
3.743832911300422062e-01 7.932607181015293163e-01
3.755959943130476320e-01 7.941325053471403050e-01
3.768106578940531581e-01 7.949999517431435292e-01
3.780272818730586737e-01 7.958630749215046540e-01
3.792458662500642896e-01 7.967218924745480546e-01
3.804664110250698950e-01 7.975764219547024636e-01
3.816889161980754896e-01 7.984266808737496834e-01
3.829133817690812402e-01 7.992726867025351511e-01
3.841398077380869802e-01 8.001144568703625337e-01
3.853681941050928206e-01 8.009520087646162523e-01
3.865985408700987613e-01 8.017853597302039281e-01
3.878308480331046915e-01 8.026145270693300082e-01
3.890651155941106665e-01 8.034395280407402584e-01
3.903013435531166864e-01 8.042603798596005271e-01
3.915395319101228067e-01 8.050770996968961146e-01
3.927796806651288053e-01 8.058897046790086671e-01
3.940217898181350153e-01 8.066982118875661856e-01
3.952658593691412148e-01 8.075026383586654255e-01
3.965118893181475146e-01 8.083030010828541334e-01
3.977598796651538593e-01 8.090993170045105431e-01
3.990098304101602489e-01 8.098916030215305151e-01
4.002617415531666833e-01 8.106798759851910896e-01
4.015156130941732182e-01 8.114641526993872089e-01
4.027714450331797424e-01 8.122444499207527313e-01
4.040292373701862005e-01 8.130207843578914906e-01
4.052889901051928145e-01 8.137931726714050518e-01
4.065507032381995289e-01 8.145616314733596930e-01
4.078143767692062882e-01 8.153261773271190949e-01
4.090800106982130369e-01 8.160868267469160164e-01
4.103476050252198859e-01 8.168435961975890613e-01
4.116171597502267798e-01 8.175965020944323536e-01
4.128886748732337186e-01 8.183455608027457862e-01
4.141621503942407023e-01 8.190907886375722313e-01
4.154375863132476199e-01 8.198322018635921804e-01
4.167149826302546933e-01 8.205698166946882033e-01
4.179943393452618672e-01 8.213036492937744182e-01
4.192756564582690304e-01 8.220337157725192689e-01
4.205589339692762940e-01 8.227600321911689996e-01
4.218441718782836025e-01 8.234826145582563317e-01
4.231313701852909004e-01 8.242014788303522188e-01
4.244205288902982987e-01 8.249166409119730314e-01
4.257116479933056308e-01 8.256281166551990847e-01
4.270047274943131188e-01 8.263359218595612843e-01
4.282997673933206517e-01 8.270400722718490583e-01
4.295967676903282295e-01 8.277405835859208416e-01
4.308957283853359077e-01 8.284374714423817787e-01
4.321966494783435753e-01 8.291307514286236913e-01
4.334995309693513432e-01 8.298204390784627016e-01
4.348043728583591006e-01 8.305065498720197725e-01
4.361111751453669583e-01 8.311890992356162355e-01
4.374199378303746943e-01 8.318681025415386454e-01
4.387306609133826418e-01 8.325435751078477109e-01
4.400433443943906342e-01 8.332155321983498730e-01
4.413579882733986715e-01 8.338839890223620488e-01
4.426745925504067536e-01 8.345489607345781824e-01
4.439931572254149361e-01 8.352104624349402373e-01
4.453136822984231080e-01 8.358685091685374990e-01
4.466361677694313248e-01 8.365231159253680993e-01
4.479606136384396420e-01 8.371742976402994918e-01
4.492870199054478375e-01 8.378220691928834896e-01
4.506153865704562445e-01 8.384659705775356908e-01
4.519457136334646408e-01 8.391069497419557655e-01
4.532780010944731375e-01 8.397445626633532889e-01
4.546122489534816791e-01 8.403788239931425652e-01
4.559484572104903211e-01 8.410097483268764718e-01
4.572866258654989524e-01 8.416373502042135968e-01
4.586267549185076287e-01 8.422616441089345596e-01
4.599688443695163498e-01 8.428826444686952080e-01
4.613128942185250048e-01 8.435003656551481876e-01
4.626589044655338712e-01 8.441148219836698274e-01
4.640068751105427269e-01 8.447260277135036910e-01
4.653568061535516831e-01 8.453339970474826881e-01
4.667086975945606842e-01 8.459387441320992407e-01
4.680625494335697301e-01 8.465402830574620952e-01
4.694183616705788209e-01 8.471386278571941819e-01
4.707761343055879566e-01 8.477337925082738534e-01
4.721358673385971372e-01 8.483257909312525991e-01
4.734975607696062516e-01 8.489146369899202016e-01
4.748612145986155220e-01 8.495003444914513979e-01
4.762268288256248927e-01 8.500829271863393766e-01
4.775944034506342528e-01 8.506623987682740973e-01
4.789639384736437133e-01 8.512387728741704906e-01
4.803354338946532187e-01 8.518120630841958807e-01
4.817088897136627690e-01 8.523822829216377572e-01
4.830843059306723641e-01 8.529494458529339740e-01
4.844616825456818376e-01 8.535135652876277845e-01
4.858410195586915226e-01 8.540746545784154709e-01
4.872223169697012524e-01 8.546327270210686278e-01
4.886055747787110826e-01 8.551877958544042979e-01
4.899907929857209021e-01 8.557398742603604669e-01
4.913779715907308221e-01 8.562889753639263413e-01
4.927671105937407314e-01 8.568351122331214764e-01
4.941582099947507412e-01 8.573782978790827070e-01
4.955512697937607958e-01 8.579185452559087155e-01
4.969462899907707287e-01 8.584558672608765262e-01
4.983432705857808731e-01 8.589902767342888490e-01
4.997422115787910624e-01 8.595217864595489088e-01
5.011431129698012965e-01 8.600504091630958303e-01
5.025459747588115755e-01 8.605761575145327580e-01
5.039507969458218994e-01 8.610990441265126139e-01
5.053575795308323793e-01 8.616190815549236159e-01
5.067663225138427929e-01 8.621362822986966545e-01
5.081770258948532515e-01 8.626506588000704134e-01
5.095896896738636439e-01 8.631622234443804276e-01
5.110043138508743032e-01 8.636709885601779879e-01
5.124208984258848965e-01 8.641769664193825751e-01
5.138394433988955345e-01 8.646801692371298698e-01
5.152599487699063285e-01 8.651806091717851865e-01
5.166824145389171674e-01 8.656782983252467867e-01
5.181068407059279401e-01 8.661732487426375693e-01
5.195332272709388688e-01 8.666654724125829601e-01
5.209615742339498423e-01 8.671549812671530688e-01
5.223918815949606387e-01 8.676417871818667971e-01
5.238241493539717020e-01 8.681259019758300610e-01
5.252583775109828101e-01 8.686073374117326829e-01
5.266945660659939632e-01 8.690861051958318484e-01
5.281327150190051611e-01 8.695622169781692667e-01
5.295728243700164040e-01 8.700356843523717743e-01
5.310148941190276917e-01 8.705065188559488742e-01
5.324589242660390243e-01 8.709747319701226509e-01
5.339049148110504017e-01 8.714403351200489256e-01
5.353528657540617131e-01 8.719033396748447906e-01
5.368027770950731803e-01 8.723637569474488318e-01
5.382546488340846924e-01 8.728215981950199209e-01
5.397084809710962494e-01 8.732768746186710951e-01
5.411642735061079623e-01 8.737295973636608482e-01
5.426220264391196091e-01 8.741797775195442322e-01
5.440817397701314118e-01 8.746274261200567279e-01
5.455434134991431483e-01 8.750725541432623489e-01
5.470070476261550407e-01 8.755151725116417927e-01
5.484726421511667560e-01 8.759552920920703478e-01
5.499401970741787382e-01 8.763929236959788760e-01
5.514097123951906543e-01 8.768280780793344942e-01
5.528811881142027262e-01 8.772607659427273941e-01
5.543546242312148431e-01 8.776909979315146160e-01
5.558300207462270048e-01 8.781187846357431104e-01
5.573073776592392115e-01 8.785441365903414734e-01
5.587866949702514630e-01 8.789670642751095109e-01
5.602679726792635373e-01 8.793875781148965398e-01
5.617512107862758786e-01 8.798056884794696053e-01
5.632364092912882647e-01 8.802214056837948108e-01
5.647235681943006957e-01 8.806347399880138926e-01
5.662126874953131717e-01 8.810457015974564321e-01
5.677037671943258035e-01 8.814543006628450250e-01
5.691968072913383692e-01 8.818605472802285572e-01
5.706918077863509797e-01 8.822644514911703872e-01
5.721887686793637462e-01 8.826660232828152930e-01
5.736876899703762245e-01 8.830652725878099796e-01
5.751885716593890807e-01 8.834622092845574315e-01
5.766914137464018708e-01 8.838568431972028128e-01
5.781962162314148168e-01 8.842491840958068838e-01
5.797029791144278077e-01 8.846392416960976446e-01
5.812117023954407324e-01 8.850270256600881735e-01
5.827223860744538131e-01 8.854125455956395330e-01
5.842350301514669386e-01 8.857958110568487919e-01
5.857496346264799980e-01 8.861768315439828569e-01
5.872661994994931023e-01 8.865556165035786140e-01
5.887847247705062514e-01 8.869321753285328569e-01
5.903052104395195565e-01 8.873065173582285192e-01
5.918276565065329065e-01 8.876786518784707258e-01
5.933520629715463013e-01 8.880485881217448085e-01
5.948784298345597410e-01 8.884163352671607949e-01
5.964067570955732256e-01 8.887819024405070323e-01
5.979370447545868661e-01 8.891452987144149445e-01
5.994692928116004405e-01 8.895065331084450744e-01
6.010035012666138377e-01 8.898656145890445623e-01
6.025396701196276128e-01 8.902225520697734096e-01
6.040777993706413218e-01 8.905773544112586260e-01
6.056178890196550757e-01 8.909300304212295352e-01
6.071599390666689855e-01 8.912805888547603583e-01
6.087039495116828292e-01 8.916290384142239178e-01
6.102499203546968287e-01 8.919753877492400118e-01
6.117978515957107621e-01 8.923192052883469616e-01
6.133477432347248515e-01 8.926613689962376030e-01
6.148995952717387636e-01 8.930014579546221576e-01
6.164534077067529427e-01 8.933394806030089397e-01
6.180091805397671667e-01 8.936754453286976929e-01
6.195669137707813245e-01 8.940093604667531668e-01
6.211266073997956383e-01 8.943412343002778986e-01
6.226882614268099969e-01 8.946710750602862028e-01
6.242518758518244004e-01 8.949988909259218861e-01
6.258174506748388488e-01 8.953246900245354079e-01
6.273849858958533421e-01 8.956484804315799630e-01
6.289544815148676582e-01 8.959702701709371109e-01
6.305259375318823523e-01 8.962900672148382819e-01
6.320993539468969802e-01 8.966078794838096000e-01
6.336747307599116530e-01 8.969237148470926568e-01
6.352520679709263707e-01 8.972375811223688435e-01
6.368313655799411332e-01 8.975494860760008242e-01
6.384126235869560517e-01 8.978594374230045583e-01
6.399958419919709041e-01 8.981674428272540256e-01
6.415810207949856903e-01 8.984735099014355963e-01
6.431681599960007434e-01 8.987776462070943273e-01
6.447572595950157304e-01 8.990798592547053492e-01
6.463483195920308733e-01 8.993801565038990198e-01
6.479413399870459500e-01 8.996785453632485385e-01
6.495363207800611827e-01 8.999750331905547185e-01
6.511332619710764602e-01 9.002696272927875887e-01
6.527321635600916716e-01 9.005623349262298349e-01
6.543330255471070389e-01 9.008531632964099645e-01
6.559358479321222291e-01 9.011421195582649535e-01
6.575406307151376861e-01 9.014292108161668926e-01
6.591473738961531881e-01 9.017144441240104724e-01
6.607560774751687349e-01 9.019978264852034355e-01
6.623667414521843266e-01 9.022793648527094312e-01
6.639793658271999632e-01 9.025590661291994499e-01
6.655939506002157557e-01 9.028369371669517918e-01
6.672104957712314821e-01 9.031129847681677036e-01
6.688290013402472534e-01 9.033872156846520785e-01
6.704494673072629585e-01 9.036596366181386397e-01
6.720718936722788195e-01 9.039302542202479751e-01
6.736962804352947254e-01 9.041990750925408271e-01
6.753226275963107872e-01 9.044661057865143183e-01
6.769509351553267829e-01 9.047313528037626007e-01
6.785812031123429344e-01 9.049948225958197590e-01
6.802134314673590199e-01 9.052565215644647889e-01
6.818476202203752612e-01 9.055164560615052149e-01
6.834837693713914364e-01 9.057746323889834805e-01
6.851218789204075454e-01 9.060310567991423092e-01
6.867619488674239214e-01 9.062857354944821031e-01
6.884039792124403423e-01 9.065386746277531715e-01
6.900479699554568080e-01 9.067898803020619791e-01
6.916939210964733187e-01 9.070393585708586004e-01
6.933418326354898742e-01 9.072871154379543723e-01
6.949917045725064746e-01 9.075331568575486507e-01
6.966435369075231199e-01 9.077774887342975330e-01
6.982973296405398100e-01 9.080201169233030889e-01
6.999530827715563230e-01 9.082610472301494431e-01
7.016107963005731030e-01 9.085002854108807924e-01
7.032704702275899278e-01 9.087378371721546166e-01
7.049321045526069085e-01 9.089737081710677069e-01
7.065956992756238231e-01 9.092079040153518976e-01
7.082612543966407825e-01 9.094404302632443926e-01
7.099287699156578979e-01 9.096712924235832443e-01
7.115982458326749471e-01 9.099004959558449901e-01
7.132696821476921523e-01 9.101280462700778173e-01
7.149430788607090692e-01 9.103539487269299846e-01
7.166184359717263641e-01 9.105782086377225415e-01
7.182957534807437039e-01 9.108008312643547377e-01
7.199750313877609775e-01 9.110218218193931738e-01
7.216562696927784071e-01 9.112411854659966393e-01
7.233394683957958815e-01 9.114589273180226936e-01
7.250246274968132898e-01 9.116750524398573585e-01
7.267117469958308540e-01 9.118895658466431575e-01
7.284008268928482410e-01 9.121024725039829084e-01
7.300918671878658950e-01 9.123137773282236074e-01
7.317848678808835938e-01 9.125234851862598084e-01
7.334798289719013376e-01 9.127316008955617122e-01
7.351767504609192372e-01 9.129381292242301216e-01
7.368756323479370707e-01 9.131430748908084816e-01
7.385764746329549491e-01 9.133464425645222429e-01
7.402792773159728723e-01 9.135482368649449070e-01
7.419840403969908404e-01 9.137484623623608471e-01
7.436907638760087425e-01 9.139471235773292124e-01
7.453994477530268004e-01 9.141442249809433873e-01
7.471100920280450142e-01 9.143397709947321816e-01
7.488226967010631618e-01 9.145337659904860805e-01
7.505372617720814654e-01 9.147262142905220328e-01
7.522537872410997029e-01 9.149171201673356180e-01
7.539722731081180962e-01 9.151064878437391581e-01
7.556927193731364234e-01 9.152943214927407034e-01
7.574151260361549065e-01 9.154806252376297415e-01
7.591394930971732125e-01 9.156654031516944237e-01
7.608658205561917853e-01 9.158486592584799135e-01
7.625941084132104031e-01 9.160303975314635361e-01
7.643243566682289547e-01 9.162106218941097335e-01
7.660565653212476622e-01 9.163893362198932691e-01
7.677907343722664146e-01 9.165665443320828443e-01
7.695268638212852119e-01 9.167422500038481248e-01
7.712649536683040541e-01 9.169164569580091628e-01
7.730050039133229411e-01 9.170891688671590769e-01
7.747470145563417621e-01 9.172603893534578834e-01
7.764909855973607389e-01 9.174301219885969694e-01
7.782369170363797606e-01 9.175983702937758890e-01
7.799848088733989382e-01 9.177651377395259491e-01
7.817346611084180497e-01 9.179304277457821515e-01
7.834864737414372060e-01 9.180942436815947572e-01
7.852402467724565183e-01 9.182565888652761688e-01
7.869959802014757644e-01 9.184174665640032487e-01
7.887536740284951664e-01 9.185768799941183005e-01
7.905133282535142802e-01 9.187348323206757650e-01
7.922749428765337720e-01 9.188913266575815531e-01
7.940385178975533087e-01 9.190463660673545698e-01
7.958040533165727792e-01 9.191999535610821948e-01
7.975715491335924057e-01 9.193520920983342393e-01
7.993410053486120770e-01 9.195027845869140348e-01
8.011124219616317932e-01 9.196520338830173058e-01
8.028857989726515543e-01 9.197998427907529972e-01
8.046611363816711382e-01 9.199462140623521078e-01
8.064384341886909890e-01 9.200911503978305150e-01
8.082176923937108848e-01 9.202346544450554777e-01
8.099989109967308254e-01 9.203767287992427049e-01
8.117820899977508109e-01 9.205173760033834585e-01
8.135672293967708413e-01 9.206565985475291258e-01
8.153543291937909165e-01 9.207943988690606707e-01
8.171433893888111477e-01 9.209307793524017516e-01
8.189344099818313127e-01 9.210657423287278434e-01
8.207273909728513006e-01 9.211992900760929137e-01
8.225223323618716664e-01 9.213314248190541678e-01
8.243192341488919661e-01 9.214621487286543955e-01
8.261180963339124217e-01 9.215914639220551541e-01
8.279189189169328111e-01 9.217193724625768469e-01
8.297217018979533565e-01 9.218458763595218652e-01
8.315264452769738357e-01 9.219709775677706887e-01
8.333331490539944708e-01 9.220946779878471666e-01
8.351418132290151508e-01 9.222169794655762365e-01
8.369524378020356536e-01 9.223378837920732654e-01
8.387650227730564234e-01 9.224573927033240528e-01
8.405795681420771270e-01 9.225755078801052278e-01
8.423960739090979866e-01 9.226922309478119422e-01
8.442145400741188910e-01 9.228075634761960799e-01
8.460349666371398403e-01 9.229215069791367743e-01
8.478573535981608345e-01 9.230340629145353804e-01
8.496817009571818735e-01 9.231452326839192368e-01
8.515080087142030685e-01 9.232550176324402225e-01
8.533362768692239753e-01 9.233634190483169801e-01
8.551665054222451490e-01 9.234704381630155501e-01
8.569986943732663676e-01 9.235760761506922600e-01
8.588328437222877421e-01 9.236803341280088731e-01
8.606689534693090504e-01 9.237832131540608671e-01
8.625070236143304037e-01 9.238847142298360904e-01
8.643470541573519128e-01 9.239848382982082109e-01
8.661890450983733558e-01 9.240835862435337056e-01
8.680329964373949547e-01 9.241809588914526863e-01
8.698789081744163765e-01 9.242769570084918840e-01
8.717267803094379541e-01 9.243715813019476313e-01
8.735766128424596877e-01 9.244648324195517963e-01
8.754284057734814661e-01 9.245567109490087088e-01
8.772821591025032895e-01 9.246472174180185855e-01
8.791378728295250466e-01 9.247363522936626890e-01
8.809955469545469597e-01 9.248241159822873092e-01
8.828551814775689177e-01 9.249105088291449395e-01
8.847167763985909206e-01 9.249955311179416384e-01
8.865803317176127463e-01 9.250791830708245955e-01
8.884458474346348389e-01 9.251614648476295111e-01
8.903133235496569764e-01 9.252423765459732996e-01
8.921827600626792698e-01 9.253219182005273380e-01
8.940541569737014971e-01 9.254000897829306460e-01
8.959275142827237692e-01 9.254768912013053850e-01
8.978028319897460863e-01 9.255523222999654243e-01
8.996801100947685592e-01 9.256263828589460507e-01
9.015593485977907440e-01 9.256990725937322972e-01
9.034405474988133067e-01 9.257703911548033071e-01
9.053237067978358033e-01 9.258403381272857224e-01
9.072088264948584557e-01 9.259089130304909432e-01
9.090959065898810421e-01 9.259761153176482296e-01
9.109849470829037843e-01 9.260419443753190594e-01
9.128759479739264604e-01 9.261063995230816026e-01
9.147689092629492924e-01 9.261694800130343408e-01
9.166638309499721693e-01 9.262311850295165128e-01
9.185607130349948690e-01 9.262915136884661838e-01
9.204595555180178357e-01 9.263504650370402160e-01
9.223603583990407362e-01 9.264080380532945247e-01
9.242631216780637926e-01 9.264642316454514415e-01
9.261678453550868939e-01 9.265190446517083123e-01
9.280745294301100401e-01 9.265724758395506022e-01
9.299831739031333422e-01 9.266245239053505500e-01
9.318937787741565781e-01 9.266751874738965444e-01
9.338063440431798590e-01 9.267244650977271014e-01
9.357208697102029626e-01 9.267723552568594148e-01
9.376373557752263332e-01 9.268188563581001294e-01
9.395558022382498597e-01 9.268639667344966693e-01
9.414762090992733201e-01 9.269076846449387785e-01
9.433985763582968254e-01 9.269500082734591917e-01
9.453229040153204865e-01 9.269909357287118290e-01
9.472491920703440815e-01 9.270304650435423621e-01
9.491774405233678324e-01 9.270685941741257929e-01
9.511076493743915172e-01 9.271053209996896749e-01
9.530398186234151359e-01 9.271406433216921039e-01
9.549739482704390214e-01 9.271745588632761548e-01
9.569100383154629519e-01 9.272070652687834924e-01
9.588480887584868162e-01 9.272381601028216735e-01
9.607880995995108364e-01 9.272678408499698266e-01
9.627300708385349015e-01 9.272961049138847001e-01
9.646740024755590115e-01 9.273229496167755270e-01
9.666198945105831664e-01 9.273483721986799377e-01
9.685677469436073661e-01 9.273723698167504192e-01
9.705175597746313887e-01 9.273949395446333677e-01
9.724693330036556782e-01 9.274160783717513290e-01
9.744230666306800126e-01 9.274357832024523463e-01
9.763787606557043919e-01 9.274540508555356721e-01
9.783364150787289271e-01 9.274708780632837657e-01
9.802960298997533961e-01 9.274862614708050401e-01
9.822576051187779100e-01 9.275001976353440813e-01
9.842211407358025799e-01 9.275126830252853338e-01
9.861866367508271836e-01 9.275237140195869978e-01
9.881540931638517211e-01 9.275332869069055075e-01
9.901235099748764146e-01 9.275413978847526497e-01
9.920948871839012639e-01 9.275480430586551250e-01
9.940682247909260472e-01 9.275532184413664005e-01
9.960435227959509863e-01 9.275569199519805297e-01
9.980207811989759703e-01 9.275591434150909365e-01
1.000000000000000666e+00 9.275598845598518327e-01
