0.000000000000000000e+00 0.000000000000000000e+00
2.078119897502626434e-05 0.000000000000000000e+00
4.352279595010249372e-05 0.000000000000000000e+00
6.822479092522875592e-05 3.400470058058713303e-34
9.488718390040502381e-05 0.000000000000000000e+00
1.235099748756312839e-04 0.000000000000000000e+00
1.540931638509075632e-04 0.000000000000000000e+00
1.866367508262337669e-04 0.000000000000000000e+00
2.211407358016100034e-04 0.000000000000000000e+00
2.576051187770363269e-04 0.000000000000000000e+00
2.960298997525126832e-04 0.000000000000000000e+00
3.364150787280388555e-04 0.000000000000000000e+00
3.787606557036150606e-04 0.000000000000000000e+00
4.230666306792412444e-04 0.000000000000000000e+00
4.693330036549174067e-04 0.000000000000000000e+00
5.175597746306437102e-04 0.000000000000000000e+00
5.677469436064200466e-04 0.000000000000000000e+00
6.198945105822462531e-04 0.000000000000000000e+00
6.740024755581224382e-04 0.000000000000000000e+00
7.300708385340486020e-04 0.000000000000000000e+00
7.880995995100251780e-04 0.000000000000000000e+00
8.480887584860512989e-04 0.000000000000000000e+00
9.100383154621275068e-04 0.000000000000000000e+00
9.739482704382536934e-04 0.000000000000000000e+00
1.039818623414429750e-03 0.000000000000000000e+00
1.107649374390655894e-03 0.000000000000000000e+00
1.177440523366932558e-03 0.000000000000000000e+00
1.249192070343258659e-03 0.000000000000000000e+00
1.322904015319634847e-03 0.000000000000000000e+00
1.398576358296060905e-03 0.000000000000000000e+00
1.476209099272537051e-03 0.000000000000000000e+00
1.555802238249063716e-03 0.000000000000000000e+00
1.637355775225640036e-03 0.000000000000000000e+00
1.720869710202266008e-03 0.000000000000000000e+00
1.806344043178942285e-03 0.000000000000000000e+00
1.893778774155669082e-03 0.000000000000000000e+00
1.983173903132445098e-03 0.000000000000000000e+00
2.074529430109271419e-03 0.000000000000000000e+00
2.167845355086147393e-03 0.000000000000000000e+00
2.263121678063073454e-03 0.000000000000000000e+00
2.360358399040050469e-03 0.000000000000000000e+00
2.459555518017076271e-03 0.000000000000000000e+00
2.560713034994152593e-03 0.000000000000000000e+00
2.663830949971278568e-03 0.000000000000000000e+00
2.768909262948454630e-03 0.000000000000000000e+00
2.875947973925680780e-03 0.000000000000000000e+00
2.984947082902957450e-03 0.000000000000000000e+00
3.095906589880283773e-03 0.000000000000000000e+00
3.208826494857659750e-03 0.000000000000000000e+00
3.323706797835085814e-03 0.000000000000000000e+00
3.440547498812561965e-03 0.000000000000000000e+00
3.559348597790088636e-03 0.000000000000000000e+00
3.680110094767664961e-03 0.000000000000000000e+00
3.802831989745290939e-03 0.000000000000000000e+00
3.927514282722965704e-03 4.940656458412465442e-324
4.054156973700691856e-03 4.940656458412465442e-324
4.182760062678468095e-03 4.940656458412465442e-324
4.313323549656295289e-03 4.940656458412465442e-324
4.445847434634171702e-03 1.416082470177695860e-290
4.580331717612097335e-03 9.504618464811621027e-207
4.716776398590073922e-03 2.294142841891790756e-142
4.855181477568099729e-03 2.379773992095404951e-94
4.995546954546175623e-03 7.953486850045177028e-60
5.137872829524301604e-03 3.959508201568073311e-36
5.282159102502477672e-03 8.048782288504890408e-21
5.428405773480703828e-03 1.027816152989724847e-11
5.576612842458980070e-03 6.671609408681250421e-07
5.726780309437305531e-03 9.321502692755120694e-05
5.878908174415681948e-03 7.031569569221775935e-04
6.032996437394107583e-03 1.909914426514782012e-03
6.189045098372585908e-03 3.552465426999394486e-03
6.347054157351111718e-03 5.530919666908582638e-03
6.507023614329687615e-03 7.790318247747195224e-03
6.668953469308313599e-03 1.029682291605225376e-02
6.832843722286989670e-03 1.302730056892494048e-02
6.998694373265715828e-03 1.596477282426492228e-02
7.166505422244492073e-03 1.909586165729973417e-02
7.336276869223317537e-03 2.240963735474556934e-02
7.508008714202193956e-03 2.589682333047769319e-02
7.681700957181119595e-03 2.954931947559752067e-02
7.857353598160098790e-03 3.335988953886530328e-02
8.034966637139125470e-03 3.732194826491041367e-02
8.214540074118200502e-03 4.142941197125799696e-02
8.396073909097327356e-03 4.567659100353375218e-02
8.579568142076502563e-03 5.005811072286009411e-02
8.765022773055727856e-03 5.456885246318247257e-02
8.952437802035004971e-03 5.920390879261133027e-02
9.141813229014330439e-03 6.395854922689316047e-02
9.333149053993705993e-03 6.882819371356907467e-02
9.526445276973131635e-03 7.380839198051547534e-02
9.721701897952607363e-03 7.889480736810225436e-02
9.918918916932136648e-03 8.408320412801009724e-02
1.011809633391171255e-02 8.936943742831329751e-02
1.031923414889133854e-02 9.474944548857504312e-02
1.052233236187101462e-02 1.002192434027972395e-01
1.072739097285074078e-02 1.057749183072496796e-01
1.093440998183051703e-02 1.114126256243875013e-01
1.114338938881034163e-02 1.171285861703093428e-01
1.135432919379021806e-02 1.229190839562917109e-01
1.156722939677014457e-02 1.287804645482971688e-01
1.178208999775011943e-02 1.347091338743855726e-01
1.199891099673014612e-02 1.407015573905295580e-01
1.221769239371022463e-02 1.467542595316222165e-01
1.243843418869035149e-02 1.528638233876626340e-01
1.266113638167052670e-02 1.590268905555007051e-01
1.288579897265075200e-02 1.652401611252836133e-01
1.311242196163102738e-02 1.715003937676073398e-01
1.334100534861135459e-02 1.778044058932976568e-01
1.357154913359173015e-02 1.841490738623831891e-01
1.380405331657215580e-02 1.905313332228956991e-01
1.403851789755263153e-02 1.969481789634103253e-01
1.427494287653315735e-02 2.033966657660184751e-01
1.451332825351373326e-02 2.098739082487932617e-01
1.475367402849436273e-02 2.163770811887304468e-01
1.499598020147503881e-02 2.229034197179466381e-01
1.524024677245576498e-02 2.294502194871982093e-01
1.548647374143653950e-02 2.360148367920996415e-01
1.573466110841736931e-02 2.425946886584703366e-01
1.598480887339824227e-02 2.491872528839906009e-01
1.623691703637917053e-02 2.557900680343442312e-01
1.649098559736014366e-02 2.624007333924186502e-01
1.674701455634117209e-02 2.690169088598540759e-01
1.700500391332224540e-02 2.756363148106891203e-01
1.726495366830337400e-02 2.822567318971719308e-01
1.752686382128455442e-02 2.888760008082763564e-01
1.779073437226577625e-02 2.954920219816286608e-01
1.805656532124705685e-02 3.021027552698621332e-01
1.832435666822837886e-02 3.087062195627035543e-01
1.859410841320975616e-02 3.153004923660151504e-01
1.886582055619118528e-02 3.218837093395223725e-01
1.913949309717265929e-02 3.284540637946872788e-01
1.941512603615418858e-02 3.350098061546066819e-01
1.969271937313575929e-02 3.415492433776550762e-01
1.997227310811738876e-02 3.480707383467966376e-01
2.025378724109906312e-02 3.545727092263778468e-01
2.053726177208079276e-02 3.610536287884251183e-01
2.082269670106256382e-02 3.675120237102584841e-01
2.111009202804439364e-02 3.739464738454988391e-01
2.139944775302626487e-02 3.803556114702102975e-01
2.169076387600819486e-02 3.867381205062274674e-01
2.198404039699017321e-02 3.930927357234383912e-01
2.227927731597219643e-02 3.994182419229486691e-01
2.257647463295427495e-02 4.057134731028459451e-01
2.287563234793639835e-02 4.119773116084377573e-01
2.317675046091857705e-02 4.182086872685079615e-01
2.347982897190080062e-02 4.244065765195287332e-01
2.378486788088307949e-02 4.305700015191609165e-01
2.409186718786539977e-02 4.366980292507971484e-01
2.440082689284778228e-02 4.427897706205848327e-01
2.471174699583020273e-02 4.488443795484339249e-01
2.502462749681268195e-02 4.548610520543612257e-01
2.533946839579521298e-02 4.608390253414890725e-01
2.565626969277778543e-02 4.667775768771029177e-01
2.597503138776041318e-02 4.726760234728643595e-01
2.629575348074308580e-02 4.785337203653934890e-01
2.661843597172581372e-02 4.843500602983317749e-01
2.694307886070858651e-02 4.901244726069804991e-01
2.726968214769141807e-02 4.958564223064013121e-01
2.759824583267428758e-02 5.015454091841303752e-01
2.792876991565721931e-02 5.071909668980576491e-01
2.826125439664019939e-02 5.127926620806977365e-01
2.859569927562322089e-02 5.183500934503094681e-01
2.893210455260630115e-02 5.238628909298524983e-01
2.927047022758941935e-02 5.293307147742148944e-01
2.961079630057259979e-02 5.347532547066060626e-01
2.995308277155582163e-02 5.401302290644833803e-01
3.029732964053910224e-02 5.454613839557065358e-01
3.064353690752242426e-02 5.507464924253246963e-01
3.099170457250580504e-02 5.559853536335448432e-01
3.134183263548922377e-02 5.611777920452134527e-01
3.169392109647270472e-02 5.663236566312009890e-01
3.204796995545623056e-02 5.714228200821516168e-01
3.240397921243980128e-02 5.764751780347179277e-01
3.276194886742343076e-02 5.814806483106761403e-01
3.312187892040710513e-02 5.864391701691132885e-01
3.348376937139083825e-02 5.913507035719136606e-01
3.384762022037460932e-02 5.962152284626111021e-01
3.421343146735843915e-02 6.010327440587973635e-01
3.458120311234230693e-02 6.058032681580259871e-01
3.495093515532624040e-02 6.105268364570830553e-01
3.532262759631021182e-02 6.152035018822984425e-01
3.569628043529424199e-02 6.198320954545047945e-01
3.607189367227831706e-02 6.244151315422759030e-01
3.644946730726244394e-02 6.289515186304068806e-01
3.682900134024662264e-02 6.334413721574005951e-01
3.721049577123083929e-02 6.378848216710556462e-01
3.759395060021512164e-02 6.422820102497809325e-01
3.797936582719944193e-02 6.466330939353179819e-01
3.836674145218382098e-02 6.509382411789372824e-01
3.875607747516824492e-02 6.551976323009294223e-01
3.914737389615272761e-02 6.594114589638320201e-01
3.954063071513724825e-02 6.635799236589093875e-01
3.993584793212182765e-02 6.677032392060917587e-01
4.033302554710645887e-02 6.717816282668926942e-01
4.073216356009112804e-02 6.758153228706568205e-01
4.113326197107585597e-02 6.798045639534932016e-01
4.153632078006062878e-02 6.837496009099665040e-01
4.194133998704546035e-02 6.876506911574900016e-01
4.234831959203032986e-02 6.915080997129745555e-01
4.275725959501525814e-02 6.953220987816778331e-01
4.316815999600023129e-02 6.990929673581768311e-01
4.358102079498526321e-02 7.028209908390712357e-01
4.399584199197033307e-02 7.065064606473594466e-01
4.441262358695546170e-02 7.101496738682007148e-01
4.483136557994064214e-02 7.137509328959584787e-01
4.525206797092586747e-02 7.173105450922145909e-01
4.567473075991114462e-02 7.208288224546264278e-01
4.609935394689646665e-02 7.243060812963294515e-01
4.652593753188184744e-02 7.277426419358329346e-01
4.695448151486726618e-02 7.311388283969436630e-01
4.738498589585275061e-02 7.344949681188618351e-01
4.781745067483826606e-02 7.378113916757731428e-01
4.825187585182384720e-02 7.410884325062437883e-01
4.868826142680946628e-02 7.443264266517490846e-01
4.912660739979515107e-02 7.475257125044315609e-01
4.956691377078088073e-02 7.506866305637012182e-01
5.000918053976664834e-02 7.538095232016324143e-01
5.045340770675248165e-02 7.568947344366832031e-01
5.089959527173835291e-02 7.599426097159444060e-01
5.134774323472428292e-02 7.629534957051780086e-01
5.179785159571025088e-02 7.659277400870675434e-01
5.224992035469628454e-02 7.688656913668082682e-01
5.270394951168235614e-02 7.717676986854571375e-01
5.315993906666848651e-02 7.746341116403754334e-01
5.361788901965465481e-02 7.774652801129159352e-01
5.407779937064088882e-02 7.802615541027855262e-01
5.453967011962716771e-02 7.830232835692250148e-01
5.500350126661349148e-02 7.857508182783453643e-01
5.546929281159986708e-02 7.884440403740875514e-01
5.593704475458628755e-02 7.911042003016224289e-01
5.640675709557277373e-02 7.937312103654317053e-01
5.687842983455929091e-02 7.963254180748894351e-01
5.735206297154587379e-02 7.988871700747913751e-01
5.782765650653248768e-02 8.014168120289053565e-01
5.830521043951917420e-02 8.039146885087181671e-01
5.878472477050590561e-02 8.063811428871908715e-01
5.926619949949267496e-02 8.088165172374873757e-01
5.974963462647950307e-02 8.112211522367249739e-01
6.023503015146637607e-02 8.135953870741448046e-01
6.072238607445330782e-02 8.159395593641236566e-01
6.121170239544027752e-02 8.182540050634096174e-01
6.170297911442730598e-02 8.205390583926793768e-01
6.219621623141437933e-02 8.227950517622367732e-01
6.269141374640151143e-02 8.250223157017935183e-01
6.318857165938866760e-02 8.272211787939650618e-01
6.368768997037589641e-02 8.293919676116305872e-01
6.418876867936318398e-02 8.315350066588546030e-01
6.469180778635051643e-02 8.336506183153559180e-01
6.519680729133789376e-02 8.357391227842938530e-01
6.570376719432530210e-02 8.378008380433572544e-01
6.621268749531278308e-02 8.398360797989732340e-01
6.672356819430030894e-02 8.418451614436061048e-01
6.723640929128789356e-02 8.438283940158565199e-01
6.775121078627552307e-02 8.457859891051922041e-01
6.826797267926318358e-02 8.477184347752663163e-01
6.878669497025091673e-02 8.496259488967614626e-01
6.930737765923869476e-02 8.515088326658631912e-01
6.983002074622653155e-02 8.533673847643518107e-01
7.035462423121441322e-02 8.552019013353442389e-01
7.088118811420231202e-02 8.570126759611829126e-01
7.140971239519029734e-02 8.587999996435442540e-01
7.194019707417832754e-02 8.605641607855647468e-01
7.247264215116641650e-02 8.623054451761260619e-01
7.300704762615452259e-02 8.640241359758544792e-01
7.354341349914270132e-02 8.657205137051514621e-01
7.408173977013092493e-02 8.673948562339038881e-01
7.462202643911922118e-02 8.690474387729091310e-01
7.516427350610754843e-02 8.706785338669897900e-01
7.570848097109590669e-02 8.722884113895861269e-01
7.625464883408433758e-02 8.738773385389415616e-01
7.680277709507281336e-02 8.754455499573541299e-01
7.735286575406134790e-02 8.769933616510312557e-01
7.790491481104989957e-02 8.785210077682613639e-01
7.845892426603853775e-02 8.800287447205737967e-01
7.901489411902722082e-02 8.815168262436895441e-01
7.957282437001594877e-02 8.829855034013746051e-01
8.013271501900470772e-02 8.844350245904707419e-01
8.069456606599353932e-02 8.858656355468036425e-01
8.125837751098241579e-02 8.872775793523144383e-01
8.182414935397135103e-02 8.886710964429156423e-01
8.239188159496033115e-02 8.900464246173839244e-01
8.296157423394934227e-02 8.914037990470717876e-01
8.353322727093842603e-02 8.927434522864792221e-01
8.410684070592755468e-02 8.940656142844879417e-01
8.468241453891674209e-02 8.953704965532075510e-01
8.525994876990593274e-02 8.966583519271466018e-01
8.583944339889522379e-02 8.979293898189388834e-01
8.642089842588455972e-02 8.991838298137347918e-01
8.700431385087394054e-02 9.004218889565027695e-01
8.758968967386336624e-02 9.016437817671362209e-01
8.817702589485282294e-02 9.028497202561261981e-01
8.876632251384235228e-02 9.040399139407679918e-01
8.935757953083194038e-02 9.052145698617661829e-01
8.995079694582157337e-02 9.063738926002729013e-01
9.054597475881122348e-02 9.075180842953892713e-01
9.114311296980096011e-02 9.086473366644636229e-01
9.174221157879074162e-02 9.097618607526779533e-01
9.234327058578056802e-02 9.108618453128157766e-01
9.294628999077042542e-02 9.119474828358944407e-01
9.355126979376035545e-02 9.130189634620229366e-01
9.415820999475034425e-02 9.140764749999173988e-01
9.476711059374037793e-02 9.151202029463990639e-01
9.537797159073045650e-02 9.161503305062519420e-01
9.599079298572055219e-02 9.171670386122331431e-01
9.660557477871074827e-02 9.181705059452254236e-01
9.722231696970097536e-02 9.191609089546377565e-01
9.784101955869126122e-02 9.201384155669658504e-01
9.846168254568156419e-02 9.211032085520762802e-01
9.908430593067193981e-02 9.220554529849874781e-01
9.970888971366237419e-02 9.229953165382244196e-01
1.003354338946528534e-01 9.239229647552398283e-01
1.009639384736433915e-01 9.248385610715106342e-01
1.015944034506339466e-01 9.257422668354118311e-01
1.022268288256245744e-01 9.266342413294426095e-01
1.028612145986152610e-01 9.275146417911883656e-01
1.034975607696059924e-01 9.283836195326702345e-01
1.041358673385967409e-01 9.292413342212045846e-01
1.047761343055875760e-01 9.300879342224281920e-01
1.054183616705784560e-01 9.309235687540213799e-01
1.060625494335693947e-01 9.317483850933114820e-01
1.067086975945603783e-01 9.325625285984032731e-01
1.073568061535513790e-01 9.333661427290504964e-01
1.080068751105424663e-01 9.341593690677179040e-01
1.086589044655335984e-01 9.349423473403487561e-01
1.093128942185247754e-01 9.357152124633147938e-01
1.099688443695159834e-01 9.364781053596624716e-01
1.106267549185072641e-01 9.372311581672226888e-01
1.112866258654986035e-01 9.379745033462582038e-01
1.119484572104899878e-01 9.387082716029666596e-01
1.126122489534813753e-01 9.394325919099180133e-01
1.132780010944728633e-01 9.401475915262689220e-01
1.139457136334643961e-01 9.408533960178990796e-01
1.146153865704559877e-01 9.415501292775496633e-01
1.152870199054476102e-01 9.422379108144353088e-01
1.159606136384392638e-01 9.429168656790802849e-01
1.166361677694310039e-01 9.435871108955120601e-01
1.173136822984227889e-01 9.442487638183342247e-01
1.179931572254146188e-01 9.449019402265397272e-01
1.186745925504064658e-01 9.455467543428511812e-01
1.193579882733983993e-01 9.461833188527957184e-01
1.200433443943903777e-01 9.468117449237225536e-01
1.207306609133824149e-01 9.474321402274988868e-01
1.214199378303744969e-01 9.480446161413211836e-01
1.221111751453665961e-01 9.486492779846651402e-01
1.228043728583587818e-01 9.492462309996351211e-01
1.234995309693510124e-01 9.498355790021317802e-01
1.241966494783433017e-01 9.504174243999513605e-01
1.248957283853355943e-01 9.509918682106519583e-01
1.255967676903279873e-01 9.515590100793452910e-01
1.262997673933204390e-01 9.521189482962625350e-01
1.270047274943129079e-01 9.526717775428562573e-01
1.277116479933054216e-01 9.532175971391132485e-01
1.284205288902980080e-01 9.537564997797655098e-01
1.291313701852906393e-01 9.542885784717769493e-01
1.298441718782833154e-01 9.548139249520399829e-01
1.305589339692760642e-01 9.553326297041156989e-01
1.312756564582688024e-01 9.558447819744776419e-01
1.319943393452616409e-01 9.563504697888799422e-01
1.327149826302545244e-01 9.568497780421517662e-01
1.334375863132474527e-01 9.573427954754171187e-01
1.341621503942403981e-01 9.578296051714477732e-01
1.348886748732334440e-01 9.583102903992645194e-01
1.356171597502265069e-01 9.587849332853550788e-01
1.363476050252196425e-01 9.592536148289981801e-01
1.370800106982128508e-01 9.597164149172040526e-01
1.378143767692060206e-01 9.601734123397993592e-01
1.385507032381993187e-01 9.606246831027076549e-01
1.392889901051926616e-01 9.610703065845378479e-01
1.400292373701860493e-01 9.615103571586171016e-01
1.407714450331794265e-01 9.619449093415559648e-01
1.415156130941729040e-01 9.623740366243155320e-01
1.422617415531664542e-01 9.627978114860999970e-01
1.430098304101600493e-01 9.632163054081371856e-01
1.437598796651536337e-01 9.636295888872562498e-01
1.445118893181473185e-01 9.640377299221035701e-01
1.452658593691410482e-01 9.644407995374811859e-01
1.460217898181348506e-01 9.648388642699142759e-01
1.467796806651286701e-01 9.652319907843815994e-01
1.475395319101225067e-01 9.656202448266389959e-01
1.483013435531164437e-01 9.660036912359066807e-01
1.490651155941104256e-01 9.663823939572535604e-01
1.498308480331044801e-01 9.667564160540418339e-01
1.505985408700985240e-01 9.671258183376254536e-01
1.513681941050926405e-01 9.674906643680865059e-01
1.521398077380868297e-01 9.678510136519173912e-01
1.529133817690810637e-01 9.682069258212860907e-01
1.536889161980753704e-01 9.685584596856533501e-01
1.544664110250696387e-01 9.689056732432103081e-01
1.552458662500640352e-01 9.692486236921284970e-01
1.560272818730584765e-01 9.695873674417058163e-01
1.568106578940529627e-01 9.699219588748009269e-01
1.575959943130474383e-01 9.702524548649992253e-01
1.583832911300420421e-01 9.705789086315318448e-01
1.591725483450366629e-01 9.709013735148702695e-01
1.599637659580313565e-01 9.712199021199086069e-01
1.607569439690260948e-01 9.715345463262350378e-01
1.615520823780208504e-01 9.718453572983399846e-01
1.623491811850156785e-01 9.721523854955984589e-01
1.631482403900105516e-01 9.724556795686908339e-01
1.639492599930054972e-01 9.727552903874900903e-01
1.647522399940004323e-01 9.730512655628906771e-01
1.655571803929954677e-01 9.733436528119624453e-01
1.663640811899905481e-01 9.736324991945639606e-01
1.671729423849857010e-01 9.739178511227031265e-01
1.679837639779808434e-01 9.741997543696043760e-01
1.687965459689760583e-01 9.744782540787408909e-01
1.696112883579713460e-01 9.747533937949025562e-01
1.704279911449667062e-01 9.750252189994090823e-01
1.712466543299620836e-01 9.752937723052248487e-01
1.720672779129574781e-01 9.755590964068456827e-01
1.728898618939529452e-01 9.758212334120560660e-01
1.737144062729484850e-01 9.760802248502064016e-01
1.745409110499440697e-01 9.763361116803586093e-01
1.753693762249396715e-01 9.765889342994457101e-01
1.761998017979353459e-01 9.768387317141353776e-01
1.770321877689310930e-01 9.770855445593709110e-01
1.778665341379268849e-01 9.773294110023160730e-01
1.787028409049227218e-01 9.775703692539593481e-01
1.795411080699185480e-01 9.778084570016204458e-01
1.803813356329145023e-01 9.780437114164427514e-01
1.812235235939104738e-01 9.782761691606354226e-01
1.820676719529065180e-01 9.785058663946846202e-01
1.829137807099025514e-01 9.787328380899440461e-01
1.837618498648986853e-01 9.789571205309983704e-01
1.846118794178948919e-01 9.791787479290974261e-01
1.854638693688911155e-01 9.793977544942756852e-01
1.863178197178873563e-01 9.796141739693305928e-01
1.871737304648836975e-01 9.798280396364773548e-01
1.880316016098800835e-01 9.800393843238583980e-01
1.888914331528765145e-01 9.802482404120124171e-01
1.897532250938729903e-01 9.804546398402337326e-01
1.906169774328694833e-01 9.806586133236654401e-01
1.914826901698660766e-01 9.808601932190416095e-01
1.923503633048627148e-01 9.810594096121724172e-01
1.932199968378593979e-01 9.812562927266408330e-01
1.940915907688560982e-01 9.814508723751167452e-01
1.949651450978528711e-01 9.816431779651529910e-01
1.958406598248497166e-01 9.818332385050325684e-01
1.967181349498466070e-01 9.820210826092965473e-01
1.975975704728435423e-01 9.822067378928389658e-01
1.984789663938404669e-01 9.823902331829102996e-01
1.993623227128375197e-01 9.825715955131538726e-01
2.002476394298345896e-01 9.827508519675908216e-01
2.011349165448317322e-01 9.829280292636343175e-01
2.020241540578288642e-01 9.831031537572967327e-01
2.029153519688260965e-01 9.832762514482767946e-01
2.038085102778234015e-01 9.834473479851069122e-01
2.047036289848207236e-01 9.836164686700524795e-01
2.056007080898180628e-01 9.837836378262424519e-01
2.064997475928155024e-01 9.839488811166631210e-01
2.074007474938129869e-01 9.841122223747206244e-01
2.083037077928105441e-01 9.842736855563207765e-01
2.092086284898081183e-01 9.844332942948632592e-01
2.101155095848057097e-01 9.845910719059066674e-01
2.110243510778034015e-01 9.847470413915802023e-01
2.119351529688011382e-01 9.849012254450185688e-01
2.128479152577989197e-01 9.850536464547969828e-01
2.137626379447967184e-01 9.852043258779241697e-01
2.146793210297945897e-01 9.853532865433071164e-01
2.155979645127925337e-01 9.855005494917368214e-01
2.165185683937905226e-01 9.856461359272352674e-01
2.174411326727885563e-01 9.857900667700655317e-01
2.183656573497865794e-01 9.859323626608065272e-01
2.192921424247847306e-01 9.860730439642045875e-01
2.202205878977829268e-01 9.862121307731916975e-01
2.211509937687811678e-01 9.863496429126160647e-01
2.220833600377793982e-01 9.864855993495702524e-01
2.230176867047777289e-01 9.866200203635943078e-01
2.239539737697761046e-01 9.867529245631576629e-01
2.248922212327745529e-01 9.868843307306284229e-01
2.258324290937730461e-01 9.870142573985904999e-01
2.267745973527715286e-01 9.871427228534409570e-01
2.277187260097701116e-01 9.872697451388123824e-01
2.286648150647687394e-01 9.873953420589824947e-01
2.296128645177674399e-01 9.875195311822827504e-01
2.305628743687661297e-01 9.876423293153107075e-01
2.315148446177649200e-01 9.877637544387637414e-01
2.324687752647637551e-01 9.878838230447577473e-01
2.334246663097626351e-01 9.880025517837156546e-01
2.343825177527615322e-01 9.881199570861426418e-01
2.353423295937605020e-01 9.882360551657111136e-01
2.363041018327595444e-01 9.883508620223151464e-01
2.372678344697586317e-01 9.884643934450600966e-01
2.382335275047577638e-01 9.885766650151888157e-01
2.392011809377569131e-01 9.886876916630908951e-01
2.401707947687561351e-01 9.887974892984822128e-01
2.411423689977554297e-01 9.889060725706735333e-01
2.421159036247547691e-01 9.890134562523553718e-01
2.430913986497540979e-01 9.891196549224606782e-01
2.440688540727535549e-01 9.892246829688741139e-01
2.450482698937530290e-01 9.893285545910737167e-01
2.460296461127525758e-01 9.894312838028063162e-01
2.470129827297521674e-01 9.895328844346328312e-01
2.479982797447517484e-01 9.896333701364919966e-01
2.489855371577514298e-01 9.897327538998085261e-01
2.499747549687511561e-01 9.898310498243129141e-01
2.509659331777509550e-01 9.899282706752514649e-01
2.519590717847506878e-01 9.900244293997402245e-01
2.529541707897505765e-01 9.901195387764279987e-01
2.539512301927505100e-01 9.902136114178683446e-01
2.549502499937504885e-01 9.903066597728316101e-01
2.559512301927505673e-01 9.903986961285223822e-01
2.569541707897506355e-01 9.904897326128843105e-01
2.579590717847507486e-01 9.905797808383414171e-01
2.589659331777509621e-01 9.906688532146061821e-01
2.599747549687512205e-01 9.907569611420283806e-01
2.609855371577514682e-01 9.908441161286243304e-01
2.619982797447518164e-01 9.909303295338329765e-01
2.630129827297520984e-01 9.910156125705551489e-01
2.640296461127525363e-01 9.910999763071306479e-01
2.650482698937530190e-01 9.911834316693521885e-01
2.660688540727535467e-01 9.912659894424558082e-01
2.670913986497541748e-01 9.913476602730280085e-01
2.681159036247547922e-01 9.914284543331697286e-01
2.691423689977554545e-01 9.915083825606947343e-01
2.701707947687562172e-01 9.915874549479990474e-01
2.712011809377570248e-01 9.916656816020478216e-01
2.722335275047577108e-01 9.917430725003659742e-01
2.732678344697586081e-01 9.918196374928455183e-01
2.743041018327595504e-01 9.918953863035425700e-01
2.753423295937605375e-01 9.919703285322915010e-01
2.763825177527615695e-01 9.920444736565151578e-01
2.774246663097627019e-01 9.921178310328778727e-01
2.784687752647638237e-01 9.921904098988512111e-01
2.795148446177649904e-01 9.922622189813556925e-01
2.805628743687662574e-01 9.923332679517393728e-01
2.816128645177674028e-01 9.924035654013433350e-01
2.826648150647687596e-01 9.924731201038204942e-01
2.837187260097701613e-01 9.925419407215571033e-01
2.847745973527716079e-01 9.926100358072030838e-01
2.858324290937730994e-01 9.926774138051859264e-01
2.868922212327746357e-01 9.927440830531375493e-01
2.879539737697762170e-01 9.928100517833964300e-01
2.890176867047778431e-01 9.928753281243980489e-01
2.900833600377795141e-01 9.929399197834717361e-01
2.911509937687811744e-01 9.930038352246652877e-01
2.922205878977829352e-01 9.930670820325689929e-01
2.932921424247847964e-01 9.931296679310169795e-01
2.943656573497866469e-01 9.931916005468045539e-01
2.954411326727885978e-01 9.932528874109296524e-01
2.965185683937905936e-01 9.933135359599565284e-01
2.975979645127926343e-01 9.933735535372300030e-01
2.986793210297947199e-01 9.934329473942269395e-01
2.997626379447967393e-01 9.934917246916431521e-01
3.008479152577989146e-01 9.935498925007538729e-01
3.019351529688011904e-01 9.936074574907973744e-01
3.030243510778034555e-01 9.936644270930391487e-01
3.041155095848058210e-01 9.937208078778175802e-01
3.052086284898081758e-01 9.937766065678428351e-01
3.063037077928106311e-01 9.938318298021842079e-01
3.074007474938131312e-01 9.938864841374099868e-01
3.084997475928156763e-01 9.939405760486551555e-01
3.096007080898180996e-01 9.939941119307198480e-01
3.107036289848207899e-01 9.940470980991596983e-01
3.118085102778234696e-01 9.940995407913126858e-01
3.129153519688261942e-01 9.941514461673790493e-01
3.140241540578289636e-01 9.942028200284175332e-01
3.151349165448318335e-01 9.942536688679104451e-01
3.162476394298346927e-01 9.943039984036207146e-01
3.173623227128376523e-01 9.943538144951253877e-01
3.184789663938406568e-01 9.944031229298213592e-01
3.195975704728435396e-01 9.944519294238916007e-01
3.207181349498466338e-01 9.945002396232697217e-01
3.218406598248497730e-01 9.945480591045412488e-01
3.229651450978529570e-01 9.945953933758923116e-01
3.240915907688562414e-01 9.946422478779788356e-01
3.252199968378595152e-01 9.946886279848370371e-01
3.263503633048628338e-01 9.947345390047839242e-01
3.274826901698662529e-01 9.947799858803672013e-01
3.286169774328696613e-01 9.948249743122690170e-01
3.297532250938730591e-01 9.948695091817894021e-01
3.308914331528765573e-01 9.949135955410107757e-01
3.320316016098801559e-01 9.949572383804531350e-01
3.331737304648837994e-01 9.950004426299774440e-01
3.343178197178874878e-01 9.950432131594527663e-01
3.354638693688912210e-01 9.950855547796620959e-01
3.366118794178950546e-01 9.951274722429848119e-01
3.377618498648988776e-01 9.951689702442440000e-01
3.389137807099027455e-01 9.952100534213982330e-01
3.400676719529066028e-01 9.952507263562723194e-01
3.412235235939105604e-01 9.952909932865473541e-01
3.423813356329146185e-01 9.953308591876992573e-01
3.435411080699187214e-01 9.953703282499521965e-01
3.447028409049228137e-01 9.954094048364405811e-01
3.458665341379270064e-01 9.954480932577693952e-01
3.470321877689312440e-01 9.954863977726389201e-01
3.481998017979355819e-01 9.955243225886168945e-01
3.493693762249399093e-01 9.955618718626955133e-01
3.505409110499441705e-01 9.955990497020617003e-01
3.517144062729485876e-01 9.956358601646245754e-01
3.528898618939531051e-01 9.956723072597447599e-01
3.540672779129576120e-01 9.957083949488131358e-01
3.552466543299622193e-01 9.957441268948989954e-01
3.564279911449668714e-01 9.957795074038825467e-01
3.576112883579715684e-01 9.958145400986778695e-01
3.587965459689763104e-01 9.958492287536895304e-01
3.599837639779809306e-01 9.958835770983838209e-01
3.611729423849858178e-01 9.959175888177942415e-01
3.623640811899906944e-01 9.959512675532823378e-01
3.635571803929956158e-01 9.959846169028886420e-01
3.647522399940006377e-01 9.960176404219858171e-01
3.659492599930056489e-01 9.960503416238770669e-01
3.671482403900107605e-01 9.960827239801762767e-01
3.683491811850159170e-01 9.961147909215501972e-01
3.695520823780210629e-01 9.961465458380576177e-01
3.707569439690261981e-01 9.961779918329256578e-01
3.719637659580314892e-01 9.962091326513015099e-01
3.731725483450368253e-01 9.962399713674678914e-01
3.743832911300422062e-01 9.962705112134074836e-01
3.755959943130476320e-01 9.963007553830787177e-01
3.768106578940531581e-01 9.963307070329109338e-01
3.780272818730586737e-01 9.963603692823038704e-01
3.792458662500642896e-01 9.963897452140149102e-01
3.804664110250698950e-01 9.964188378747583785e-01
3.816889161980754896e-01 9.964476502755267306e-01
3.829133817690812402e-01 9.964761853921547674e-01
3.841398077380869802e-01 9.965044461656794583e-01
3.853681941050928206e-01 9.965324355028202241e-01
3.865985408700987613e-01 9.965601560599978148e-01
3.878308480331046915e-01 9.965876110586011638e-01
3.890651155941106665e-01 9.966148031313896150e-01
3.903013435531166864e-01 9.966417350511378448e-01
3.915395319101228067e-01 9.966684095584231740e-01
3.927796806651288053e-01 9.966948293620210286e-01
3.940217898181350153e-01 9.967209971392730905e-01
3.952658593691412148e-01 9.967469155365366040e-01
3.965118893181475146e-01 9.967725871694833595e-01
3.977598796651538593e-01 9.967980146235962957e-01
3.990098304101602489e-01 9.968232004544935743e-01
4.002617415531666833e-01 9.968481471882263412e-01
4.015156130941732182e-01 9.968728573218018640e-01
4.027714450331797424e-01 9.968973333234375511e-01
4.040292373701862005e-01 9.969215774247809358e-01
4.052889901051928145e-01 9.969455924075592002e-01
4.065507032381995289e-01 9.969693804870944920e-01
4.078143767692062882e-01 9.969929440193635584e-01
4.090800106982130369e-01 9.970162853333046638e-01
4.103476050252198859e-01 9.970394067311501018e-01
4.116171597502267798e-01 9.970623104888601818e-01
4.128886748732337186e-01 9.970849988562736632e-01
4.141621503942407023e-01 9.971074740575803785e-01
4.154375863132476199e-01 9.971297382915822460e-01
4.167149826302546933e-01 9.971517937320012459e-01
4.179943393452618672e-01 9.971736425277942795e-01
4.192756564582690304e-01 9.971952868034811290e-01
4.205589339692762940e-01 9.972167286594076918e-01
4.218441718782836025e-01 9.972379699966724687e-01
4.231313701852909004e-01 9.972590131803911184e-01
4.244205288902982987e-01 9.972798600978295402e-01
4.257116479933056308e-01 9.973005127550548243e-01
4.270047274943131188e-01 9.973209731353841478e-01
4.282997673933206517e-01 9.973412431997253913e-01
4.295967676903282295e-01 9.973613248868428149e-01
4.308957283853359077e-01 9.973812201135868749e-01
4.321966494783435753e-01 9.974009307752179643e-01
4.334995309693513432e-01 9.974204587456350080e-01
4.348043728583591006e-01 9.974398058775986176e-01
4.361111751453669583e-01 9.974589740031067908e-01
4.374199378303746943e-01 9.974779649334896137e-01
4.387306609133826418e-01 9.974967804598272592e-01
4.400433443943906342e-01 9.975154223530602327e-01
4.413579882733986715e-01 9.975338923642965705e-01
4.426745925504067536e-01 9.975521920347842908e-01
4.439931572254149361e-01 9.975703234192222491e-01
4.453136822984231080e-01 9.975882880532204178e-01
4.466361677694313248e-01 9.976060876103877151e-01
4.479606136384396420e-01 9.976237237456632156e-01
4.492870199054478375e-01 9.976411980955245395e-01
4.506153865704562445e-01 9.976585122782372084e-01
4.519457136334646408e-01 9.976756678940497114e-01
4.532780010944731375e-01 9.976926665254494120e-01
4.546122489534816791e-01 9.977095097373174237e-01
4.559484572104903211e-01 9.977261990771580935e-01
4.572866258654989524e-01 9.977427360753631236e-01
4.586267549185076287e-01 9.977591222453167097e-01
4.599688443695163498e-01 9.977753590837130648e-01
4.613128942185250048e-01 9.977914480706514544e-01
4.626589044655338712e-01 9.978073906698946560e-01
4.640068751105427269e-01 9.978231881542296566e-01
4.653568061535516831e-01 9.978388422717147099e-01
4.667086975945606842e-01 9.978543542924146470e-01
4.680625494335697301e-01 9.978697256161970230e-01
4.694183616705788209e-01 9.978849576275385935e-01
4.707761343055879566e-01 9.979000516957017286e-01
4.721358673385971372e-01 9.979150091749184881e-01
4.734975607696062516e-01 9.979298314045541574e-01
4.748612145986155220e-01 9.979445197092726705e-01
4.762268288256248927e-01 9.979590753992756413e-01
4.775944034506342528e-01 9.979734997703481048e-01
4.789639384736437133e-01 9.979877941041750411e-01
4.803354338946532187e-01 9.980019596683954441e-01
4.817088897136627690e-01 9.980159977168345797e-01
4.830843059306723641e-01 9.980299094896153411e-01
4.844616825456818376e-01 9.980436962133593104e-01
4.858410195586915226e-01 9.980573591013389700e-01
4.872223169697012524e-01 9.980708991918648687e-01
4.886055747787110826e-01 9.980843179663864140e-01
4.899907929857209021e-01 9.980976164628475589e-01
4.913779715907308221e-01 9.981107958423206528e-01
4.927671105937407314e-01 9.981238572532762365e-01
4.941582099947507412e-01 9.981368018317415824e-01
4.955512697937607958e-01 9.981496307014414704e-01
4.969462899907707287e-01 9.981623449739284171e-01
4.983432705857808731e-01 9.981749457487339994e-01
4.997422115787910624e-01 9.981874341135443807e-01
5.011431129698012965e-01 9.981998111442733634e-01
5.025459747588115755e-01 9.982120779052253701e-01
5.039507969458218994e-01 9.982242354492477654e-01
5.053575795308323793e-01 9.982362848178552017e-01
5.067663225138427929e-01 9.982482270413494119e-01
5.081770258948532515e-01 9.982600631389444423e-01
5.095896896738636439e-01 9.982717941188999911e-01
5.110043138508743032e-01 9.982834209786674018e-01
5.124208984258848965e-01 9.982949445585114212e-01
5.138394433988955345e-01 9.983063661026466695e-01
5.152599487699063285e-01 9.983176864524107019e-01
5.166824145389171674e-01 9.983289065629420422e-01
5.181068407059279401e-01 9.983400273791365187e-01
5.195332272709388688e-01 9.983510498358418861e-01
5.209615742339498423e-01 9.983619748578506092e-01
5.223918815949606387e-01 9.983728033601239060e-01
5.238241493539717020e-01 9.983835362478715725e-01
5.252583775109828101e-01 9.983941744166150434e-01
5.266945660659939632e-01 9.984047187523690248e-01
5.281327150190051611e-01 9.984151701317052208e-01
5.295728243700164040e-01 9.984255294218863375e-01
5.310148941190276917e-01 9.984357974808988345e-01
5.324589242660390243e-01 9.984459751577136055e-01
5.339049148110504017e-01 9.984560632921976042e-01
5.353528657540617131e-01 9.984660627153469914e-01
5.368027770950731803e-01 9.984759742493615198e-01
5.382546488340846924e-01 9.984857987076897201e-01
5.397084809710962494e-01 9.984955368952206367e-01
5.411642735061079623e-01 9.985051894619393353e-01
5.426220264391196091e-01 9.985147574658335135e-01
5.440817397701314118e-01 9.985242415604643762e-01
5.455434134991431483e-01 9.985336425170244778e-01
5.470070476261550407e-01 9.985429610985445681e-01
5.484726421511667560e-01 9.985521980600124969e-01
5.499401970741787382e-01 9.985613541484736899e-01
5.514097123951906543e-01 9.985704301030716712e-01
5.528811881142027262e-01 9.985794266552391329e-01
5.543546242312148431e-01 9.985883445286056759e-01
5.558300207462270048e-01 9.985971844392569352e-01
5.573073776592392115e-01 9.986059470957071582e-01
5.587866949702514630e-01 9.986146331990971570e-01
5.602679726792635373e-01 9.986232434431118188e-01
5.617512107862758786e-01 9.986317785142359016e-01
5.632364092912882647e-01 9.986402390916926386e-01
5.647235681943006957e-01 9.986486258476157118e-01
5.662126874953131717e-01 9.986569394470869998e-01
5.677037671943258035e-01 9.986651805482207322e-01
5.691968072913383692e-01 9.986733498022324351e-01
5.706918077863509797e-01 9.986814478535362971e-01
5.721887686793637462e-01 9.986894752079548132e-01
5.736876899703762245e-01 9.986974327412146968e-01
5.751885716593890807e-01 9.987053209630649686e-01
5.766914137464018708e-01 9.987131404912455990e-01
5.781962162314148168e-01 9.987208919370583748e-01
5.797029791144278077e-01 9.987285759054210788e-01
5.812117023954407324e-01 9.987361929949533090e-01
5.827223860744538131e-01 9.987437437979796995e-01
5.842350301514669386e-01 9.987512289007215438e-01
5.857496346264799980e-01 9.987586488832377318e-01
5.872661994994931023e-01 9.987660043195448756e-01
5.887847247705062514e-01 9.987732957777240017e-01
5.903052104395195565e-01 9.987805238198671498e-01
5.918276565065329065e-01 9.987876890022865384e-01
5.933520629715463013e-01 9.987947918754571663e-01
5.948784298345597410e-01 9.988018329841193976e-01
5.964067570955732256e-01 9.988088128674047494e-01
5.979370447545868661e-01 9.988157320587877086e-01
5.994692928116004405e-01 9.988225910861965318e-01
6.010035012666138377e-01 9.988293904721035066e-01
6.025396701196276128e-01 9.988361307335081873e-01
6.040777993706413218e-01 9.988428123820647375e-01
6.056178890196550757e-01 9.988494359241162357e-01
6.071599390666689855e-01 9.988560018607284263e-01
6.087039495116828292e-01 9.988625105548990524e-01
6.102499203546968287e-01 9.988689627462442600e-01
6.117978515957107621e-01 9.988753588029415376e-01
6.133477432347248515e-01 9.988816992054767585e-01
6.148995952717387636e-01 9.988879844293877541e-01
6.164534077067529427e-01 9.988942149452081365e-01
6.180091805397671667e-01 9.989003912186099621e-01
6.195669137707813245e-01 9.989065137104552461e-01
6.211266073997956383e-01 9.989125828767699833e-01
6.226882614268099969e-01 9.989185991688994681e-01
6.242518758518244004e-01 9.989245630334417925e-01
6.258174506748388488e-01 9.989304749124380267e-01
6.273849858958533421e-01 9.989363352432388821e-01
6.289544815148676582e-01 9.989421444587218701e-01
6.305259375318823523e-01 9.989479029872461169e-01
6.320993539468969802e-01 9.989536112527149792e-01
6.336747307599116530e-01 9.989592696746402156e-01
6.352520679709263707e-01 9.989648786681337711e-01
6.368313655799411332e-01 9.989704386440464434e-01
6.384126235869560517e-01 9.989759500089134825e-01
6.399958419919709041e-01 9.989814131650460727e-01
6.415810207949856903e-01 9.989868285105700796e-01
6.431681599960007434e-01 9.989921964394720133e-01
6.447572595950157304e-01 9.989975173416539844e-01
6.463483195920308733e-01 9.990027916028766386e-01
6.479413399870459500e-01 9.990080196049960781e-01
6.495363207800611827e-01 9.990132016060229159e-01
6.511332619710764602e-01 9.990183382057722383e-01
6.527321635600916716e-01 9.990234296670256198e-01
6.543330255471070389e-01 9.990284763558768821e-01
6.559358479321222291e-01 9.990334786345150819e-01
6.575406307151376861e-01 9.990384368613691723e-01
6.591473738961531881e-01 9.990433513911177732e-01
6.607560774751687349e-01 9.990482225747387979e-01
6.623667414521843266e-01 9.990530507594984622e-01
6.639793658271999632e-01 9.990578362890526476e-01
6.655939506002157557e-01 9.990625795034344669e-01
6.672104957712314821e-01 9.990672807391045573e-01
6.688290013402472534e-01 9.990719403289789469e-01
6.704494673072629585e-01 9.990765586024896727e-01
6.720718936722788195e-01 9.990811358855939961e-01
6.736962804352947254e-01 9.990856725007732919e-01
6.753226275963107872e-01 9.990901687671773779e-01
6.769509351553267829e-01 9.990946250005001694e-01
6.785812031123429344e-01 9.990990415131691949e-01
6.802134314673590199e-01 9.991034186142611073e-01
6.818476202203752612e-01 9.991077566095776241e-01
6.834837693713914364e-01 9.991120558016850506e-01
6.851218789204075454e-01 9.991163164899358184e-01
6.867619488674239214e-01 9.991205389704764794e-01
6.884039792124403423e-01 9.991247235363225343e-01
6.900479699554568080e-01 9.991288704773375606e-01
6.916939210964733187e-01 9.991329800802943861e-01
6.933418326354898742e-01 9.991370526289119480e-01
6.949917045725064746e-01 9.991410884038324225e-01
6.966435369075231199e-01 9.991450876827134842e-01
6.982973296405398100e-01 9.991490507402104315e-01
6.999530827715563230e-01 9.991529777302683435e-01
7.016107963005731030e-01 9.991568691460200879e-01
7.032704702275899278e-01 9.991607251460360439e-01
7.049321045526069085e-01 9.991645459932642082e-01
7.065956992756238231e-01 9.991683319478290581e-01
7.082612543966407825e-01 9.991720832669569452e-01
7.099287699156578979e-01 9.991758002051115417e-01
7.115982458326749471e-01 9.991794830139851813e-01
7.132696821476921523e-01 9.991831319424815394e-01
7.149430788607090692e-01 9.991867472367643721e-01
7.166184359717263641e-01 9.991903291403525511e-01
7.182957534807437039e-01 9.991938778940067101e-01
7.199750313877609775e-01 9.991973937358605840e-01
7.216562696927784071e-01 9.992008769014051328e-01
7.233394683957958815e-01 9.992043276234929827e-01
7.250246274968132898e-01 9.992077461324164744e-01
7.267117469958308540e-01 9.992111326558701379e-01
7.284008268928482410e-01 9.992144874189923254e-01
7.300918671878658950e-01 9.992178106444052910e-01
7.317848678808835938e-01 9.992211025521883228e-01
7.334798289719013376e-01 9.992243633599794395e-01
7.351767504609192372e-01 9.992275932829188800e-01
7.368756323479370707e-01 9.992307925336765262e-01
7.385764746329549491e-01 9.992339613225404982e-01
7.402792773159728723e-01 9.992370998573426588e-01
7.419840403969908404e-01 9.992402083435260041e-01
7.436907638760087425e-01 9.992432869842028387e-01
7.453994477530268004e-01 9.992463359800874967e-01
7.471100920280450142e-01 9.992493555295519636e-01
7.488226967010631618e-01 9.992523458287075888e-01
7.505372617720814654e-01 9.992553070712867358e-01
7.522537872410997029e-01 9.992582394487850017e-01
7.539722731081180962e-01 9.992611431504246911e-01
7.556927193731364234e-01 9.992640183631871231e-01
7.574151260361549065e-01 9.992668652718087463e-01
7.591394930971732125e-01 9.992696840587710350e-01
7.608658205561917853e-01 9.992724749044246124e-01
7.625941084132104031e-01 9.992752379869155321e-01
7.643243566682289547e-01 9.992779733679061360e-01
7.660565653212476622e-01 9.992806814413923711e-01
7.677907343722664146e-01 9.992833622727934628e-01
7.695268638212852119e-01 9.992860160316324736e-01
7.712649536683040541e-01 9.992886428853373637e-01
7.730050039133229411e-01 9.992912429992474310e-01
7.747470145563417621e-01 9.992938165365992109e-01
7.764909855973607389e-01 9.992963636585935339e-01
7.782369170363797606e-01 9.992988845243558904e-01
7.799848088733989382e-01 9.993013792909735127e-01
7.817346611084180497e-01 9.993038481135111395e-01
7.834864737414372060e-01 9.993062911450136809e-01
7.852402467724565183e-01 9.993087085365298661e-01
7.869959802014757644e-01 9.993111004371322270e-01
7.887536740284951664e-01 9.993134669938650294e-01
7.905133282535142802e-01 9.993158083518848267e-01
7.922749428765337720e-01 9.993181246543220153e-01
7.940385178975533087e-01 9.993204160423886373e-01
7.958040533165727792e-01 9.993226826554100217e-01
7.975715491335924057e-01 9.993249246307246425e-01
7.993410053486120770e-01 9.993271421037812630e-01
8.011124219616317932e-01 9.993293352081671355e-01
8.028857989726515543e-01 9.993315040755285095e-01
8.046611363816711382e-01 9.993336488356650005e-01
8.064384341886909890e-01 9.993357696164948401e-01
8.082176923937108848e-01 9.993378665440817432e-01
8.099989109967308254e-01 9.993399397426399045e-01
8.117820899977508109e-01 9.993419893345283356e-01
8.135672293967708413e-01 9.993440154403079312e-01
8.153543291937909165e-01 9.993460181786576468e-01
8.171433893888111477e-01 9.993479976665144981e-01
8.189344099818313127e-01 9.993499540189372254e-01
8.207273909728513006e-01 9.993518873492647225e-01
8.225223323618716664e-01 9.993537977689650464e-01
8.243192341488919661e-01 9.993556853877694213e-01
8.261180963339124217e-01 9.993575503136240545e-01
8.279189189169328111e-01 9.993593926526868065e-01
8.297217018979533565e-01 9.993612125093950249e-01
8.315264452769738357e-01 9.993630099864079241e-01
8.333331490539944708e-01 9.993647851846035879e-01
8.351418132290151508e-01 9.993665382031569067e-01
8.369524378020356536e-01 9.993682691395061601e-01
8.387650227730564234e-01 9.993699780893514628e-01
8.405795681420771270e-01 9.993716651466532097e-01
8.423960739090979866e-01 9.993733304036621634e-01
8.442145400741188910e-01 9.993749739509264485e-01
8.460349666371398403e-01 9.993765958772625746e-01
8.478573535981608345e-01 9.993781962697873000e-01
8.496817009571818735e-01 9.993797752139281787e-01
8.515080087142030685e-01 9.993813327933972479e-01
8.533362768692239753e-01 9.993828690902287759e-01
8.551665054222451490e-01 9.993843841847555032e-01
8.569986943732663676e-01 9.993858781556421711e-01
8.588328437222877421e-01 9.993873510798474413e-01
8.606689534693090504e-01 9.993888030326613103e-01
8.625070236143304037e-01 9.993902339758531372e-01
8.643470541573519128e-01 9.993916442003454303e-01
8.661890450983733558e-01 9.993930336691871918e-01
8.680329964373949547e-01 9.993944024510121871e-01
8.698789081744163765e-01 9.993957506127364443e-01
8.717267803094379541e-01 9.993970782196155422e-01
8.735766128424596877e-01 9.993983853352741420e-01
8.754284057734814661e-01 9.993996720216362650e-01
8.772821591025032895e-01 9.994009383389828027e-01
8.791378728295250466e-01 9.994021843459436338e-01
8.809955469545469597e-01 9.994034100994642067e-01
8.828551814775689177e-01 9.994046156548435089e-01
8.847167763985909206e-01 9.994058010657154156e-01
8.865803317176127463e-01 9.994069663840520201e-01
8.884458474346348389e-01 9.994081116601558623e-01
8.903133235496569764e-01 9.994092369426964551e-01
8.921827600626792698e-01 9.994103422786532187e-01
8.940541569737014971e-01 9.994114277133255841e-01
8.959275142827237692e-01 9.994124932904143721e-01
8.978028319897460863e-01 9.994135390518799067e-01
8.996801100947685592e-01 9.994145650380481527e-01
9.015593485977907440e-01 9.994155712875515407e-01
9.034405474988133067e-01 9.994165578373885861e-01
9.053237067978358033e-01 9.994175247228480607e-01
9.072088264948584557e-01 9.994184719775407455e-01
9.090959065898810421e-01 9.994193996334003183e-01
9.109849470829037843e-01 9.994203077206644803e-01
9.128759479739264604e-01 9.994211962679028227e-01
9.147689092629492924e-01 9.994220653019684208e-01
9.166638309499721693e-01 9.994229148480116010e-01
9.185607130349948690e-01 9.994237449295183540e-01
9.204595555180178357e-01 9.994245555681944282e-01
9.223603583990407362e-01 9.994253467841078820e-01
9.242631216780637926e-01 9.994261185955469751e-01
9.261678453550868939e-01 9.994268710191150928e-01
9.280745294301100401e-01 9.994276040696562502e-01
9.299831739031333422e-01 9.994283177603081603e-01
9.318937787741565781e-01 9.994290121024155260e-01
9.338063440431798590e-01 9.994296871056045362e-01
9.357208697102029626e-01 9.994303427777594395e-01
9.376373557752263332e-01 9.994309791249442743e-01
9.395558022382498597e-01 9.994315961514929070e-01
9.414762090992733201e-01 9.994321938599368682e-01
9.433985763582968254e-01 9.994327722510280010e-01
9.453229040153204865e-01 9.994333313236927196e-01
9.472491920703440815e-01 9.994338710750851895e-01
9.491774405233678324e-01 9.994343915004907375e-01
9.511076493743915172e-01 9.994348925934246619e-01
9.530398186234151359e-01 9.994353743454985617e-01
9.549739482704390214e-01 9.994358367465312476e-01
9.569100383154629519e-01 9.994362797844223989e-01
9.588480887584868162e-01 9.994367034452561471e-01
9.607880995995108364e-01 9.994371077132042647e-01
9.627300708385349015e-01 9.994374925705299395e-01
9.646740024755590115e-01 9.994378579976009869e-01
9.666198945105831664e-01 9.994382039728748612e-01
9.685677469436073661e-01 9.994385304728399255e-01
9.705175597746313887e-01 9.994388374720675206e-01
9.724693330036556782e-01 9.994391249431645585e-01
9.744230666306800126e-01 9.994393928567119056e-01
9.763787606557043919e-01 9.994396411813610825e-01
9.783364150787289271e-01 9.994398698837423378e-01
9.802960298997533961e-01 9.994400789284173525e-01
9.822576051187779100e-01 9.994402682779520708e-01
9.842211407358025799e-01 9.994404378928481991e-01
9.861866367508271836e-01 9.994405877315365450e-01
9.881540931638517211e-01 9.994407177503447093e-01
9.901235099748764146e-01 9.994408279034668885e-01
9.920948871839012639e-01 9.994409181430343736e-01
9.940682247909260472e-01 9.994409884190047499e-01
9.960435227959509863e-01 9.994410386791325873e-01
9.980207811989759703e-01 9.994410688690201772e-01
1.000000000000000666e+00 9.994410789320793409e-01
