0.000000000000000000e+00 -4.940656458412465442e-324
2.078119897502626434e-05 -4.940656458412465442e-324
4.352279595010249372e-05 4.940656458412465442e-324
6.822479092522875592e-05 -6.717150878790813953e-33
9.488718390040502381e-05 0.000000000000000000e+00
1.235099748756312839e-04 0.000000000000000000e+00
1.540931638509075632e-04 0.000000000000000000e+00
1.866367508262337669e-04 0.000000000000000000e+00
2.211407358016100034e-04 0.000000000000000000e+00
2.576051187770363269e-04 0.000000000000000000e+00
2.960298997525126832e-04 0.000000000000000000e+00
3.364150787280388555e-04 0.000000000000000000e+00
3.787606557036150606e-04 0.000000000000000000e+00
4.230666306792412444e-04 0.000000000000000000e+00
4.693330036549174067e-04 0.000000000000000000e+00
5.175597746306437102e-04 0.000000000000000000e+00
5.677469436064200466e-04 0.000000000000000000e+00
6.198945105822462531e-04 0.000000000000000000e+00
6.740024755581224382e-04 0.000000000000000000e+00
7.300708385340486020e-04 0.000000000000000000e+00
7.880995995100251780e-04 0.000000000000000000e+00
8.480887584860512989e-04 0.000000000000000000e+00
9.100383154621275068e-04 0.000000000000000000e+00
9.739482704382536934e-04 0.000000000000000000e+00
1.039818623414429750e-03 0.000000000000000000e+00
1.107649374390655894e-03 0.000000000000000000e+00
1.177440523366932558e-03 0.000000000000000000e+00
1.249192070343258659e-03 0.000000000000000000e+00
1.322904015319634847e-03 0.000000000000000000e+00
1.398576358296060905e-03 0.000000000000000000e+00
1.476209099272537051e-03 0.000000000000000000e+00
1.555802238249063716e-03 0.000000000000000000e+00
1.637355775225640036e-03 0.000000000000000000e+00
1.720869710202266008e-03 0.000000000000000000e+00
1.806344043178942285e-03 0.000000000000000000e+00
1.893778774155669082e-03 0.000000000000000000e+00
1.983173903132445098e-03 0.000000000000000000e+00
2.074529430109271419e-03 0.000000000000000000e+00
2.167845355086147393e-03 0.000000000000000000e+00
2.263121678063073454e-03 0.000000000000000000e+00
2.360358399040050469e-03 0.000000000000000000e+00
2.459555518017076271e-03 0.000000000000000000e+00
2.560713034994152593e-03 1.643408395311409493e-215
2.663830949971278568e-03 7.924757954297793010e-116
2.768909262948454630e-03 4.162139419262698958e-56
2.875947973925680780e-03 4.426393814131378416e-24
2.984947082902957450e-03 1.087273980696387080e-09
3.095906589880283773e-03 6.345616585143794037e-05
3.208826494857659750e-03 1.133486006071313112e-03
3.323706797835085814e-03 3.504238839750691090e-03
3.440547498812561965e-03 6.725635456985759771e-03
3.559348597790088636e-03 1.058023676049082637e-02
3.680110094767664961e-03 1.495907499489078189e-02
3.802831989745290939e-03 1.979558921361256052e-02
3.927514282722965704e-03 2.504329412722727105e-02
4.054156973700691856e-03 3.066668793783915159e-02
4.182760062678468095e-03 3.663691481794693200e-02
4.313323549656295289e-03 4.292944499451264995e-02
4.445847434634171702e-03 4.952272621589551282e-02
4.580331717612097335e-03 5.639734960710600375e-02
4.716776398590073922e-03 6.353550864469573178e-02
4.855181477568099729e-03 7.092063509438856217e-02
4.995546954546175623e-03 7.853714684855840622e-02
5.137872829524301604e-03 8.637026923526390509e-02
5.282159102502477672e-03 9.440590607881407803e-02
5.428405773480703828e-03 1.026305453162419251e-01
5.576612842458980070e-03 1.110311891218285635e-01
5.726780309437305531e-03 1.195953017121501732e-01
5.878908174415681948e-03 1.283107700813065077e-01
6.032996437394107583e-03 1.371658742903067718e-01
6.189045098372585908e-03 1.461489908765863655e-01
6.347054157351111718e-03 1.552496635007901415e-01
6.507023614329687615e-03 1.644569694707551932e-01
6.668953469308313599e-03 1.737605821693199992e-01
6.832843722286989670e-03 1.831504966572148063e-01
6.998694373265715828e-03 1.926170233067970305e-01
7.166505422244492073e-03 2.021507826389098983e-01
7.336276869223317537e-03 2.117427010187031278e-01
7.508008714202193956e-03 2.213840069421932066e-01
7.681700957181119595e-03 2.310662277051979685e-01
7.857353598160098790e-03 2.407811862934389202e-01
8.034966637139125470e-03 2.505209983696636833e-01
8.214540074118200502e-03 2.602780692630512482e-01
8.396073909097327356e-03 2.700450908894563851e-01
8.579568142076502563e-03 2.798150385497609749e-01
8.765022773055727856e-03 2.895811675685577291e-01
8.952437802035004971e-03 2.993370097472691782e-01
9.141813229014330439e-03 3.090763696155545137e-01
9.333149053993705993e-03 3.187933204724887060e-01
9.526445276973131635e-03 3.284822002151542852e-01
9.721701897952607363e-03 3.381376069573419074e-01
9.918918916932136648e-03 3.477543944446016000e-01
1.011809633391171255e-02 3.573276672753148975e-01
1.031923414889133854e-02 3.668527759393881427e-01
1.052233236187101462e-02 3.763253116881521976e-01
1.072739097285074078e-02 3.857411012502039993e-01
1.093440998183051703e-02 3.950962014087391894e-01
1.114338938881034163e-02 4.043868934565975626e-01
1.135432919379021806e-02 4.136096775452221541e-01
1.156722939677014457e-02 4.227612669440924953e-01
1.178208999775011943e-02 4.318385822267505336e-01
1.199891099673014612e-02 4.408387453992941296e-01
1.221769239371022463e-02 4.497590739869802290e-01
1.243843418869035149e-02 4.585970750936265716e-01
1.266113638167052670e-02 4.673504394483653512e-01
1.288579897265075200e-02 4.760170354533155845e-01
1.311242196163102738e-02 4.845949032451093985e-01
1.334100534861135459e-02 4.930822487825508027e-01
1.357154913359173015e-02 5.014774379717875652e-01
1.380405331657215580e-02 5.097789908397898362e-01
1.403851789755263153e-02 5.179855757659204141e-01
1.427494287653315735e-02 5.260960037808759537e-01
1.451332825351373326e-02 5.341092229413172410e-01
1.475367402849436273e-02 5.420243127878993095e-01
1.499598020147503881e-02 5.498404788935155052e-01
1.524024677245576498e-02 5.575570475082547439e-01
1.548647374143653950e-02 5.651734603063242046e-01
1.573466110841736931e-02 5.726892692400991081e-01
1.598480887339824227e-02 5.801041315054460412e-01
1.623691703637917053e-02 5.874178046221025795e-01
1.649098559736014366e-02 5.946301416322926636e-01
1.674701455634117209e-02 6.017410864200297693e-01
1.700500391332224540e-02 6.087506691534319003e-01
1.726495366830337400e-02 6.156590018515238905e-01
1.752686382128455442e-02 6.224662740768458491e-01
1.779073437226577625e-02 6.291727487545075714e-01
1.805656532124705685e-02 6.357787581182763326e-01
1.832435666822837886e-02 6.422846997835109928e-01
1.859410841320975616e-02 6.486910329468619230e-01
1.886582055619118528e-02 6.549982747119774684e-01
1.913949309717265929e-02 6.612069965396989435e-01
1.941512603615418858e-02 6.673178208190575500e-01
1.969271937313575929e-02 6.733307089276483470e-01
1.997227310811738876e-02 6.792477477697125288e-01
2.025378724109906312e-02 6.850690267685624057e-01
2.053726177208079276e-02 6.907953400987294490e-01
2.082269670106256382e-02 6.964275175430588716e-01
2.111009202804439364e-02 7.019664217818054608e-01
2.139944775302626487e-02 7.074129457901191520e-01
2.169076387600819486e-02 7.127680103435940495e-01
2.198404039699017321e-02 7.180325616299777503e-01
2.227927731597219643e-02 7.232075689645940386e-01
2.257647463295427495e-02 7.282940226066815237e-01
2.287563234793639835e-02 7.332929316743406201e-01
2.317675046091857705e-02 7.382053221550747280e-01
2.347982897190080062e-02 7.430322350095832640e-01
2.378486788088307949e-02 7.477747243656136522e-01
2.409186718786539977e-02 7.524338557997455323e-01
2.440082689284778228e-02 7.570107047038825421e-01
2.471174699583020273e-02 7.615063547339904204e-01
2.502462749681268195e-02 7.659218963383460643e-01
2.533946839579521298e-02 7.702584253626834077e-01
2.565626969277778543e-02 7.745170417293952836e-01
2.597503138776041318e-02 7.786988481884550284e-01
2.629575348074308580e-02 7.828049491372813806e-01
2.661843597172581372e-02 7.868364495071178411e-01
2.694307886070858651e-02 7.907944537133081431e-01
2.726968214769141807e-02 7.946800646672584900e-01
2.759824583267428758e-02 7.984943828474477812e-01
2.792876991565721931e-02 8.022385054271580218e-01
2.826125439664019939e-02 8.059135254566083262e-01
2.859569927562322089e-02 8.095203075919180646e-01
2.893210455260630115e-02 8.130603554178820191e-01
2.927047022758941935e-02 8.165345453947859822e-01
2.961079630057259979e-02 8.199439467371910650e-01
2.995308277155582163e-02 8.232896211835465383e-01
3.029732964053910224e-02 8.265726224609786232e-01
3.064353690752242426e-02 8.297939957898859964e-01
3.099170457250580504e-02 8.329547774267352933e-01
3.134183263548922377e-02 8.360559942434381275e-01
3.169392109647270472e-02 8.390986633414062590e-01
3.204796995545623056e-02 8.420837916986790850e-01
3.240397921243980128e-02 8.450123758487493308e-01
3.276194886742343076e-02 8.478854015891252871e-01
3.312187892040710513e-02 8.507038437185293622e-01
3.348376937139083825e-02 8.534686658010984806e-01
3.384762022037460932e-02 8.561807764594624448e-01
3.421343146735843915e-02 8.588411938145501523e-01
3.458120311234230693e-02 8.614508109918421752e-01
3.495093515532624040e-02 8.640105445786939731e-01
3.532262759631021182e-02 8.665212991019483058e-01
3.569628043529424199e-02 8.689839669269930900e-01
3.607189367227831706e-02 8.713994281752694970e-01
3.644946730726244394e-02 8.737685506590205931e-01
3.682900134024662264e-02 8.760921898326021751e-01
3.721049577123083929e-02 8.783711887589916723e-01
3.759395060021512164e-02 8.806063642608599196e-01
3.797936582719944193e-02 8.827985577550693241e-01
3.836674145218382098e-02 8.849485647134216482e-01
3.875607747516824492e-02 8.870571784129930304e-01
3.914737389615272761e-02 8.891251797672007351e-01
3.954063071513724825e-02 8.911533373668445446e-01
3.993584793212182765e-02 8.931424075307270449e-01
4.033302554710645887e-02 8.950931343655551542e-01
4.073216356009112804e-02 8.970062423943636620e-01
4.113326197107585597e-02 8.988824633808844000e-01
4.153632078006062878e-02 9.007224999741657578e-01
4.194133998704546035e-02 9.025270480348377422e-01
4.234831959203032986e-02 9.042967916206080536e-01
4.275725959501525814e-02 9.060324030883167845e-01
4.316815999600023129e-02 9.077345398853448044e-01
4.358102079498526321e-02 9.094038561461711412e-01
4.399584199197033307e-02 9.110409876242060445e-01
4.441262358695546170e-02 9.126465608449449984e-01
4.483136557994064214e-02 9.142211912084288183e-01
4.525206797092586747e-02 9.157654831164042664e-01
4.567473075991114462e-02 9.172800274924809427e-01
4.609935394689646665e-02 9.187654108306309020e-01
4.652593753188184744e-02 9.202222036580961495e-01
4.695448151486726618e-02 9.216509675676621827e-01
4.738498589585275061e-02 9.230522538226360041e-01
4.781745067483826606e-02 9.244266018326849910e-01
4.825187585182384720e-02 9.257745448089339524e-01
4.868826142680946628e-02 9.270966028452006791e-01
4.912660739979515107e-02 9.283932871641392692e-01
4.956691377078088073e-02 9.296650993650610317e-01
5.000918053976664834e-02 9.309125300088665345e-01
5.045340770675248165e-02 9.321360639024282024e-01
5.089959527173835291e-02 9.333361736790374286e-01
5.134774323472428292e-02 9.345133237559130057e-01
5.179785159571025088e-02 9.356679686822856334e-01
5.224992035469628454e-02 9.368005563301112781e-01
5.270394951168235614e-02 9.379115242483482273e-01
5.315993906666848651e-02 9.390013019630446545e-01
5.361788901965465481e-02 9.400703099104164018e-01
5.407779937064088882e-02 9.411189619041265830e-01
5.453967011962716771e-02 9.421476624225265661e-01
5.500350126661349148e-02 9.431568083555958992e-01
5.546929281159986708e-02 9.441467881371333748e-01
5.593704475458628755e-02 9.451179839353662793e-01
5.640675709557277373e-02 9.460707692871550556e-01
5.687842983455929091e-02 9.470055106403919565e-01
5.735206297154587379e-02 9.479225664762734871e-01
5.782765650653248768e-02 9.488222896520931426e-01
5.830521043951917420e-02 9.497050248258607219e-01
5.878472477050590561e-02 9.505711097126671172e-01
5.926619949949267496e-02 9.514208760601143844e-01
5.974963462647950307e-02 9.522546483901245251e-01
6.023503015146637607e-02 9.530727448843676619e-01
6.072238607445330782e-02 9.538754768023620656e-01
6.121170239544027752e-02 9.546631502711648842e-01
6.170297911442730598e-02 9.554360643927736207e-01
6.219621623141437933e-02 9.561945121123530678e-01
6.269141374640151143e-02 9.569387811970951896e-01
6.318857165938866760e-02 9.576691530529662932e-01
6.368768997037589641e-02 9.583859032836563596e-01
6.418876867936318398e-02 9.590893024098610109e-01
6.469180778635051643e-02 9.597796151115276508e-01
6.519680729133789376e-02 9.604571008073401472e-01
6.570376719432530210e-02 9.611220131803436262e-01
6.621268749531278308e-02 9.617746017504100742e-01
6.672356819430030894e-02 9.624151102156397464e-01
6.723640929128789356e-02 9.630437771366067157e-01
6.775121078627552307e-02 9.636608370181909411e-01
6.826797267926318358e-02 9.642665189923311786e-01
6.878669497025091673e-02 9.648610473480443428e-01
6.930737765923869476e-02 9.654446424959411965e-01
6.983002074622653155e-02 9.660175198384661766e-01
7.035462423121441322e-02 9.665798902232031198e-01
7.088118811420231202e-02 9.671319608071237139e-01
7.140971239519029734e-02 9.676739340696329794e-01
7.194019707417832754e-02 9.682060081956739284e-01
7.247264215116641650e-02 9.687283778989896899e-01
7.300704762615452259e-02 9.692412334953295350e-01
7.354341349914270132e-02 9.697447612591062471e-01
7.408173977013092493e-02 9.702391442059796756e-01
7.462202643911922118e-02 9.707245612146707670e-01
7.516427350610754843e-02 9.712011873519927896e-01
7.570848097109590669e-02 9.716691946534740110e-01
7.625464883408433758e-02 9.721287512428917754e-01
7.680277709507281336e-02 9.725800216534667975e-01
7.735286575406134790e-02 9.730231676035894228e-01
7.790491481104989957e-02 9.734583471114242048e-01
7.845892426603853775e-02 9.738857148063179148e-01
7.901489411902722082e-02 9.743054227256634503e-01
7.957282437001594877e-02 9.747176192698689956e-01
8.013271501900470772e-02 9.751224501276302137e-01
8.069456606599353932e-02 9.755200578818143953e-01
8.125837751098241579e-02 9.759105821265982028e-01
8.182414935397135103e-02 9.762941598321944747e-01
8.239188159496033115e-02 9.766709250287300970e-01
8.296157423394934227e-02 9.770410089320139546e-01
8.353322727093842603e-02 9.774045403269550070e-01
8.410684070592755468e-02 9.777616452133419678e-01
8.468241453891674209e-02 9.781124469387781906e-01
8.525994876990593274e-02 9.784570666070687706e-01
8.583944339889522379e-02 9.787956226784371161e-01
8.642089842588455972e-02 9.791282311134190675e-01
8.700431385087394054e-02 9.794550058069629861e-01
8.758968967386336624e-02 9.797760581416845582e-01
8.817702589485282294e-02 9.800914971429046663e-01
8.876632251384235228e-02 9.804014299414950395e-01
8.935757953083194038e-02 9.807059612763141532e-01
8.995079694582157337e-02 9.810051936624269997e-01
9.054597475881122348e-02 9.812992278838847948e-01
9.114311296980096011e-02 9.815881624434628083e-01
9.174221157879074162e-02 9.818720937455895914e-01
9.234327058578056802e-02 9.821511166188089392e-01
9.294628999077042542e-02 9.824253236308102544e-01
9.355126979376035545e-02 9.826948056963318301e-01
9.415820999475034425e-02 9.829596518101069158e-01
9.476711059374037793e-02 9.832199491216899734e-01
9.537797159073045650e-02 9.834757831822696916e-01
9.599079298572055219e-02 9.837272377231897069e-01
9.660557477871074827e-02 9.839743947379816502e-01
9.722231696970097536e-02 9.842173347448530674e-01
9.784101955869126122e-02 9.844561365350847915e-01
9.846168254568156419e-02 9.846908772635779572e-01
9.908430593067193981e-02 9.849216327243869307e-01
9.970888971366237419e-02 9.851484770724741047e-01
1.003354338946528534e-01 9.853714829211811521e-01
1.009639384736433915e-01 9.855907216308821273e-01
1.015944034506339466e-01 9.858062630048098907e-01
1.022268288256245744e-01 9.860181753942078853e-01
1.028612145986152610e-01 9.862265259969283937e-01
1.034975607696059924e-01 9.864313805316208272e-01
1.041358673385967409e-01 9.866328033490674443e-01
1.047761343055875760e-01 9.868308577395025205e-01
1.054183616705784560e-01 9.870256055872860257e-01
1.060625494335693947e-01 9.872171074887765574e-01
1.067086975945603783e-01 9.874054230643305452e-01
1.073568061535513790e-01 9.875906105990703843e-01
1.080068751105424663e-01 9.877727271651891572e-01
1.086589044655335984e-01 9.879518289366042705e-01
1.093128942185247754e-01 9.881279708193744238e-01
1.099688443695159834e-01 9.883012065778914446e-01
1.106267549185072641e-01 9.884715891482106498e-01
1.112866258654986035e-01 9.886391702639028001e-01
1.119484572104899878e-01 9.888040005841842728e-01
1.126122489534813753e-01 9.889661300031070690e-01
1.132780010944728633e-01 9.891256072753091821e-01
1.139457136334643961e-01 9.892824801450178507e-01
1.146153865704559877e-01 9.894367956472981396e-01
1.152870199054476102e-01 9.895885997394355815e-01
1.159606136384392638e-01 9.897379374288077791e-01
1.166361677694310039e-01 9.898848530632653464e-01
1.173136822984227889e-01 9.900293899728638269e-01
1.179931572254146188e-01 9.901715905951581354e-01
1.186745925504064658e-01 9.903114967516085665e-01
1.193579882733983993e-01 9.904491493045279871e-01
1.200433443943903777e-01 9.905845882781333378e-01
1.207306609133824149e-01 9.907178531183451486e-01
1.214199378303744969e-01 9.908489823692436804e-01
1.221111751453665961e-01 9.909780137882397977e-01
1.228043728583587818e-01 9.911049845872454966e-01
1.234995309693510124e-01 9.912299311321323136e-01
1.241966494783433017e-01 9.913528890508553904e-01
1.248957283853355943e-01 9.914738934540745507e-01
1.255967676903279873e-01 9.915929786607091678e-01
1.262997673933204390e-01 9.917101782977638669e-01
1.270047274943129079e-01 9.918255254993812997e-01
1.277116479933054216e-01 9.919390526604870972e-01
1.284205288902980080e-01 9.920507915275386113e-01
1.291313701852906393e-01 9.921607733752096925e-01
1.298441718782833154e-01 9.922690287896678285e-01
1.305589339692760642e-01 9.923755877494375710e-01
1.312756564582688024e-01 9.924804797799021694e-01
1.319943393452616409e-01 9.925837337662967164e-01
1.327149826302545244e-01 9.926853780247633097e-01
1.334375863132474527e-01 9.927854404347675743e-01
1.341621503942403981e-01 9.928839482818044848e-01
1.348886748732334440e-01 9.929809283183014257e-01
1.356171597502265069e-01 9.930764068751073426e-01
1.363476050252196425e-01 9.931704097327119785e-01
1.370800106982128508e-01 9.932629621722935953e-01
1.378143767692060206e-01 9.933540890675041091e-01
1.385507032381993187e-01 9.934438147826477605e-01
1.392889901051926616e-01 9.935321632426240557e-01
1.400292373701860493e-01 9.936191578644871791e-01
1.407714450331794265e-01 9.937048217649936399e-01
1.415156130941729040e-01 9.937891775306993969e-01
1.422617415531664542e-01 9.938722473069548924e-01
1.430098304101600493e-01 9.939540529369047528e-01
1.437598796651536337e-01 9.940346157801199789e-01
1.445118893181473185e-01 9.941139567840802105e-01
1.452658593691410482e-01 9.941920965936404953e-01
1.460217898181348506e-01 9.942690554126719649e-01
1.467796806651286701e-01 9.943448530598771873e-01
1.475395319101225067e-01 9.944195090526616321e-01
1.483013435531164437e-01 9.944930425060650725e-01
1.490651155941104256e-01 9.945654721993444358e-01
1.498308480331044801e-01 9.946368165153518515e-01
1.505985408700985240e-01 9.947070936167510258e-01
1.513681941050926405e-01 9.947763212479202588e-01
1.521398077380868297e-01 9.948445168145320094e-01
1.529133817690810637e-01 9.949116974909486544e-01
1.536889161980753704e-01 9.949778800765691766e-01
1.544664110250696387e-01 9.950430810547963301e-01
1.552458662500640352e-01 9.951073166708016560e-01
1.560272818730584765e-01 9.951706028325381093e-01
1.568106578940529627e-01 9.952329551744272251e-01
1.575959943130474383e-01 9.952943890025667262e-01
1.583832911300420421e-01 9.953549194491611019e-01
1.591725483450366629e-01 9.954145612971873058e-01
1.599637659580313565e-01 9.954733290529249601e-01
1.607569439690260948e-01 9.955312370328335270e-01
1.615520823780208504e-01 9.955882992449569535e-01
1.623491811850156785e-01 9.956445294392043399e-01
1.631482403900105516e-01 9.956999411658811194e-01
1.639492599930054972e-01 9.957545477010149026e-01
1.647522399940004323e-01 9.958083620944735426e-01
1.655571803929954677e-01 9.958613971305753099e-01
1.663640811899905481e-01 9.959136654398681454e-01
1.671729423849857010e-01 9.959651793739755510e-01
1.679837639779808434e-01 9.960159510592725418e-01
1.687965459689760583e-01 9.960659924539214671e-01
1.696112883579713460e-01 9.961153152716070158e-01
1.704279911449667062e-01 9.961639310299160721e-01
1.712466543299620836e-01 9.962118510123555426e-01
1.720672779129574781e-01 9.962590863728393309e-01
1.728898618939529452e-01 9.963056480175930263e-01
1.737144062729484850e-01 9.963515466566258416e-01
1.745409110499440697e-01 9.963967928537983409e-01
1.753693762249396715e-01 9.964413969584754449e-01
1.761998017979353459e-01 9.964853691486103004e-01
1.770321877689310930e-01 9.965287193983360936e-01
1.778665341379268849e-01 9.965714575662878438e-01
1.787028409049227218e-01 9.966135932960563659e-01
1.795411080699185480e-01 9.966551360772577528e-01
1.803813356329145023e-01 9.966960952009322749e-01
1.812235235939104738e-01 9.967364798738994613e-01
1.820676719529065180e-01 9.967762990848323401e-01
1.829137807099025514e-01 9.968155616635656635e-01
1.837618498648986853e-01 9.968542763318667399e-01
1.846118794178948919e-01 9.968924516287737125e-01
1.854638693688911155e-01 9.969300959566014253e-01
1.863178197178873563e-01 9.969672175484720622e-01
1.871737304648836975e-01 9.970038245522051534e-01
1.880316016098800835e-01 9.970399249337473790e-01
1.888914331528765145e-01 9.970755265358932640e-01
1.897532250938729903e-01 9.971106370380211636e-01
1.906169774328694833e-01 9.971452640556626168e-01
1.914826901698660766e-01 9.971794150228703302e-01
1.923503633048627148e-01 9.972130972456886289e-01
1.932199968378593979e-01 9.972463179418604717e-01
1.940915907688560982e-01 9.972790841805422302e-01
1.949651450978528711e-01 9.973114029194035668e-01
1.958406598248497166e-01 9.973432809800031329e-01
1.967181349498466070e-01 9.973747251101184874e-01
1.975975704728435423e-01 9.974057419127864144e-01
1.984789663938404669e-01 9.974363378894329779e-01
1.993623227128375197e-01 9.974665194119478606e-01
2.002476394298345896e-01 9.974962927911725785e-01
2.011349165448317322e-01 9.975256641972289895e-01
2.020241540578288642e-01 9.975546397076437977e-01
2.029153519688260965e-01 9.975832252769381014e-01
2.038085102778234015e-01 9.976114268092542980e-01
2.047036289848207236e-01 9.976392500726216639e-01
2.056007080898180628e-01 9.976667007505690687e-01
2.064997475928155024e-01 9.976937844101132491e-01
2.074007474938129869e-01 9.977205065766037162e-01
2.083037077928105441e-01 9.977468726444708169e-01
2.092086284898081183e-01 9.977728879308800369e-01
2.101155095848057097e-01 9.977985576431348536e-01
2.110243510778034015e-01 9.978238869533361255e-01
2.119351529688011382e-01 9.978488809088402745e-01
2.128479152577989197e-01 9.978735444859301307e-01
2.137626379447967184e-01 9.978978825579225553e-01
2.146793210297945897e-01 9.979218999673163948e-01
2.155979645127925337e-01 9.979456014388757845e-01
2.165185683937905226e-01 9.979689916316762943e-01
2.174411326727885563e-01 9.979920751087769659e-01
2.183656573497865794e-01 9.980148564050076443e-01
2.192921424247847306e-01 9.980373399451923921e-01
2.202205878977829268e-01 9.980595300930806824e-01
2.211509937687811678e-01 9.980814311234278424e-01
2.220833600377793982e-01 9.981030472837596479e-01
2.230176867047777289e-01 9.981243827198795771e-01
2.239539737697761046e-01 9.981454415205555097e-01
2.248922212327745529e-01 9.981662276924253563e-01
2.258324290937730461e-01 9.981867452146860886e-01
2.267745973527715286e-01 9.982069979735660459e-01
2.277187260097701116e-01 9.982269898015174725e-01
2.286648150647687394e-01 9.982467244557838848e-01
2.296128645177674399e-01 9.982662056649972415e-01
2.305628743687661297e-01 9.982854370736350402e-01
2.315148446177649200e-01 9.983044222753123531e-01
2.324687752647637551e-01 9.983231647949993848e-01
2.334246663097626351e-01 9.983416681273755700e-01
2.343825177527615322e-01 9.983599356917119971e-01
2.353423295937605020e-01 9.983779708589459734e-01
2.363041018327595444e-01 9.983957769470268584e-01
2.372678344697586317e-01 9.984133572038580429e-01
2.382335275047577638e-01 9.984307148672255661e-01
2.392011809377569131e-01 9.984478530907789917e-01
2.401707947687561351e-01 9.984647749883226453e-01
2.411423689977554297e-01 9.984814836108779623e-01
2.421159036247547691e-01 9.984979819934953760e-01
2.430913986497540979e-01 9.985142730983009862e-01
2.440688540727535549e-01 9.985303598484938092e-01
2.450482698937530290e-01 9.985462451113162885e-01
2.460296461127525758e-01 9.985619317327258937e-01
2.470129827297521674e-01 9.985774224959982348e-01
2.479982797447517484e-01 9.985927201464721570e-01
2.489855371577514298e-01 9.986078273871412669e-01
2.499747549687511561e-01 9.986227468648704031e-01
2.509659331777509550e-01 9.986374812187474026e-01
2.519590717847506878e-01 9.986520330203068063e-01
2.529541707897505765e-01 9.986664048091831170e-01
2.539512301927505100e-01 9.986805990758476081e-01
2.549502499937504885e-01 9.986946182953737594e-01
2.559512301927505673e-01 9.987084648866813019e-01
2.569541707897506355e-01 9.987221412367633944e-01
2.579590717847507486e-01 9.987356496963201158e-01
2.589659331777509621e-01 9.987489925673441737e-01
2.599747549687512205e-01 9.987621721464245983e-01
2.609855371577514682e-01 9.987751906710308214e-01
2.619982797447518164e-01 9.987880503515348396e-01
2.630129827297520984e-01 9.988007533563671991e-01
2.640296461127525363e-01 9.988133018400165986e-01
2.650482698937530190e-01 9.988256979092968724e-01
2.660688540727535467e-01 9.988379436433777459e-01
2.670913986497541748e-01 9.988500410902446669e-01
2.681159036247547922e-01 9.988619922570384224e-01
2.691423689977554545e-01 9.988737991435342467e-01
2.701707947687562172e-01 9.988854637009793036e-01
2.712011809377570248e-01 9.988969878566044125e-01
2.722335275047577108e-01 9.989083735088907234e-01
2.732678344697586081e-01 9.989196225168485155e-01
2.743041018327595504e-01 9.989307367375211966e-01
2.753423295937605375e-01 9.989417179791190149e-01
2.763825177527615695e-01 9.989525680289592646e-01
2.774246663097627019e-01 9.989632886478952978e-01
2.784687752647638237e-01 9.989738815588750098e-01
2.795148446177649904e-01 9.989843484870086776e-01
2.805628743687662574e-01 9.989946911089754300e-01
2.816128645177674028e-01 9.990049110832228685e-01
2.826648150647687596e-01 9.990150100438196512e-01
2.837187260097701613e-01 9.990249895887310938e-01
2.847745973527716079e-01 9.990348513209335035e-01
2.858324290937730994e-01 9.990445967961069096e-01
2.868922212327746357e-01 9.990542275539573414e-01
2.879539737697762170e-01 9.990637451117020396e-01
2.890176867047778431e-01 9.990731509525441201e-01
2.900833600377795141e-01 9.990824465661203302e-01
2.911509937687811744e-01 9.990916333969084295e-01
2.922205878977829352e-01 9.991007128750806210e-01
2.932921424247847964e-01 9.991096864100519337e-01
2.943656573497866469e-01 9.991185553796826380e-01
2.954411326727885978e-01 9.991273211683487920e-01
2.965185683937905936e-01 9.991359851182028962e-01
2.975979645127926343e-01 9.991445485583511088e-01
2.986793210297947199e-01 9.991530127987947596e-01
2.997626379447967393e-01 9.991613791205876671e-01
3.008479152577989146e-01 9.991696488102300711e-01
3.019351529688011904e-01 9.991778231157545376e-01
3.030243510778034555e-01 9.991859032729973888e-01
3.041155095848058210e-01 9.991938905001453985e-01
3.052086284898081758e-01 9.992017859891730858e-01
3.063037077928106311e-01 9.992095909357234795e-01
3.074007474938131312e-01 9.992173065011157318e-01
3.084997475928156763e-01 9.992249338350275289e-01
3.096007080898180996e-01 9.992324740708095066e-01
3.107036289848207899e-01 9.992399283184659753e-01
3.118085102778234696e-01 9.992472976892414760e-01
3.129153519688261942e-01 9.992545832645154391e-01
3.140241540578289636e-01 9.992617861143524571e-01
3.151349165448318335e-01 9.992689072937058770e-01
3.162476394298346927e-01 9.992759478426695985e-01
3.173623227128376523e-01 9.992829087770755958e-01
3.184789663938406568e-01 9.992897911216760409e-01
3.195975704728435396e-01 9.992965958672151983e-01
3.207181349498466338e-01 9.993033239961207626e-01
3.218406598248497730e-01 9.993099764771345983e-01
3.229651450978529570e-01 9.993165542580784155e-01
3.240915907688562414e-01 9.993230582910515025e-01
3.252199968378595152e-01 9.993294895001615386e-01
3.263503633048628338e-01 9.993358488008171614e-01
3.274826901698662529e-01 9.993421370956877547e-01
3.286169774328696613e-01 9.993483552749334864e-01
3.297532250938730591e-01 9.993545042075783202e-01
3.308914331528765573e-01 9.993605847719601032e-01
3.320316016098801559e-01 9.993665978161032637e-01
3.331737304648837994e-01 9.993725441815627386e-01
3.343178197178874878e-01 9.993784246982868602e-01
3.354638693688912210e-01 9.993842401786340313e-01
3.366118794178950546e-01 9.993899914384237748e-01
3.377618498648988776e-01 9.993956792699937308e-01
3.389137807099027455e-01 9.994013044582656935e-01
3.400676719529066028e-01 9.994068677774045062e-01
3.412235235939105604e-01 9.994123699910056891e-01
3.423813356329146185e-01 9.994178118455313564e-01
3.435411080699187214e-01 9.994231940933864244e-01
3.447028409049228137e-01 9.994285174630689328e-01
3.458665341379270064e-01 9.994337826770771649e-01
3.470321877689312440e-01 9.994389904480738274e-01
3.481998017979355819e-01 9.994441414790473655e-01
3.493693762249399093e-01 9.994492364566126552e-01
3.505409110499441705e-01 9.994542760747930910e-01
3.517144062729485876e-01 9.994592610039970682e-01
3.528898618939531051e-01 9.994641919096771687e-01
3.540672779129576120e-01 9.994690694483191473e-01
3.552466543299622193e-01 9.994738942675583937e-01
3.564279911449668714e-01 9.994786669996748030e-01
3.576112883579715684e-01 9.994833882847399265e-01
3.587965459689763104e-01 9.994880587403511818e-01
3.599837639779809306e-01 9.994926789798191935e-01
3.611729423849858178e-01 9.994972496082514812e-01
3.623640811899906944e-01 9.995017712227025619e-01
3.635571803929956158e-01 9.995062444060802687e-01
3.647522399940006377e-01 9.995106697486042524e-01
3.659492599930056489e-01 9.995150478197730726e-01
3.671482403900107605e-01 9.995193791852291509e-01
3.683491811850159170e-01 9.995236644030693896e-01
3.695520823780210629e-01 9.995279040240437896e-01
3.707569439690261981e-01 9.995320985862654606e-01
3.719637659580314892e-01 9.995362486337507901e-01
3.731725483450368253e-01 9.995403546922588811e-01
3.743832911300422062e-01 9.995444172837293362e-01
3.755959943130476320e-01 9.995484369233061939e-01
3.768106578940531581e-01 9.995524141193198320e-01
3.780272818730586737e-01 9.995563493734458405e-01
3.792458662500642896e-01 9.995602431739083471e-01
3.804664110250698950e-01 9.995640960196591207e-01
3.816889161980754896e-01 9.995679083883258764e-01
3.829133817690812402e-01 9.995716807556271899e-01
3.841398077380869802e-01 9.995754135910421834e-01
3.853681941050928206e-01 9.995791073579574082e-01
3.865985408700987613e-01 9.995827625084149348e-01
3.878308480331046915e-01 9.995863795017396747e-01
3.890651155941106665e-01 9.995899587799792485e-01
3.903013435531166864e-01 9.995935007827090324e-01
3.915395319101228067e-01 9.995970059438228361e-01
3.927796806651288053e-01 9.996004746915951866e-01
3.940217898181350153e-01 9.996039074487810261e-01
3.952658593691412148e-01 9.996073046267123230e-01
3.965118893181475146e-01 9.996106666464129598e-01
3.977598796651538593e-01 9.996139939104712324e-01
3.990098304101602489e-01 9.996172868201211870e-01
4.002617415531666833e-01 9.996205457714315568e-01
4.015156130941732182e-01 9.996237711554042393e-01
4.027714450331797424e-01 9.996269633539213162e-01
4.040292373701862005e-01 9.996301227541483092e-01
4.052889901051928145e-01 9.996332497295720154e-01
4.065507032381995289e-01 9.996363446514558992e-01
4.078143767692062882e-01 9.996394078862885779e-01
4.090800106982130369e-01 9.996424397959389196e-01
4.103476050252198859e-01 9.996454407376269558e-01
4.116171597502267798e-01 9.996484110600205586e-01
4.128886748732337186e-01 9.996513511174630606e-01
4.141621503942407023e-01 9.996542612511027937e-01
4.154375863132476199e-01 9.996571418002816456e-01
4.167149826302546933e-01 9.996599931000769157e-01
4.179943393452618672e-01 9.996628154813111955e-01
4.192756564582690304e-01 9.996656092706461827e-01
4.205589339692762940e-01 9.996683747906354167e-01
4.218441718782836025e-01 9.996711123542165733e-01
4.231313701852909004e-01 9.996738222846175415e-01
4.244205288902982987e-01 9.996765048885548621e-01
4.257116479933056308e-01 9.996791604725634439e-01
4.270047274943131188e-01 9.996817893393580290e-01
4.282997673933206517e-01 9.996843917878779351e-01
4.295967676903282295e-01 9.996869681133092600e-01
4.308957283853359077e-01 9.996895186024140623e-01
4.321966494783435753e-01 9.996920435505413094e-01
4.334995309693513432e-01 9.996945432387263075e-01
4.348043728583591006e-01 9.996970179476236673e-01
4.361111751453669583e-01 9.996994679544408680e-01
4.374199378303746943e-01 9.997018935329348155e-01
4.387306609133826418e-01 9.997042949534751255e-01
4.400433443943906342e-01 9.997066724792937897e-01
4.413579882733986715e-01 9.997090263799963683e-01
4.426745925504067536e-01 9.997113569134870037e-01
4.439931572254149361e-01 9.997136643369444187e-01
4.453136822984231080e-01 9.997159489043724312e-01
4.466361677694313248e-01 9.997182108666674560e-01
4.479606136384396420e-01 9.997204504716395990e-01
4.492870199054478375e-01 9.997226679640607294e-01
4.506153865704562445e-01 9.997248635815978446e-01
4.519457136334646408e-01 9.997270375695513911e-01
4.532780010944731375e-01 9.997291901609715037e-01
4.546122489534816791e-01 9.997313215887870808e-01
4.559484572104903211e-01 9.997334320831235965e-01
4.572866258654989524e-01 9.997355218712362657e-01
4.586267549185076287e-01 9.997375911776856805e-01
4.599688443695163498e-01 9.997396402242899605e-01
4.613128942185250048e-01 9.997416692260547855e-01
4.626589044655338712e-01 9.997436784059554604e-01
4.640068751105427269e-01 9.997456679749657793e-01
4.653568061535516831e-01 9.997476381442641502e-01
4.667086975945606842e-01 9.997495891224854603e-01
4.680625494335697301e-01 9.997515211157257387e-01
4.694183616705788209e-01 9.997534343276301971e-01
4.707761343055879566e-01 9.997553289593580361e-01
4.721358673385971372e-01 9.997572052059756631e-01
4.734975607696062516e-01 9.997590632697826996e-01
4.748612145986155220e-01 9.997609033421543945e-01
4.762268288256248927e-01 9.997627256147582075e-01
4.775944034506342528e-01 9.997645302768892739e-01
4.789639384736437133e-01 9.997663175156312754e-01
4.803354338946532187e-01 9.997680875158196923e-01
4.817088897136627690e-01 9.997698404600728894e-01
4.830843059306723641e-01 9.997715765288236467e-01
4.844616825456818376e-01 9.997732958960776628e-01
4.858410195586915226e-01 9.997749987450863518e-01
4.872223169697012524e-01 9.997766852467955268e-01
4.886055747787110826e-01 9.997783555731772909e-01
4.899907929857209021e-01 9.997800098941590496e-01
4.913779715907308221e-01 9.997816483776520435e-01
4.927671105937407314e-01 9.997832711895976443e-01
4.941582099947507412e-01 9.997848784939454836e-01
4.955512697937607958e-01 9.997864704494497934e-01
4.969462899907707287e-01 9.997880472215681102e-01
4.983432705857808731e-01 9.997896089661741925e-01
4.997422115787910624e-01 9.997911558396179732e-01
5.011431129698012965e-01 9.997926879963606739e-01
5.025459747588115755e-01 9.997942055891080315e-01
5.039507969458218994e-01 9.997957087687124877e-01
5.053575795308323793e-01 9.997971976843008646e-01
5.067663225138427929e-01 9.997986724832472749e-01
5.081770258948532515e-01 9.998001333080011044e-01
5.095896896738636439e-01 9.998015803077326957e-01
5.110043138508743032e-01 9.998030136223907682e-01
5.124208984258848965e-01 9.998044333925462102e-01
5.138394433988955345e-01 9.998058397571369937e-01
5.152599487699063285e-01 9.998072328534597375e-01
5.166824145389171674e-01 9.998086128172176679e-01
5.181068407059279401e-01 9.998099797825847901e-01
5.195332272709388688e-01 9.998113338821164042e-01
5.209615742339498423e-01 9.998126752468606826e-01
5.223918815949606387e-01 9.998140040025903508e-01
5.238241493539717020e-01 9.998153202836065345e-01
5.252583775109828101e-01 9.998166242136958815e-01
5.266945660659939632e-01 9.998179159178975928e-01
5.281327150190051611e-01 9.998191955198107994e-01
5.295728243700164040e-01 9.998204631416380828e-01
5.310148941190276917e-01 9.998217189041610498e-01
5.324589242660390243e-01 9.998229629267457730e-01
5.339049148110504017e-01 9.998241953274457083e-01
5.353528657540617131e-01 9.998254162229016639e-01
5.368027770950731803e-01 9.998266257245269628e-01
5.382546488340846924e-01 9.998278239529574396e-01
5.397084809710962494e-01 9.998290110179475221e-01
5.411642735061079623e-01 9.998301870308593520e-01
5.426220264391196091e-01 9.998313521018027394e-01
5.440817397701314118e-01 9.998325063396313883e-01
5.455434134991431483e-01 9.998336498519452276e-01
5.470070476261550407e-01 9.998347827451389280e-01
5.484726421511667560e-01 9.998359051243710383e-01
5.499401970741787382e-01 9.998370170936241585e-01
5.514097123951906543e-01 9.998381187520244406e-01
5.528811881142027262e-01 9.998392102074192822e-01
5.543546242312148431e-01 9.998402915574963190e-01
5.558300207462270048e-01 9.998413629015587833e-01
5.573073776592392115e-01 9.998424243377997955e-01
5.587866949702514630e-01 9.998434759632617297e-01
5.602679726792635373e-01 9.998445178739315820e-01
5.617512107862758786e-01 9.998455501646903443e-01
5.632364092912882647e-01 9.998465729293528614e-01
5.647235681943006957e-01 9.998475862606629461e-01
5.662126874953131717e-01 9.998485902473340792e-01
5.677037671943258035e-01 9.998495849851352091e-01
5.691968072913383692e-01 9.998505705614643135e-01
5.706918077863509797e-01 9.998515470649165238e-01
5.721887686793637462e-01 9.998525145831311800e-01
5.736876899703762245e-01 9.998534732027423155e-01
5.751885716593890807e-01 9.998544230094176255e-01
5.766914137464018708e-01 9.998553640878842241e-01
5.781962162314148168e-01 9.998562965218599219e-01
5.797029791144278077e-01 9.998572203941934466e-01
5.812117023954407324e-01 9.998581357867718511e-01
5.827223860744538131e-01 9.998590427777189760e-01
5.842350301514669386e-01 9.998599414519754314e-01
5.857496346264799980e-01 9.998608318865184197e-01
5.872661994994931023e-01 9.998617141596455316e-01
5.887847247705062514e-01 9.998625883487378685e-01
5.903052104395195565e-01 9.998634545303486387e-01
5.918276565065329065e-01 9.998643127801347674e-01
5.933520629715463013e-01 9.998651631729263967e-01
5.948784298345597410e-01 9.998660057827688519e-01
5.964067570955732256e-01 9.998668406827971866e-01
5.979370447545868661e-01 9.998676679453821770e-01
5.994692928116004405e-01 9.998684876421243262e-01
6.010035012666138377e-01 9.998692998407723298e-01
6.025396701196276128e-01 9.998701046164736317e-01
6.040777993706413218e-01 9.998709020361156163e-01
6.056178890196550757e-01 9.998716921681152225e-01
6.071599390666689855e-01 9.998724750801345484e-01
6.087039495116828292e-01 9.998732508390719698e-01
6.102499203546968287e-01 9.998740195111059936e-01
6.117978515957107621e-01 9.998747811616692793e-01
6.133477432347248515e-01 9.998755358554640704e-01
6.148995952717387636e-01 9.998762836564895062e-01
6.164534077067529427e-01 9.998770246280385132e-01
6.180091805397671667e-01 9.998777588326805965e-01
6.195669137707813245e-01 9.998784863323173511e-01
6.211266073997956383e-01 9.998792071848373597e-01
6.226882614268099969e-01 9.998799214566118643e-01
6.242518758518244004e-01 9.998806292048729727e-01
6.258174506748388488e-01 9.998813304887775866e-01
6.273849858958533421e-01 9.998820253668811997e-01
6.289544815148676582e-01 9.998827138970676209e-01
6.305259375318823523e-01 9.998833961365871659e-01
6.320993539468969802e-01 9.998840721420498845e-01
6.336747307599116530e-01 9.998847419694562033e-01
6.352520679709263707e-01 9.998854056741733887e-01
6.368313655799411332e-01 9.998860633109621920e-01
6.384126235869560517e-01 9.998867149339970561e-01
6.399958419919709041e-01 9.998873605968279232e-01
6.415810207949856903e-01 9.998880003493455515e-01
6.431681599960007434e-01 9.998886342493793489e-01
6.447572595950157304e-01 9.998892623462803941e-01
6.463483195920308733e-01 9.998898846912660510e-01
6.479413399870459500e-01 9.998905013349755899e-01
6.495363207800611827e-01 9.998911123275188162e-01
6.511332619710764602e-01 9.998917177184521998e-01
6.527321635600916716e-01 9.998923175567675514e-01
6.543330255471070389e-01 9.998929118909276603e-01
6.559358479321222291e-01 9.998935007688593002e-01
6.575406307151376861e-01 9.998940842379400173e-01
6.591473738961531881e-01 9.998946623450545301e-01
6.607560774751687349e-01 9.998952351365582025e-01
6.623667414521843266e-01 9.998958026582661640e-01
6.639793658271999632e-01 9.998963649526569908e-01
6.655939506002157557e-01 9.998969220696971583e-01
6.672104957712314821e-01 9.998974740513608683e-01
6.688290013402472534e-01 9.998980209415014864e-01
6.704494673072629585e-01 9.998985627834509060e-01
6.720718936722788195e-01 9.998990996200789461e-01
6.736962804352947254e-01 9.998996314937885765e-01
6.753226275963107872e-01 9.999001584464971559e-01
6.769509351553267829e-01 9.999006805196375414e-01
6.785812031123429344e-01 9.999011977542394680e-01
6.802134314673590199e-01 9.999017101908208582e-01
6.818476202203752612e-01 9.999022178694619845e-01
6.834837693713914364e-01 9.999027208298243430e-01
6.851218789204075454e-01 9.999032191111030254e-01
6.867619488674239214e-01 9.999037127520472579e-01
6.884039792124403423e-01 9.999042017883564837e-01
6.900479699554568080e-01 9.999046862626641552e-01
6.916939210964733187e-01 9.999051662102773630e-01
6.933418326354898742e-01 9.999056416682405857e-01
6.949917045725064746e-01 9.999061126731865201e-01
6.966435369075231199e-01 9.999065792613240911e-01
6.982973296405398100e-01 9.999070414684896324e-01
6.999530827715563230e-01 9.999074993300746117e-01
7.016107963005731030e-01 9.999079528810991269e-01
7.032704702275899278e-01 9.999084021561797098e-01
7.049321045526069085e-01 9.999088471895247743e-01
7.065956992756238231e-01 9.999092880149794693e-01
7.082612543966407825e-01 9.999097246659900406e-01
7.099287699156578979e-01 9.999101571756540130e-01
7.115982458326749471e-01 9.999105855766239337e-01
7.132696821476921523e-01 9.999110099012528119e-01
7.149430788607090692e-01 9.999114301814796546e-01
7.166184359717263641e-01 9.999118464462830591e-01
7.182957534807437039e-01 9.999122587316491284e-01
7.199750313877609775e-01 9.999126670662414895e-01
7.216562696927784071e-01 9.999130714805757325e-01
7.233394683957958815e-01 9.999134720047900826e-01
7.250246274968132898e-01 9.999138686686968036e-01
7.267117469958308540e-01 9.999142615017616587e-01
7.284008268928482410e-01 9.999146505330936963e-01
7.300918671878658950e-01 9.999150357914795562e-01
7.317848678808835938e-01 9.999154173053705907e-01
7.334798289719013376e-01 9.999157951028576630e-01
7.351767504609192372e-01 9.999161692117300992e-01
7.368756323479370707e-01 9.999165396594485999e-01
7.385764746329549491e-01 9.999169064731178169e-01
7.402792773159728723e-01 9.999172696795863846e-01
7.419840403969908404e-01 9.999176293053030351e-01
7.436907638760087425e-01 9.999179853764557091e-01
7.453994477530268004e-01 9.999183379189215959e-01
7.471100920280450142e-01 9.999186869582330495e-01
7.488226967010631618e-01 9.999190325170614901e-01
7.505372617720814654e-01 9.999193746251118231e-01
7.522537872410997029e-01 9.999197133047922348e-01
7.539722731081180962e-01 9.999200485804398131e-01
7.556927193731364234e-01 9.999203804761097603e-01
7.574151260361549065e-01 9.999207090155264321e-01
7.591394930971732125e-01 9.999210342221425130e-01
7.608658205561917853e-01 9.999213561191238053e-01
7.625941084132104031e-01 9.999216747293611096e-01
7.643243566682289547e-01 9.999219900754184875e-01
7.660565653212476622e-01 9.999223021796129762e-01
7.677907343722664146e-01 9.999226110639732878e-01
7.695268638212852119e-01 9.999229167502575732e-01
7.712649536683040541e-01 9.999232192599200042e-01
7.730050039133229411e-01 9.999235186141781639e-01
7.747470145563417621e-01 9.999238148339292254e-01
7.764909855973607389e-01 9.999241079398669685e-01
7.782369170363797606e-01 9.999243979523534387e-01
7.799848088733989382e-01 9.999246848915290808e-01
7.817346611084180497e-01 9.999249687772435724e-01
7.834864737414372060e-01 9.999252496291034520e-01
7.852402467724565183e-01 9.999255274664430315e-01
7.869959802014757644e-01 9.999258023057950862e-01
7.887536740284951664e-01 9.999260741707506339e-01
7.905133282535142802e-01 9.999263430776125228e-01
7.922749428765337720e-01 9.999266090447187505e-01
7.940385178975533087e-01 9.999268720901183238e-01
7.958040533165727792e-01 9.999271322316491961e-01
7.975715491335924057e-01 9.999273894868642154e-01
7.993410053486120770e-01 9.999276438730796412e-01
8.011124219616317932e-01 9.999278954073750336e-01
8.028857989726515543e-01 9.999281441065926979e-01
8.046611363816711382e-01 9.999283899873182557e-01
8.064384341886909890e-01 9.999286330658992972e-01
8.082176923937108848e-01 9.999288733584507094e-01
8.099989109967308254e-01 9.999291108808607831e-01
8.117820899977508109e-01 9.999293456487544640e-01
8.135672293967708413e-01 9.999295776775606326e-01
8.153543291937909165e-01 9.999298069824280599e-01
8.171433893888111477e-01 9.999300335783121163e-01
8.189344099818313127e-01 9.999302574799303622e-01
8.207273909728513006e-01 9.999304787017635476e-01
8.225223323618716664e-01 9.999306972580567221e-01
8.243192341488919661e-01 9.999309131628405511e-01
8.261180963339124217e-01 9.999311264299171054e-01
8.279189189169328111e-01 9.999313370728813988e-01
8.297217018979533565e-01 9.999315451050672099e-01
8.315264452769738357e-01 9.999317505396194683e-01
8.333331490539944708e-01 9.999319533894477363e-01
8.351418132290151508e-01 9.999321536647828301e-01
8.369524378020356536e-01 9.999323513827613752e-01
8.387650227730564234e-01 9.999325465534193436e-01
8.405795681420771270e-01 9.999327391887788963e-01
8.423960739090979866e-01 9.999329293006706809e-01
8.442145400741188910e-01 9.999331169006884235e-01
8.460349666371398403e-01 9.999333020002325600e-01
8.478573535981608345e-01 9.999334846104612762e-01
8.496817009571818735e-01 9.999336647423517910e-01
8.515080087142030685e-01 9.999338424066215314e-01
8.533362768692239753e-01 9.999340176138356018e-01
8.551665054222451490e-01 9.999341903742978710e-01
8.569986943732663676e-01 9.999343606981367927e-01
8.588328437222877421e-01 9.999345285952325746e-01
8.606689534693090504e-01 9.999346940753049973e-01
8.625070236143304037e-01 9.999348571478131609e-01
8.643470541573519128e-01 9.999350178220378638e-01
8.661890450983733558e-01 9.999351761070575106e-01
8.680329964373949547e-01 9.999353320117243538e-01
8.698789081744163765e-01 9.999354855446793700e-01
8.717267803094379541e-01 9.999356367143874547e-01
8.735766128424596877e-01 9.999357855290784691e-01
8.754284057734814661e-01 9.999359319967766613e-01
8.772821591025032895e-01 9.999360761253182073e-01
8.791378728295250466e-01 9.999362179223033609e-01
8.809955469545469597e-01 9.999363573951731698e-01
8.828551814775689177e-01 9.999364945511128866e-01
8.847167763985909206e-01 9.999366293971494457e-01
8.865803317176127463e-01 9.999367619400777452e-01
8.884458474346348389e-01 9.999368921864671966e-01
8.903133235496569764e-01 9.999370201427275617e-01
8.921827600626792698e-01 9.999371458150416725e-01
8.940541569737014971e-01 9.999372692093932979e-01
8.959275142827237692e-01 9.999373903315391665e-01
8.978028319897460863e-01 9.999375091870730259e-01
8.996801100947685592e-01 9.999376257813310520e-01
9.015593485977907440e-01 9.999377401195048698e-01
9.034405474988133067e-01 9.999378522065114350e-01
9.053237067978358033e-01 9.999379620471274821e-01
9.072088264948584557e-01 9.999380696458846085e-01
9.090959065898810421e-01 9.999381750046958395e-01
9.109849470829037843e-01 9.999382781324119840e-01
9.128759479739264604e-01 9.999383790306621833e-01
9.147689092629492924e-01 9.999384777031427030e-01
9.166638309499721693e-01 9.999385741533777239e-01
9.185607130349948690e-01 9.999386683846770429e-01
9.204595555180178357e-01 9.999387604001191976e-01
9.223603583990407362e-01 9.999388502025793324e-01
9.242631216780637926e-01 9.999389377947589530e-01
9.261678453550868939e-01 9.999390231790946659e-01
9.280745294301100401e-01 9.999391063578524363e-01
9.299831739031333422e-01 9.999391873330776281e-01
9.318937787741565781e-01 9.999392661065762411e-01
9.338063440431798590e-01 9.999393426799935147e-01
9.357208697102029626e-01 9.999394170547106775e-01
9.376373557752263332e-01 9.999394892319202199e-01
9.395558022382498597e-01 9.999395592126014698e-01
9.414762090992733201e-01 9.999396269974959450e-01
9.433985763582968254e-01 9.999396925871600894e-01
9.453229040153204865e-01 9.999397559819006576e-01
9.472491920703440815e-01 9.999398171818134617e-01
9.491774405233678324e-01 9.999398761867994700e-01
9.511076493743915172e-01 9.999399329964981931e-01
9.530398186234151359e-01 9.999399876103585161e-01
9.549739482704390214e-01 9.999400400275891831e-01
9.569100383154629519e-01 9.999400902471592412e-01
9.588480887584868162e-01 9.999401382678549943e-01
9.607880995995108364e-01 9.999401840882014003e-01
9.627300708385349015e-01 9.999402277064922684e-01
9.646740024755590115e-01 9.999402691208079119e-01
9.666198945105831664e-01 9.999403083289826188e-01
9.685677469436073661e-01 9.999403453286321852e-01
9.705175597746313887e-01 9.999403801171198314e-01
9.724693330036556782e-01 9.999404126915822921e-01
9.744230666306800126e-01 9.999404430488981754e-01
9.763787606557043919e-01 9.999404711857472483e-01
9.783364150787289271e-01 9.999404970985300567e-01
9.802960298997533961e-01 9.999405207834201059e-01
9.822576051187779100e-01 9.999405422363336626e-01
9.842211407358025799e-01 9.999405614529434105e-01
9.861866367508271836e-01 9.999405784286824472e-01
9.881540931638517211e-01 9.999405931587050933e-01
9.901235099748764146e-01 9.999406056379551710e-01
9.920948871839012639e-01 9.999406158610587569e-01
9.940682247909260472e-01 9.999406238224530785e-01
9.960435227959509863e-01 9.999406295162591718e-01
9.980207811989759703e-01 9.999406329363518253e-01
1.000000000000000666e+00 9.999406340763584700e-01
