0.000000000000000000e+00 0.000000000000000000e+00
2.078119897502626434e-05 0.000000000000000000e+00
4.352279595010249372e-05 0.000000000000000000e+00
6.822479092522875592e-05 0.000000000000000000e+00
9.488718390040502381e-05 0.000000000000000000e+00
1.235099748756312839e-04 0.000000000000000000e+00
1.540931638509075632e-04 0.000000000000000000e+00
1.866367508262337669e-04 0.000000000000000000e+00
2.211407358016100034e-04 0.000000000000000000e+00
2.576051187770363269e-04 0.000000000000000000e+00
2.960298997525126832e-04 0.000000000000000000e+00
3.364150787280388555e-04 0.000000000000000000e+00
3.787606557036150606e-04 0.000000000000000000e+00
4.230666306792412444e-04 0.000000000000000000e+00
4.693330036549174067e-04 0.000000000000000000e+00
5.175597746306437102e-04 0.000000000000000000e+00
5.677469436064200466e-04 0.000000000000000000e+00
6.198945105822462531e-04 0.000000000000000000e+00
6.740024755581224382e-04 0.000000000000000000e+00
7.300708385340486020e-04 0.000000000000000000e+00
7.880995995100251780e-04 0.000000000000000000e+00
8.480887584860512989e-04 0.000000000000000000e+00
9.100383154621275068e-04 0.000000000000000000e+00
9.739482704382536934e-04 0.000000000000000000e+00
1.039818623414429750e-03 0.000000000000000000e+00
1.107649374390655894e-03 0.000000000000000000e+00
1.177440523366932558e-03 0.000000000000000000e+00
1.249192070343258659e-03 0.000000000000000000e+00
1.322904015319634847e-03 0.000000000000000000e+00
1.398576358296060905e-03 4.940656458412465442e-324
1.476209099272537051e-03 4.940656458412465442e-324
1.555802238249063716e-03 4.940656458412465442e-324
1.637355775225640036e-03 4.940656458412465442e-324
1.720869710202266008e-03 4.940656458412465442e-324
1.806344043178942285e-03 4.940656458412465442e-324
1.893778774155669082e-03 4.940656458412465442e-324
1.983173903132445098e-03 4.940656458412465442e-324
2.074529430109271419e-03 4.940656458412465442e-324
2.167845355086147393e-03 4.940656458412465442e-324
2.263121678063073454e-03 4.940656458412465442e-324
2.360358399040050469e-03 4.940656458412465442e-324
2.459555518017076271e-03 4.940656458412465442e-324
2.560713034994152593e-03 4.940656458412465442e-324
2.663830949971278568e-03 4.940656458412465442e-324
2.768909262948454630e-03 4.940656458412465442e-324
2.875947973925680780e-03 4.940656458412465442e-324
2.984947082902957450e-03 4.940656458412465442e-324
3.095906589880283773e-03 4.940656458412465442e-324
3.208826494857659750e-03 4.940656458412465442e-324
3.323706797835085814e-03 4.940656458412465442e-324
3.440547498812561965e-03 4.940656458412465442e-324
3.559348597790088636e-03 4.940656458412465442e-324
3.680110094767664961e-03 4.940656458412465442e-324
3.802831989745290939e-03 4.940656458412465442e-324
3.927514282722965704e-03 4.940656458412465442e-324
4.054156973700691856e-03 4.940656458412465442e-324
4.182760062678468095e-03 4.940656458412465442e-324
4.313323549656295289e-03 4.940656458412465442e-324
4.445847434634171702e-03 4.940656458412465442e-324
4.580331717612097335e-03 4.940656458412465442e-324
4.716776398590073922e-03 4.940656458412465442e-324
4.855181477568099729e-03 4.940656458412465442e-324
4.995546954546175623e-03 4.940656458412465442e-324
5.137872829524301604e-03 4.940656458412465442e-324
5.282159102502477672e-03 4.940656458412465442e-324
5.428405773480703828e-03 4.940656458412465442e-324
5.576612842458980070e-03 4.940656458412465442e-324
5.726780309437305531e-03 4.940656458412465442e-324
5.878908174415681948e-03 4.940656458412465442e-324
6.032996437394107583e-03 4.940656458412465442e-324
6.189045098372585908e-03 9.881312916824930884e-324
6.347054157351111718e-03 9.881312916824930884e-324
6.507023614329687615e-03 9.881312916824930884e-324
6.668953469308313599e-03 9.881312916824930884e-324
6.832843722286989670e-03 9.881312916824930884e-324
6.998694373265715828e-03 9.881312916824930884e-324
7.166505422244492073e-03 9.881312916824930884e-324
7.336276869223317537e-03 9.881312916824930884e-324
7.508008714202193956e-03 9.881312916824930884e-324
7.681700957181119595e-03 9.881312916824930884e-324
7.857353598160098790e-03 9.881312916824930884e-324
8.034966637139125470e-03 1.482196937523739633e-323
8.214540074118200502e-03 1.482196937523739633e-323
8.396073909097327356e-03 1.482196937523739633e-323
8.579568142076502563e-03 1.482196937523739633e-323
8.765022773055727856e-03 1.482196937523739633e-323
8.952437802035004971e-03 1.482196937523739633e-323
9.141813229014330439e-03 1.976262583364986177e-323
9.333149053993705993e-03 1.976262583364986177e-323
9.526445276973131635e-03 1.976262583364986177e-323
9.721701897952607363e-03 1.976262583364986177e-323
9.918918916932136648e-03 2.470328229206232721e-323
1.011809633391171255e-02 2.470328229206232721e-323
1.031923414889133854e-02 2.470328229206232721e-323
1.052233236187101462e-02 2.964393875047479265e-323
1.072739097285074078e-02 2.964393875047479265e-323
1.093440998183051703e-02 3.458459520888725809e-323
1.114338938881034163e-02 3.458459520888725809e-323
1.135432919379021806e-02 3.952525166729972353e-323
1.156722939677014457e-02 3.952525166729972353e-323
1.178208999775011943e-02 4.446590812571218898e-323
1.199891099673014612e-02 8.047341239462223712e-320
1.221769239371022463e-02 1.042762233301512876e-285
1.243843418869035149e-02 2.809839981386319077e-254
1.266113638167052670e-02 2.074947937491665913e-225
1.288579897265075200e-02 5.538239023020050204e-199
1.311242196163102738e-02 7.048206924564537190e-175
1.334100534861135459e-02 5.639980666392766039e-153
1.357154913359173015e-02 3.738632081884496877e-133
1.380405331657215580e-02 2.700648002720191340e-115
1.403851789755263153e-02 2.790675536337290731e-99
1.427494287653315735e-02 5.400372431356785318e-85
1.451332825351373326e-02 2.553611354741102782e-72
1.475367402849436273e-02 3.834741207662441656e-61
1.499598020147503881e-02 2.366032211542809778e-51
1.524024677245576498e-02 7.719845298774951960e-43
1.548647374143653950e-02 1.704398465902136472e-35
1.573466110841736931e-02 3.237221255005024922e-29
1.598480887339824227e-02 6.677107246597426127e-24
1.623691703637917053e-02 1.873369164380134024e-19
1.649098559736014366e-02 8.880225154123131625e-16
1.674701455634117209e-02 8.753674165439101740e-13
1.700500391332224540e-02 2.187184557679971986e-10
1.726495366830337400e-02 1.670869877515145225e-08
1.752686382128455442e-02 4.655949087379208017e-07
1.779073437226577625e-02 5.585525947737666942e-06
1.805656532124705685e-02 3.381031217734049973e-05
1.832435666822837886e-02 1.209415484669748597e-04
1.859410841320975616e-02 2.977108636733429882e-04
1.886582055619118528e-02 5.721641277941708677e-04
1.913949309717265929e-02 9.372271459390313711e-04
1.941512603615418858e-02 1.382266486187184095e-03
1.969271937313575929e-02 1.897893842972297540e-03
1.997227310811738876e-02 2.476787003739789987e-03
2.025378724109906312e-02 3.113374057226005968e-03
2.053726177208079276e-02 3.803381094791896330e-03
2.082269670106256382e-02 4.543468467949544724e-03
2.111009202804439364e-02 5.330970933997011656e-03
2.139944775302626487e-02 6.163717045099363460e-03
2.169076387600819486e-02 7.039903315541379616e-03
2.198404039699017321e-02 7.958005370665757403e-03
2.227927731597219643e-02 8.916714119416578252e-03
2.257647463295427495e-02 9.914889070371189425e-03
2.287563234793639835e-02 1.095152358528792697e-02
2.317675046091857705e-02 1.202571859073064270e-02
2.347982897190080062e-02 1.313666238645197493e-02
2.378486788088307949e-02 1.428361492131636871e-02
2.409186718786539977e-02 1.546589539387957166e-02
2.440082689284778228e-02 1.668287236296106882e-02
2.471174699583020273e-02 1.793395577854993775e-02
2.502462749681268195e-02 1.921859050011586606e-02
2.533946839579521298e-02 2.053625098015536207e-02
2.565626969277778543e-02 2.188643687021467332e-02
2.597503138776041318e-02 2.326866936431191968e-02
2.629575348074308580e-02 2.468248813713797007e-02
2.661843597172581372e-02 2.612744876598791302e-02
2.694307886070858651e-02 2.760312054914833627e-02
2.726968214769141807e-02 2.910908465155894256e-02
2.759824583267428758e-02 3.064493252240666626e-02
2.792876991565721931e-02 3.221026454011026441e-02
2.826125439664019939e-02 3.380468884849648775e-02
2.859569927562322089e-02 3.542782035464777518e-02
2.893210455260630115e-02 3.707927986408075804e-02
2.927047022758941935e-02 3.875869333318683607e-02
2.961079630057259979e-02 4.046569122218043879e-02
2.995308277155582163e-02 4.219990793456046552e-02
3.029732964053910224e-02 4.396098133133567731e-02
3.064353690752242426e-02 4.574855231005393874e-02
3.099170457250580504e-02 4.756226444018966243e-02
3.134183263548922377e-02 4.940176364773135598e-02
3.169392109647270472e-02 5.126669794276357550e-02
3.204796995545623056e-02 5.315671718477787272e-02
3.240397921243980128e-02 5.507147288114732503e-02
3.276194886742343076e-02 5.701061801480795249e-02
3.312187892040710513e-02 5.897380689769227829e-02
3.348376937139083825e-02 6.096069504697327474e-02
3.384762022037460932e-02 6.297093908143319707e-02
3.421343146735843915e-02 6.500419663574073803e-02
3.458120311234230693e-02 6.706012629055120577e-02
3.495093515532624040e-02 6.913838751669137972e-02
3.532262759631021182e-02 7.123864063184690010e-02
3.569628043529424199e-02 7.336054676836439858e-02
3.607189367227831706e-02 7.550376785090261167e-02
3.644946730726244394e-02 7.766796658289944200e-02
3.682900134024662264e-02 7.985280644077592804e-02
3.721049577123083929e-02 8.205795167509433163e-02
3.759395060021512164e-02 8.428306731782087002e-02
3.797936582719944193e-02 8.652781919501340013e-02
3.836674145218382098e-02 8.879187394430261560e-02
3.875607747516824492e-02 9.107489903658498587e-02
3.914737389615272761e-02 9.337656280141282128e-02
3.954063071513724825e-02 9.569653445564067773e-02
3.993584793212182765e-02 9.803448413488630164e-02
4.033302554710645887e-02 1.003900829274146922e-01
4.073216356009112804e-02 1.027630029101571640e-01
4.113326197107585597e-02 1.051529171864742512e-01
4.153632078006062878e-02 1.075594999254657347e-01
4.194133998704546035e-02 1.099824264024994447e-01
4.234831959203032986e-02 1.124213730407564171e-01
4.275725959501525814e-02 1.148760174536195139e-01
4.316815999600023129e-02 1.173460384875981977e-01
4.358102079498526321e-02 1.198311162657701989e-01
4.399584199197033307e-02 1.223309322314455883e-01
4.441262358695546170e-02 1.248451691919916229e-01
4.483136557994064214e-02 1.273735113626323356e-01
4.525206797092586747e-02 1.299156444101749464e-01
4.567473075991114462e-02 1.324712554964410649e-01
4.609935394689646665e-02 1.350400333214454851e-01
4.652593753188184744e-02 1.376216681661060204e-01
4.695448151486726618e-02 1.402158519344686161e-01
4.738498589585275061e-02 1.428222781953907006e-01
4.781745067483826606e-02 1.454406422235392238e-01
4.825187585182384720e-02 1.480706410397534256e-01
4.868826142680946628e-02 1.507119734505940889e-01
4.912660739979515107e-02 1.533643400871475548e-01
4.956691377078088073e-02 1.560274434429564649e-01
5.000918053976664834e-02 1.587009879111150601e-01
5.045340770675248165e-02 1.613846798203721900e-01
5.089959527173835291e-02 1.640782274703902477e-01
5.134774323472428292e-02 1.667813411659777312e-01
5.179785159571025088e-02 1.694937332503338168e-01
5.224992035469628454e-02 1.722151181373151319e-01
5.270394951168235614e-02 1.749452123426320227e-01
5.315993906666848651e-02 1.776837345140663271e-01
5.361788901965465481e-02 1.804304054605769259e-01
5.407779937064088882e-02 1.831849481803982660e-01
5.453967011962716771e-02 1.859470878880386535e-01
5.500350126661349148e-02 1.887165520402288299e-01
5.546929281159986708e-02 1.914930703608135609e-01
5.593704475458628755e-02 1.942763748645239263e-01
5.640675709557277373e-02 1.970661998797423875e-01
5.687842983455929091e-02 1.998622820701371761e-01
5.735206297154587379e-02 2.026643604553058919e-01
5.782765650653248768e-02 2.054721764302948617e-01
5.830521043951917420e-02 2.082854737840633130e-01
5.878472477050590561e-02 2.111039987170130194e-01
5.926619949949267496e-02 2.139274998573266473e-01
5.974963462647950307e-02 2.167557282763905580e-01
6.023503015146637607e-02 2.195884375031610103e-01
6.072238607445330782e-02 2.224253835375411548e-01
6.121170239544027752e-02 2.252663248627374271e-01
6.170297911442730598e-02 2.281110224566793854e-01
6.219621623141437933e-02 2.309592398024461757e-01
6.269141374640151143e-02 2.338107428977252988e-01
6.318857165938866760e-02 2.366653002633816449e-01
6.368768997037589641e-02 2.395226829510410937e-01
6.418876867936318398e-02 2.423826645498349808e-01
6.469180778635051643e-02 2.452450211921936019e-01
6.519680729133789376e-02 2.481095315587786565e-01
6.570376719432530210e-02 2.509759768825802762e-01
6.621268749531278308e-02 2.538441409521320913e-01
6.672356819430030894e-02 2.567138101139221362e-01
6.723640929128789356e-02 2.595847732739844371e-01
6.775121078627552307e-02 2.624568218987047286e-01
6.826797267926318358e-02 2.653297500148230070e-01
6.878669497025091673e-02 2.682033542087413625e-01
6.930737765923869476e-02 2.710774336249635041e-01
6.983002074622653155e-02 2.739517899639741794e-01
7.035462423121441322e-02 2.768262274792629984e-01
7.088118811420231202e-02 2.797005529737380258e-01
7.140971239519029734e-02 2.825745757954457038e-01
7.194019707417832754e-02 2.854481078326510102e-01
7.247264215116641650e-02 2.883209635082221167e-01
7.300704762615452259e-02 2.911929597734586594e-01
7.354341349914270132e-02 2.940639161012923997e-01
7.408173977013092493e-02 2.969336544788742649e-01
7.462202643911922118e-02 2.998019993996512977e-01
7.516427350610754843e-02 3.026687778547961227e-01
7.570848097109590669e-02 3.055338193241896594e-01
7.625464883408433758e-02 3.083969557668310713e-01
7.680277709507281336e-02 3.112580216107600495e-01
7.735286575406134790e-02 3.141168537424951501e-01
7.790491481104989957e-02 3.169732914959851877e-01
7.845892426603853775e-02 3.198271766410828443e-01
7.901489411902722082e-02 3.226783533716418018e-01
7.957282437001594877e-02 3.255266682931594602e-01
8.013271501900470772e-02 3.283719704099389292e-01
8.069456606599353932e-02 3.312141111119524250e-01
8.125837751098241579e-02 3.340529441613188655e-01
8.182414935397135103e-02 3.368883256783186675e-01
8.239188159496033115e-02 3.397201141271718461e-01
8.296157423394934227e-02 3.425481703013919521e-01
8.353322727093842603e-02 3.453723573088751664e-01
8.410684070592755468e-02 3.481925405566878573e-01
8.468241453891674209e-02 3.510085877354289230e-01
8.525994876990593274e-02 3.538203688035187477e-01
8.583944339889522379e-02 3.566277559710158140e-01
8.642089842588455972e-02 3.594306236833609280e-01
8.700431385087394054e-02 3.622288486046641443e-01
8.758968967386336624e-02 3.650223096010035140e-01
8.817702589485282294e-02 3.678108877232647567e-01
8.876632251384235228e-02 3.705944661899540638e-01
8.935757953083194038e-02 3.733729303697519430e-01
8.995079694582157337e-02 3.761461677637989998e-01
9.054597475881122348e-02 3.789140679879774432e-01
9.114311296980096011e-02 3.816765227548685746e-01
9.174221157879074162e-02 3.844334258556409423e-01
9.234327058578056802e-02 3.871846731418038812e-01
9.294628999077042542e-02 3.899301625067662092e-01
9.355126979376035545e-02 3.926697938673228139e-01
9.415820999475034425e-02 3.954034691450364902e-01
9.476711059374037793e-02 3.981310922474780578e-01
9.537797159073045650e-02 4.008525690493654481e-01
9.599079298572055219e-02 4.035678073736999050e-01
9.660557477871074827e-02 4.062767169727188321e-01
9.722231696970097536e-02 4.089792095088648494e-01
9.784101955869126122e-02 4.116751985356402188e-01
9.846168254568156419e-02 4.143645994784539988e-01
9.908430593067193981e-02 4.170473296153628384e-01
9.970888971366237419e-02 4.197233080579094722e-01
1.003354338946528534e-01 4.223924557317080830e-01
1.009639384736433915e-01 4.250546953572645892e-01
1.015944034506339466e-01 4.277099514306139660e-01
1.022268288256245744e-01 4.303581502039737217e-01
1.028612145986152610e-01 4.329992196664671500e-01
1.034975607696059924e-01 4.356330895247781942e-01
1.041358673385967409e-01 4.382596911838791409e-01
1.047761343055875760e-01 4.408789577277390515e-01
1.054183616705784560e-01 4.434908239000350250e-01
1.060625494335693947e-01 4.460952260849196938e-01
1.067086975945603783e-01 4.486921022879181709e-01
1.073568061535513790e-01 4.512813921166876630e-01
1.080068751105424663e-01 4.538630367619360118e-01
1.086589044655335984e-01 4.564369789783734865e-01
1.093128942185247754e-01 4.590031630657135930e-01
1.099688443695159834e-01 4.615615348497823511e-01
1.106267549185072641e-01 4.641120416635422519e-01
1.112866258654986035e-01 4.666546323283995434e-01
1.119484572104899878e-01 4.691892571354318586e-01
1.126122489534813753e-01 4.717158678267027172e-01
1.132780010944728633e-01 4.742344175767944647e-01
1.139457136334643961e-01 4.767448609742371279e-01
1.146153865704559877e-01 4.792471540030991961e-01
1.152870199054476102e-01 4.817412540247822395e-01
1.159606136384392638e-01 4.842271197597513011e-01
1.166361677694310039e-01 4.867047112694302680e-01
1.173136822984227889e-01 4.891739899381782331e-01
1.179931572254146188e-01 4.916349184554885121e-01
1.186745925504064658e-01 4.940874607980305089e-01
1.193579882733983993e-01 4.965315822120900391e-01
1.200433443943903777e-01 4.989672491959438183e-01
1.207306609133824149e-01 5.013944294824544956e-01
1.214199378303744969e-01 5.038130920216017383e-01
1.221111751453665961e-01 5.062232069633972875e-01
1.228043728583587818e-01 5.086247456406968181e-01
1.234995309693510124e-01 5.110176805522337329e-01
1.241966494783433017e-01 5.134019853457465477e-01
1.248957283853355943e-01 5.157776348012460543e-01
1.255967676903279873e-01 5.181446048144021654e-01
1.262997673933204390e-01 5.205028723800700918e-01
1.270047274943129079e-01 5.228524155758506042e-01
1.277116479933054216e-01 5.251932135459541628e-01
1.284205288902980080e-01 5.275252464850123113e-01
1.291313701852906393e-01 5.298484956221745090e-01
1.298441718782833154e-01 5.321629432051423469e-01
1.305589339692760642e-01 5.344685724844772112e-01
1.312756564582688024e-01 5.367653676980591593e-01
1.319943393452616409e-01 5.390533140554795155e-01
1.327149826302545244e-01 5.413323977226770500e-01
1.334375863132474527e-01 5.436026058066855127e-01
1.341621503942403981e-01 5.458639263402914610e-01
1.348886748732334440e-01 5.481163482669489939e-01
1.356171597502265069e-01 5.503598614252397381e-01
1.363476050252196425e-01 5.525944565334982572e-01
1.370800106982128508e-01 5.548201251734867778e-01
1.378143767692060206e-01 5.570368597728102555e-01
1.385507032381993187e-01 5.592446535842870992e-01
1.392889901051926616e-01 5.614435006571194542e-01
1.400292373701860493e-01 5.636253677981635235e-01
1.407714450331794265e-01 5.658062130793524158e-01
1.415156130941729040e-01 5.679780973434319646e-01
1.422617415531664542e-01 5.701410179247710097e-01
1.430098304101600493e-01 5.722949728893603760e-01
1.437598796651536337e-01 5.744399610349856244e-01
1.445118893181473185e-01 5.765759818840180406e-01
1.452658593691410482e-01 5.787030356737645764e-01
1.460217898181348506e-01 5.808211233453460798e-01
1.467796806651286701e-01 5.829302465320130855e-01
1.475395319101225067e-01 5.850304075472925192e-01
1.483013435531164437e-01 5.871216093731087549e-01
1.490651155941104256e-01 5.892038556479464173e-01
1.498308480331044801e-01 5.912771506549677758e-01
1.505985408700985240e-01 5.933414993102296142e-01
1.513681941050926405e-01 5.953969071512937861e-01
1.521398077380868297e-01 5.974433803255163600e-01
1.529133817690810637e-01 5.994809255787982849e-01
1.536889161980753704e-01 6.015095502443847941e-01
1.544664110250696387e-01 6.035292622316291711e-01
1.552458662500640352e-01 6.055400700151764015e-01
1.560272818730584765e-01 6.075419826240122667e-01
1.568106578940529627e-01 6.095350096307510235e-01
1.575959943130474383e-01 6.115191611411222583e-01
1.583832911300420421e-01 6.134944477834741727e-01
1.591725483450366629e-01 6.154608806983676850e-01
1.599637659580313565e-01 6.174184715285161440e-01
1.607569439690260948e-01 6.193672324086515468e-01
1.615520823780208504e-01 6.213071759555176543e-01
1.623491811850156785e-01 6.232383152582133823e-01
1.631482403900105516e-01 6.251606638683141481e-01
1.639492599930054972e-01 6.270742357904337538e-01
1.647522399940004323e-01 6.289790454727355318e-01
1.655571803929954677e-01 6.308751077976679777e-01
1.663640811899905481e-01 6.327624380726790676e-01
1.671729423849857010e-01 6.346410520212389939e-01
1.679837639779808434e-01 6.365109657738735605e-01
1.687965459689760583e-01 6.383721958592412093e-01
1.696112883579713460e-01 6.402247591955487760e-01
1.704279911449667062e-01 6.420686730819228361e-01
1.712466543299620836e-01 6.439039551898722014e-01
1.720672779129574781e-01 6.457306235551087958e-01
1.728898618939529452e-01 6.475486965689967178e-01
1.737144062729484850e-01 6.493581929707937794e-01
1.745409110499440697e-01 6.511591318393332717e-01
1.753693762249396715e-01 6.529515325853243457e-01
1.761998017979353459e-01 6.547354149434633230e-01
1.770321877689310930e-01 6.565107989647862574e-01
1.778665341379268849e-01 6.582777050091106474e-01
1.787028409049227218e-01 6.600361537375433185e-01
1.795411080699185480e-01 6.617861661051891442e-01
1.803813356329145023e-01 6.635277633537964848e-01
1.812235235939104738e-01 6.652609670047981982e-01
1.820676719529065180e-01 6.669857988520726533e-01
1.829137807099025514e-01 6.687022809551428359e-01
1.837618498648986853e-01 6.704104356322991842e-01
1.846118794178948919e-01 6.721102854538865135e-01
1.854638693688911155e-01 6.738018532356854218e-01
1.863178197178873563e-01 6.754851620323276684e-01
1.871737304648836975e-01 6.771602351309391477e-01
1.880316016098800835e-01 6.788270960447669866e-01
1.888914331528765145e-01 6.804857685069374273e-01
1.897532250938729903e-01 6.821362764643342791e-01
1.906169774328694833e-01 6.837786440715102332e-01
1.914826901698660766e-01 6.854128956847990173e-01
1.923503633048627148e-01 6.870390558563788108e-01
1.932199968378593979e-01 6.886571493285016388e-01
1.940915907688560982e-01 6.902672010279263803e-01
1.949651450978528711e-01 6.918692360601262914e-01
1.958406598248497166e-01 6.934632797039711471e-01
1.967181349498466070e-01 6.950493574061910040e-01
1.975975704728435423e-01 6.966274947761056380e-01
1.984789663938404669e-01 6.981977175802895896e-01
1.993623227128375197e-01 6.997600517375286433e-01
2.002476394298345896e-01 7.013145233136142132e-01
2.011349165448317322e-01 7.028611585164611375e-01
2.020241540578288642e-01 7.043999836910900259e-01
2.029153519688260965e-01 7.059310253148171066e-01
2.038085102778234015e-01 7.074543099925018064e-01
2.047036289848207236e-01 7.089698644518775961e-01
2.056007080898180628e-01 7.104777155389526699e-01
2.064997475928155024e-01 7.119778902133806486e-01
2.074007474938129869e-01 7.134704155441615736e-01
2.083037077928105441e-01 7.149553187051286285e-01
2.092086284898081183e-01 7.164326269707635975e-01
2.101155095848057097e-01 7.179023677117716273e-01
2.110243510778034015e-01 7.193645683911649158e-01
2.119351529688011382e-01 7.208192565599862434e-01
2.128479152577989197e-01 7.222664598533334868e-01
2.137626379447967184e-01 7.237062059864410868e-01
2.146793210297945897e-01 7.251385227507436415e-01
2.155979645127925337e-01 7.265634380101207990e-01
2.165185683937905226e-01 7.279809796970632130e-01
2.174411326727885563e-01 7.293911758090614317e-01
2.183656573497865794e-01 7.307940544049010834e-01
2.192921424247847306e-01 7.321896436011652298e-01
2.202205878977829268e-01 7.335779715687764657e-01
2.211509937687811678e-01 7.349590665294226666e-01
2.220833600377793982e-01 7.363329567523155816e-01
2.230176867047777289e-01 7.376996705507959939e-01
2.239539737697761046e-01 7.390592362791278402e-01
2.248922212327745529e-01 7.404116823292957728e-01
2.258324290937730461e-01 7.417570371278395802e-01
2.267745973527715286e-01 7.430953291327651034e-01
2.277187260097701116e-01 7.444265868305947054e-01
2.286648150647687394e-01 7.457508387332956179e-01
2.296128645177674399e-01 7.470681133754384362e-01
2.305628743687661297e-01 7.483784393113117606e-01
2.315148446177649200e-01 7.496818451120943472e-01
2.324687752647637551e-01 7.509783593631388365e-01
2.334246663097626351e-01 7.522680106612062989e-01
2.343825177527615322e-01 7.535508276118807469e-01
2.353423295937605020e-01 7.548268388269441242e-01
2.363041018327595444e-01 7.560960729217386378e-01
2.372678344697586317e-01 7.573585585127734499e-01
2.382335275047577638e-01 7.586143242152361132e-01
2.392011809377569131e-01 7.598633986404420559e-01
2.401707947687561351e-01 7.611058103936522157e-01
2.411423689977554297e-01 7.623415880716236659e-01
2.421159036247547691e-01 7.635707602603457600e-01
2.430913986497540979e-01 7.647933555327538491e-01
2.440688540727535549e-01 7.660094024465547990e-01
2.450482698937530290e-01 7.672189295419453714e-01
2.460296461127525758e-01 7.684219653394873673e-01
2.470129827297521674e-01 7.696185383378009170e-01
2.479982797447517484e-01 7.708086770111745034e-01
2.489855371577514298e-01 7.719924098068785545e-01
2.499747549687511561e-01 7.731697651411302274e-01
2.509659331777509550e-01 7.743378307309571884e-01
2.519590717847506878e-01 7.755024442335747281e-01
2.529541707897505765e-01 7.766607640161942161e-01
2.539512301927505100e-01 7.778128183617599722e-01
2.549502499937504885e-01 7.789586355135930118e-01
2.559512301927505673e-01 7.800982436752029736e-01
2.569541707897506355e-01 7.812316710095026373e-01
2.579590717847507486e-01 7.823589456372435080e-01
2.589659331777509621e-01 7.834800956358827229e-01
2.599747549687512205e-01 7.845951490378177962e-01
2.609855371577514682e-01 7.857041338290959853e-01
2.619982797447518164e-01 7.868070779479388044e-01
2.630129827297520984e-01 7.879040092831932629e-01
2.640296461127525363e-01 7.889949556731428171e-01
2.650482698937530190e-01 7.900799449038335975e-01
2.660688540727535467e-01 7.911590047080246935e-01
2.670913986497541748e-01 7.922321627635918739e-01
2.681159036247547922e-01 7.932994466925084032e-01
2.691423689977554545e-01 7.943608840593114895e-01
2.701707947687562172e-01 7.954165023700505710e-01
2.712011809377570248e-01 7.964663290710342070e-01
2.722335275047577108e-01 7.975103915476041694e-01
2.732678344697586081e-01 7.985487171230050141e-01
2.743041018327595504e-01 7.995813330573200428e-01
2.753423295937605375e-01 8.006082665462779246e-01
2.763825177527615695e-01 8.016295447202156366e-01
2.774246663097627019e-01 8.026451946431226725e-01
2.784687752647638237e-01 8.036552433114625416e-01
2.795148446177649904e-01 8.046597176532785944e-01
2.805628743687662574e-01 8.056586445272252428e-01
2.816128645177674028e-01 8.066520507216011771e-01
2.826648150647687596e-01 8.076399629534293245e-01
2.837187260097701613e-01 8.086224078675691151e-01
2.847745973527716079e-01 8.095994120358309676e-01
2.858324290937730994e-01 8.105710019562072377e-01
2.868922212327746357e-01 8.115372040518449293e-01
2.879539737697762170e-01 8.124980446705348802e-01
2.890176867047778431e-01 8.134535500836402866e-01
2.900833600377795141e-01 8.144037464855471420e-01
2.911509937687811744e-01 8.153486599928596590e-01
2.922205878977829352e-01 8.162883166435784821e-01
2.932921424247847964e-01 8.172227423966248461e-01
2.943656573497866469e-01 8.181519631309368545e-01
2.954411326727885978e-01 8.190760046449757636e-01
2.965185683937905936e-01 8.199948926560219897e-01
2.975979645127926343e-01 8.209086527995361759e-01
2.986793210297947199e-01 8.218173106286261742e-01
2.997626379447967393e-01 8.227208916134491901e-01
3.008479152577989146e-01 8.236194211405711840e-01
3.019351529688011904e-01 8.245129245125434325e-01
3.030243510778034555e-01 8.254014269473374243e-01
3.041155095848058210e-01 8.262849535777748722e-01
3.052086284898081758e-01 8.271635294511386904e-01
3.063037077928106311e-01 8.280371795286277647e-01
3.074007474938131312e-01 8.289059286849247421e-01
3.084997475928156763e-01 8.297698017077149713e-01
3.096007080898180996e-01 8.306288232974093910e-01
3.107036289848207899e-01 8.314830180665042647e-01
3.118085102778234696e-01 8.323324105394126482e-01
3.129153519688261942e-01 8.331770251519458048e-01
3.140241540578289636e-01 8.340168862509957926e-01
3.151349165448318335e-01 8.348520180941801927e-01
3.162476394298346927e-01 8.356824448495211444e-01
3.173623227128376523e-01 8.365081905951472496e-01
3.184789663938406568e-01 8.373292793188900074e-01
3.195975704728435396e-01 8.381457349181198335e-01
3.207181349498466338e-01 8.389575811994443022e-01
3.218406598248497730e-01 8.397648418783040247e-01
3.229651450978529570e-01 8.405675405789189147e-01
3.240915907688562414e-01 8.413657008339220367e-01
3.252199968378595152e-01 8.421593460842083934e-01
3.263503633048628338e-01 8.429484996785542306e-01
3.274826901698662529e-01 8.437331848736784323e-01
3.286169774328696613e-01 8.445134248338626026e-01
3.297532250938730591e-01 8.452892426308078466e-01
3.308914331528765573e-01 8.460606612434561358e-01
3.320316016098801559e-01 8.468277035579319101e-01
3.331737304648837994e-01 8.475903923672495344e-01
3.343178197178874878e-01 8.483487503712459077e-01
3.354638693688912210e-01 8.491028001764684419e-01
3.366118794178950546e-01 8.498525642959919857e-01
3.377618498648988776e-01 8.505980651494221556e-01
3.389137807099027455e-01 8.513393250625895803e-01
3.400676719529066028e-01 8.520763662675786554e-01
3.412235235939105604e-01 8.528092109023808209e-01
3.423813356329146185e-01 8.535370669517325926e-01
3.435411080699187214e-01 8.542615547808742882e-01
3.447028409049228137e-01 8.549819111337018107e-01
3.458665341379270064e-01 8.556981577591095123e-01
3.470321877689312440e-01 8.564103163116957296e-01
3.481998017979355819e-01 8.571184083518741392e-01
3.493693762249399093e-01 8.578224553458415613e-01
3.505409110499441705e-01 8.585224786657477125e-01
3.517144062729485876e-01 8.592184995895101318e-01
3.528898618939531051e-01 8.599105393010758602e-01
3.540672779129576120e-01 8.605986188901664224e-01
3.552466543299622193e-01 8.612827593524983172e-01
3.564279911449668714e-01 8.619629815898011138e-01
3.576112883579715684e-01 8.626393064097589436e-01
3.587965459689763104e-01 8.633117545261695946e-01
3.599837639779809306e-01 8.639803465588972164e-01
3.611729423849858178e-01 8.646451030340734922e-01
3.623640811899906944e-01 8.653060443839966087e-01
3.635571803929956158e-01 8.659631909473749500e-01
3.647522399940006377e-01 8.666165629692299532e-01
3.659492599930056489e-01 8.672661806011044971e-01
3.671482403900107605e-01 8.679120639011692617e-01
3.683491811850159170e-01 8.685542328342688023e-01
3.695520823780210629e-01 8.691927072720007086e-01
3.707569439690261981e-01 8.698275069929187753e-01
3.719637659580314892e-01 8.704586516825310039e-01
3.731725483450368253e-01 8.710861609335056599e-01
3.743832911300422062e-01 8.717100542457705270e-01
3.755959943130476320e-01 8.723303510266903205e-01
3.768106578940531581e-01 8.729470705911011041e-01
3.780272818730586737e-01 8.735602321615464350e-01
3.792458662500642896e-01 8.741698548683672909e-01
3.804664110250698950e-01 8.747759577498938066e-01
3.816889161980754896e-01 8.753785597525763906e-01
3.829133817690812402e-01 8.759776797311461527e-01
3.841398077380869802e-01 8.765733364488035306e-01
3.853681941050928206e-01 8.771655485773468541e-01
3.865985408700987613e-01 8.777543346973427640e-01
3.878308480331046915e-01 8.783397132984188671e-01
3.890651155941106665e-01 8.789217027792497472e-01
3.903013435531166864e-01 8.795003214479002462e-01
3.915395319101228067e-01 8.800755875219806734e-01
3.927796806651288053e-01 8.806475191287046478e-01
3.940217898181350153e-01 8.812161343053953599e-01
3.952658593691412148e-01 8.817814509992838445e-01
3.965118893181475146e-01 8.823434870680687547e-01
3.977598796651538593e-01 8.829022602798783925e-01
3.990098304101602489e-01 8.834577883135985577e-01
4.002617415531666833e-01 8.840100887590979228e-01
4.015156130941732182e-01 8.845591791173569307e-01
4.027714450331797424e-01 8.851050768007684422e-01
4.040292373701862005e-01 8.856477991332752930e-01
4.052889901051928145e-01 8.861873633507001413e-01
4.065507032381995289e-01 8.867237866009172187e-01
4.078143767692062882e-01 8.872570859440194191e-01
4.090800106982130369e-01 8.877872783527243072e-01
4.103476050252198859e-01 8.883143807123640157e-01
4.116171597502267798e-01 8.888384098213811813e-01
4.128886748732337186e-01 8.893593823913861218e-01
4.141621503942407023e-01 8.898773150474368343e-01
4.154375863132476199e-01 8.903922243283797222e-01
4.167149826302546933e-01 8.909041266869330844e-01
4.179943393452618672e-01 8.914130384901448600e-01
4.192756564582690304e-01 8.919189760193669825e-01
4.205589339692762940e-01 8.924219554707819579e-01
4.218441718782836025e-01 8.929219929555254343e-01
4.231313701852909004e-01 8.934191044998553988e-01
4.244205288902982987e-01 8.939133060456846414e-01
4.257116479933056308e-01 8.944046134505325707e-01
4.270047274943131188e-01 8.948930424879558698e-01
4.282997673933206517e-01 8.953786088477826421e-01
4.295967676903282295e-01 8.958613281363974057e-01
4.308957283853359077e-01 8.963412158769280547e-01
4.321966494783435753e-01 8.968182875095932483e-01
4.334995309693513432e-01 8.972925583919912906e-01
4.348043728583591006e-01 8.977640437992254752e-01
4.361111751453669583e-01 8.982327589243406241e-01
4.374199378303746943e-01 8.986987188785078295e-01
4.387306609133826418e-01 8.991619386913138889e-01
4.400433443943906342e-01 8.996224333110608429e-01
4.413579882733986715e-01 9.000802176049559344e-01
4.426745925504067536e-01 9.005353063595191720e-01
4.439931572254149361e-01 9.009877142807461992e-01
4.453136822984231080e-01 9.014374559944356990e-01
4.466361677694313248e-01 9.018845460464123276e-01
4.479606136384396420e-01 9.023289989028580038e-01
4.492870199054478375e-01 9.027708289504743355e-01
4.506153865704562445e-01 9.032095389302660093e-01
4.519457136334646408e-01 9.036461484535981414e-01
4.532780010944731375e-01 9.040801774431974636e-01
4.546122489534816791e-01 9.045116399648208683e-01
4.559484572104903211e-01 9.049405500061906693e-01
4.572866258654989524e-01 9.053669214773196749e-01
4.586267549185076287e-01 9.057907682108513603e-01
4.599688443695163498e-01 9.062121039623453056e-01
4.613128942185250048e-01 9.066309424105312154e-01
4.626589044655338712e-01 9.070472971576462040e-01
4.640068751105427269e-01 9.074611817296729388e-01
4.653568061535516831e-01 9.078726095766740389e-01
4.667086975945606842e-01 9.082815940730393223e-01
4.680625494335697301e-01 9.086881485178366358e-01
4.694183616705788209e-01 9.090922861350216877e-01
4.707761343055879566e-01 9.094940200737162694e-01
4.721358673385971372e-01 9.098933634086673328e-01
4.734975607696062516e-01 9.102903291402717478e-01
4.748612145986155220e-01 9.106849301950700193e-01
4.762268288256248927e-01 9.110771794259753253e-01
4.775944034506342528e-01 9.114670896125082189e-01
4.789639384736437133e-01 9.118546734611051585e-01
4.803354338946532187e-01 9.122399436055046440e-01
4.817088897136627690e-01 9.126229126068974296e-01
4.830843059306723641e-01 9.130035929542682505e-01
4.844616825456818376e-01 9.133819970646965825e-01
4.858410195586915226e-01 9.137581372836579563e-01
4.872223169697012524e-01 9.141320258852489999e-01
4.886055747787110826e-01 9.145036750725019647e-01
4.899907929857209021e-01 9.148730969777190136e-01
4.913779715907308221e-01 9.152403036626617361e-01
4.927671105937407314e-01 9.156053071189358405e-01
4.941582099947507412e-01 9.159681192681875528e-01
4.955512697937607958e-01 9.163287519624430111e-01
4.969462899907707287e-01 9.166872169843821583e-01
4.983432705857808731e-01 9.170435260476261785e-01
4.997422115787910624e-01 9.173976907970131656e-01
5.011431129698012965e-01 9.177497228088549175e-01
5.025459747588115755e-01 9.180996335912459116e-01
5.039507969458218994e-01 9.184474345843318677e-01
5.053575795308323793e-01 9.187931371606368192e-01
5.067663225138427929e-01 9.191367526252829379e-01
5.081770258948532515e-01 9.194782922162626493e-01
5.095896896738636439e-01 9.198177671048013426e-01
5.110043138508743032e-01 9.201551883955205735e-01
5.124208984258848965e-01 9.204905671267977763e-01
5.138394433988955345e-01 9.208239142710914482e-01
5.152599487699063285e-01 9.211552407349761218e-01
5.166824145389171674e-01 9.214845573597932882e-01
5.181068407059279401e-01 9.218118749215384877e-01
5.195332272709388688e-01 9.221372041314416235e-01
5.209615742339498423e-01 9.224605556360366831e-01
5.223918815949606387e-01 9.227819400175564235e-01
5.238241493539717020e-01 9.231013677941125595e-01
5.252583775109828101e-01 9.234188494200641362e-01
5.266945660659939632e-01 9.237343952861925001e-01
5.281327150190051611e-01 9.240480157200374745e-01
5.295728243700164040e-01 9.243597209861360575e-01
5.310148941190276917e-01 9.246695212862782176e-01
5.324589242660390243e-01 9.249774267597857813e-01
5.339049148110504017e-01 9.252834474837854373e-01
5.353528657540617131e-01 9.255875934735043886e-01
5.368027770950731803e-01 9.258898746824222314e-01
5.382546488340846924e-01 9.261903010026621974e-01
5.397084809710962494e-01 9.264888822651786704e-01
5.411642735061079623e-01 9.267856282400083190e-01
5.426220264391196091e-01 9.270805486365968351e-01
5.440817397701314118e-01 9.273736531040097653e-01
5.455434134991431483e-01 9.276649512311841983e-01
5.470070476261550407e-01 9.279544525471947747e-01
5.484726421511667560e-01 9.282421665215244699e-01
5.499401970741787382e-01 9.285281025642710961e-01
5.514097123951906543e-01 9.288122700264679343e-01
5.528811881142027262e-01 9.290946782002886817e-01
5.543546242312148431e-01 9.293753363193277828e-01
5.558300207462270048e-01 9.296542535587692946e-01
5.573073776592392115e-01 9.299314390357732441e-01
5.587866949702514630e-01 9.302069018096171815e-01
5.602679726792635373e-01 9.304806508819764010e-01
5.617512107862758786e-01 9.307526951971660800e-01
5.632364092912882647e-01 9.310230436423366784e-01
5.647235681943006957e-01 9.312917050478705105e-01
5.662126874953131717e-01 9.315586881874161618e-01
5.677037671943258035e-01 9.318240017782871698e-01
5.691968072913383692e-01 9.320876544815727138e-01
5.706918077863509797e-01 9.323496549025042102e-01
5.721887686793637462e-01 9.326100115906731380e-01
5.736876899703762245e-01 9.328687330401033151e-01
5.751885716593890807e-01 9.331258276897356208e-01
5.766914137464018708e-01 9.333813039234311049e-01
5.781962162314148168e-01 9.336351700703925394e-01
5.797029791144278077e-01 9.338874344051826260e-01
5.812117023954407324e-01 9.341381051482051667e-01
5.827223860744538131e-01 9.343871904657229388e-01
5.842350301514669386e-01 9.346346984702025296e-01
5.857496346264799980e-01 9.348806372204787607e-01
5.872661994994931023e-01 9.351250147220115938e-01
5.887847247705062514e-01 9.353678389270548843e-01
5.903052104395195565e-01 9.356091177349845633e-01
5.918276565065329065e-01 9.358488589924085499e-01
5.933520629715463013e-01 9.360870704934495246e-01
5.948784298345597410e-01 9.363237599799471012e-01
5.964067570955732256e-01 9.365589351415972708e-01
5.979370447545868661e-01 9.367926036162956827e-01
5.994692928116004405e-01 9.370247729902827505e-01
6.010035012666138377e-01 9.372554507983551497e-01
6.025396701196276128e-01 9.374846445240483384e-01
6.040777993706413218e-01 9.377123615999349848e-01
6.056178890196550757e-01 9.379386094076473945e-01
6.071599390666689855e-01 9.381633952783221542e-01
6.087039495116828292e-01 9.383867264925901397e-01
6.102499203546968287e-01 9.386086102807752463e-01
6.117978515957107621e-01 9.388285906772263489e-01
6.133477432347248515e-01 9.390475896189206528e-01
6.148995952717387636e-01 9.392651623603145428e-01
6.164534077067529427e-01 9.394813159324706398e-01
6.180091805397671667e-01 9.396960573171597719e-01
6.195669137707813245e-01 9.399093934471650647e-01
6.211266073997956383e-01 9.401213312064472527e-01
6.226882614268099969e-01 9.403318774303216498e-01
6.242518758518244004e-01 9.405410389057574649e-01
6.258174506748388488e-01 9.407488223714236542e-01
6.273849858958533421e-01 9.409552345179948984e-01
6.289544815148676582e-01 9.411602819882628479e-01
6.305259375318823523e-01 9.413639713773638285e-01
6.320993539468969802e-01 9.415663092329058514e-01
6.336747307599116530e-01 9.417673020552670415e-01
6.352520679709263707e-01 9.419669562976425992e-01
6.368313655799411332e-01 9.421652783662572972e-01
6.384126235869560517e-01 9.423622746205884138e-01
6.399958419919709041e-01 9.425579513735217185e-01
6.415810207949856903e-01 9.427523148914953577e-01
6.431681599960007434e-01 9.429453713946908122e-01
6.447572595950157304e-01 9.431371270572037613e-01
6.463483195920308733e-01 9.433275880071912978e-01
6.479413399870459500e-01 9.435167603270580017e-01
6.495363207800611827e-01 9.437046500536716565e-01
6.511332619710764602e-01 9.438912631783858975e-01
6.527321635600916716e-01 9.440766056473576251e-01
6.543330255471070389e-01 9.442606833615766471e-01
6.559358479321222291e-01 9.444435021771193650e-01
6.575406307151376861e-01 9.446250679052683452e-01
6.591473738961531881e-01 9.448053863126568697e-01
6.607560774751687349e-01 9.449844631214345814e-01
6.623667414521843266e-01 9.451623040094219164e-01
6.639793658271999632e-01 9.453389146102286755e-01
6.655939506002157557e-01 9.455143005134456491e-01
6.672104957712314821e-01 9.456884672648061541e-01
6.688290013402472534e-01 9.458614203662394360e-01
6.704494673072629585e-01 9.460331652760901600e-01
6.720718936722788195e-01 9.462037074092309874e-01
6.736962804352947254e-01 9.463730521372669680e-01
6.753226275963107872e-01 9.465412047885323199e-01
6.769509351553267829e-01 9.467081706483931880e-01
6.785812031123429344e-01 9.468739549592226634e-01
6.802134314673590199e-01 9.470385629206546918e-01
6.818476202203752612e-01 9.472019996896997585e-01
6.834837693713914364e-01 9.473642703807659826e-01
6.851218789204075454e-01 9.475253800659151349e-01
6.867619488674239214e-01 9.476853337749616690e-01
6.884039792124403423e-01 9.478441364955138004e-01
6.900479699554568080e-01 9.480017931731672398e-01
6.916939210964733187e-01 9.481583087116649544e-01
6.933418326354898742e-01 9.483136879728996105e-01
6.949917045725064746e-01 9.484679357771267361e-01
6.966435369075231199e-01 9.486210569030141260e-01
6.982973296405398100e-01 9.487730560878329111e-01
6.999530827715563230e-01 9.489239380274826496e-01
7.016107963005731030e-01 9.490737073766402077e-01
7.032704702275899278e-01 9.492223687488974271e-01
7.049321045526069085e-01 9.493699267167867717e-01
7.065956992756238231e-01 9.495163858119963773e-01
7.082612543966407825e-01 9.496617505253344138e-01
7.099287699156578979e-01 9.498060253069438019e-01
7.115982458326749471e-01 9.499492145663600562e-01
7.132696821476921523e-01 9.500913226725856697e-01
7.149430788607090692e-01 9.502323539542067987e-01
7.166184359717263641e-01 9.503723126994985115e-01
7.182957534807437039e-01 9.505112031564753039e-01
7.199750313877609775e-01 9.506490295330278784e-01
7.216562696927784071e-01 9.507857959969500117e-01
7.233394683957958815e-01 9.509215066760742241e-01
7.250246274968132898e-01 9.510561656583226275e-01
7.267117469958308540e-01 9.511897769918282730e-01
7.284008268928482410e-01 9.513223446849429221e-01
7.300918671878658950e-01 9.514538727063848178e-01
7.317848678808835938e-01 9.515843649852611108e-01
7.334798289719013376e-01 9.517138254111769946e-01
7.351767504609192372e-01 9.518422578342876639e-01
7.368756323479370707e-01 9.519696660653435005e-01
7.385764746329549491e-01 9.520960538758009850e-01
7.402792773159728723e-01 9.522214249978098177e-01
7.419840403969908404e-01 9.523457831244875882e-01
7.436907638760087425e-01 9.524691319096011410e-01
7.453994477530268004e-01 9.525914749680065574e-01
7.471100920280450142e-01 9.527128158754736287e-01
7.488226967010631618e-01 9.528331581687761176e-01
7.505372617720814654e-01 9.529525053458607342e-01
7.522537872410997029e-01 9.530708608657496583e-01
7.539722731081180962e-01 9.531882281486216968e-01
7.556927193731364234e-01 9.533046105759136468e-01
7.574151260361549065e-01 9.534200114903302881e-01
7.591394930971732125e-01 9.535344341958115200e-01
7.608658205561917853e-01 9.536478819577655086e-01
7.625941084132104031e-01 9.537603580028825023e-01
7.643243566682289547e-01 9.538718655192264251e-01
7.660565653212476622e-01 9.539824076563871991e-01
7.677907343722664146e-01 9.540919875253488502e-01
7.695268638212852119e-01 9.542006081986817989e-01
7.712649536683040541e-01 9.543082727103404661e-01
7.730050039133229411e-01 9.544149840559158493e-01
7.747470145563417621e-01 9.545207451925015185e-01
7.764909855973607389e-01 9.546255590387828782e-01
7.782369170363797606e-01 9.547294284750064142e-01
7.799848088733989382e-01 9.548323563429951255e-01
7.817346611084180497e-01 9.549343454462463354e-01
7.834864737414372060e-01 9.550353985497662679e-01
7.852402467724565183e-01 9.551355183802814341e-01
7.869959802014757644e-01 9.552347076260122583e-01
7.887536740284951664e-01 9.553329689368692534e-01
7.905133282535142802e-01 9.554303049243080270e-01
7.922749428765337720e-01 9.555267181614678362e-01
7.940385178975533087e-01 9.556222111829840715e-01
7.958040533165727792e-01 9.557167864851029426e-01
7.975715491335924057e-01 9.558104465256748172e-01
7.993410053486120770e-01 9.559031937239825805e-01
8.011124219616317932e-01 9.559950304609584615e-01
8.028857989726515543e-01 9.560859590789420048e-01
8.046611363816711382e-01 9.561759818817729961e-01
8.064384341886909890e-01 9.562651011347398367e-01
8.082176923937108848e-01 9.563533190645648885e-01
8.099989109967308254e-01 9.564406378592658076e-01
8.117820899977508109e-01 9.565270596683328463e-01
8.135672293967708413e-01 9.566125866024175473e-01
8.153543291937909165e-01 9.566972207335034950e-01
8.171433893888111477e-01 9.567809640947986249e-01
8.189344099818313127e-01 9.568638186805883405e-01
8.207273909728513006e-01 9.569457864463534191e-01
8.225223323618716664e-01 9.570268693085848266e-01
8.243192341488919661e-01 9.571070691447894907e-01
8.261180963339124217e-01 9.571863877933571851e-01
8.279189189169328111e-01 9.572648270535939474e-01
8.297217018979533565e-01 9.573423886856120557e-01
8.315264452769738357e-01 9.574190744102066830e-01
8.333331490539944708e-01 9.574948859088393549e-01
8.351418132290151508e-01 9.575698248235556820e-01
8.369524378020356536e-01 9.576438927569325132e-01
8.387650227730564234e-01 9.577170912719144003e-01
8.405795681420771270e-01 9.577894218917487601e-01
8.423960739090979866e-01 9.578608860999349162e-01
8.442145400741188910e-01 9.579314853401582619e-01
8.460349666371398403e-01 9.580012210160396835e-01
8.478573535981608345e-01 9.580700944912490247e-01
8.496817009571818735e-01 9.581381070892199814e-01
8.515080087142030685e-01 9.582052600931333375e-01
8.533362768692239753e-01 9.582715547457020255e-01
8.551665054222451490e-01 9.583369922492570581e-01
8.569986943732663676e-01 9.584015737654374423e-01
8.588328437222877421e-01 9.584653004151196809e-01
8.606689534693090504e-01 9.585281732783281772e-01
8.625070236143304037e-01 9.585901933940624842e-01
8.643470541573519128e-01 9.586513617601843951e-01
8.661890450983733558e-01 9.587116793332726150e-01
8.680329964373949547e-01 9.587711470284701054e-01
8.698789081744163765e-01 9.588297657193290968e-01
8.717267803094379541e-01 9.588875362377243805e-01
8.735766128424596877e-01 9.589444593735793054e-01
8.754284057734814661e-01 9.590005358748254771e-01
8.772821591025032895e-01 9.590557664471776045e-01
8.791378728295250466e-01 9.591101517539528665e-01
8.809955469545469597e-01 9.591636924159294697e-01
8.828551814775689177e-01 9.592163890111764513e-01
8.847167763985909206e-01 9.592682420748350758e-01
8.865803317176127463e-01 9.593192520989846095e-01
8.884458474346348389e-01 9.593694195323441143e-01
8.903133235496569764e-01 9.594187447802493551e-01
8.921827600626792698e-01 9.594672282042611133e-01
8.940541569737014971e-01 9.595148701221344334e-01
8.959275142827237692e-01 9.595616708074924395e-01
8.978028319897460863e-01 9.596076304896493658e-01
8.996801100947685592e-01 9.596527493533520969e-01
9.015593485977907440e-01 9.596970275386996763e-01
9.034405474988133067e-01 9.597404651406901133e-01
9.053237067978358033e-01 9.597830622091765296e-01
9.072088264948584557e-01 9.598248187484822447e-01
9.090959065898810421e-01 9.598657347173434884e-01
9.109849470829037843e-01 9.599058100284315609e-01
9.128759479739264604e-01 9.599450445482424765e-01
9.147689092629492924e-01 9.599834380968107483e-01
9.166638309499721693e-01 9.600209904474622524e-01
9.185607130349948690e-01 9.600577013264192106e-01
9.204595555180178357e-01 9.600935704126846160e-01
9.223603583990407362e-01 9.601285973376879612e-01
9.242631216780637926e-01 9.601627816849428454e-01
9.261678453550868939e-01 9.601961229898818839e-01
9.280745294301100401e-01 9.602286207394001849e-01
9.299831739031333422e-01 9.602602743716607270e-01
9.318937787741565781e-01 9.602910832757350912e-01
9.338063440431798590e-01 9.603210467912600690e-01
9.357208697102029626e-01 9.603501642081925249e-01
9.376373557752263332e-01 9.603784347663851806e-01
9.395558022382498597e-01 9.604058576552850779e-01
9.414762090992733201e-01 9.604324320135938509e-01
9.433985763582968254e-01 9.604581569289390997e-01
9.453229040153204865e-01 9.604830314373791200e-01
9.472491920703440815e-01 9.605070545232718970e-01
9.491774405233678324e-01 9.605302251186564888e-01
9.511076493743915172e-01 9.605525421030532973e-01
9.530398186234151359e-01 9.605740043029746822e-01
9.549739482704390214e-01 9.605946104915186190e-01
9.569100383154629519e-01 9.606143593880879239e-01
9.588480887584868162e-01 9.606332496578061653e-01
9.607880995995108364e-01 9.606512799112664203e-01
9.627300708385349015e-01 9.606684487039548470e-01
9.646740024755590115e-01 9.606847545359070706e-01
9.666198945105831664e-01 9.607001958513095019e-01
9.685677469436073661e-01 9.607147710378783900e-01
9.705175597746313887e-01 9.607284784265850419e-01
9.724693330036556782e-01 9.607413162910719562e-01
9.744230666306800126e-01 9.607532828472208353e-01
9.763787606557043919e-01 9.607643762526281161e-01
9.783364150787289271e-01 9.607745946062349329e-01
9.802960298997533961e-01 9.607839359476099128e-01
9.822576051187779100e-01 9.607923982566858312e-01
9.842211407358025799e-01 9.607999794529815674e-01
9.861866367508271836e-01 9.608066773952870232e-01
9.881540931638517211e-01 9.608124898810619374e-01
9.901235099748764146e-01 9.608174146457794107e-01
9.920948871839012639e-01 9.608214493625151231e-01
9.940682247909260472e-01 9.608245916412501142e-01
9.960435227959509863e-01 9.608268390284196991e-01
9.980207811989759703e-01 9.608281890062208008e-01
1.000000000000000666e+00 9.608286389920449588e-01
