0.000000000000000000e+00 -4.940656458412465442e-324
2.078119897502626434e-05 -4.940656458412465442e-324
4.352279595010249372e-05 4.940656458412465442e-324
6.822479092522875592e-05 -7.970884076488718978e-31
9.488718390040502381e-05 0.000000000000000000e+00
1.235099748756312839e-04 0.000000000000000000e+00
1.540931638509075632e-04 0.000000000000000000e+00
1.866367508262337669e-04 0.000000000000000000e+00
2.211407358016100034e-04 0.000000000000000000e+00
2.576051187770363269e-04 0.000000000000000000e+00
2.960298997525126832e-04 0.000000000000000000e+00
3.364150787280388555e-04 0.000000000000000000e+00
3.787606557036150606e-04 0.000000000000000000e+00
4.230666306792412444e-04 0.000000000000000000e+00
4.693330036549174067e-04 0.000000000000000000e+00
5.175597746306437102e-04 0.000000000000000000e+00
5.677469436064200466e-04 0.000000000000000000e+00
6.198945105822462531e-04 0.000000000000000000e+00
6.740024755581224382e-04 0.000000000000000000e+00
7.300708385340486020e-04 0.000000000000000000e+00
7.880995995100251780e-04 0.000000000000000000e+00
8.480887584860512989e-04 0.000000000000000000e+00
9.100383154621275068e-04 0.000000000000000000e+00
9.739482704382536934e-04 0.000000000000000000e+00
1.039818623414429750e-03 0.000000000000000000e+00
1.107649374390655894e-03 0.000000000000000000e+00
1.177440523366932558e-03 0.000000000000000000e+00
1.249192070343258659e-03 0.000000000000000000e+00
1.322904015319634847e-03 0.000000000000000000e+00
1.398576358296060905e-03 0.000000000000000000e+00
1.476209099272537051e-03 0.000000000000000000e+00
1.555802238249063716e-03 0.000000000000000000e+00
1.637355775225640036e-03 0.000000000000000000e+00
1.720869710202266008e-03 0.000000000000000000e+00
1.806344043178942285e-03 0.000000000000000000e+00
1.893778774155669082e-03 0.000000000000000000e+00
1.983173903132445098e-03 0.000000000000000000e+00
2.074529430109271419e-03 0.000000000000000000e+00
2.167845355086147393e-03 0.000000000000000000e+00
2.263121678063073454e-03 0.000000000000000000e+00
2.360358399040050469e-03 0.000000000000000000e+00
2.459555518017076271e-03 0.000000000000000000e+00
2.560713034994152593e-03 0.000000000000000000e+00
2.663830949971278568e-03 0.000000000000000000e+00
2.768909262948454630e-03 0.000000000000000000e+00
2.875947973925680780e-03 0.000000000000000000e+00
2.984947082902957450e-03 0.000000000000000000e+00
3.095906589880283773e-03 0.000000000000000000e+00
3.208826494857659750e-03 0.000000000000000000e+00
3.323706797835085814e-03 0.000000000000000000e+00
3.440547498812561965e-03 0.000000000000000000e+00
3.559348597790088636e-03 0.000000000000000000e+00
3.680110094767664961e-03 0.000000000000000000e+00
3.802831989745290939e-03 0.000000000000000000e+00
3.927514282722965704e-03 0.000000000000000000e+00
4.054156973700691856e-03 0.000000000000000000e+00
4.182760062678468095e-03 0.000000000000000000e+00
4.313323549656295289e-03 0.000000000000000000e+00
4.445847434634171702e-03 0.000000000000000000e+00
4.580331717612097335e-03 0.000000000000000000e+00
4.716776398590073922e-03 0.000000000000000000e+00
4.855181477568099729e-03 0.000000000000000000e+00
4.995546954546175623e-03 0.000000000000000000e+00
5.137872829524301604e-03 0.000000000000000000e+00
5.282159102502477672e-03 0.000000000000000000e+00
5.428405773480703828e-03 0.000000000000000000e+00
5.576612842458980070e-03 0.000000000000000000e+00
5.726780309437305531e-03 0.000000000000000000e+00
5.878908174415681948e-03 0.000000000000000000e+00
6.032996437394107583e-03 0.000000000000000000e+00
6.189045098372585908e-03 0.000000000000000000e+00
6.347054157351111718e-03 0.000000000000000000e+00
6.507023614329687615e-03 0.000000000000000000e+00
6.668953469308313599e-03 0.000000000000000000e+00
6.832843722286989670e-03 0.000000000000000000e+00
6.998694373265715828e-03 0.000000000000000000e+00
7.166505422244492073e-03 0.000000000000000000e+00
7.336276869223317537e-03 0.000000000000000000e+00
7.508008714202193956e-03 0.000000000000000000e+00
7.681700957181119595e-03 0.000000000000000000e+00
7.857353598160098790e-03 0.000000000000000000e+00
8.034966637139125470e-03 0.000000000000000000e+00
8.214540074118200502e-03 0.000000000000000000e+00
8.396073909097327356e-03 0.000000000000000000e+00
8.579568142076502563e-03 0.000000000000000000e+00
8.765022773055727856e-03 0.000000000000000000e+00
8.952437802035004971e-03 0.000000000000000000e+00
9.141813229014330439e-03 0.000000000000000000e+00
9.333149053993705993e-03 0.000000000000000000e+00
9.526445276973131635e-03 0.000000000000000000e+00
9.721701897952607363e-03 4.940656458412465442e-324
9.918918916932136648e-03 4.940656458412465442e-324
1.011809633391171255e-02 4.940656458412465442e-324
1.031923414889133854e-02 9.881312916824930884e-324
1.052233236187101462e-02 1.482196937523739633e-323
1.072739097285074078e-02 1.400807280697221915e-211
1.093440998183051703e-02 2.994427641803053242e-109
1.114338938881034163e-02 3.082253231334748011e-50
1.135432919379021806e-02 2.408619454932522662e-20
1.156722939677014457e-02 4.954484361576729437e-08
1.178208999775011943e-02 1.850085696974328251e-04
1.199891099673014612e-02 1.662778401422738105e-03
1.221769239371022463e-02 4.318428786103539058e-03
1.243843418869035149e-02 7.718109130976430997e-03
1.266113638167052670e-02 1.166739412673394732e-02
1.288579897265075200e-02 1.606319413323720538e-02
1.311242196163102738e-02 2.084011379520688337e-02
1.334100534861135459e-02 2.595163611583609434e-02
1.357154913359173015e-02 3.136208546745023612e-02
1.380405331657215580e-02 3.704263769296562564e-02
1.403851789755263153e-02 4.296911289626238056e-02
1.427494287653315735e-02 4.912065272263687471e-02
1.451332825351373326e-02 5.547887776040437424e-02
1.475367402849436273e-02 6.202732437157287837e-02
1.499598020147503881e-02 6.875105340475608229e-02
1.524024677245576498e-02 7.563636949117556740e-02
1.548647374143653950e-02 8.267061417233241560e-02
1.573466110841736931e-02 8.984200987690728335e-02
1.598480887339824227e-02 9.713953985348026954e-02
1.623691703637917053e-02 1.045528541091892971e-01
1.649098559736014366e-02 1.120721945296862254e-01
1.674701455634117209e-02 1.196883343908395902e-01
1.700500391332224540e-02 1.273925288324511684e-01
1.726495366830337400e-02 1.351764737940028549e-01
1.752686382128455442e-02 1.430322715612210305e-01
1.779073437226577625e-02 1.509524015330038216e-01
1.805656532124705685e-02 1.589296951514769796e-01
1.832435666822837886e-02 1.669573141816962092e-01
1.859410841320975616e-02 1.750287317091248351e-01
1.886582055619118528e-02 1.831377153591025875e-01
1.913949309717265929e-02 1.912783123462756252e-01
1.941512603615418858e-02 1.994448360411949228e-01
1.969271937313575929e-02 2.076316386788274182e-01
1.997227310811738876e-02 2.158339467997479888e-01
2.025378724109906312e-02 2.240466010025376209e-01
2.053726177208079276e-02 2.322648674052382456e-01
2.082269670106256382e-02 2.404842266054652289e-01
2.111009202804439364e-02 2.487003654723960733e-01
2.139944775302626487e-02 2.569091694301000040e-01
2.169076387600819486e-02 2.651067151704176728e-01
2.198404039699017321e-02 2.732892637437994710e-01
2.227927731597219643e-02 2.814532539850055359e-01
2.257647463295427495e-02 2.895952962372801975e-01
2.287563234793639835e-02 2.977121663449057154e-01
2.317675046091857705e-02 3.058007998880933886e-01
2.347982897190080062e-02 3.138582866389236781e-01
2.378486788088307949e-02 3.218818652195223895e-01
2.409186718786539977e-02 3.298689179472483746e-01
2.440082689284778228e-02 3.378169658531400832e-01
2.471174699583020273e-02 3.457236638624586189e-01
2.502462749681268195e-02 3.535867961273657656e-01
2.533946839579521298e-02 3.614042715032492747e-01
2.565626969277778543e-02 3.691741191614029693e-01
2.597503138776041318e-02 3.768944843315457094e-01
2.629575348074308580e-02 3.845636241686390400e-01
2.661843597172581372e-02 3.921799037390056863e-01
2.694307886070858651e-02 3.997417921213556880e-01
2.726968214769141807e-02 4.072478586188170713e-01
2.759824583267428758e-02 4.146967690784428284e-01
2.792876991565721931e-02 4.220872823148095199e-01
2.826125439664019939e-02 4.294182466350159877e-01
2.859569927562322089e-02 4.366884766330589307e-01
2.893210455260630115e-02 4.438972151310037195e-01
2.927047022758941935e-02 4.510434518774941171e-01
2.961079630057259979e-02 4.581263602089526432e-01
2.995308277155582163e-02 4.651451870047461079e-01
3.029732964053910224e-02 4.720992497691393064e-01
3.064353690752242426e-02 4.789879337988449670e-01
3.099170457250580504e-02 4.858106894343126037e-01
3.134183263548922377e-02 4.925670293926429633e-01
3.169392109647270472e-02 4.992565261808430410e-01
3.204796995545623056e-02 5.058788095873387736e-01
3.240397921243980128e-02 5.124335642501836041e-01
3.276194886742343076e-02 5.189205273003837382e-01
3.312187892040710513e-02 5.253394860784379450e-01
3.348376937139083825e-02 5.316902759228424591e-01
3.384762022037460932e-02 5.379727508144019898e-01
3.421343146735843915e-02 5.441868842540072970e-01
3.458120311234230693e-02 5.503326207294217953e-01
3.495093515532624040e-02 5.564099667094184465e-01
3.532262759631021182e-02 5.624189666177107361e-01
3.569628043529424199e-02 5.683597010191244747e-01
3.607189367227831706e-02 5.742322848661859380e-01
3.644946730726244394e-02 5.800368658055015114e-01
3.682900134024662264e-02 5.857736225420377973e-01
3.721049577123083929e-02 5.914427632597641926e-01
3.759395060021512164e-02 5.970445147528881114e-01
3.797936582719944193e-02 6.025791552858061895e-01
3.836674145218382098e-02 6.080469655407317875e-01
3.875607747516824492e-02 6.134482567841094136e-01
3.914737389615272761e-02 6.187833626570506951e-01
3.954063071513724825e-02 6.240526379056851036e-01
3.993584793212182765e-02 6.292564571577365928e-01
4.033302554710645887e-02 6.343952137451766005e-01
4.073216356009112804e-02 6.394693132822250048e-01
4.113326197107585597e-02 6.444791915760406109e-01
4.153632078006062878e-02 6.494252876943854558e-01
4.194133998704546035e-02 6.543080587559609862e-01
4.234831959203032986e-02 6.591279753284629006e-01
4.275725959501525814e-02 6.638855204978312274e-01
4.316815999600023129e-02 6.685811865382925712e-01
4.358102079498526321e-02 6.732154824846533492e-01
4.399584199197033307e-02 6.777889221624457949e-01
4.441262358695546170e-02 6.823020300305205899e-01
4.483136557994064214e-02 6.867553389387588414e-01
4.525206797092586747e-02 6.911493894024475226e-01
4.567473075991114462e-02 6.954847269328174875e-01
4.609935394689646665e-02 6.997619081110164618e-01
4.652593753188184744e-02 7.039814911279914655e-01
4.695448151486726618e-02 7.081440403887943047e-01
4.738498589585275061e-02 7.122501247698764804e-01
4.781745067483826606e-02 7.163003157753268235e-01
4.825187585182384720e-02 7.202951912650388255e-01
4.868826142680946628e-02 7.242353294911563211e-01
4.912660739979515107e-02 7.281213117846629945e-01
4.956691377078088073e-02 7.319537214006710535e-01
5.000918053976664834e-02 7.357331418482672136e-01
5.045340770675248165e-02 7.394601605225543661e-01
5.089959527173835291e-02 7.431353631312085373e-01
5.134774323472428292e-02 7.467593363213701485e-01
5.179785159571025088e-02 7.503326658907016888e-01
5.224992035469628454e-02 7.538559388814063400e-01
5.270394951168235614e-02 7.573297402239018705e-01
5.315993906666848651e-02 7.607546541542408169e-01
5.361788901965465481e-02 7.641312629456091798e-01
5.407779937064088882e-02 7.674601485173055959e-01
5.453967011962716771e-02 7.707418898590335798e-01
5.500350126661349148e-02 7.739770640872859486e-01
5.546929281159986708e-02 7.771662453881142962e-01
5.593704475458628755e-02 7.803100064828895066e-01
5.640675709557277373e-02 7.834089163659456734e-01
5.687842983455929091e-02 7.864635412655708313e-01
5.735206297154587379e-02 7.894744436224329087e-01
5.782765650653248768e-02 7.924421837544295411e-01
5.830521043951917420e-02 7.953673174464235274e-01
5.878472477050590561e-02 7.982503967333018924e-01
5.926619949949267496e-02 8.010919704713558298e-01
5.974963462647950307e-02 8.038925830468747202e-01
6.023503015146637607e-02 8.066527748916664242e-01
6.072238607445330782e-02 8.093730817738378214e-01
6.121170239544027752e-02 8.120540361056221013e-01
6.170297911442730598e-02 8.146961651421783523e-01
6.219621623141437933e-02 8.172999915255951819e-01
6.269141374640151143e-02 8.198660339401340202e-01
6.318857165938866760e-02 8.223948059301748881e-01
6.368768997037589641e-02 8.248868162111920865e-01
6.418876867936318398e-02 8.273425691312358277e-01
6.469180778635051643e-02 8.297625638705411477e-01
6.519680729133789376e-02 8.321472947972833323e-01
6.570376719432530210e-02 8.344972509211227019e-01
6.621268749531278308e-02 8.368129171271128097e-01
6.672356819430030894e-02 8.390947726155053576e-01
6.723640929128789356e-02 8.413432913766858423e-01
6.775121078627552307e-02 8.435589430251925203e-01
6.826797267926318358e-02 8.457421915462073336e-01
6.878669497025091673e-02 8.478934956568545678e-01
6.930737765923869476e-02 8.500133095592593557e-01
6.983002074622653155e-02 8.521020818605585800e-01
7.035462423121441322e-02 8.541602558850639459e-01
7.088118811420231202e-02 8.561882703583932885e-01
7.140971239519029734e-02 8.581865584615365750e-01
7.194019707417832754e-02 8.601555480974980572e-01
7.247264215116641650e-02 8.620956625557077979e-01
7.300704762615452259e-02 8.640073196276341072e-01
7.354341349914270132e-02 8.658909318635884533e-01
7.408173977013092493e-02 8.677469072163846997e-01
7.462202643911922118e-02 8.695756482068334181e-01
7.516427350610754843e-02 8.713775521651453415e-01
7.570848097109590669e-02 8.731530118858097378e-01
7.625464883408433758e-02 8.749024147976524057e-01
7.680277709507281336e-02 8.766261432119957231e-01
7.735286575406134790e-02 8.783245749860161267e-01
7.790491481104989957e-02 8.799980826928446298e-01
7.845892426603853775e-02 8.816470338707270704e-01
7.901489411902722082e-02 8.832717917165174848e-01
7.957282437001594877e-02 8.848727141150237729e-01
8.013271501900470772e-02 8.864501544538695432e-01
8.069456606599353932e-02 8.880044612457533848e-01
8.125837751098241579e-02 8.895359782157401529e-01
8.182414935397135103e-02 8.910450446168425298e-01
8.239188159496033115e-02 8.925319949277936704e-01
8.296157423394934227e-02 8.939971589542755614e-01
8.353322727093842603e-02 8.954408621685767677e-01
8.410684070592755468e-02 8.968634253765257469e-01
8.468241453891674209e-02 8.982651648309485370e-01
8.525994876990593274e-02 8.996463926002160605e-01
8.583944339889522379e-02 9.010074161968003592e-01
8.642089842588455972e-02 9.023485387056072726e-01
8.700431385087394054e-02 9.036700591817242723e-01
8.758968967386336624e-02 9.049722722384010432e-01
8.817702589485282294e-02 9.062554681897753150e-01
8.876632251384235228e-02 9.075199334801945517e-01
8.935757953083194038e-02 9.087659502273550682e-01
8.995079694582157337e-02 9.099937963806792318e-01
9.054597475881122348e-02 9.112037461831146157e-01
9.114311296980096011e-02 9.123960696665852632e-01
9.174221157879074162e-02 9.135710328275092884e-01
9.234327058578056802e-02 9.147288981199855895e-01
9.294628999077042542e-02 9.158699238268953602e-01
9.355126979376035545e-02 9.169943646342419985e-01
9.415820999475034425e-02 9.181024713920522551e-01
9.476711059374037793e-02 9.191944911939915475e-01
9.537797159073045650e-02 9.202706676187253354e-01
9.599079298572055219e-02 9.213312405343342393e-01
9.660557477871074827e-02 9.223764461866255093e-01
9.722231696970097536e-02 9.234065174573838908e-01
9.784101955869126122e-02 9.244216836415657390e-01
9.846168254568156419e-02 9.254221705452463365e-01
9.908430593067193981e-02 9.264082007580072275e-01
9.970888971366237419e-02 9.273799934059241412e-01
1.003354338946528534e-01 9.283377642571131183e-01
1.009639384736433915e-01 9.292817260085178832e-01
1.015944034506339466e-01 9.302120880145028359e-01
1.022268288256245744e-01 9.311290564010791249e-01
1.028612145986152610e-01 9.320328343633166313e-01
1.034975607696059924e-01 9.329236218738355957e-01
1.041358673385967409e-01 9.338016158035986614e-01
1.047761343055875760e-01 9.346670102291310123e-01
1.054183616705784560e-01 9.355199961221517535e-01
1.060625494335693947e-01 9.363607614776209287e-01
1.067086975945603783e-01 9.371894916261860331e-01
1.073568061535513790e-01 9.380063689106474811e-01
1.080068751105424663e-01 9.388115728185989495e-01
1.086589044655335984e-01 9.396052802984605767e-01
1.093128942185247754e-01 9.403876654256884127e-01
1.099688443695159834e-01 9.411588995394345458e-01
1.106267549185072641e-01 9.419191515584047769e-01
1.112866258654986035e-01 9.426685876418066101e-01
1.119484572104899878e-01 9.434073713286292850e-01
1.126122489534813753e-01 9.441356638497649945e-01
1.132780010944728633e-01 9.448536237886437927e-01
1.139457136334643961e-01 9.455614072212376042e-01
1.146153865704559877e-01 9.462591680214134104e-01
1.152870199054476102e-01 9.469470575260200418e-01
1.159606136384392638e-01 9.476252246742126184e-01
1.166361677694310039e-01 9.482938163025155243e-01
1.173136822984227889e-01 9.489529768193278869e-01
1.179931572254146188e-01 9.496028483416929511e-01
1.186745925504064658e-01 9.502435709774139649e-01
1.193579882733983993e-01 9.508752825131815412e-01
1.200433443943903777e-01 9.514981185474583603e-01
1.207306609133824149e-01 9.521122127566901128e-01
1.214199378303744969e-01 9.527176966015722392e-01
1.221111751453665961e-01 9.533146994540260266e-01
1.228043728583587818e-01 9.539033488457273613e-01
1.234995309693510124e-01 9.544837701956493392e-01
1.241966494783433017e-01 9.550560869301477629e-01
1.248957283853355943e-01 9.556204207118376148e-01
1.255967676903279873e-01 9.561768911912642555e-01
1.262997673933204390e-01 9.567256161190529351e-01
1.270047274943129079e-01 9.572667115537862870e-01
1.277116479933054216e-01 9.578002916400480959e-01
1.284205288902980080e-01 9.583264687117213354e-01
1.291313701852906393e-01 9.588453534778723641e-01
1.298441718782833154e-01 9.593570548290063504e-01
1.305589339692760642e-01 9.598616799302891467e-01
1.312756564582688024e-01 9.603593343859996301e-01
1.319943393452616409e-01 9.608501220736863635e-01
1.327149826302545244e-01 9.613341452276982224e-01
1.334375863132474527e-01 9.618115045819847220e-01
1.341621503942403981e-01 9.622822992323680769e-01
1.348886748732334440e-01 9.627466267098557795e-01
1.356171597502265069e-01 9.632045831030014993e-01
1.363476050252196425e-01 9.636562629471319141e-01
1.370800106982128508e-01 9.641017592877031417e-01
1.378143767692060206e-01 9.645411637832685958e-01
1.385507032381993187e-01 9.649745666203010108e-01
1.392889901051926616e-01 9.654020565945291565e-01
1.400292373701860493e-01 9.658237210578551890e-01
1.407714450331794265e-01 9.662396461332350972e-01
1.415156130941729040e-01 9.666499165043143105e-01
1.422617415531664542e-01 9.670546155147192735e-01
1.430098304101600493e-01 9.674538253162522361e-01
1.437598796651536337e-01 9.678476267048448101e-01
1.445118893181473185e-01 9.682360992026738389e-01
1.452658593691410482e-01 9.686193211770999234e-01
1.460217898181348506e-01 9.689973697180064294e-01
1.467796806651286701e-01 9.693703207042309034e-01
1.475395319101225067e-01 9.697382488972656756e-01
1.483013435531164437e-01 9.701012278543119649e-01
1.490651155941104256e-01 9.704593300049254578e-01
1.498308480331044801e-01 9.708126266033519913e-01
1.505985408700985240e-01 9.711611879115747969e-01
1.513681941050926405e-01 9.715050830173782570e-01
1.521398077380868297e-01 9.718443799229423696e-01
1.529133817690810637e-01 9.721791456605338722e-01
1.536889161980753704e-01 9.725094461630803266e-01
1.544664110250696387e-01 9.728353463322737538e-01
1.552458662500640352e-01 9.731569101250271414e-01
1.560272818730584765e-01 9.734742004671391724e-01
1.568106578940529627e-01 9.737872793256613368e-01
1.575959943130474383e-01 9.740962076654197110e-01
1.583832911300420421e-01 9.744010456099108097e-01
1.591725483450366629e-01 9.747018522797284978e-01
1.599637659580313565e-01 9.749986858729928763e-01
1.607569439690260948e-01 9.752916037601363497e-01
1.615520823780208504e-01 9.755806623768844554e-01
1.623491811850156785e-01 9.758659172831490869e-01
1.631482403900105516e-01 9.761474232292377540e-01
1.639492599930054972e-01 9.764252340917874973e-01
1.647522399940004323e-01 9.766994029298459168e-01
1.655571803929954677e-01 9.769699819549441111e-01
1.663640811899905481e-01 9.772370226494755396e-01
1.671729423849857010e-01 9.775005756524128842e-01
1.679837639779808434e-01 9.777606908203739788e-01
1.687965459689760583e-01 9.780174172918706388e-01
1.696112883579713460e-01 9.782708034206629710e-01
1.704279911449667062e-01 9.785208968313900968e-01
1.712466543299620836e-01 9.787677443899953644e-01
1.720672779129574781e-01 9.790113923144075914e-01
1.728898618939529452e-01 9.792518860661696412e-01
1.737144062729484850e-01 9.794892704085778057e-01
1.745409110499440697e-01 9.797235894635557552e-01
1.753693762249396715e-01 9.799548866516187839e-01
1.761998017979353459e-01 9.801832047417322613e-01
1.770321877689310930e-01 9.804085858265566555e-01
1.778665341379268849e-01 9.806310714163322118e-01
1.787028409049227218e-01 9.808507023480595999e-01
1.795411080699185480e-01 9.810675188523682033e-01
1.803813356329145023e-01 9.812815605163983657e-01
1.812235235939104738e-01 9.814928664031203898e-01
1.820676719529065180e-01 9.817014749259765916e-01
1.829137807099025514e-01 9.819074239138549931e-01
1.837618498648986853e-01 9.821107506673353305e-01
1.846118794178948919e-01 9.823114918916412419e-01
1.854638693688911155e-01 9.825096837479816436e-01
1.863178197178873563e-01 9.827053618277737934e-01
1.871737304648836975e-01 9.828985612413267958e-01
1.880316016098800835e-01 9.830893165285543578e-01
1.888914331528765145e-01 9.832776617227014793e-01
1.897532250938729903e-01 9.834636303164445703e-01
1.906169774328694833e-01 9.836472553657356066e-01
1.914826901698660766e-01 9.838285693793906717e-01
1.923503633048627148e-01 9.840076043772483239e-01
1.932199968378593979e-01 9.841843919348619574e-01
1.940915907688560982e-01 9.843589631293581110e-01
1.949651450978528711e-01 9.845313485812319243e-01
1.958406598248497166e-01 9.847015784352657342e-01
1.967181349498466070e-01 9.848696824272010764e-01
1.975975704728435423e-01 9.850356898186282129e-01
1.984789663938404669e-01 9.851996294446023761e-01
1.993623227128375197e-01 9.853615296909056243e-01
2.002476394298345896e-01 9.855214185664987747e-01
2.011349165448317322e-01 9.856793236295482430e-01
2.020241540578288642e-01 9.858352720396117430e-01
2.029153519688260965e-01 9.859892905322514833e-01
2.038085102778234015e-01 9.861414054952668540e-01
2.047036289848207236e-01 9.862916428884049846e-01
2.056007080898180628e-01 9.864400282987989543e-01
2.064997475928155024e-01 9.865865869135914679e-01
2.074007474938129869e-01 9.867313435982729697e-01
2.083037077928105441e-01 9.868743228124998712e-01
2.092086284898081183e-01 9.870155486673878320e-01
2.101155095848057097e-01 9.871550448972694625e-01
2.110243510778034015e-01 9.872928349375313939e-01
2.119351529688011382e-01 9.874289418400858942e-01
2.128479152577989197e-01 9.875633883301401239e-01
2.137626379447967184e-01 9.876961967787283303e-01
2.146793210297945897e-01 9.878273892776300302e-01
2.155979645127925337e-01 9.879569875571923010e-01
2.165185683937905226e-01 9.880850130414616794e-01
2.174411326727885563e-01 9.882114868217394266e-01
2.183656573497865794e-01 9.883364297272380083e-01
2.192921424247847306e-01 9.884598622475562202e-01
2.202205878977829268e-01 9.885818045847336588e-01
2.211509937687811678e-01 9.887022766287042463e-01
2.220833600377793982e-01 9.888212980220177917e-01
2.230176867047777289e-01 9.889388880892712175e-01
2.239539737697761046e-01 9.890550658844989851e-01
2.248922212327745529e-01 9.891698501696656320e-01
2.258324290937730461e-01 9.892832594718756756e-01
2.267745973527715286e-01 9.893953120214927788e-01
2.277187260097701116e-01 9.895060257940437864e-01
2.286648150647687394e-01 9.896154184920643582e-01
2.296128645177674399e-01 9.897235075940521432e-01
2.305628743687661297e-01 9.898303103024553851e-01
2.315148446177649200e-01 9.899358435793802480e-01
2.324687752647637551e-01 9.900401241319038981e-01
2.334246663097626351e-01 9.901431684528440025e-01
2.343825177527615322e-01 9.902449927786302064e-01
2.353423295937605020e-01 9.903456131190437883e-01
2.363041018327595444e-01 9.904450452549704575e-01
2.372678344697586317e-01 9.905433047243346056e-01
2.382335275047577638e-01 9.906404068839396171e-01
2.392011809377569131e-01 9.907363668386497402e-01
2.401707947687561351e-01 9.908311994878070683e-01
2.411423689977554297e-01 9.909249195047989955e-01
2.421159036247547691e-01 9.910175413860831117e-01
2.430913986497540979e-01 9.911090793969611346e-01
2.440688540727535549e-01 9.911995476075751155e-01
2.450482698937530290e-01 9.912889598785080691e-01
2.460296461127525758e-01 9.913773298972865522e-01
2.470129827297521674e-01 9.914646711394694556e-01
2.479982797447517484e-01 9.915509968956233156e-01
2.489855371577514298e-01 9.916363202689745249e-01
2.499747549687511561e-01 9.917206541637388906e-01
2.509659331777509550e-01 9.918040113355520715e-01
2.519590717847506878e-01 9.918864043337648484e-01
2.529541707897505765e-01 9.919678455392425542e-01
2.539512301927505100e-01 9.920483471489475180e-01
2.549502499937504885e-01 9.921279212116763668e-01
2.559512301927505673e-01 9.922065795893225681e-01
2.569541707897506355e-01 9.922843339829658937e-01
2.579590717847507486e-01 9.923611959303704211e-01
2.589659331777509621e-01 9.924371767955502133e-01
2.599747549687512205e-01 9.925122878135116400e-01
2.609855371577514682e-01 9.925865400388246274e-01
2.619982797447518164e-01 9.926599443790953270e-01
2.630129827297520984e-01 9.927325115820477830e-01
2.640296461127525363e-01 9.928042522649040968e-01
2.650482698937530190e-01 9.928751768827571711e-01
2.660688540727535467e-01 9.929452957500657373e-01
2.670913986497541748e-01 9.930146190386426319e-01
2.681159036247547922e-01 9.930831567698521489e-01
2.691423689977554545e-01 9.931509188493921059e-01
2.701707947687562172e-01 9.932179150279253355e-01
2.712011809377570248e-01 9.932841549270575721e-01
2.722335275047577108e-01 9.933496480360466396e-01
2.732678344697586081e-01 9.934144037027471397e-01
2.743041018327595504e-01 9.934784311722603123e-01
2.753423295937605375e-01 9.935417395418930653e-01
2.763825177527615695e-01 9.936043377903259755e-01
2.774246663097627019e-01 9.936662347733841161e-01
2.784687752647638237e-01 9.937274392142347867e-01
2.795148446177649904e-01 9.937879597444448931e-01
2.805628743687662574e-01 9.938478048550445365e-01
2.816128645177674028e-01 9.939069829279136847e-01
2.826648150647687596e-01 9.939655022309801247e-01
2.837187260097701613e-01 9.940233709077299640e-01
2.847745973527716079e-01 9.940805970195654151e-01
2.858324290937730994e-01 9.941371884948174698e-01
2.868922212327746357e-01 9.941931531612646644e-01
2.879539737697762170e-01 9.942484987407501640e-01
2.890176867047778431e-01 9.943032328390413177e-01
2.900833600377795141e-01 9.943573629871813591e-01
2.911509937687811744e-01 9.944108965911421238e-01
2.922205878977829352e-01 9.944638409640471632e-01
2.932921424247847964e-01 9.945162033204388852e-01
2.943656573497866469e-01 9.945679907669287001e-01
2.954411326727885978e-01 9.946192103410527174e-01
2.965185683937905936e-01 9.946698689639186242e-01
2.975979645127926343e-01 9.947199734701521745e-01
2.986793210297947199e-01 9.947695306030107654e-01
2.997626379447967393e-01 9.948185470056447599e-01
3.008479152577989146e-01 9.948670292562170614e-01
3.019351529688011904e-01 9.949149838253125155e-01
3.030243510778034555e-01 9.949624171029376463e-01
3.041155095848058210e-01 9.950093353942067731e-01
3.052086284898081758e-01 9.950557449115373654e-01
3.063037077928106311e-01 9.951016518056488014e-01
3.074007474938131312e-01 9.951470621283561302e-01
3.084997475928156763e-01 9.951919818562603437e-01
3.096007080898180996e-01 9.952364168868339522e-01
3.107036289848207899e-01 9.952803730324207843e-01
3.118085102778234696e-01 9.953238560455262007e-01
3.129153519688261942e-01 9.953668715887409313e-01
3.140241540578289636e-01 9.954094252539995580e-01
3.151349165448318335e-01 9.954515225596612948e-01
3.162476394298346927e-01 9.954931689515786886e-01
3.173623227128376523e-01 9.955343697945157055e-01
3.184789663938406568e-01 9.955751304059791140e-01
3.195975704728435396e-01 9.956154560143737342e-01
3.207181349498466338e-01 9.956553517850678103e-01
3.218406598248497730e-01 9.956948228161761616e-01
3.229651450978529570e-01 9.957338741317732778e-01
3.240915907688562414e-01 9.957725107079113958e-01
3.252199968378595152e-01 9.958107374411767632e-01
3.263503633048628338e-01 9.958485591686131455e-01
3.274826901698662529e-01 9.958859806643073354e-01
3.286169774328696613e-01 9.959230066404437531e-01
3.297532250938730591e-01 9.959596417393357104e-01
3.308914331528765573e-01 9.959958905644284988e-01
3.320316016098801559e-01 9.960317576415134155e-01
3.331737304648837994e-01 9.960672474430645185e-01
3.343178197178874878e-01 9.961023643839086450e-01
3.354638693688912210e-01 9.961371128156691901e-01
3.366118794178950546e-01 9.961714970486181819e-01
3.377618498648988776e-01 9.962055213252325458e-01
3.389137807099027455e-01 9.962391898369906684e-01
3.400676719529066028e-01 9.962725067214919239e-01
3.412235235939105604e-01 9.963054760633208717e-01
3.423813356329146185e-01 9.963381018880450579e-01
3.435411080699187214e-01 9.963703881858056999e-01
3.447028409049228137e-01 9.964023388821361404e-01
3.458665341379270064e-01 9.964339578563348176e-01
3.470321877689312440e-01 9.964652489382053169e-01
3.481998017979355819e-01 9.964962159088111004e-01
3.493693762249399093e-01 9.965268624941741038e-01
3.505409110499441705e-01 9.965571923897312834e-01
3.517144062729485876e-01 9.965872092296775842e-01
3.528898618939531051e-01 9.966169166063226781e-01
3.540672779129576120e-01 9.966463180664053567e-01
3.552466543299622193e-01 9.966754171117463423e-01
3.564279911449668714e-01 9.967042171933102601e-01
3.576112883579715684e-01 9.967327217347237145e-01
3.587965459689763104e-01 9.967609341026018033e-01
3.599837639779809306e-01 9.967888576250322208e-01
3.611729423849858178e-01 9.968164955882982126e-01
3.623640811899906944e-01 9.968438512374038218e-01
3.635571803929956158e-01 9.968709277703511340e-01
3.647522399940006377e-01 9.968977283601713202e-01
3.659492599930056489e-01 9.969242561272562142e-01
3.671482403900107605e-01 9.969505141566472606e-01
3.683491811850159170e-01 9.969765054947598015e-01
3.695520823780210629e-01 9.970022331500841828e-01
3.707569439690261981e-01 9.970277000881629936e-01
3.719637659580314892e-01 9.970529092506307256e-01
3.731725483450368253e-01 9.970778635314250238e-01
3.743832911300422062e-01 9.971025657916240403e-01
3.755959943130476320e-01 9.971270188568044368e-01
3.768106578940531581e-01 9.971512255175649653e-01
3.780272818730586737e-01 9.971751885298112406e-01
3.792458662500642896e-01 9.971989106085680232e-01
3.804664110250698950e-01 9.972223944523249672e-01
3.816889161980754896e-01 9.972456427115283795e-01
3.829133817690812402e-01 9.972686580081424612e-01
3.841398077380869802e-01 9.972914429319083007e-01
3.853681941050928206e-01 9.973140000406318650e-01
3.865985408700987613e-01 9.973363318554168133e-01
3.878308480331046915e-01 9.973584408794574641e-01
3.890651155941106665e-01 9.973803295740040209e-01
3.903013435531166864e-01 9.974020003733347073e-01
3.915395319101228067e-01 9.974234556820172903e-01
3.927796806651288053e-01 9.974446978751367876e-01
3.940217898181350153e-01 9.974657292987472168e-01
3.952658593691412148e-01 9.974865522644024152e-01
3.965118893181475146e-01 9.975071690703466443e-01
3.977598796651538593e-01 9.975275819738843586e-01
3.990098304101602489e-01 9.975477932087228883e-01
4.002617415531666833e-01 9.975678049813033743e-01
4.015156130941732182e-01 9.975876194713714229e-01
4.027714450331797424e-01 9.976072388281324033e-01
4.040292373701862005e-01 9.976266651848747502e-01
4.052889901051928145e-01 9.976459006403870511e-01
4.065507032381995289e-01 9.976649472706169419e-01
4.078143767692062882e-01 9.976838071263831598e-01
4.090800106982130369e-01 9.977024822338431687e-01
4.103476050252198859e-01 9.977209745946775676e-01
4.116171597502267798e-01 9.977392861824987413e-01
4.128886748732337186e-01 9.977574189572306906e-01
4.141621503942407023e-01 9.977753748465778560e-01
4.154375863132476199e-01 9.977931557576376065e-01
4.167149826302546933e-01 9.978107635746230608e-01
4.179943393452618672e-01 9.978282001592857497e-01
4.192756564582690304e-01 9.978454673509850048e-01
4.205589339692762940e-01 9.978625669671733478e-01
4.218441718782836025e-01 9.978795007980605369e-01
4.231313701852909004e-01 9.978962706267205940e-01
4.244205288902982987e-01 9.979128782025705746e-01
4.257116479933056308e-01 9.979293252578098627e-01
4.270047274943131188e-01 9.979456135040896125e-01
4.282997673933206517e-01 9.979617446328600261e-01
4.295967676903282295e-01 9.979777203153221699e-01
4.308957283853359077e-01 9.979935421982454313e-01
4.321966494783435753e-01 9.980092119210298707e-01
4.334995309693513432e-01 9.980247310930872029e-01
4.348043728583591006e-01 9.980401013078732397e-01
4.361111751453669583e-01 9.980553241401798337e-01
4.374199378303746943e-01 9.980704011461299929e-01
4.387306609133826418e-01 9.980853338635852223e-01
4.400433443943906342e-01 9.981001238085175364e-01
4.413579882733986715e-01 9.981147724887085015e-01
4.426745925504067536e-01 9.981292813858380075e-01
4.439931572254149361e-01 9.981436519667459262e-01
4.453136822984231080e-01 9.981578856810042755e-01
4.466361677694313248e-01 9.981719839613106826e-01
4.479606136384396420e-01 9.981859482235191372e-01
4.492870199054478375e-01 9.981997798670494415e-01
4.506153865704562445e-01 9.982134802708715338e-01
4.519457136334646408e-01 9.982270508083607163e-01
4.532780010944731375e-01 9.982404928277263112e-01
4.546122489534816791e-01 9.982538076642299973e-01
4.559484572104903211e-01 9.982669966376030990e-01
4.572866258654989524e-01 9.982800610522041262e-01
4.586267549185076287e-01 9.982930021974260049e-01
4.599688443695163498e-01 9.983058213475497489e-01
4.613128942185250048e-01 9.983185197581736503e-01
4.626589044655338712e-01 9.983310986808389131e-01
4.640068751105427269e-01 9.983435593434141220e-01
4.653568061535516831e-01 9.983559029622514069e-01
4.667086975945606842e-01 9.983681307398374338e-01
4.680625494335697301e-01 9.983802438646550703e-01
4.694183616705788209e-01 9.983922435116598937e-01
4.707761343055879566e-01 9.984041308421921501e-01
4.721358673385971372e-01 9.984159070006617398e-01
4.734975607696062516e-01 9.984275731278829946e-01
4.748612145986155220e-01 9.984391303431355835e-01
4.762268288256248927e-01 9.984505797554417139e-01
4.775944034506342528e-01 9.984619224610745691e-01
4.789639384736437133e-01 9.984731595438873786e-01
4.803354338946532187e-01 9.984842920752527995e-01
4.817088897136627690e-01 9.984953211144542706e-01
4.830843059306723641e-01 9.985062477085329125e-01
4.844616825456818376e-01 9.985170728885039981e-01
4.858410195586915226e-01 9.985277976848714321e-01
4.872223169697012524e-01 9.985384231063467730e-01
4.886055747787110826e-01 9.985489501532505141e-01
4.899907929857209021e-01 9.985593798145402378e-01
4.913779715907308221e-01 9.985697130679921374e-01
4.927671105937407314e-01 9.985799508803088198e-01
4.941582099947507412e-01 9.985900942072652997e-01
4.955512697937607958e-01 9.986001439905930477e-01
4.969462899907707287e-01 9.986101011699007879e-01
4.983432705857808731e-01 9.986199666666544239e-01
4.997422115787910624e-01 9.986297413942017975e-01
5.011431129698012965e-01 9.986394262556139712e-01
5.025459747588115755e-01 9.986490221437854808e-01
5.039507969458218994e-01 9.986585299416025352e-01
5.053575795308323793e-01 9.986679505220538156e-01
5.067663225138427929e-01 9.986772847483003090e-01
5.081770258948532515e-01 9.986865334707044628e-01
5.095896896738636439e-01 9.986956975384551072e-01
5.110043138508743032e-01 9.987047777837441132e-01
5.124208984258848965e-01 9.987137750317555129e-01
5.138394433988955345e-01 9.987226900984910172e-01
5.152599487699063285e-01 9.987315237907159471e-01
5.166824145389171674e-01 9.987402769063393748e-01
5.181068407059279401e-01 9.987489502343878112e-01
5.195332272709388688e-01 9.987575445550080921e-01
5.209615742339498423e-01 9.987660606397742447e-01
5.223918815949606387e-01 9.987744992478649886e-01
5.238241493539717020e-01 9.987828611400640932e-01
5.252583775109828101e-01 9.987911470597392594e-01
5.266945660659939632e-01 9.987993577447421556e-01
5.281327150190051611e-01 9.988074939246948114e-01
5.295728243700164040e-01 9.988155563212460786e-01
5.310148941190276917e-01 9.988235456479882535e-01
5.324589242660390243e-01 9.988314626106348237e-01
5.339049148110504017e-01 9.988393079072371838e-01
5.353528657540617131e-01 9.988470822280277606e-01
5.368027770950731803e-01 9.988547862517018761e-01
5.382546488340846924e-01 9.988624206600930089e-01
5.397084809710962494e-01 9.988699861179559658e-01
5.411642735061079623e-01 9.988774832856200936e-01
5.426220264391196091e-01 9.988849128162202717e-01
5.440817397701314118e-01 9.988922753556901402e-01
5.455434134991431483e-01 9.988995715428710120e-01
5.470070476261550407e-01 9.989068020096111278e-01
5.484726421511667560e-01 9.989139673808878905e-01
5.499401970741787382e-01 9.989210682747658998e-01
5.514097123951906543e-01 9.989281052989275045e-01
5.528811881142027262e-01 9.989350790642826938e-01
5.543546242312148431e-01 9.989419901660571144e-01
5.558300207462270048e-01 9.989488391958419866e-01
5.573073776592392115e-01 9.989556267386228150e-01
5.587866949702514630e-01 9.989623533731242233e-01
5.602679726792635373e-01 9.989690196716842774e-01
5.617512107862758786e-01 9.989756262005329290e-01
5.632364092912882647e-01 9.989821735196310337e-01
5.647235681943006957e-01 9.989886621828860669e-01
5.662126874953131717e-01 9.989950927351632926e-01
5.677037671943258035e-01 9.990014657236027107e-01
5.691968072913383692e-01 9.990077816819146195e-01
5.706918077863509797e-01 9.990140411403855003e-01
5.721887686793637462e-01 9.990202446234909273e-01
5.736876899703762245e-01 9.990263926500464464e-01
5.751885716593890807e-01 9.990324857332572028e-01
5.766914137464018708e-01 9.990385243807750060e-01
5.781962162314148168e-01 9.990445090947448481e-01
5.797029791144278077e-01 9.990504403719360216e-01
5.812117023954407324e-01 9.990563187036829440e-01
5.827223860744538131e-01 9.990621445732502659e-01
5.842350301514669386e-01 9.990679184662798473e-01
5.857496346264799980e-01 9.990736408562741477e-01
5.872661994994931023e-01 9.990793122137000548e-01
5.887847247705062514e-01 9.990849330039988097e-01
5.903052104395195565e-01 9.990905036876208678e-01
5.918276565065329065e-01 9.990960247199842659e-01
5.933520629715463013e-01 9.991014965516402668e-01
5.948784298345597410e-01 9.991069196283622889e-01
5.964067570955732256e-01 9.991122943910020204e-01
5.979370447545868661e-01 9.991176212757884034e-01
5.994692928116004405e-01 9.991229007142334861e-01
6.010035012666138377e-01 9.991281331301931079e-01
6.025396701196276128e-01 9.991333189511369950e-01
6.040777993706413218e-01 9.991384585924699691e-01
6.056178890196550757e-01 9.991435524674964208e-01
6.071599390666689855e-01 9.991486009849970262e-01
6.087039495116828292e-01 9.991536045494456841e-01
6.102499203546968287e-01 9.991585635609477878e-01
6.117978515957107621e-01 9.991634784153019533e-01
6.133477432347248515e-01 9.991683495041163710e-01
6.148995952717387636e-01 9.991731772147349755e-01
6.164534077067529427e-01 9.991779619304291815e-01
6.180091805397671667e-01 9.991827040303188356e-01
6.195669137707813245e-01 9.991874038894743570e-01
6.211266073997956383e-01 9.991920618756572336e-01
6.226882614268099969e-01 9.991966783617683978e-01
6.242518758518244004e-01 9.992012537083762025e-01
6.258174506748388488e-01 9.992057882746669950e-01
6.273849858958533421e-01 9.992102824161106511e-01
6.289544815148676582e-01 9.992147364842762780e-01
6.305259375318823523e-01 9.992191508270622524e-01
6.320993539468969802e-01 9.992235257885427879e-01
6.336747307599116530e-01 9.992278617092250625e-01
6.352520679709263707e-01 9.992321589258785774e-01
6.368313655799411332e-01 9.992364177716732687e-01
6.384126235869560517e-01 9.992406385763036303e-01
6.399958419919709041e-01 9.992448216658215143e-01
6.415810207949856903e-01 9.992489673598046185e-01
6.431681599960007434e-01 9.992530759828179843e-01
6.447572595950157304e-01 9.992571478481587777e-01
6.463483195920308733e-01 9.992611832681473905e-01
6.479413399870459500e-01 9.992651825518019670e-01
6.495363207800611827e-01 9.992691460047965490e-01
6.511332619710764602e-01 9.992730739295420106e-01
6.527321635600916716e-01 9.992769666252032668e-01
6.543330255471070389e-01 9.992808243877427943e-01
6.559358479321222291e-01 9.992846475099198544e-01
6.575406307151376861e-01 9.992884362813865273e-01
6.591473738961531881e-01 9.992921909886789411e-01
6.607560774751687349e-01 9.992959119151999525e-01
6.623667414521843266e-01 9.992995993413802402e-01
6.639793658271999632e-01 9.993032535416658257e-01
6.655939506002157557e-01 9.993068747956436182e-01
6.672104957712314821e-01 9.993104633723820518e-01
6.688290013402472534e-01 9.993140195403565906e-01
6.704494673072629585e-01 9.993175435652100758e-01
6.720718936722788195e-01 9.993210357096335983e-01
6.736962804352947254e-01 9.993244962335390280e-01
6.753226275963107872e-01 9.993279253940315909e-01
6.769509351553267829e-01 9.993313234453389260e-01
6.785812031123429344e-01 9.993346906390644380e-01
6.802134314673590199e-01 9.993380272240517392e-01
6.818476202203752612e-01 9.993413334463508990e-01
6.834837693713914364e-01 9.993446095494500359e-01
6.851218789204075454e-01 9.993478557741382051e-01
6.867619488674239214e-01 9.993510723585669053e-01
6.884039792124403423e-01 9.993542595356827984e-01
6.900479699554568080e-01 9.993574175432461404e-01
6.916939210964733187e-01 9.993605466095387690e-01
6.933418326354898742e-01 9.993636469624558316e-01
6.949917045725064746e-01 9.993667188274645286e-01
6.966435369075231199e-01 9.993697624274997526e-01
6.982973296405398100e-01 9.993727779830724467e-01
6.999530827715563230e-01 9.993757657122530613e-01
7.016107963005731030e-01 9.993787258307414989e-01
7.032704702275899278e-01 9.993816585518283668e-01
7.049321045526069085e-01 9.993845640864171820e-01
7.065956992756238231e-01 9.993874426431151869e-01
7.082612543966407825e-01 9.993902944282296863e-01
7.099287699156578979e-01 9.993931196457288557e-01
7.115982458326749471e-01 9.993959184973302268e-01
7.132696821476921523e-01 9.993986911824902508e-01
7.149430788607090692e-01 9.994014378984534819e-01
7.166184359717263641e-01 9.994041588375791596e-01
7.182957534807437039e-01 9.994068541975255071e-01
7.199750313877609775e-01 9.994095241667098062e-01
7.216562696927784071e-01 9.994121689336541436e-01
7.233394683957958815e-01 9.994147886846883599e-01
7.250246274968132898e-01 9.994173836040981529e-01
7.267117469958308540e-01 9.994199538740374811e-01
7.284008268928482410e-01 9.994224996745708633e-01
7.300918671878658950e-01 9.994250211837457654e-01
7.317848678808835938e-01 9.994275185775810533e-01
7.334798289719013376e-01 9.994299920299274387e-01
7.351767504609192372e-01 9.994324417128600535e-01
7.368756323479370707e-01 9.994348677962263672e-01
7.385764746329549491e-01 9.994372704481182534e-01
7.402792773159728723e-01 9.994396498345358149e-01
7.419840403969908404e-01 9.994420061195390392e-01
7.436907638760087425e-01 9.994443394653655943e-01
7.453994477530268004e-01 9.994466500322709557e-01
7.471100920280450142e-01 9.994489379785901351e-01
7.488226967010631618e-01 9.994512034582984095e-01
7.505372617720814654e-01 9.994534466307662957e-01
7.522537872410997029e-01 9.994556676465821132e-01
7.539722731081180962e-01 9.994578666566644731e-01
7.556927193731364234e-01 9.994600438102443363e-01
7.574151260361549065e-01 9.994621992545891231e-01
7.591394930971732125e-01 9.994643331352887072e-01
7.608658205561917853e-01 9.994664455961081995e-01
7.625941084132104031e-01 9.994685367790872021e-01
7.643243566682289547e-01 9.994706068244603170e-01
7.660565653212476622e-01 9.994726558707579533e-01
7.677907343722664146e-01 9.994746840548502931e-01
7.695268638212852119e-01 9.994766915118011852e-01
7.712649536683040541e-01 9.994786783750321257e-01
7.730050039133229411e-01 9.994806447762697443e-01
7.747470145563417621e-01 9.994825908456039798e-01
7.764909855973607389e-01 9.994845167113262097e-01
7.782369170363797606e-01 9.994864225002860758e-01
7.799848088733989382e-01 9.994883083375333266e-01
7.817346611084180497e-01 9.994901743465850474e-01
7.834864737414372060e-01 9.994920206493242976e-01
7.852402467724565183e-01 9.994938473659398248e-01
7.869959802014757644e-01 9.994956546126279040e-01
7.887536740284951664e-01 9.994974425112428396e-01
7.905133282535142802e-01 9.994992111749969599e-01
7.922749428765337720e-01 9.995009607178777511e-01
7.940385178975533087e-01 9.995026912522715357e-01
7.958040533165727792e-01 9.995044028890556209e-01
7.975715491335924057e-01 9.995060957375501154e-01
7.993410053486120770e-01 9.995077699055259224e-01
8.011124219616317932e-01 9.995094254993148741e-01
8.028857989726515543e-01 9.995110626236539675e-01
8.046611363816711382e-01 9.995126813818513423e-01
8.064384341886909890e-01 9.995142818756711511e-01
8.082176923937108848e-01 9.995158642054439158e-01
8.099989109967308254e-01 9.995174284700155676e-01
8.117820899977508109e-01 9.995189747667054814e-01
8.135672293967708413e-01 9.995205031915042060e-01
8.153543291937909165e-01 9.995220138388229980e-01
8.171433893888111477e-01 9.995235068017097602e-01
8.189344099818313127e-01 9.995249821717554495e-01
8.207273909728513006e-01 9.995264400391337123e-01
8.225223323618716664e-01 9.995278804925546989e-01
8.243192341488919661e-01 9.995293036193472203e-01
8.261180963339124217e-01 9.995307095054479785e-01
8.279189189169328111e-01 9.995320982354068962e-01
8.297217018979533565e-01 9.995334698922688776e-01
8.315264452769738357e-01 9.995348245578214996e-01
8.333331490539944708e-01 9.995361623123786288e-01
8.351418132290151508e-01 9.995374832324656067e-01
8.369524378020356536e-01 9.995387874003778261e-01
8.387650227730564234e-01 9.995400748900771237e-01
8.405795681420771270e-01 9.995413457764070753e-01
8.423960739090979866e-01 9.995426001329293930e-01
8.442145400741188910e-01 9.995438380317801519e-01
8.460349666371398403e-01 9.995450595437311847e-01
8.478573535981608345e-01 9.995462647382826749e-01
8.496817009571818735e-01 9.995474536835415869e-01
8.515080087142030685e-01 9.995486264462608572e-01
8.533362768692239753e-01 9.995497830919044535e-01
8.551665054222451490e-01 9.995509236846249479e-01
8.569986943732663676e-01 9.995520482871476098e-01
8.588328437222877421e-01 9.995531569609515943e-01
8.606689534693090504e-01 9.995542497662398551e-01
8.625070236143304037e-01 9.995553267617799387e-01
8.643470541573519128e-01 9.995563880051295813e-01
8.661890450983733558e-01 9.995574335524461951e-01
8.680329964373949547e-01 9.995584634586555106e-01
8.698789081744163765e-01 9.995594777773015860e-01
8.717267803094379541e-01 9.995604765606901365e-01
8.735766128424596877e-01 9.995614598598104861e-01
8.754284057734814661e-01 9.995624277242750599e-01
8.772821591025032895e-01 9.995633802025223336e-01
8.791378728295250466e-01 9.995643173415197369e-01
8.809955469545469597e-01 9.995652391870959441e-01
8.828551814775689177e-01 9.995661457836744201e-01
8.847167763985909206e-01 9.995670371744590499e-01
8.865803317176127463e-01 9.995679134013073508e-01
8.884458474346348389e-01 9.995687745047339146e-01
8.903133235496569764e-01 9.995696205240800492e-01
8.921827600626792698e-01 9.995704514972548749e-01
8.940541569737014971e-01 9.995712674609339432e-01
8.959275142827237692e-01 9.995720684504948439e-01
8.978028319897460863e-01 9.995728544999989973e-01
8.996801100947685592e-01 9.995736256422348420e-01
9.015593485977907440e-01 9.995743819086283510e-01
9.034405474988133067e-01 9.995751233293164173e-01
9.053237067978358033e-01 9.995758499331808267e-01
9.072088264948584557e-01 9.995765617477287979e-01
9.090959065898810421e-01 9.995772587967737266e-01
9.109849470829037843e-01 9.995779411099733336e-01
9.128759479739264604e-01 9.995786087085829497e-01
9.147689092629492924e-01 9.995792616148575505e-01
9.166638309499721693e-01 9.995798998498128807e-01
9.185607130349948690e-01 9.995805234330292777e-01
9.204595555180178357e-01 9.995811323828184269e-01
9.223603583990407362e-01 9.995817267161377639e-01
9.242631216780637926e-01 9.995823064486688558e-01
9.261678453550868939e-01 9.995828715945963561e-01
9.280745294301100401e-01 9.995834221669392949e-01
9.299831739031333422e-01 9.995839581772979487e-01
9.318937787741565781e-01 9.995844796358308582e-01
9.338063440431798590e-01 9.995849865514720989e-01
9.357208697102029626e-01 9.995854789317314415e-01
9.376373557752263332e-01 9.995859567827077852e-01
9.395558022382498597e-01 9.995864201092264922e-01
9.414762090992733201e-01 9.995868689146131247e-01
9.433985763582968254e-01 9.995873032008476544e-01
9.453229040153204865e-01 9.995877229685899978e-01
9.472491920703440815e-01 9.995881282169410964e-01
9.491774405233678324e-01 9.995885189437530016e-01
9.511076493743915172e-01 9.995888951453182347e-01
9.530398186234151359e-01 9.995892568166474534e-01
9.549739482704390214e-01 9.995896039511898978e-01
9.569100383154629519e-01 9.995899365409888215e-01
9.588480887584868162e-01 9.995902545767111347e-01
9.607880995995108364e-01 9.995905580474503394e-01
9.627300708385349015e-01 9.995908469409073849e-01
9.646740024755590115e-01 9.995911212432626591e-01
9.666198945105831664e-01 9.995913809392417138e-01
9.685677469436073661e-01 9.995916260120643049e-01
9.705175597746313887e-01 9.995918564434204123e-01
9.724693330036556782e-01 9.995920722135087644e-01
9.744230666306800126e-01 9.995922733009704464e-01
9.763787606557043919e-01 9.995924596829298681e-01
9.783364150787289271e-01 9.995926313349372538e-01
9.802960298997533961e-01 9.995927882309797452e-01
9.822576051187779100e-01 9.995929303434678559e-01
9.842211407358025799e-01 9.995930576432396908e-01
9.861866367508271836e-01 9.995931700995146496e-01
9.881540931638517211e-01 9.995932676798868766e-01
9.901235099748764146e-01 9.995933503503402484e-01
9.920948871839012639e-01 9.995934180751895326e-01
9.940682247909260472e-01 9.995934708170846061e-01
9.960435227959509863e-01 9.995935085370063478e-01
9.980207811989759703e-01 9.995935311943163759e-01
1.000000000000000666e+00 9.995935387465990640e-01
