0.000000000000000000e+00 0.000000000000000000e+00
2.078119897502626434e-05 0.000000000000000000e+00
4.352279595010249372e-05 0.000000000000000000e+00
6.822479092522875592e-05 -4.930380657631323784e-32
9.488718390040502381e-05 0.000000000000000000e+00
1.235099748756312839e-04 0.000000000000000000e+00
1.540931638509075632e-04 0.000000000000000000e+00
1.866367508262337669e-04 0.000000000000000000e+00
2.211407358016100034e-04 0.000000000000000000e+00
2.576051187770363269e-04 0.000000000000000000e+00
2.960298997525126832e-04 4.845993480669282604e-319
3.364150787280388555e-04 2.044276860768356578e-298
3.787606557036150606e-04 3.583250132489437016e-278
4.230666306792412444e-04 2.228639116004692957e-258
4.693330036549174067e-04 4.249852375644143040e-239
5.175597746306437102e-04 2.171505949756853494e-220
5.677469436064200466e-04 2.627340385811694734e-202
6.198945105822462531e-04 6.725824056994065944e-185
6.740024755581224382e-04 3.291202432033893441e-168
7.300708385340486020e-04 2.812587361277384243e-152
7.880995995100251780e-04 3.878950530897204030e-137
8.480887584860512989e-04 8.071880800879034558e-123
9.100383154621275068e-04 2.398386159006059772e-109
9.739482704382536934e-04 9.749638292483645079e-97
1.039818623414429750e-03 5.262800293032203662e-85
1.107649374390655894e-03 3.710347181665801121e-74
1.177440523366932558e-03 3.406757888671132369e-64
1.249192070343258659e-03 4.119624515891275417e-55
1.322904015319634847e-03 6.730414102073307795e-47
1.398576358296060905e-03 1.546173665408849379e-39
1.476209099272537051e-03 5.274300522865919695e-33
1.555802238249063716e-03 2.861824829833015050e-27
1.637355775225640036e-03 2.683105114938721973e-22
1.720869710202266008e-03 4.785114070396692405e-18
1.806344043178942285e-03 1.809533872568467658e-14
1.893778774155669082e-03 1.635783593573882966e-11
1.983173903132445098e-03 4.024292467830399147e-09
2.074529430109271419e-03 3.091992474399316653e-07
2.167845355086147393e-03 8.565261638768032661e-06
2.263121678063073454e-03 9.928216033553933573e-05
2.360358399040050469e-03 5.646287851548756473e-04
2.459555518017076271e-03 1.876039039543891083e-03
2.560713034994152593e-03 4.321568059149389837e-03
2.663830949971278568e-03 7.887388552424564811e-03
2.768909262948454630e-03 1.242971399753929965e-02
2.875947973925680780e-03 1.779933657769871072e-02
2.984947082902957450e-03 2.387446950964054737e-02
3.095906589880283773e-03 3.056009752124180801e-02
3.208826494857659750e-03 3.778137581608696782e-02
3.323706797835085814e-03 4.547786088688373501e-02
3.440547498812561965e-03 5.359939852049488973e-02
3.559348597790088636e-03 6.210332233136146157e-02
3.680110094767664961e-03 7.095254704945669344e-02
3.802831989745290939e-03 8.011425270234495688e-02
3.927514282722965704e-03 8.955895955588644153e-02
4.054156973700691856e-03 9.925986504384418097e-02
4.182760062678468095e-03 1.091923595352870674e-01
4.313323549656295289e-03 1.193336664926155505e-01
4.445847434634171702e-03 1.296625707293825314e-01
4.580331717612097335e-03 1.401592101212136010e-01
4.716776398590073922e-03 1.508049137201241952e-01
4.855181477568099729e-03 1.615820742701664370e-01
4.995546954546175623e-03 1.724740465371020215e-01
5.137872829524301604e-03 1.834650652155972728e-01
5.282159102502477672e-03 1.945401778226705514e-01
5.428405773480703828e-03 2.056851891554400125e-01
5.576612842458980070e-03 2.168866147344075956e-01
5.726780309437305531e-03 2.281316412696004214e-01
5.878908174415681948e-03 2.394080926426357392e-01
6.032996437394107583e-03 2.507044002384212211e-01
6.189045098372585908e-03 2.620090805514998511e-01
6.347054157351111718e-03 2.733126815228915651e-01
6.507023614329687615e-03 2.846048279666152370e-01
6.668953469308313599e-03 2.958761437840976560e-01
6.832843722286989670e-03 3.071177516466680468e-01
6.998694373265715828e-03 3.183212559466175318e-01
7.166505422244492073e-03 3.294787266477335330e-01
7.336276869223317537e-03 3.405826838650005128e-01
7.508008714202193956e-03 3.516260830393244108e-01
7.681700957181119595e-03 3.626023006022391360e-01
7.857353598160098790e-03 3.735051200488523349e-01
8.034966637139125470e-03 3.843287183562895115e-01
8.214540074118200502e-03 3.950676526996604876e-01
8.396073909097327356e-03 4.057168474301451888e-01
8.579568142076502563e-03 4.162715812891531475e-01
8.765022773055727856e-03 4.267274748406081342e-01
8.952437802035004971e-03 4.370804781092740843e-01
9.141813229014330439e-03 4.473268584181683272e-01
9.333149053993705993e-03 4.574631884216974198e-01
9.526445276973131635e-03 4.674863343341376098e-01
9.721701897952607363e-03 4.773934443552344531e-01
9.918918916932136648e-03 4.871819372962909456e-01
1.011809633391171255e-02 4.968494914112444594e-01
1.031923414889133854e-02 5.063940334378204122e-01
1.052233236187101462e-02 5.158137278544326909e-01
1.072739097285074078e-02 5.251069663584284619e-01
1.093440998183051703e-02 5.342723575714229955e-01
1.114338938881034163e-02 5.433087169769164060e-01
1.135432919379021806e-02 5.522150570954509341e-01
1.156722939677014457e-02 5.609905779016847172e-01
1.178208999775011943e-02 5.696346574875132962e-01
1.199891099673014612e-02 5.781468429746842164e-01
1.221769239371022463e-02 5.865268416797370099e-01
1.243843418869035149e-02 5.947745125335303085e-01
1.266113638167052670e-02 6.028898577568784223e-01
1.288579897265075200e-02 6.108730147933864041e-01
1.311242196163102738e-02 6.187242484996435810e-01
1.334100534861135459e-02 6.264439435927521282e-01
1.357154913359173015e-02 6.340325973541491855e-01
1.380405331657215580e-02 6.414908125885060430e-01
1.403851789755263153e-02 6.488192908357546251e-01
1.427494287653315735e-02 6.560188258338564005e-01
1.451332825351373326e-02 6.630902972295281694e-01
1.475367402849436273e-02 6.700346645336574536e-01
1.499598020147503881e-02 6.768529613177809434e-01
1.524024677245576498e-02 6.835462896477224604e-01
1.548647374143653950e-02 6.901158147499885098e-01
1.573466110841736931e-02 6.965627599064839748e-01
1.598480887339824227e-02 7.028884015726565293e-01
1.623691703637917053e-02 7.090940647140960840e-01
1.649098559736014366e-02 7.151811183563351326e-01
1.674701455634117209e-02 7.211509713425373613e-01
1.700500391332224540e-02 7.270050682935326192e-01
1.726495366830337400e-02 7.327448857646198244e-01
1.752686382128455442e-02 7.383719285934867704e-01
1.779073437226577625e-02 7.438877264334364803e-01
1.805656532124705685e-02 7.492938304663092630e-01
1.832435666822837886e-02 7.545918102890567525e-01
1.859410841320975616e-02 7.597832509682699298e-01
1.886582055619118528e-02 7.648697502564658635e-01
1.913949309717265929e-02 7.698529159634476260e-01
1.941512603615418858e-02 7.747343634750546437e-01
1.969271937313575929e-02 7.795148918704888352e-01
1.997227310811738876e-02 7.841977160939221925e-01
2.025378724109906312e-02 7.887836882583247888e-01
2.053726177208079276e-02 7.932744320138203076e-01
2.082269670106256382e-02 7.976715682727547607e-01
2.111009202804439364e-02 8.019767135278216275e-01
2.139944775302626487e-02 8.061914782812991120e-01
2.169076387600819486e-02 8.103174655817283467e-01
2.198404039699017321e-02 8.143562696638159126e-01
2.227927731597219643e-02 8.183094746871433234e-01
2.257647463295427495e-02 8.221786535691900655e-01
2.287563234793639835e-02 8.259653669083564242e-01
2.317675046091857705e-02 8.296711619926094849e-01
2.347982897190080062e-02 8.332975718896966644e-01
2.378486788088307949e-02 8.368461146147520013e-01
2.409186718786539977e-02 8.403182923715541985e-01
2.440082689284778228e-02 8.437155908635581847e-01
2.471174699583020273e-02 8.470394786711862301e-01
2.502462749681268195e-02 8.502914066917051095e-01
2.533946839579521298e-02 8.534728076385231788e-01
2.565626969277778543e-02 8.565850955965258473e-01
2.597503138776041318e-02 8.596296656304194261e-01
2.629575348074308580e-02 8.626078934429756151e-01
2.661843597172581372e-02 8.655211350804735693e-01
2.694307886070858651e-02 8.683707266824333137e-01
2.726968214769141807e-02 8.711579842730460266e-01
2.759824583267428758e-02 8.738842035918420459e-01
2.792876991565721931e-02 8.765506599608803295e-01
2.826125439664019939e-02 8.791586081862019508e-01
2.859569927562322089e-02 8.817090388633926912e-01
2.893210455260630115e-02 8.842036245728006616e-01
2.927047022758941935e-02 8.866433404880970093e-01
2.961079630057259979e-02 8.890293587955088173e-01
2.995308277155582163e-02 8.913628311113780400e-01
3.029732964053910224e-02 8.936448885479975068e-01
3.064353690752242426e-02 8.958766418004144860e-01
3.099170457250580504e-02 8.980591812524666429e-01
3.134183263548922377e-02 9.001935771009005327e-01
3.169392109647270472e-02 9.022808794959934486e-01
3.204796995545623056e-02 9.043221186974146342e-01
3.240397921243980128e-02 9.063183052440493270e-01
3.276194886742343076e-02 9.082704301366441024e-01
3.312187892040710513e-02 9.101794650320286229e-01
3.348376937139083825e-02 9.120463624479516751e-01
3.384762022037460932e-02 9.138720095224376339e-01
3.421343146735843915e-02 9.156574040698866046e-01
3.458120311234230693e-02 9.174034045252522640e-01
3.495093515532624040e-02 9.191108888937632448e-01
3.532262759631021182e-02 9.207807171851475347e-01
3.569628043529424199e-02 9.224137316625662386e-01
3.607189367227831706e-02 9.240107570960730543e-01
3.644946730726244394e-02 9.255726010201298370e-01
3.682900134024662264e-02 9.271000539944095342e-01
3.721049577123083929e-02 9.285938898673488096e-01
3.759395060021512164e-02 9.300548514282158674e-01
3.797936582719944193e-02 9.314837043997884480e-01
3.836674145218382098e-02 9.328811631560268713e-01
3.875607747516824492e-02 9.342479372032822527e-01
3.914737389615272761e-02 9.355847206730006915e-01
3.954063071513724825e-02 9.368921925915414395e-01
3.993584793212182765e-02 9.381710171497603667e-01
4.033302554710645887e-02 9.394218439718313718e-01
4.073216356009112804e-02 9.406453005782348109e-01
4.113326197107585597e-02 9.418420207161066759e-01
4.153632078006062878e-02 9.430126063932382507e-01
4.194133998704546035e-02 9.441576514705752876e-01
4.234831959203032986e-02 9.452777365619718930e-01
4.275725959501525814e-02 9.463734292933940750e-01
4.316815999600023129e-02 9.474452810976135009e-01
4.358102079498526321e-02 9.484938394612971724e-01
4.399584199197033307e-02 9.495196323201101629e-01
4.441262358695546170e-02 9.505231777397622484e-01
4.483136557994064214e-02 9.515049820511723988e-01
4.525206797092586747e-02 9.524655400933688121e-01
4.567473075991114462e-02 9.534053327396392330e-01
4.609935394689646665e-02 9.543248364051207799e-01
4.652593753188184744e-02 9.552245111431236779e-01
4.695448151486726618e-02 9.561048080448001363e-01
4.738498589585275061e-02 9.569661678711188779e-01
4.781745067483826606e-02 9.578090195510490235e-01
4.825187585182384720e-02 9.586337861165188379e-01
4.868826142680946628e-02 9.594408775993691352e-01
4.912660739979515107e-02 9.602306954967373409e-01
4.956691377078088073e-02 9.610036320515328301e-01
5.000918053976664834e-02 9.617600688466387826e-01
5.045340770675248165e-02 9.625003823191852215e-01
5.089959527173835291e-02 9.632249371748708988e-01
5.134774323472428292e-02 9.639340905236700729e-01
5.179785159571025088e-02 9.646281902170908973e-01
5.224992035469628454e-02 9.653075781783457820e-01
5.270394951168235614e-02 9.659725866789834470e-01
5.315993906666848651e-02 9.666235407443787286e-01
5.361788901965465481e-02 9.672607570860386472e-01
5.407779937064088882e-02 9.678845466695666921e-01
5.453967011962716771e-02 9.684952119486099908e-01
5.500350126661349148e-02 9.690930486865445559e-01
5.546929281159986708e-02 9.696783450860281262e-01
5.593704475458628755e-02 9.702513840591941996e-01
5.640675709557277373e-02 9.708124408146314721e-01
5.687842983455929091e-02 9.713617844575080928e-01
5.735206297154587379e-02 9.718996771029571047e-01
5.782765650653248768e-02 9.724263762910497766e-01
5.830521043951917420e-02 9.729421323562357227e-01
5.878472477050590561e-02 9.734471897252108263e-01
5.926619949949267496e-02 9.739417879235767739e-01
5.974963462647950307e-02 9.744261602932940969e-01
6.023503015146637607e-02 9.749005349045626323e-01
6.072238607445330782e-02 9.753651339644358043e-01
6.121170239544027752e-02 9.758201756500314294e-01
6.170297911442730598e-02 9.762658721743667778e-01
6.219621623141437933e-02 9.767024306753181451e-01
6.269141374640151143e-02 9.771300542151953872e-01
6.318857165938866760e-02 9.775489405705233281e-01
6.368768997037589641e-02 9.779592828011784977e-01
6.418876867936318398e-02 9.783612699816208735e-01
6.469180778635051643e-02 9.787550864237352100e-01
6.519680729133789376e-02 9.791409122639317397e-01
6.570376719432530210e-02 9.795189229745039361e-01
6.621268749531278308e-02 9.798892909609596691e-01
6.672356819430030894e-02 9.802521838651681030e-01
6.723640929128789356e-02 9.806077652563448543e-01
6.775121078627552307e-02 9.809561957255693576e-01
6.826797267926318358e-02 9.812976315365060653e-01
6.878669497025091673e-02 9.816322251573706970e-01
6.930737765923869476e-02 9.819601262337671610e-01
6.983002074622653155e-02 9.822814804302560932e-01
7.035462423121441322e-02 9.825964298825724530e-01
7.088118811420231202e-02 9.829051140668306763e-01
7.140971239519029734e-02 9.832076687861636133e-01
7.194019707417832754e-02 9.835042265504972958e-01
7.247264215116641650e-02 9.837949174024573917e-01
7.300704762615452259e-02 9.840798679654222392e-01
7.354341349914270132e-02 9.843592017952814688e-01
7.408173977013092493e-02 9.846330401640371877e-01
7.462202643911922118e-02 9.849015011572589406e-01
7.516427350610754843e-02 9.851646999930127047e-01
7.570848097109590669e-02 9.854227498026497667e-01
7.625464883408433758e-02 9.856757607259817311e-01
7.680277709507281336e-02 9.859238402261076839e-01
7.735286575406134790e-02 9.861670938640807460e-01
7.790491481104989957e-02 9.864056243898428056e-01
7.845892426603853775e-02 9.866395320463804408e-01
7.901489411902722082e-02 9.868689153654900403e-01
7.957282437001594877e-02 9.870938700972917701e-01
8.013271501900470772e-02 9.873144901358917869e-01
8.069456606599353932e-02 9.875308671084996881e-01
8.125837751098241579e-02 9.877430904824935354e-01
8.182414935397135103e-02 9.879512479228800270e-01
8.239188159496033115e-02 9.881554249607477081e-01
8.296157423394934227e-02 9.883557051090147150e-01
8.353322727093842603e-02 9.885521702387581877e-01
8.410684070592755468e-02 9.887449002094093053e-01
8.468241453891674209e-02 9.889339729917966393e-01
8.525994876990593274e-02 9.891194650697680002e-01
8.583944339889522379e-02 9.893014510245563553e-01
8.642089842588455972e-02 9.894800036692029677e-01
8.700431385087394054e-02 9.896551944760202391e-01
8.758968967386336624e-02 9.898270931140804585e-01
8.817702589485282294e-02 9.899957675949044855e-01
8.876632251384235228e-02 9.901612847291724195e-01
8.935757953083194038e-02 9.903237096132277983e-01
8.995079694582157337e-02 9.904831057884325718e-01
9.054597475881122348e-02 9.906395357280427527e-01
9.114311296980096011e-02 9.907930602711302326e-01
9.174221157879074162e-02 9.909437387969141087e-01
9.234327058578056802e-02 9.910916297418196352e-01
9.294628999077042542e-02 9.912367898979216330e-01
9.355126979376035545e-02 9.913792750163958889e-01
9.415820999475034425e-02 9.915191395280332776e-01
9.476711059374037793e-02 9.916564366089455351e-01
9.537797159073045650e-02 9.917912184197936742e-01
9.599079298572055219e-02 9.919235358726719021e-01
9.660557477871074827e-02 9.920534387045065738e-01
9.722231696970097536e-02 9.921809757322130885e-01
9.784101955869126122e-02 9.923061945898301595e-01
9.846168254568156419e-02 9.924291418106399032e-01
9.908430593067193981e-02 9.925498630958392576e-01
9.970888971366237419e-02 9.926684030252378443e-01
1.003354338946528534e-01 9.927848051466746648e-01
1.009639384736433915e-01 9.928991122582264683e-01
1.015944034506339466e-01 9.930113660931304542e-01
1.022268288256245744e-01 9.931216074173606634e-01
1.028612145986152610e-01 9.932298763220569482e-01
1.034975607696059924e-01 9.933362118871588153e-01
1.041358673385967409e-01 9.934406522854761779e-01
1.047761343055875760e-01 9.935432350841792992e-01
1.054183616705784560e-01 9.936439968892605279e-01
1.060625494335693947e-01 9.937429734564758865e-01
1.067086975945603783e-01 9.938401999977930501e-01
1.073568061535513790e-01 9.939357108123666462e-01
1.080068751105424663e-01 9.940295394021363418e-01
1.086589044655335984e-01 9.941217187813412570e-01
1.093128942185247754e-01 9.942122810973467173e-01
1.099688443695159834e-01 9.943012577506504801e-01
1.106267549185072641e-01 9.943886797031289415e-01
1.112866258654986035e-01 9.944745770948570929e-01
1.119484572104899878e-01 9.945589793662396039e-01
1.126122489534813753e-01 9.946419155623955621e-01
1.132780010944728633e-01 9.947234139502595385e-01
1.139457136334643961e-01 9.948035021419416868e-01
1.146153865704559877e-01 9.948822073912797492e-01
1.152870199054476102e-01 9.949595562170531204e-01
1.159606136384392638e-01 9.950355745254740869e-01
1.166361677694310039e-01 9.951102878960370601e-01
1.173136822984227889e-01 9.951837212155466572e-01
1.179931572254146188e-01 9.952558987982554894e-01
1.186745925504064658e-01 9.953268446579097706e-01
1.193579882733983993e-01 9.953965821574582984e-01
1.200433443943903777e-01 9.954651341251050667e-01
1.207306609133824149e-01 9.955325231100334848e-01
1.214199378303744969e-01 9.955987710518958700e-01
1.221111751453665961e-01 9.956638993913797808e-01
1.228043728583587818e-01 9.957279293072828219e-01
1.234995309693510124e-01 9.957908814095408623e-01
1.241966494783433017e-01 9.958527758429236432e-01
1.248957283853355943e-01 9.959136325036707094e-01
1.255967676903279873e-01 9.959734707590851555e-01
1.262997673933204390e-01 9.960323095430660967e-01
1.270047274943129079e-01 9.960901675513582632e-01
1.277116479933054216e-01 9.961470629895902151e-01
1.284205288902980080e-01 9.962030136599426822e-01
1.291313701852906393e-01 9.962580371341815955e-01
1.298441718782833154e-01 9.963121505316265836e-01
1.305589339692760642e-01 9.963653705962184359e-01
1.312756564582688024e-01 9.964177138473813145e-01
1.319943393452616409e-01 9.964691963882009729e-01
1.327149826302545244e-01 9.965198339727280308e-01
1.334375863132474527e-01 9.965696421349358181e-01
1.341621503942403981e-01 9.966186360269433386e-01
1.348886748732334440e-01 9.966668304763497410e-01
1.356171597502265069e-01 9.967142400943664882e-01
1.363476050252196425e-01 9.967608791428509418e-01
1.370800106982128508e-01 9.968067615819786731e-01
1.378143767692060206e-01 9.968519011587703149e-01
1.385507032381993187e-01 9.968963113013962207e-01
1.392889901051926616e-01 9.969400051860168865e-01
1.400292373701860493e-01 9.969829956646193425e-01
1.407714450331794265e-01 9.970252954700697945e-01
1.415156130941729040e-01 9.970669169821436695e-01
1.422617415531664542e-01 9.971078723136422850e-01
1.430098304101600493e-01 9.971481734466776103e-01
1.437598796651536337e-01 9.971878320477093327e-01
1.445118893181473185e-01 9.972268595361890586e-01
1.452658593691410482e-01 9.972652671913886380e-01
1.460217898181348506e-01 9.973030660107723433e-01
1.467796806651286701e-01 9.973402667630808516e-01
1.475395319101225067e-01 9.973768800696083403e-01
1.483013435531164437e-01 9.974129163001624887e-01
1.490651155941104256e-01 9.974483856370702783e-01
1.498308480331044801e-01 9.974832980117844805e-01
1.505985408700985240e-01 9.975176632789085618e-01
1.513681941050926405e-01 9.975514910150494741e-01
1.521398077380868297e-01 9.975847905961149342e-01
1.529133817690810637e-01 9.976175713024715286e-01
1.536889161980753704e-01 9.976498421725125132e-01
1.544664110250696387e-01 9.976816120594356185e-01
1.552458662500640352e-01 9.977128897068189284e-01
1.560272818730584765e-01 9.977436836471208492e-01
1.568106578940529627e-01 9.977740022632550776e-01
1.575959943130474383e-01 9.978038537314952716e-01
1.583832911300420421e-01 9.978332461740344606e-01
1.591725483450366629e-01 9.978621874811980375e-01
1.599637659580313565e-01 9.978906853819639045e-01
1.607569439690260948e-01 9.979187475290582920e-01
1.615520823780208504e-01 9.979463813780298231e-01
1.623491811850156785e-01 9.979735942356469103e-01
1.631482403900105516e-01 9.980003933167250763e-01
1.639492599930054972e-01 9.980267856672208060e-01
1.647522399940004323e-01 9.980527782107317947e-01
1.655571803929954677e-01 9.980783777070799667e-01
1.663640811899905481e-01 9.981035908625883746e-01
1.671729423849857010e-01 9.981284242028493070e-01
1.679837639779808434e-01 9.981528841247887529e-01
1.687965459689760583e-01 9.981769769521448010e-01
1.696112883579713460e-01 9.982007088573264797e-01
1.704279911449667062e-01 9.982240859082217588e-01
1.712466543299620836e-01 9.982471140286374167e-01
1.720672779129574781e-01 9.982697991012640104e-01
1.728898618939529452e-01 9.982921468479103444e-01
1.737144062729484850e-01 9.983141628794820477e-01
1.745409110499440697e-01 9.983358527446416497e-01
1.753693762249396715e-01 9.983572218599030546e-01
1.761998017979353459e-01 9.983782755513269658e-01
1.770321877689310930e-01 9.983990190205725979e-01
1.778665341379268849e-01 9.984194574321535454e-01
1.787028409049227218e-01 9.984395958121331516e-01
1.795411080699185480e-01 9.984594391081147435e-01
1.803813356329145023e-01 9.984789921431714843e-01
1.812235235939104738e-01 9.984982597291376383e-01
1.820676719529065180e-01 9.985172465311438206e-01
1.829137807099025514e-01 9.985359571258123346e-01
1.837618498648986853e-01 9.985543960508930228e-01
1.846118794178948919e-01 9.985725677292229818e-01
1.854638693688911155e-01 9.985904765136945915e-01
1.863178197178873563e-01 9.986081266535371537e-01
1.871737304648836975e-01 9.986255223771538514e-01
1.880316016098800835e-01 9.986426677944312269e-01
1.888914331528765145e-01 9.986595669542588372e-01
1.897532250938729903e-01 9.986762238032835803e-01
1.906169774328694833e-01 9.986926422844791817e-01
1.914826901698660766e-01 9.987088262183426712e-01
1.923503633048627148e-01 9.987247793554130393e-01
1.932199968378593979e-01 9.987405054150260142e-01
1.940915907688560982e-01 9.987560080239823446e-01
1.949651450978528711e-01 9.987712907526793416e-01
1.958406598248497166e-01 9.987863570895908483e-01
1.967181349498466070e-01 9.988012105026764509e-01
1.975975704728435423e-01 9.988158543674273693e-01
1.984789663938404669e-01 9.988302920092001491e-01
1.993623227128375197e-01 9.988445266743265494e-01
2.002476394298345896e-01 9.988585615978217147e-01
2.011349165448317322e-01 9.988723999227809847e-01
2.020241540578288642e-01 9.988860447477735383e-01
2.029153519688260965e-01 9.988994990954482844e-01
2.038085102778234015e-01 9.989127659845993268e-01
2.047036289848207236e-01 9.989258483434175773e-01
2.056007080898180628e-01 9.989387490604506592e-01
2.064997475928155024e-01 9.989514709517867130e-01
2.074007474938129869e-01 9.989640168351879845e-01
2.083037077928105441e-01 9.989763894400842670e-01
2.092086284898081183e-01 9.989885914604886841e-01
2.101155095848057097e-01 9.990006255216985487e-01
2.110243510778034015e-01 9.990124942543440190e-01
2.119351529688011382e-01 9.990242002040115032e-01
2.128479152577989197e-01 9.990357458843948102e-01
2.137626379447967184e-01 9.990471337446029665e-01
2.146793210297945897e-01 9.990583662408305532e-01
2.155979645127925337e-01 9.990694457486196667e-01
2.165185683937905226e-01 9.990803746144486519e-01
2.174411326727885563e-01 9.990911551246416389e-01
2.183656573497865794e-01 9.991017895727175580e-01
2.192921424247847306e-01 9.991122801768514972e-01
2.202205878977829268e-01 9.991226291283811234e-01
2.211509937687811678e-01 9.991328385631812470e-01
2.220833600377793982e-01 9.991429106229792190e-01
2.230176867047777289e-01 9.991528473802674393e-01
2.239539737697761046e-01 9.991626508823827635e-01
2.248922212327745529e-01 9.991723231260254412e-01
2.258324290937730461e-01 9.991818661113135436e-01
2.267745973527715286e-01 9.991912817757488963e-01
2.277187260097701116e-01 9.992005720330038310e-01
2.286648150647687394e-01 9.992097387508444006e-01
2.296128645177674399e-01 9.992187837973691700e-01
2.305628743687661297e-01 9.992277089849372906e-01
2.315148446177649200e-01 9.992365161029889142e-01
2.324687752647637551e-01 9.992452068998169956e-01
2.334246663097626351e-01 9.992537831204446608e-01
2.343825177527615322e-01 9.992622464611059518e-01
2.353423295937605020e-01 9.992705985958136861e-01
2.363041018327595444e-01 9.992788411713841024e-01
2.372678344697586317e-01 9.992869757898437122e-01
2.382335275047577638e-01 9.992950040679875467e-01
2.392011809377569131e-01 9.993029275630073149e-01
2.401707947687561351e-01 9.993107478162931434e-01
2.411423689977554297e-01 9.993184663301691861e-01
2.421159036247547691e-01 9.993260846142512088e-01
2.430913986497540979e-01 9.993336041282095961e-01
2.440688540727535549e-01 9.993410263153283957e-01
2.450482698937530290e-01 9.993483525850813676e-01
2.460296461127525758e-01 9.993555843475293576e-01
2.470129827297521674e-01 9.993627229715177362e-01
2.479982797447517484e-01 9.993697698090548975e-01
2.489855371577514298e-01 9.993767261906109090e-01
2.499747549687511561e-01 9.993835934109590591e-01
2.509659331777509550e-01 9.993903727772591727e-01
2.519590717847506878e-01 9.993970655488242372e-01
2.529541707897505765e-01 9.994036729726356594e-01
2.539512301927505100e-01 9.994101962655976834e-01
2.549502499937504885e-01 9.994166366481473940e-01
2.559512301927505673e-01 9.994229953030452362e-01
2.569541707897506355e-01 9.994292733994154521e-01
2.579590717847507486e-01 9.994354720880553877e-01
2.589659331777509621e-01 9.994415924887023461e-01
2.599747549687512205e-01 9.994476357331359972e-01
2.609855371577514682e-01 9.994536029110733244e-01
2.619982797447518164e-01 9.994594951020151496e-01
2.630129827297520984e-01 9.994653133600658323e-01
2.640296461127525363e-01 9.994710587417219294e-01
2.650482698937530190e-01 9.994767322718421942e-01
2.660688540727535467e-01 9.994823349634658349e-01
2.670913986497541748e-01 9.994878678139225148e-01
2.681159036247547922e-01 9.994933317951039120e-01
2.691423689977554545e-01 9.994987278865047342e-01
2.701707947687562172e-01 9.995040570339651653e-01
2.712011809377570248e-01 9.995093201738644018e-01
2.722335275047577108e-01 9.995145182282099139e-01
2.732678344697586081e-01 9.995196520936596718e-01
2.743041018327595504e-01 9.995247226788208650e-01
2.753423295937605375e-01 9.995297308571530204e-01
2.763825177527615695e-01 9.995346774947074797e-01
2.774246663097627019e-01 9.995395634443309252e-01
2.784687752647638237e-01 9.995443895339936047e-01
2.795148446177649904e-01 9.995491566067510325e-01
2.805628743687662574e-01 9.995538654698062908e-01
2.816128645177674028e-01 9.995585169246360424e-01
2.826648150647687596e-01 9.995631117605868754e-01
2.837187260097701613e-01 9.995676507429726021e-01
2.847745973527716079e-01 9.995721346539712115e-01
2.858324290937730994e-01 9.995765642402255624e-01
2.868922212327746357e-01 9.995809402438720070e-01
2.879539737697762170e-01 9.995852633958965949e-01
2.890176867047778431e-01 9.995895344044863906e-01
2.900833600377795141e-01 9.995937539951977868e-01
2.911509937687811744e-01 9.995979228592646315e-01
2.922205878977829352e-01 9.996020416842839040e-01
2.932921424247847964e-01 9.996061111475947891e-01
2.943656573497866469e-01 9.996101319052954626e-01
2.954411326727885978e-01 9.996141046301497690e-01
2.965185683937905936e-01 9.996180299627475119e-01
2.975979645127926343e-01 9.996219085405096960e-01
2.986793210297947199e-01 9.996257409914020009e-01
2.997626379447967393e-01 9.996295279240470233e-01
3.008479152577989146e-01 9.996332699619373541e-01
3.019351529688011904e-01 9.996369676993521747e-01
3.030243510778034555e-01 9.996406217275175532e-01
3.041155095848058210e-01 9.996442326289699531e-01
3.052086284898081758e-01 9.996478009689427902e-01
3.063037077928106311e-01 9.996513273250299259e-01
3.074007474938131312e-01 9.996548122490954702e-01
3.084997475928156763e-01 9.996582562898226332e-01
3.096007080898180996e-01 9.996616599878870302e-01
3.107036289848207899e-01 9.996650238688459256e-01
3.118085102778234696e-01 9.996683484675664699e-01
3.129153519688261942e-01 9.996716342970113356e-01
3.140241540578289636e-01 9.996748818666660874e-01
3.151349165448318335e-01 9.996780916786388582e-01
3.162476394298346927e-01 9.996812642277821404e-01
3.173623227128376523e-01 9.996843999921487534e-01
3.184789663938406568e-01 9.996874994661487657e-01
3.195975704728435396e-01 9.996905631173933493e-01
3.207181349498466338e-01 9.996935914124072120e-01
3.218406598248497730e-01 9.996965848110267450e-01
3.229651450978529570e-01 9.996995437591289502e-01
3.240915907688562414e-01 9.997024687137298082e-01
3.252199968378595152e-01 9.997053601105791998e-01
3.263503633048628338e-01 9.997082183833810864e-01
3.274826901698662529e-01 9.997110439596661458e-01
3.286169774328696613e-01 9.997138372608732615e-01
3.297532250938730591e-01 9.997165986936562554e-01
3.308914331528765573e-01 9.997193286802582568e-01
3.320316016098801559e-01 9.997220276187839261e-01
3.331737304648837994e-01 9.997246959069232553e-01
3.343178197178874878e-01 9.997273339367374057e-01
3.354638693688912210e-01 9.997299420886367471e-01
3.366118794178950546e-01 9.997325207522722579e-01
3.377618498648988776e-01 9.997350702995282390e-01
3.389137807099027455e-01 9.997375911005443871e-01
3.400676719529066028e-01 9.997400835202463476e-01
3.412235235939105604e-01 9.997425479184691710e-01
3.423813356329146185e-01 9.997449846433126286e-01
3.435411080699187214e-01 9.997473940541623527e-01
3.447028409049228137e-01 9.997497764917079310e-01
3.458665341379270064e-01 9.997521322958032863e-01
3.470321877689312440e-01 9.997544618015586915e-01
3.481998017979355819e-01 9.997567653394542342e-01
3.493693762249399093e-01 9.997590432285313744e-01
3.505409110499441705e-01 9.997612958000665628e-01
3.517144062729485876e-01 9.997635233665845833e-01
3.528898618939531051e-01 9.997657262403514267e-01
3.540672779129576120e-01 9.997679047293306365e-01
3.552466543299622193e-01 9.997700591372461476e-01
3.564279911449668714e-01 9.997721897569918914e-01
3.576112883579715684e-01 9.997742968937153307e-01
3.587965459689763104e-01 9.997763808344877212e-01
3.599837639779809306e-01 9.997784418664271699e-01
3.611729423849858178e-01 9.997804802727437989e-01
3.623640811899906944e-01 9.997824963327803793e-01
3.635571803929956158e-01 9.997844903159336383e-01
3.647522399940006377e-01 9.997864625029445618e-01
3.659492599930056489e-01 9.997884131579206635e-01
3.671482403900107605e-01 9.997903425450472836e-01
3.683491811850159170e-01 9.997922509249527190e-01
3.695520823780210629e-01 9.997941385547193249e-01
3.707569439690261981e-01 9.997960056826254993e-01
3.719637659580314892e-01 9.997978525666173510e-01
3.731725483450368253e-01 9.997996794500766393e-01
3.743832911300422062e-01 9.998014865762483439e-01
3.755959943130476320e-01 9.998032741851399230e-01
3.768106578940531581e-01 9.998050425135063257e-01
3.780272818730586737e-01 9.998067917949411409e-01
3.792458662500642896e-01 9.998085222531066796e-01
3.804664110250698950e-01 9.998102341256870362e-01
3.816889161980754896e-01 9.998119276324551885e-01
3.829133817690812402e-01 9.998136029945629000e-01
3.841398077380869802e-01 9.998152604302161794e-01
3.853681941050928206e-01 9.998169001546998169e-01
3.865985408700987613e-01 9.998185223751444584e-01
3.878308480331046915e-01 9.998201273090961960e-01
3.890651155941106665e-01 9.998217151598797203e-01
3.903013435531166864e-01 9.998232861314222397e-01
3.915395319101228067e-01 9.998248404249421295e-01
3.927796806651288053e-01 9.998263782389964494e-01
3.940217898181350153e-01 9.998278997695410064e-01
3.952658593691412148e-01 9.998294052039726765e-01
3.965118893181475146e-01 9.998308947422217541e-01
3.977598796651538593e-01 9.998323685685924778e-01
3.990098304101602489e-01 9.998338268687552155e-01
4.002617415531666833e-01 9.998352698259674876e-01
4.015156130941732182e-01 9.998366976210802948e-01
4.027714450331797424e-01 9.998381104284713716e-01
4.040292373701862005e-01 9.998395084304075864e-01
4.052889901051928145e-01 9.998408917980831090e-01
4.065507032381995289e-01 9.998422607029322506e-01
4.078143767692062882e-01 9.998436153141864180e-01
4.090800106982130369e-01 9.998449557988852154e-01
4.103476050252198859e-01 9.998462823218667861e-01
4.116171597502267798e-01 9.998475950418187486e-01
4.128886748732337186e-01 9.998488941254605189e-01
4.141621503942407023e-01 9.998501797286603043e-01
4.154375863132476199e-01 9.998514520077925738e-01
4.167149826302546933e-01 9.998527111172087478e-01
4.179943393452618672e-01 9.998539572092695060e-01
4.192756564582690304e-01 9.998551904344016306e-01
4.205589339692762940e-01 9.998564109410805756e-01
4.218441718782836025e-01 9.998576188703065526e-01
4.231313701852909004e-01 9.998588143755258173e-01
4.244205288902982987e-01 9.998599975957284114e-01
4.257116479933056308e-01 9.998611686718305025e-01
4.270047274943131188e-01 9.998623277429412592e-01
4.282997673933206517e-01 9.998634749463949367e-01
4.295967676903282295e-01 9.998646104177932870e-01
4.308957283853359077e-01 9.998657342862188324e-01
4.321966494783435753e-01 9.998668466913301911e-01
4.334995309693513432e-01 9.998679477603260590e-01
4.348043728583591006e-01 9.998690376219372400e-01
4.361111751453669583e-01 9.998701164032838262e-01
4.374199378303746943e-01 9.998711842298735331e-01
4.387306609133826418e-01 9.998722412256192404e-01
4.400433443943906342e-01 9.998732875090805550e-01
4.413579882733986715e-01 9.998743232069773335e-01
4.426745925504067536e-01 9.998753484360362043e-01
4.439931572254149361e-01 9.998763633139557960e-01
4.453136822984231080e-01 9.998773679569827877e-01
4.466361677694313248e-01 9.998783624798950331e-01
4.479606136384396420e-01 9.998793469960395308e-01
4.492870199054478375e-01 9.998803216173492991e-01
4.506153865704562445e-01 9.998812864502395481e-01
4.519457136334646408e-01 9.998822416103666511e-01
4.532780010944731375e-01 9.998831872026708867e-01
4.546122489534816791e-01 9.998841233335277190e-01
4.559484572104903211e-01 9.998850501079999953e-01
4.572866258654989524e-01 9.998859676298281762e-01
4.586267549185076287e-01 9.998868760014892887e-01
4.599688443695163498e-01 9.998877753241696142e-01
4.613128942185250048e-01 9.998886656937689965e-01
4.626589044655338712e-01 9.998895472154715192e-01
4.640068751105427269e-01 9.998904199839381279e-01
4.653568061535516831e-01 9.998912840953789738e-01
4.667086975945606842e-01 9.998921396448463561e-01
4.680625494335697301e-01 9.998929867262110749e-01
4.694183616705788209e-01 9.998938254321969588e-01
4.707761343055879566e-01 9.998946558543807539e-01
4.721358673385971372e-01 9.998954780795470398e-01
4.734975607696062516e-01 9.998962922029536182e-01
4.748612145986155220e-01 9.998970983102729582e-01
4.762268288256248927e-01 9.998978964886393594e-01
4.775944034506342528e-01 9.998986868241090953e-01
4.789639384736437133e-01 9.998994694016996032e-01
4.803354338946532187e-01 9.999002443053920386e-01
4.817088897136627690e-01 9.999010116181621388e-01
4.830843059306723641e-01 9.999017714219555764e-01
4.844616825456818376e-01 9.999025237934141552e-01
4.858410195586915226e-01 9.999032688196028973e-01
4.872223169697012524e-01 9.999040065764089880e-01
4.886055747787110826e-01 9.999047371418442465e-01
4.899907929857209021e-01 9.999054605929640349e-01
4.913779715907308221e-01 9.999061770059128884e-01
4.927671105937407314e-01 9.999068864559113035e-01
4.941582099947507412e-01 9.999075890172898218e-01
4.955512697937607958e-01 9.999082847601565849e-01
4.969462899907707287e-01 9.999089737624096141e-01
4.983432705857808731e-01 9.999096560933746769e-01
4.997422115787910624e-01 9.999103318238115046e-01
5.011431129698012965e-01 9.999110010236595958e-01
5.025459747588115755e-01 9.999116637619904768e-01
5.039507969458218994e-01 9.999123201070706513e-01
5.053575795308323793e-01 9.999129701263447245e-01
5.067663225138427929e-01 9.999136138864719303e-01
5.081770258948532515e-01 9.999142514501160317e-01
5.095896896738636439e-01 9.999148828875393802e-01
5.110043138508743032e-01 9.999155082607714684e-01
5.124208984258848965e-01 9.999161276332944048e-01
5.138394433988955345e-01 9.999167410678464485e-01
5.152599487699063285e-01 9.999173486264365529e-01
5.166824145389171674e-01 9.999179503703190530e-01
5.181068407059279401e-01 9.999185463600543944e-01
5.195332272709388688e-01 9.999191366554595062e-01
5.209615742339498423e-01 9.999197213156729713e-01
5.223918815949606387e-01 9.999203003953364144e-01
5.238241493539717020e-01 9.999208739585183636e-01
5.252583775109828101e-01 9.999214420594547681e-01
5.266945660659939632e-01 9.999220047545257506e-01
5.281327150190051611e-01 9.999225620994116603e-01
5.295728243700164040e-01 9.999231141491663477e-01
5.310148941190276917e-01 9.999236609581884094e-01
5.324589242660390243e-01 9.999242025802473899e-01
5.339049148110504017e-01 9.999247390684772308e-01
5.353528657540617131e-01 9.999252704754012511e-01
5.368027770950731803e-01 9.999257968489835280e-01
5.382546488340846924e-01 9.999263182471758160e-01
5.397084809710962494e-01 9.999268347177286964e-01
5.411642735061079623e-01 9.999273463107094528e-01
5.426220264391196091e-01 9.999278530756323669e-01
5.440817397701314118e-01 9.999283550614203042e-01
5.455434134991431483e-01 9.999288523164335807e-01
5.470070476261550407e-01 9.999293448884795099e-01
5.484726421511667560e-01 9.999298328247939738e-01
5.499401970741787382e-01 9.999303161720991540e-01
5.514097123951906543e-01 9.999307949728832856e-01
5.528811881142027262e-01 9.999312692789953383e-01
5.543546242312148431e-01 9.999317391327738891e-01
5.558300207462270048e-01 9.999322045787698565e-01
5.573073776592392115e-01 9.999326656610227904e-01
5.587866949702514630e-01 9.999331224230796344e-01
5.602679726792635373e-01 9.999335749079728553e-01
5.617512107862758786e-01 9.999340231582515282e-01
5.632364092912882647e-01 9.999344672159724556e-01
5.647235681943006957e-01 9.999349071227071617e-01
5.662126874953131717e-01 9.999353429165563911e-01
5.677037671943258035e-01 9.999357746432407934e-01
5.691968072913383692e-01 9.999362023406577205e-01
5.706918077863509797e-01 9.999366260484869873e-01
5.721887686793637462e-01 9.999370458059588795e-01
5.736876899703762245e-01 9.999374616518568182e-01
5.751885716593890807e-01 9.999378736245104760e-01
5.766914137464018708e-01 9.999382817618379660e-01
5.781962162314148168e-01 9.999386861012974359e-01
5.797029791144278077e-01 9.999390866799419131e-01
5.812117023954407324e-01 9.999394835343987653e-01
5.827223860744538131e-01 9.999398766980369668e-01
5.842350301514669386e-01 9.999402662115112195e-01
5.857496346264799980e-01 9.999406521080329568e-01
5.872661994994931023e-01 9.999410344225846403e-01
5.887847247705062514e-01 9.999414131897398361e-01
5.903052104395195565e-01 9.999417884436868631e-01
5.918276565065329065e-01 9.999421602182142488e-01
5.933520629715463013e-01 9.999425285467394842e-01
5.948784298345597410e-01 9.999428934623164622e-01
5.964067570955732256e-01 9.999432549975765250e-01
5.979370447545868661e-01 9.999436131848480347e-01
5.994692928116004405e-01 9.999439680560493482e-01
6.010035012666138377e-01 9.999443196397818090e-01
6.025396701196276128e-01 9.999446679724165454e-01
6.040777993706413218e-01 9.999450130825014993e-01
6.056178890196550757e-01 9.999453550005326097e-01
6.071599390666689855e-01 9.999456937566839621e-01
6.087039495116828292e-01 9.999460293807523881e-01
6.102499203546968287e-01 9.999463619022433969e-01
6.117978515957107621e-01 9.999466913502912391e-01
6.133477432347248515e-01 9.999470177537418403e-01
6.148995952717387636e-01 9.999473411410769730e-01
6.164534077067529427e-01 9.999476615404975233e-01
6.180091805397671667e-01 9.999479789798663143e-01
6.195669137707813245e-01 9.999482934867338635e-01
6.211266073997956383e-01 9.999486050850246999e-01
6.226882614268099969e-01 9.999489138075255967e-01
6.242518758518244004e-01 9.999492196782264752e-01
6.258174506748388488e-01 9.999495227234499461e-01
6.273849858958533421e-01 9.999498229692338480e-01
6.289544815148676582e-01 9.999501204413193678e-01
6.305259375318823523e-01 9.999504151651531503e-01
6.320993539468969802e-01 9.999507071659090585e-01
6.336747307599116530e-01 9.999509964684766272e-01
6.352520679709263707e-01 9.999512830974652822e-01
6.368313655799411332e-01 9.999515670771980114e-01
6.384126235869560517e-01 9.999518484317440059e-01
6.399958419919709041e-01 9.999521271849092230e-01
6.415810207949856903e-01 9.999524033571196568e-01
6.431681599960007434e-01 9.999526769771129864e-01
6.447572595950157304e-01 9.999529480653981395e-01
6.463483195920308733e-01 9.999532166447178128e-01
6.479413399870459500e-01 9.999534827375554658e-01
6.495363207800611827e-01 9.999537463661453129e-01
6.511332619710764602e-01 9.999540075524621097e-01
6.527321635600916716e-01 9.999542663182479085e-01
6.543330255471070389e-01 9.999545226849926305e-01
6.559358479321222291e-01 9.999547766739546040e-01
6.575406307151376861e-01 9.999550283061445777e-01
6.591473738961531881e-01 9.999552776023513667e-01
6.607560774751687349e-01 9.999555245831132089e-01
6.623667414521843266e-01 9.999557692687625066e-01
6.639793658271999632e-01 9.999560116764899531e-01
6.655939506002157557e-01 9.999562518313295234e-01
6.672104957712314821e-01 9.999564897505629490e-01
6.688290013402472534e-01 9.999567254536003702e-01
6.704494673072629585e-01 9.999569589596484231e-01
6.720718936722788195e-01 9.999571902876807084e-01
6.736962804352947254e-01 9.999574194564779805e-01
6.753226275963107872e-01 9.999576464845898460e-01
6.769509351553267829e-01 9.999578713903631844e-01
6.785812031123429344e-01 9.999580941919461452e-01
6.802134314673590199e-01 9.999583149072854837e-01
6.818476202203752612e-01 9.999585335541051334e-01
6.834837693713914364e-01 9.999587501499489495e-01
6.851218789204075454e-01 9.999589647121617242e-01
6.867619488674239214e-01 9.999591772578748650e-01
6.884039792124403423e-01 9.999593878014294557e-01
6.900479699554568080e-01 9.999595963643009844e-01
6.916939210964733187e-01 9.999598029608887106e-01
6.933418326354898742e-01 9.999600076075756405e-01
6.949917045725064746e-01 9.999602103205424974e-01
6.966435369075231199e-01 9.999604111157974762e-01
6.982973296405398100e-01 9.999606100091755767e-01
6.999530827715563230e-01 9.999608070163040763e-01
7.016107963005731030e-01 9.999610021526668113e-01
7.032704702275899278e-01 9.999611954335393404e-01
7.049321045526069085e-01 9.999613868740431233e-01
7.065956992756238231e-01 9.999615764891158776e-01
7.082612543966407825e-01 9.999617642935291206e-01
7.099287699156578979e-01 9.999619503018883915e-01
7.115982458326749471e-01 9.999621345286215934e-01
7.132696821476921523e-01 9.999623169880061946e-01
7.149430788607090692e-01 9.999624976941329235e-01
7.166184359717263641e-01 9.999626766583298298e-01
7.182957534807437039e-01 9.999628538991437443e-01
7.199750313877609775e-01 9.999630294279884257e-01
7.216562696927784071e-01 9.999632032583286589e-01
7.233394683957958815e-01 9.999633754034503719e-01
7.250246274968132898e-01 9.999635458765098184e-01
7.267117469958308540e-01 9.999637146904890583e-01
7.284008268928482410e-01 9.999638818582410327e-01
7.300918671878658950e-01 9.999640473924367168e-01
7.317848678808835938e-01 9.999642113056271819e-01
7.334798289719013376e-01 9.999643736101985203e-01
7.351767504609192372e-01 9.999645343183993784e-01
7.368756323479370707e-01 9.999646934423228606e-01
7.385764746329549491e-01 9.999648509939319529e-01
7.402792773159728723e-01 9.999650069850299916e-01
7.419840403969908404e-01 9.999651614273035172e-01
7.436907638760087425e-01 9.999653143322625448e-01
7.453994477530268004e-01 9.999654657113206113e-01
7.471100920280450142e-01 9.999656155757183917e-01
7.488226967010631618e-01 9.999657639340000514e-01
7.505372617720814654e-01 9.999659108019121057e-01
7.522537872410997029e-01 9.999660561880767684e-01
7.539722731081180962e-01 9.999662001032179059e-01
7.556927193731364234e-01 9.999663425579170539e-01
7.574151260361549065e-01 9.999664835626236314e-01
7.591394930971732125e-01 9.999666231276587158e-01
7.608658205561917853e-01 9.999667612632172631e-01
7.625941084132104031e-01 9.999668979793712165e-01
7.643243566682289547e-01 9.999670332860615130e-01
7.660565653212476622e-01 9.999671671931047445e-01
7.677907343722664146e-01 9.999672997101849425e-01
7.695268638212852119e-01 9.999674308468827766e-01
7.712649536683040541e-01 9.999675606126450234e-01
7.730050039133229411e-01 9.999676890167862320e-01
7.747470145563417621e-01 9.999678160685243622e-01
7.764909855973607389e-01 9.999679417769420375e-01
7.782369170363797606e-01 9.999680661510039759e-01
7.799848088733989382e-01 9.999681891995696459e-01
7.817346611084180497e-01 9.999683109313609597e-01
7.834864737414372060e-01 9.999684313550155634e-01
7.852402467724565183e-01 9.999685504790160051e-01
7.869959802014757644e-01 9.999686683092374739e-01
7.887536740284951664e-01 9.999687848586827910e-01
7.905133282535142802e-01 9.999689001332895399e-01
7.922749428765337720e-01 9.999690141411063937e-01
7.940385178975533087e-01 9.999691268900842145e-01
7.958040533165727792e-01 9.999692383880518509e-01
7.975715491335924057e-01 9.999693486427240208e-01
7.993410053486120770e-01 9.999694576617202957e-01
8.011124219616317932e-01 9.999695654525394550e-01
8.028857989726515543e-01 9.999696720225974556e-01
8.046611363816711382e-01 9.999697773791744737e-01
8.064384341886909890e-01 9.999698815294573162e-01
8.082176923937108848e-01 9.999699844805298721e-01
8.099989109967308254e-01 9.999700862393748890e-01
8.117820899977508109e-01 9.999701868128666460e-01
8.135672293967708413e-01 9.999702862077720633e-01
8.153543291937909165e-01 9.999703844307613609e-01
8.171433893888111477e-01 9.999704814883968451e-01
8.189344099818313127e-01 9.999705773871623293e-01
8.207273909728513006e-01 9.999706721333968540e-01
8.225223323618716664e-01 9.999707657333968269e-01
8.243192341488919661e-01 9.999708581932996720e-01
8.261180963339124217e-01 9.999709495191814179e-01
8.279189189169328111e-01 9.999710397170172849e-01
8.297217018979533565e-01 9.999711287926662528e-01
8.315264452769738357e-01 9.999712167519050343e-01
8.333331490539944708e-01 9.999713036004127531e-01
8.351418132290151508e-01 9.999713893413028076e-01
8.369524378020356536e-01 9.999714739847334055e-01
8.387650227730564234e-01 9.999715575338584683e-01
8.405795681420771270e-01 9.999716399939722056e-01
8.423960739090979866e-01 9.999717213702697949e-01
8.442145400741188910e-01 9.999718016678542654e-01
8.460349666371398403e-01 9.999718808917320567e-01
8.478573535981608345e-01 9.999719590468072461e-01
8.496817009571818735e-01 9.999720361379205169e-01
8.515080087142030685e-01 9.999721121697683346e-01
8.533362768692239753e-01 9.999721871470081958e-01
8.551665054222451490e-01 9.999722610741746953e-01
8.569986943732663676e-01 9.999723339557119450e-01
8.588328437222877421e-01 9.999724057959858969e-01
8.606689534693090504e-01 9.999724765992556996e-01
8.625070236143304037e-01 9.999725463696873540e-01
8.643470541573519128e-01 9.999726151113822459e-01
8.661890450983733558e-01 9.999726828283092006e-01
8.680329964373949547e-01 9.999727495243889708e-01
8.698789081744163765e-01 9.999728152034215167e-01
8.717267803094379541e-01 9.999728798691306375e-01
8.735766128424596877e-01 9.999729435251366594e-01
8.754284057734814661e-01 9.999730061749909638e-01
8.772821591025032895e-01 9.999730678221369073e-01
8.791378728295250466e-01 9.999731284699342471e-01
8.809955469545469597e-01 9.999731881216573637e-01
8.828551814775689177e-01 9.999732467804782754e-01
8.847167763985909206e-01 9.999733044495023870e-01
8.865803317176127463e-01 9.999733611317125348e-01
8.884458474346348389e-01 9.999734168300369319e-01
8.903133235496569764e-01 9.999734715472885505e-01
8.921827600626792698e-01 9.999735252862012036e-01
8.940541569737014971e-01 9.999735780494257709e-01
8.959275142827237692e-01 9.999736298395163203e-01
8.978028319897460863e-01 9.999736806589252236e-01
8.996801100947685592e-01 9.999737305100450113e-01
9.015593485977907440e-01 9.999737793951561926e-01
9.034405474988133067e-01 9.999738273164597846e-01
9.053237067978358033e-01 9.999738742760539978e-01
9.072088264948584557e-01 9.999739202759593271e-01
9.090959065898810421e-01 9.999739653157041497e-01
9.109849470829037843e-01 9.999740094018075842e-01
9.128759479739264604e-01 9.999740525337427188e-01
9.147689092629492924e-01 9.999740947131636748e-01
9.166638309499721693e-01 9.999741359416453035e-01
9.185607130349948690e-01 9.999741762206534323e-01
9.204595555180178357e-01 9.999742155515876085e-01
9.223603583990407362e-01 9.999742539357383553e-01
9.242631216780637926e-01 9.999742913743134842e-01
9.261678453550868939e-01 9.999743278684375403e-01
9.280745294301100401e-01 9.999743634191042840e-01
9.299831739031333422e-01 9.999743980272745025e-01
9.318937787741565781e-01 9.999744316937747568e-01
9.338063440431798590e-01 9.999744644193430121e-01
9.357208697102029626e-01 9.999744962046432928e-01
9.376373557752263332e-01 9.999745270502307104e-01
9.395558022382498597e-01 9.999745569565694492e-01
9.414762090992733201e-01 9.999745859240405377e-01
9.433985763582968254e-01 9.999746139529140931e-01
9.453229040153204865e-01 9.999746410433768551e-01
9.472491920703440815e-01 9.999746671955093147e-01
9.491774405233678324e-01 9.999746924093110279e-01
9.511076493743915172e-01 9.999747166846824076e-01
9.530398186234151359e-01 9.999747400214109572e-01
9.549739482704390214e-01 9.999747624192060202e-01
9.569100383154629519e-01 9.999747838776739117e-01
9.588480887584868162e-01 9.999748043963159194e-01
9.607880995995108364e-01 9.999748239745394063e-01
9.627300708385349015e-01 9.999748426116550348e-01
9.646740024755590115e-01 9.999748603068614461e-01
9.666198945105831664e-01 9.999748770592805647e-01
9.685677469436073661e-01 9.999748928679115245e-01
9.705175597746313887e-01 9.999749077316471002e-01
9.724693330036556782e-01 9.999749216493057924e-01
9.744230666306800126e-01 9.999749346195750954e-01
9.763787606557043919e-01 9.999749466410420284e-01
9.783364150787289271e-01 9.999749577122066801e-01
9.802960298997533961e-01 9.999749678314365786e-01
9.822576051187779100e-01 9.999749769970219804e-01
9.842211407358025799e-01 9.999749852071215805e-01
9.861866367508271836e-01 9.999749924597965967e-01
9.881540931638517211e-01 9.999749987529958917e-01
9.901235099748764146e-01 9.999750040845544197e-01
9.920948871839012639e-01 9.999750084522096572e-01
9.940682247909260472e-01 9.999750118535721821e-01
9.960435227959509863e-01 9.999750142861449920e-01
9.980207811989759703e-01 9.999750157473245027e-01
1.000000000000000666e+00 9.999750162343665760e-01
