0.000000000000000000e+00 0.000000000000000000e+00
2.078119897502626434e-05 0.000000000000000000e+00
4.352279595010249372e-05 0.000000000000000000e+00
6.822479092522875592e-05 0.000000000000000000e+00
9.488718390040502381e-05 0.000000000000000000e+00
1.235099748756312839e-04 0.000000000000000000e+00
1.540931638509075632e-04 0.000000000000000000e+00
1.866367508262337669e-04 0.000000000000000000e+00
2.211407358016100034e-04 0.000000000000000000e+00
2.576051187770363269e-04 0.000000000000000000e+00
2.960298997525126832e-04 0.000000000000000000e+00
3.364150787280388555e-04 0.000000000000000000e+00
3.787606557036150606e-04 0.000000000000000000e+00
4.230666306792412444e-04 0.000000000000000000e+00
4.693330036549174067e-04 0.000000000000000000e+00
5.175597746306437102e-04 0.000000000000000000e+00
5.677469436064200466e-04 4.940656458412465442e-324
6.198945105822462531e-04 4.940656458412465442e-324
6.740024755581224382e-04 4.940656458412465442e-324
7.300708385340486020e-04 4.940656458412465442e-324
7.880995995100251780e-04 4.940656458412465442e-324
8.480887584860512989e-04 4.940656458412465442e-324
9.100383154621275068e-04 4.940656458412465442e-324
9.739482704382536934e-04 4.940656458412465442e-324
1.039818623414429750e-03 4.940656458412465442e-324
1.107649374390655894e-03 4.940656458412465442e-324
1.177440523366932558e-03 4.940656458412465442e-324
1.249192070343258659e-03 4.940656458412465442e-324
1.322904015319634847e-03 4.940656458412465442e-324
1.398576358296060905e-03 4.940656458412465442e-324
1.476209099272537051e-03 4.940656458412465442e-324
1.555802238249063716e-03 4.940656458412465442e-324
1.637355775225640036e-03 4.940656458412465442e-324
1.720869710202266008e-03 4.940656458412465442e-324
1.806344043178942285e-03 4.940656458412465442e-324
1.893778774155669082e-03 4.940656458412465442e-324
1.983173903132445098e-03 4.940656458412465442e-324
2.074529430109271419e-03 4.940656458412465442e-324
2.167845355086147393e-03 4.940656458412465442e-324
2.263121678063073454e-03 4.940656458412465442e-324
2.360358399040050469e-03 4.940656458412465442e-324
2.459555518017076271e-03 4.940656458412465442e-324
2.560713034994152593e-03 4.940656458412465442e-324
2.663830949971278568e-03 4.940656458412465442e-324
2.768909262948454630e-03 4.940656458412465442e-324
2.875947973925680780e-03 4.940656458412465442e-324
2.984947082902957450e-03 4.940656458412465442e-324
3.095906589880283773e-03 4.940656458412465442e-324
3.208826494857659750e-03 4.940656458412465442e-324
3.323706797835085814e-03 4.940656458412465442e-324
3.440547498812561965e-03 4.940656458412465442e-324
3.559348597790088636e-03 9.881312916824930884e-324
3.680110094767664961e-03 9.881312916824930884e-324
3.802831989745290939e-03 9.881312916824930884e-324
3.927514282722965704e-03 9.881312916824930884e-324
4.054156973700691856e-03 9.881312916824930884e-324
4.182760062678468095e-03 9.881312916824930884e-324
4.313323549656295289e-03 9.881312916824930884e-324
4.445847434634171702e-03 9.881312916824930884e-324
4.580331717612097335e-03 1.482196937523739633e-323
4.716776398590073922e-03 1.482196937523739633e-323
4.855181477568099729e-03 1.482196937523739633e-323
4.995546954546175623e-03 1.482196937523739633e-323
5.137872829524301604e-03 1.482196937523739633e-323
5.282159102502477672e-03 1.976262583364986177e-323
5.428405773480703828e-03 1.976262583364986177e-323
5.576612842458980070e-03 1.976262583364986177e-323
5.726780309437305531e-03 1.976262583364986177e-323
5.878908174415681948e-03 2.470328229206232721e-323
6.032996437394107583e-03 5.339271289431670696e-316
6.189045098372585908e-03 9.267470353277888775e-284
6.347054157351111718e-03 7.565514748315130633e-254
6.507023614329687615e-03 3.481052395936188215e-226
6.668953469308313599e-03 1.089542463797481590e-200
6.832843722286989670e-03 2.817666814550816800e-177
6.998694373265715828e-03 7.355049092984224604e-156
7.166505422244492073e-03 2.379328927018715315e-136
7.336276869223317537e-03 1.176223076324867735e-118
7.508008714202193956e-03 1.099597268068670674e-102
7.681700957181119595e-03 2.412391258866345092e-88
7.857353598160098790e-03 1.544450126882341042e-75
8.034966637139125470e-03 3.592427469672153207e-64
8.214540074118200502e-03 3.781339566745659979e-54
8.396073909097327356e-03 2.242436123554537832e-45
8.579568142076502563e-03 9.316065089839163535e-38
8.765022773055727856e-03 3.364152486862650982e-31
8.952437802035004971e-03 1.306260804076510345e-25
9.141813229014330439e-03 6.720051573174856172e-21
9.333149053993705993e-03 5.616698982642271530e-17
9.526445276973131635e-03 9.298849602073567843e-14
9.721701897952607363e-03 3.692981281161563583e-11
9.918918916932136648e-03 4.228206403272512941e-09
1.011809633391171255e-02 1.662879767488647193e-07
1.031923414889133854e-02 2.652352253231595878e-06
1.052233236187101462e-02 2.011601187582107495e-05
1.072739097285074078e-02 8.498604777792787034e-05
1.093440998183051703e-02 2.342435660696050629e-04
1.114338938881034163e-02 4.842582295374010196e-04
1.135432919379021806e-02 8.315423248440238606e-04
1.156722939677014457e-02 1.265826323378417204e-03
1.178208999775011943e-02 1.777192804500442097e-03
1.199891099673014612e-02 2.357771510167935500e-03
1.221769239371022463e-02 3.001596419912215714e-03
1.243843418869035149e-02 3.704140605407998769e-03
1.266113638167052670e-02 4.461912129183425411e-03
1.288579897265075200e-02 5.272160706662706343e-03
1.311242196163102738e-02 6.132673893500549533e-03
1.334100534861135459e-02 7.041635906856030455e-03
1.357154913359173015e-02 7.997528687434652880e-03
1.380405331657215580e-02 8.999061384055460217e-03
1.403851789755263153e-02 1.004511917164425949e-02
1.427494287653315735e-02 1.113472543133345490e-02
1.451332825351373326e-02 1.226701332917753788e-02
1.475367402849436273e-02 1.344120412300160543e-02
1.499598020147503881e-02 1.465659036789255729e-02
1.524024677245576498e-02 1.591252274563070834e-02
1.548647374143653950e-02 1.720839961518875680e-02
1.573466110841736931e-02 1.854365863471151704e-02
1.598480887339824227e-02 1.991776998064926502e-02
1.623691703637917053e-02 2.133023081291142431e-02
1.649098559736014366e-02 2.278056072270728816e-02
1.674701455634117209e-02 2.426829796321089069e-02
1.700500391332224540e-02 2.579299630966849430e-02
1.726495366830337400e-02 2.735422242997665246e-02
1.752686382128455442e-02 2.895155367257537180e-02
1.779073437226577625e-02 3.058457619803412950e-02
1.805656532124705685e-02 3.225288339565623302e-02
1.832435666822837886e-02 3.395607453795462111e-02
1.859410841320975616e-02 3.569375363485954855e-02
1.886582055619118528e-02 3.746552845653786101e-02
1.913949309717265929e-02 3.927100969932375424e-02
1.941512603615418858e-02 4.110981027368135893e-02
1.969271937313575929e-02 4.298154469669267924e-02
1.997227310811738876e-02 4.488582857447186852e-02
2.025378724109906312e-02 4.682227816220868588e-02
2.053726177208079276e-02 4.879050999150458950e-02
2.082269670106256382e-02 5.079014055620105494e-02
2.111009202804439364e-02 5.282078604922845616e-02
2.139944775302626487e-02 5.488206214405651207e-02
2.169076387600819486e-02 5.697358381527683341e-02
2.198404039699017321e-02 5.909496519352581273e-02
2.227927731597219643e-02 6.124581945068788280e-02
2.257647463295427495e-02 6.342575871176046876e-02
2.287563234793639835e-02 6.563439399030725208e-02
2.317675046091857705e-02 6.787133514474039120e-02
2.347982897190080062e-02 7.013619085306298240e-02
2.378486788088307949e-02 7.242856860394308871e-02
2.409186718786539977e-02 7.474807470226874084e-02
2.440082689284778228e-02 7.709431428754257021e-02
2.471174699583020273e-02 7.946689136362371231e-02
2.502462749681268195e-02 8.186540883854528938e-02
2.533946839579521298e-02 8.428946857321628627e-02
2.565626969277778543e-02 8.673867143797965584e-02
2.597503138776041318e-02 8.921261737608683628e-02
2.629575348074308580e-02 9.171090547324184383e-02
2.661843597172581372e-02 9.423313403247439435e-02
2.694307886070858651e-02 9.677890065364452843e-02
2.726968214769141807e-02 9.934780231695518327e-02
2.759824583267428758e-02 1.019394354699335037e-01
2.792876991565721931e-02 1.045533961173586573e-01
2.826125439664019939e-02 1.071892799136695273e-01
2.859569927562322089e-02 1.098466822574565432e-01
2.893210455260630115e-02 1.125251983876208867e-01
2.927047022758941935e-02 1.152244234808851436e-01
2.961079630057259979e-02 1.179439527503162027e-01
2.995308277155582163e-02 1.206833815445823854e-01
3.029732964053910224e-02 1.234423054476613685e-01
3.064353690752242426e-02 1.262203203787850836e-01
3.099170457250580504e-02 1.290170226923554320e-01
3.134183263548922377e-02 1.318320092776936459e-01
3.169392109647270472e-02 1.346648776583489193e-01
3.204796995545623056e-02 1.375152260908774349e-01
3.240397921243980128e-02 1.403826536628854649e-01
3.276194886742343076e-02 1.432667603902165743e-01
3.312187892040710513e-02 1.461671473131415933e-01
3.348376937139083825e-02 1.490834165914309006e-01
3.384762022037460932e-02 1.520151715982034635e-01
3.421343146735843915e-02 1.549620170124731133e-01
3.458120311234230693e-02 1.579235589102671311e-01
3.495093515532624040e-02 1.608994048542211897e-01
3.532262759631021182e-02 1.638891639816765777e-01
3.569628043529424199e-02 1.668924470910852220e-01
3.607189367227831706e-02 1.699088667267221464e-01
3.644946730726244394e-02 1.729380372616776129e-01
3.682900134024662264e-02 1.759795749790224462e-01
3.721049577123083929e-02 1.790330981511451258e-01
3.759395060021512164e-02 1.820982271172043310e-01
3.797936582719944193e-02 1.851745843586675155e-01
3.836674145218382098e-02 1.882617945729257447e-01
3.875607747516824492e-02 1.913594847449101577e-01
3.914737389615272761e-02 1.944672842167527449e-01
3.954063071513724825e-02 1.975848247554281845e-01
3.993584793212182765e-02 2.007117406183961117e-01
4.033302554710645887e-02 2.038476686171907803e-01
4.073216356009112804e-02 2.069922481790067992e-01
4.113326197107585597e-02 2.101451214062243500e-01
4.153632078006062878e-02 2.133059331339218767e-01
4.194133998704546035e-02 2.164743309853316977e-01
4.234831959203032986e-02 2.196499654252499489e-01
4.275725959501525814e-02 2.228324898114789898e-01
4.316815999600023129e-02 2.260215604441597192e-01
4.358102079498526321e-02 2.292168366131851764e-01
4.399584199197033307e-02 2.324179806435469897e-01
4.441262358695546170e-02 2.356246579387443196e-01
4.483136557994064214e-02 2.388365370221758877e-01
4.525206797092586747e-02 2.420532895766409343e-01
4.567473075991114462e-02 2.452745904818512401e-01
4.609935394689646665e-02 2.485001178500374774e-01
4.652593753188184744e-02 2.517295530597079001e-01
4.695448151486726618e-02 2.549625807874509320e-01
4.738498589585275061e-02 2.581988890379622870e-01
4.781745067483826606e-02 2.614381691721971435e-01
4.825187585182384720e-02 2.646801159337586751e-01
4.868826142680946628e-02 2.679244274734722819e-01
4.912660739979515107e-02 2.711708053722172718e-01
4.956691377078088073e-02 2.744189546620628417e-01
5.000918053976664834e-02 2.776685838456927069e-01
5.045340770675248165e-02 2.809194049141108818e-01
5.089959527173835291e-02 2.841711333628133551e-01
5.134774323472428292e-02 2.874234882062497443e-01
5.179785159571025088e-02 2.906761919907474567e-01
5.224992035469628454e-02 2.939289708059045769e-01
5.270394951168235614e-02 2.971815542943949673e-01
5.315993906666848651e-02 3.004336756603741554e-01
5.361788901965465481e-02 3.036850716763536684e-01
5.407779937064088882e-02 3.069354826886526721e-01
5.453967011962716771e-02 3.101846526215098487e-01
5.500350126661349148e-02 3.134323289797421586e-01
5.546929281159986708e-02 3.166782628501809138e-01
5.593704475458628755e-02 3.199222089016446890e-01
5.640675709557277373e-02 3.231639253838225478e-01
5.687842983455929091e-02 3.264031741247583884e-01
5.735206297154587379e-02 3.296397205272446063e-01
5.782765650653248768e-02 3.328733335639603164e-01
5.830521043951917420e-02 3.361037857714579968e-01
5.878472477050590561e-02 3.393308532431296709e-01
5.926619949949267496e-02 3.425543156209543416e-01
5.974963462647950307e-02 3.457739560862796435e-01
6.023503015146637607e-02 3.489895613495614946e-01
6.072238607445330782e-02 3.522009216390917241e-01
6.121170239544027752e-02 3.554078306887638039e-01
6.170297911442730598e-02 3.586100857249082119e-01
6.219621623141437933e-02 3.618074874522498319e-01
6.269141374640151143e-02 3.649998400389192210e-01
6.318857165938866760e-02 3.681869511006938267e-01
6.368768997037589641e-02 3.713686316843616275e-01
6.418876867936318398e-02 3.745446962503332644e-01
6.469180778635051643e-02 3.777149626544728522e-01
6.519680729133789376e-02 3.808792521292014288e-01
6.570376719432530210e-02 3.840373892638513920e-01
6.621268749531278308e-02 3.871892019844277444e-01
6.672356819430030894e-02 3.903345215326317619e-01
6.723640929128789356e-02 3.934731824442768144e-01
6.775121078627552307e-02 3.966050225271470775e-01
6.826797267926318358e-02 3.997298828381714575e-01
6.878669497025091673e-02 4.028476076602275913e-01
6.930737765923869476e-02 4.059580444781737407e-01
6.983002074622653155e-02 4.090610439546284449e-01
7.035462423121441322e-02 4.121564599050338007e-01
7.088118811420231202e-02 4.152441492724575633e-01
7.140971239519029734e-02 4.183239721018560120e-01
7.194019707417832754e-02 4.213957915139276422e-01
7.247264215116641650e-02 4.244594736786228562e-01
7.300704762615452259e-02 4.275148877881967402e-01
7.354341349914270132e-02 4.305619060300813761e-01
7.408173977013092493e-02 4.336004035592013750e-01
7.462202643911922118e-02 4.366302584702131395e-01
7.516427350610754843e-02 4.396513517692475781e-01
7.570848097109590669e-02 4.426635673455617259e-01
7.625464883408433758e-02 4.456667919428421443e-01
7.680277709507281336e-02 4.486609151302459741e-01
7.735286575406134790e-02 4.516458292733865898e-01
7.790491481104989957e-02 4.546214295049522680e-01
7.845892426603853775e-02 4.575876136951790851e-01
7.901489411902722082e-02 4.605442824223058840e-01
7.957282437001594877e-02 4.634913389426992825e-01
8.013271501900470772e-02 4.664286891609522034e-01
8.069456606599353932e-02 4.693562415998342452e-01
8.125837751098241579e-02 4.722739073701699430e-01
8.182414935397135103e-02 4.751816001406177770e-01
8.239188159496033115e-02 4.780792361073818442e-01
8.296157423394934227e-02 4.809667339638504235e-01
8.353322727093842603e-02 4.838440148702365384e-01
8.410684070592755468e-02 4.867110024231850463e-01
8.468241453891674209e-02 4.895676226252541063e-01
8.525994876990593274e-02 4.924138038545811114e-01
8.583944339889522379e-02 4.952494768344083420e-01
8.642089842588455972e-02 4.980745746027219201e-01
8.700431385087394054e-02 5.008890324817999451e-01
8.758968967386336624e-02 5.036927880480005504e-01
8.817702589485282294e-02 5.064857811013747657e-01
8.876632251384235228e-02 5.092679536355209091e-01
8.935757953083194038e-02 5.120392498074449739e-01
8.995079694582157337e-02 5.147996159074550437e-01
9.054597475881122348e-02 5.175490003292811947e-01
9.114311296980096011e-02 5.202873535401267846e-01
9.174221157879074162e-02 5.230146280509708756e-01
9.234327058578056802e-02 5.257307783869076268e-01
9.294628999077042542e-02 5.284357610576662090e-01
9.355126979376035545e-02 5.311295345281997760e-01
9.415820999475034425e-02 5.338120591894663924e-01
9.476711059374037793e-02 5.364832973293712781e-01
9.537797159073045650e-02 5.391432131037525721e-01
9.599079298572055219e-02 5.417917725077027180e-01
9.660557477871074827e-02 5.444289433469169381e-01
9.722231696970097536e-02 5.470546952092405490e-01
9.784101955869126122e-02 5.496689994364979404e-01
9.846168254568156419e-02 5.522718290963227750e-01
9.908430593067193981e-02 5.548631589543285836e-01
9.970888971366237419e-02 5.574429654464597705e-01
1.003354338946528534e-01 5.600112266514206683e-01
1.009639384736433915e-01 5.625679222634798471e-01
1.015944034506339466e-01 5.651130335653438141e-01
1.022268288256245744e-01 5.676465434012984979e-01
1.028612145986152610e-01 5.701684361505598986e-01
1.034975607696059924e-01 5.726786977008875290e-01
1.041358673385967409e-01 5.751773154223203122e-01
1.047761343055875760e-01 5.776642781412496541e-01
1.054183616705784560e-01 5.801395761145977659e-01
1.060625494335693947e-01 5.826032010043482590e-01
1.067086975945603783e-01 5.850551458522723625e-01
1.073568061535513790e-01 5.874954050548100160e-01
1.080068751105424663e-01 5.899239743383426493e-01
1.086589044655335984e-01 5.923408507345264695e-01
1.093128942185247754e-01 5.947460325560316452e-01
1.099688443695159834e-01 5.971395193724471362e-01
1.106267549185072641e-01 5.995213119863864737e-01
1.112866258654986035e-01 6.018914124099409291e-01
1.119484572104899878e-01 6.042498238413235301e-01
1.126122489534813753e-01 6.065965506417601016e-01
1.132780010944728633e-01 6.089315983126308840e-01
1.139457136334643961e-01 6.112549734729079143e-01
1.146153865704559877e-01 6.135666838367459519e-01
1.152870199054476102e-01 6.158667381914525452e-01
1.159606136384392638e-01 6.181551463756080889e-01
1.166361677694310039e-01 6.204319192574544450e-01
1.173136822984227889e-01 6.226970687136149651e-01
1.179931572254146188e-01 6.249506076079702765e-01
1.186745925504064658e-01 6.271925497707804276e-01
1.193579882733983993e-01 6.294229099781988301e-01
1.200433443943903777e-01 6.316417039318469318e-01
1.207306609133824149e-01 6.338489482388192098e-01
1.214199378303744969e-01 6.360446603917624397e-01
1.221111751453665961e-01 6.382288587493275545e-01
1.228043728583587818e-01 6.404015625169205972e-01
1.234995309693510124e-01 6.425627917274638889e-01
1.241966494783433017e-01 6.447125672226818871e-01
1.248957283853355943e-01 6.468509106344336734e-01
1.255967676903279873e-01 6.489778443664070418e-01
1.262997673933204390e-01 6.510933915759722357e-01
1.270047274943129079e-01 6.531975761563306726e-01
1.277116479933054216e-01 6.552904227188610653e-01
1.284205288902980080e-01 6.573719565757151218e-01
1.291313701852906393e-01 6.594422037227172240e-01
1.298441718782833154e-01 6.615011908223128456e-01
1.305589339692760642e-01 6.635489451868964439e-01
1.312756564582688024e-01 6.655854947623562889e-01
1.319943393452616409e-01 6.676108681117048915e-01
1.327149826302545244e-01 6.696250943990026405e-01
1.334375863132474527e-01 6.716282033734779500e-01
1.341621503942403981e-01 6.736202253536516249e-01
1.348886748732334440e-01 6.756011912116839380e-01
1.356171597502265069e-01 6.775711323575126510e-01
1.363476050252196425e-01 6.795300807228162876e-01
1.370800106982128508e-01 6.814780687442262286e-01
1.378143767692060206e-01 6.834151293455050791e-01
1.385507032381993187e-01 6.853412959163115437e-01
1.392889901051926616e-01 6.872566022752911730e-01
1.400292373701860493e-01 6.891512611814631928e-01
1.407714450331794265e-01 6.910448358702536709e-01
1.415156130941729040e-01 6.929276530726694583e-01
1.422617415531664542e-01 6.947997484989664185e-01
1.430098304101600493e-01 6.966611582253671164e-01
1.437598796651536337e-01 6.985119187028852039e-01
1.445118893181473185e-01 7.003520667512034281e-01
1.452658593691410482e-01 7.021816395497879615e-01
1.460217898181348506e-01 7.040006746277397420e-01
1.467796806651286701e-01 7.058092098531726366e-01
1.475395319101225067e-01 7.076072834223574581e-01
1.483013435531164437e-01 7.093949338487093303e-01
1.490651155941104256e-01 7.111721999519347026e-01
1.498308480331044801e-01 7.129391208471362873e-01
1.505985408700985240e-01 7.146957359341712390e-01
1.513681941050926405e-01 7.164420848871813075e-01
1.521398077380868297e-01 7.181782076441675100e-01
1.529133817690810637e-01 7.199041443968161591e-01
1.536889161980753704e-01 7.216199355805309468e-01
1.544664110250696387e-01 7.233256218645253144e-01
1.552458662500640352e-01 7.250212441421652887e-01
1.560272818730584765e-01 7.267068435214744104e-01
1.568106578940529627e-01 7.283824613157470207e-01
1.575959943130474383e-01 7.300481390344286670e-01
1.583832911300420421e-01 7.317039183740298158e-01
1.591725483450366629e-01 7.333498412093512053e-01
1.599637659580313565e-01 7.349859495847413937e-01
1.607569439690260948e-01 7.366122857056053297e-01
1.615520823780208504e-01 7.382288919299843100e-01
1.623491811850156785e-01 7.398358107604096068e-01
1.631482403900105516e-01 7.414330848357718606e-01
1.639492599930054972e-01 7.430207569234783538e-01
1.647522399940004323e-01 7.445988699116506959e-01
1.655571803929954677e-01 7.461674668015650935e-01
1.663640811899905481e-01 7.477265907001585665e-01
1.671729423849857010e-01 7.492762848127020314e-01
1.679837639779808434e-01 7.508165924357206311e-01
1.687965459689760583e-01 7.523475569498268012e-01
1.696112883579713460e-01 7.538692218129924294e-01
1.704279911449667062e-01 7.553816305536732445e-01
1.712466543299620836e-01 7.568848267642473981e-01
1.720672779129574781e-01 7.583788540945861634e-01
1.728898618939529452e-01 7.598637562455831107e-01
1.737144062729484850e-01 7.613395769630847409e-01
1.745409110499440697e-01 7.628063600316925541e-01
1.753693762249396715e-01 7.642641492688860838e-01
1.761998017979353459e-01 7.657129885191094054e-01
1.770321877689310930e-01 7.671529216481473012e-01
1.778665341379268849e-01 7.685839925374822190e-01
1.787028409049227218e-01 7.700062450788072166e-01
1.795411080699185480e-01 7.714197231687662804e-01
1.803813356329145023e-01 7.728244707035800687e-01
1.812235235939104738e-01 7.742205315740960936e-01
1.820676719529065180e-01 7.756079496606229640e-01
1.829137807099025514e-01 7.769867688281145712e-01
1.837618498648986853e-01 7.783570329213961303e-01
1.846118794178948919e-01 7.797187857604319650e-01
1.854638693688911155e-01 7.810720711357919122e-01
1.863178197178873563e-01 7.824169328041670202e-01
1.871737304648836975e-01 7.837534144839914951e-01
1.880316016098800835e-01 7.850815598512487226e-01
1.888914331528765145e-01 7.864014125351767026e-01
1.897532250938729903e-01 7.877130161143272025e-01
1.906169774328694833e-01 7.890164141124926811e-01
1.914826901698660766e-01 7.903116499949267570e-01
1.923503633048627148e-01 7.915987671645144941e-01
1.932199968378593979e-01 7.928778089580179600e-01
1.940915907688560982e-01 7.941488186426082230e-01
1.949651450978528711e-01 7.954118394122309255e-01
1.958406598248497166e-01 7.966669143842639578e-01
1.967181349498466070e-01 7.979140865961400486e-01
1.975975704728435423e-01 7.991533990021062461e-01
1.984789663938404669e-01 8.003848944699976098e-01
1.993623227128375197e-01 8.016086157782869037e-01
2.002476394298345896e-01 8.028246056128962582e-01
2.011349165448317322e-01 8.040329065644196138e-01
2.020241540578288642e-01 8.052335611251741909e-01
2.029153519688260965e-01 8.064266116864760026e-01
2.038085102778234015e-01 8.076121005358843918e-01
2.047036289848207236e-01 8.087900698546396372e-01
2.056007080898180628e-01 8.099605617150880121e-01
2.064997475928155024e-01 8.111236180781423721e-01
2.074007474938129869e-01 8.122792807909544610e-01
2.083037077928105441e-01 8.134275915844946248e-01
2.092086284898081183e-01 8.145685920713680028e-01
2.101155095848057097e-01 8.157023237434293250e-01
2.110243510778034015e-01 8.168288279698654453e-01
2.119351529688011382e-01 8.179481459949377031e-01
2.128479152577989197e-01 8.190603189360116110e-01
2.137626379447967184e-01 8.201653877816209581e-01
2.146793210297945897e-01 8.212633933895772120e-01
2.155979645127925337e-01 8.223543764850651527e-01
2.165185683937905226e-01 8.234383776589355719e-01
2.174411326727885563e-01 8.245154373659624447e-01
2.183656573497865794e-01 8.255855959231200858e-01
2.192921424247847306e-01 8.266488935080625877e-01
2.202205878977829268e-01 8.277053701575282085e-01
2.211509937687811678e-01 8.287550657657586362e-01
2.220833600377793982e-01 8.297980200832174580e-01
2.230176867047777289e-01 8.308342727149986562e-01
2.239539737697761046e-01 8.318638631196129118e-01
2.248922212327745529e-01 8.328868306076029349e-01
2.258324290937730461e-01 8.339032143403762865e-01
2.267745973527715286e-01 8.349130533288824374e-01
2.277187260097701116e-01 8.359163864325477311e-01
2.286648150647687394e-01 8.369132523581221950e-01
2.296128645177674399e-01 8.379036896585920768e-01
2.305628743687661297e-01 8.388877367321987411e-01
2.315148446177649200e-01 8.398654318214159309e-01
2.324687752647637551e-01 8.408368130120108530e-01
2.334246663097626351e-01 8.418019182321302418e-01
2.343825177527615322e-01 8.427607852514811260e-01
2.353423295937605020e-01 8.437134516804675188e-01
2.363041018327595444e-01 8.446599549693815101e-01
2.372678344697586317e-01 8.456003324077158156e-01
2.382335275047577638e-01 8.465346211234235918e-01
2.392011809377569131e-01 8.474628580821118584e-01
2.401707947687561351e-01 8.483850800866384878e-01
2.411423689977554297e-01 8.493013237762675471e-01
2.421159036247547691e-01 8.502116256261924576e-01
2.430913986497540979e-01 8.511160219469100507e-01
2.440688540727535549e-01 8.520145488837039816e-01
2.450482698937530290e-01 8.529072424160646371e-01
2.460296461127525758e-01 8.537941383571809872e-01
2.470129827297521674e-01 8.546752723532392571e-01
2.479982797447517484e-01 8.555506798826593151e-01
2.489855371577514298e-01 8.564203962550290816e-01
2.499747549687511561e-01 8.572844566084076856e-01
2.509659331777509550e-01 8.581396361582780408e-01
2.519590717847506878e-01 8.589924094005008115e-01
2.529541707897505765e-01 8.598396296021780794e-01
2.539512301927505100e-01 8.606813312240004787e-01
2.549502499937504885e-01 8.615175485544021017e-01
2.559512301927505673e-01 8.623483157113092101e-01
2.569541707897506355e-01 8.631736666427541893e-01
2.579590717847507486e-01 8.639936351269639214e-01
2.589659331777509621e-01 8.648082547726217983e-01
2.599747549687512205e-01 8.656175590187488167e-01
2.609855371577514682e-01 8.664215811347935059e-01
2.619982797447518164e-01 8.672203542206620153e-01
2.630129827297520984e-01 8.680139112066943552e-01
2.640296461127525363e-01 8.688022848537818588e-01
2.650482698937530190e-01 8.695855077533050093e-01
2.660688540727535467e-01 8.703636123273458258e-01
2.670913986497541748e-01 8.711366308286364601e-01
2.681159036247547922e-01 8.719045953408217642e-01
2.691423689977554545e-01 8.726675377784309795e-01
2.701707947687562172e-01 8.734254898871022244e-01
2.712011809377570248e-01 8.741784832437498043e-01
2.722335275047577108e-01 8.749265492566912217e-01
2.732678344697586081e-01 8.756697191658315838e-01
2.743041018327595504e-01 8.764080240429416024e-01
2.753423295937605375e-01 8.771414947918204641e-01
2.763825177527615695e-01 8.778701621485021089e-01
2.774246663097627019e-01 8.785940566816112796e-01
2.784687752647638237e-01 8.793132087925147333e-01
2.795148446177649904e-01 8.800276487156600824e-01
2.805628743687662574e-01 8.807374065188829926e-01
2.816128645177674028e-01 8.814425121036618682e-01
2.826648150647687596e-01 8.821429952054812285e-01
2.837187260097701613e-01 8.828388853941637748e-01
2.847745973527716079e-01 8.835302120741630461e-01
2.858324290937730994e-01 8.842170044850086175e-01
2.868922212327746357e-01 8.848992917015872095e-01
2.879539737697762170e-01 8.855771026345687913e-01
2.890176867047778431e-01 8.862504660308041515e-01
2.900833600377795141e-01 8.869194104737186946e-01
2.911509937687811744e-01 8.875839643837066806e-01
2.922205878977829352e-01 8.882441560185732055e-01
2.932921424247847964e-01 8.889000134739825087e-01
2.943656573497866469e-01 8.895515646838499935e-01
2.954411326727885978e-01 8.901988374208636978e-01
2.965185683937905936e-01 8.908418592968941896e-01
2.975979645127926343e-01 8.914806577634706297e-01
2.986793210297947199e-01 8.921152601122910308e-01
2.997626379447967393e-01 8.927456934756790030e-01
3.008479152577989146e-01 8.933719848270851305e-01
3.019351529688011904e-01 8.939941609816033363e-01
3.030243510778034555e-01 8.946122485964650428e-01
3.041155095848058210e-01 8.952262741715683037e-01
3.052086284898081758e-01 8.958362640500068252e-01
3.063037077928106311e-01 8.964422444185961014e-01
3.074007474938131312e-01 8.970442413083818955e-01
3.084997475928156763e-01 8.976422805952445350e-01
3.096007080898180996e-01 8.982363880004404777e-01
3.107036289848207899e-01 8.988265890910757117e-01
3.118085102778234696e-01 8.994129092807802150e-01
3.129153519688261942e-01 8.999953738302379769e-01
3.140241540578289636e-01 9.005740078477110222e-01
3.151349165448318335e-01 9.011488362897080995e-01
3.162476394298346927e-01 9.017198839614679606e-01
3.173623227128376523e-01 9.022871755176383735e-01
3.184789663938406568e-01 9.028507354628063641e-01
3.195975704728435396e-01 9.034105881521358183e-01
3.207181349498466338e-01 9.039667577919793251e-01
3.218406598248497730e-01 9.045192684403882133e-01
3.229651450978529570e-01 9.050681440078641726e-01
3.240915907688562414e-01 9.056134082578640720e-01
3.252199968378595152e-01 9.061550848074743092e-01
3.263503633048628338e-01 9.066931971279625913e-01
3.274826901698662529e-01 9.072277685455094609e-01
3.286169774328696613e-01 9.077588222417322106e-01
3.297532250938730591e-01 9.082863812543792159e-01
3.308914331528765573e-01 9.088104684778921527e-01
3.320316016098801559e-01 9.093311066641317497e-01
3.331737304648837994e-01 9.098483184229423371e-01
3.343178197178874878e-01 9.103621262227807875e-01
3.354638693688912210e-01 9.108725523914076305e-01
3.366118794178950546e-01 9.113796191164859062e-01
3.377618498648988776e-01 9.118833484462127714e-01
3.389137807099027455e-01 9.123837622899404476e-01
3.400676719529066028e-01 9.128808824187614190e-01
3.412235235939105604e-01 9.133747304659988187e-01
3.423813356329146185e-01 9.138644561935909127e-01
3.435411080699187214e-01 9.143517926324314926e-01
3.447028409049228137e-01 9.148359202709227533e-01
3.458665341379270064e-01 9.153168601850022457e-01
3.470321877689312440e-01 9.157946333161052221e-01
3.481998017979355819e-01 9.162692604719409051e-01
3.493693762249399093e-01 9.167407623271761619e-01
3.505409110499441705e-01 9.172091594242295365e-01
3.517144062729485876e-01 9.176744721737768451e-01
3.528898618939531051e-01 9.181367208555437642e-01
3.540672779129576120e-01 9.185959256189240030e-01
3.552466543299622193e-01 9.190521064835889264e-01
3.564279911449668714e-01 9.195052833402502790e-01
3.576112883579715684e-01 9.199554759512572621e-01
3.587965459689763104e-01 9.204027039512563402e-01
3.599837639779809306e-01 9.208469868478532661e-01
3.611729423849858178e-01 9.212883440223084142e-01
3.623640811899906944e-01 9.217267947301598374e-01
3.635571803929956158e-01 9.221623581018845162e-01
3.647522399940006377e-01 9.225950531435539448e-01
3.659492599930056489e-01 9.230248987374991554e-01
3.671482403900107605e-01 9.234519136429677477e-01
3.683491811850159170e-01 9.238761164967964623e-01
3.695520823780210629e-01 9.242975258140205819e-01
3.707569439690261981e-01 9.247161599885933558e-01
3.719637659580314892e-01 9.251320372939459968e-01
3.731725483450368253e-01 9.255451758837175413e-01
3.743832911300422062e-01 9.259555937923887869e-01
3.755959943130476320e-01 9.263633089359233352e-01
3.768106578940531581e-01 9.267683391124310610e-01
3.780272818730586737e-01 9.271707020027766255e-01
3.792458662500642896e-01 9.275704151712379497e-01
3.804664110250698950e-01 9.279674960662366301e-01
3.816889161980754896e-01 9.283619620208343193e-01
3.829133817690812402e-01 9.287538302534774637e-01
3.841398077380869802e-01 9.291431178686290204e-01
3.853681941050928206e-01 9.295298418573701982e-01
3.865985408700987613e-01 9.299140190980611509e-01
3.878308480331046915e-01 9.302956663569857954e-01
3.890651155941106665e-01 9.306748002889398963e-01
3.903013435531166864e-01 9.310514374379418312e-01
3.915395319101228067e-01 9.314255942378132369e-01
3.927796806651288053e-01 9.317972870127473328e-01
3.940217898181350153e-01 9.321665319781097248e-01
3.952658593691412148e-01 9.325333452408923751e-01
3.965118893181475146e-01 9.328977428004158190e-01
3.977598796651538593e-01 9.332597405489385656e-01
3.990098304101602489e-01 9.336193542722559524e-01
4.002617415531666833e-01 9.339765996503841539e-01
4.015156130941732182e-01 9.343314922581101856e-01
4.027714450331797424e-01 9.346840475656148506e-01
4.040292373701862005e-01 9.350342809390668197e-01
4.052889901051928145e-01 9.353822076413313980e-01
4.065507032381995289e-01 9.357278428324706798e-01
4.078143767692062882e-01 9.360712015703455124e-01
4.090800106982130369e-01 9.364122988113677826e-01
4.103476050252198859e-01 9.367511494108410330e-01
4.116171597502267798e-01 9.370877681238344303e-01
4.128886748732337186e-01 9.374221696056090902e-01
4.141621503942407023e-01 9.377543684122378043e-01
4.154375863132476199e-01 9.380843790012534100e-01
4.167149826302546933e-01 9.384122157321721502e-01
4.179943393452618672e-01 9.387378928671492595e-01
4.192756564582690304e-01 9.390614245714561381e-01
4.205589339692762940e-01 9.393828249141934483e-01
4.218441718782836025e-01 9.397021078687879392e-01
4.231313701852909004e-01 9.400192873135535532e-01
4.244205288902982987e-01 9.403343770323715489e-01
4.257116479933056308e-01 9.406473907151452485e-01
4.270047274943131188e-01 9.409583419584417463e-01
4.282997673933206517e-01 9.412672442659943961e-01
4.295967676903282295e-01 9.415741110493821564e-01
4.308957283853359077e-01 9.418789556284391518e-01
4.321966494783435753e-01 9.421817912319430111e-01
4.334995309693513432e-01 9.424826309981584327e-01
4.348043728583591006e-01 9.427814879752582922e-01
4.361111751453669583e-01 9.430783751220480626e-01
4.374199378303746943e-01 9.433733053084162323e-01
4.387306609133826418e-01 9.436662913159162835e-01
4.400433443943906342e-01 9.439573458382962690e-01
4.413579882733986715e-01 9.442464814820206165e-01
4.426745925504067536e-01 9.445337107668703158e-01
4.439931572254149361e-01 9.448190461263965556e-01
4.453136822984231080e-01 9.451024999084948197e-01
4.466361677694313248e-01 9.453840843759239165e-01
4.479606136384396420e-01 9.456638117068073557e-01
4.492870199054478375e-01 9.459416939950819891e-01
4.506153865704562445e-01 9.462172072734812422e-01
4.519457136334646408e-01 9.464914168305236242e-01
4.532780010944731375e-01 9.467638166998962879e-01
4.546122489534816791e-01 9.470344186379798801e-01
4.559484572104903211e-01 9.473032343196011729e-01
4.572866258654989524e-01 9.475702753385998323e-01
4.586267549185076287e-01 9.478355532083042601e-01
4.599688443695163498e-01 9.480990793621534296e-01
4.613128942185250048e-01 9.483608651540665901e-01
4.626589044655338712e-01 9.486209218590495595e-01
4.640068751105427269e-01 9.488792606736572433e-01
4.653568061535516831e-01 9.491358927164661452e-01
4.667086975945606842e-01 9.493908290285949514e-01
4.680625494335697301e-01 9.496440805741990232e-01
4.694183616705788209e-01 9.498956582409414651e-01
4.707761343055879566e-01 9.501455728404449852e-01
4.721358673385971372e-01 9.503938351088619951e-01
4.734975607696062516e-01 9.506404557072287709e-01
4.748612145986155220e-01 9.508854452220399933e-01
4.762268288256248927e-01 9.511288141657083806e-01
4.775944034506342528e-01 9.513705729769768027e-01
4.789639384736437133e-01 9.516107320214091114e-01
4.803354338946532187e-01 9.518493015919063938e-01
4.817088897136627690e-01 9.520862919091190868e-01
4.830843059306723641e-01 9.523217131218799647e-01
4.844616825456818376e-01 9.525555753077074028e-01
4.858410195586915226e-01 9.527878884732633447e-01
4.872223169697012524e-01 9.530186625547595325e-01
4.886055747787110826e-01 9.532479074184372347e-01
4.899907929857209021e-01 9.534756328610137777e-01
4.913779715907308221e-01 9.537018486100949932e-01
4.927671105937407314e-01 9.539265643246358506e-01
4.941582099947507412e-01 9.541497895953912067e-01
4.955512697937607958e-01 9.543715339453213709e-01
4.969462899907707287e-01 9.545918068300297543e-01
4.983432705857808731e-01 9.548106176382247234e-01
4.997422115787910624e-01 9.550279756920928564e-01
5.011431129698012965e-01 9.552438902477530247e-01
5.025459747588115755e-01 9.554583704956863821e-01
5.039507969458218994e-01 9.556714255611078457e-01
5.053575795308323793e-01 9.558830645044507079e-01
5.067663225138427929e-01 9.560932963217201319e-01
5.081770258948532515e-01 9.563021299449503410e-01
5.095896896738636439e-01 9.565095742425495651e-01
5.110043138508743032e-01 9.567156380197646692e-01
5.124208984258848965e-01 9.569203300190528561e-01
5.138394433988955345e-01 9.571236589205304179e-01
5.152599487699063285e-01 9.573256333422502928e-01
5.166824145389171674e-01 9.575262618407685000e-01
5.181068407059279401e-01 9.577255529113677390e-01
5.195332272709388688e-01 9.579235149885643175e-01
5.209615742339498423e-01 9.581201564464340015e-01
5.223918815949606387e-01 9.583154855990310139e-01
5.238241493539717020e-01 9.585095107007427506e-01
5.252583775109828101e-01 9.587022399466746947e-01
5.266945660659939632e-01 9.588936814730628644e-01
5.281327150190051611e-01 9.590838433575837874e-01
5.295728243700164040e-01 9.592727336197697241e-01
5.310148941190276917e-01 9.594603602213762628e-01
5.324589242660390243e-01 9.596467310667267103e-01
5.339049148110504017e-01 9.598318540031232082e-01
5.353528657540617131e-01 9.600157368211215125e-01
5.368027770950731803e-01 9.601983872549885168e-01
5.382546488340846924e-01 9.603798129829964614e-01
5.397084809710962494e-01 9.605600216277955239e-01
5.411642735061079623e-01 9.607390207567583218e-01
5.426220264391196091e-01 9.609168178823437323e-01
5.440817397701314118e-01 9.610934204624339561e-01
5.455434134991431483e-01 9.612688359006864580e-01
5.470070476261550407e-01 9.614430715468551547e-01
5.484726421511667560e-01 9.616161346971592305e-01
5.499401970741787382e-01 9.617880325945836750e-01
5.514097123951906543e-01 9.619587724292560926e-01
5.528811881142027262e-01 9.621283613387331402e-01
5.543546242312148431e-01 9.622968064084057582e-01
5.558300207462270048e-01 9.624641146717196616e-01
5.573073776592392115e-01 9.626302931105662486e-01
5.587866949702514630e-01 9.627953486556468654e-01
5.602679726792635373e-01 9.629592881866814169e-01
5.617512107862758786e-01 9.631221185328243672e-01
5.632364092912882647e-01 9.632838464729196470e-01
5.647235681943006957e-01 9.634444787358522611e-01
5.662126874953131717e-01 9.636040220008672552e-01
5.677037671943258035e-01 9.637624828977986446e-01
5.691968072913383692e-01 9.639198680074692049e-01
5.706918077863509797e-01 9.640761838619799073e-01
5.721887686793637462e-01 9.642314369449602740e-01
5.736876899703762245e-01 9.643856336918833483e-01
5.751885716593890807e-01 9.645387804904306250e-01
5.766914137464018708e-01 9.646908836806912246e-01
5.781962162314148168e-01 9.648419495555321523e-01
5.797029791144278077e-01 9.649919843607969172e-01
5.812117023954407324e-01 9.651409942957125399e-01
5.827223860744538131e-01 9.652889855130895036e-01
5.842350301514669386e-01 9.654359641196402775e-01
5.857496346264799980e-01 9.655819361762337794e-01
5.872661994994931023e-01 9.657269076982105682e-01
5.887847247705062514e-01 9.658708846556161021e-01
5.903052104395195565e-01 9.660138729735477936e-01
5.918276565065329065e-01 9.661558785323359766e-01
5.933520629715463013e-01 9.662969071678688682e-01
5.948784298345597410e-01 9.664369646718947715e-01
5.964067570955732256e-01 9.665760567921659607e-01
5.979370447545868661e-01 9.667141892328287023e-01
5.994692928116004405e-01 9.668513676546367508e-01
6.010035012666138377e-01 9.669875976752166924e-01
6.025396701196276128e-01 9.671228848692730029e-01
6.040777993706413218e-01 9.672572347689507577e-01
6.056178890196550757e-01 9.673906528639327762e-01
6.071599390666689855e-01 9.675231446018578430e-01
6.087039495116828292e-01 9.676547153883947594e-01
6.102499203546968287e-01 9.677853705875254509e-01
6.117978515957107621e-01 9.679146380030460017e-01
6.133477432347248515e-01 9.680434661131577245e-01
6.148995952717387636e-01 9.681713943104108822e-01
6.164534077067529427e-01 9.682984277942714435e-01
6.180091805397671667e-01 9.684245717237404127e-01
6.195669137707813245e-01 9.685498312176169522e-01
6.211266073997956383e-01 9.686742113548066913e-01
6.226882614268099969e-01 9.687977171744618365e-01
6.242518758518244004e-01 9.689203536763516533e-01
6.258174506748388488e-01 9.690421258209471755e-01
6.273849858958533421e-01 9.691630385297369532e-01
6.289544815148676582e-01 9.692830966854421026e-01
6.305259375318823523e-01 9.694023051321827289e-01
6.320993539468969802e-01 9.695206686757711356e-01
6.336747307599116530e-01 9.696381920838930135e-01
6.352520679709263707e-01 9.697548800863029506e-01
6.368313655799411332e-01 9.698707373750593552e-01
6.384126235869560517e-01 9.699857686047407279e-01
6.399958419919709041e-01 9.700999783926748110e-01
6.415810207949856903e-01 9.702133713190597142e-01
6.431681599960007434e-01 9.703259519272867673e-01
6.447572595950157304e-01 9.704377247240272286e-01
6.463483195920308733e-01 9.705486941795282707e-01
6.479413399870459500e-01 9.706588647277446524e-01
6.495363207800611827e-01 9.707682407666085034e-01
6.511332619710764602e-01 9.708768266581224715e-01
6.527321635600916716e-01 9.709846267286481591e-01
6.543330255471070389e-01 9.710916452690414591e-01
6.559358479321222291e-01 9.711978865348646073e-01
6.575406307151376861e-01 9.713033547465623752e-01
6.591473738961531881e-01 9.714080540896782301e-01
6.607560774751687349e-01 9.715119887149687994e-01
6.623667414521843266e-01 9.716151627386562240e-01
6.639793658271999632e-01 9.717175802425792597e-01
6.655939506002157557e-01 9.718192452743622534e-01
6.672104957712314821e-01 9.719201618476229765e-01
6.688290013402472534e-01 9.720203339420813160e-01
6.704494673072629585e-01 9.721197655038191776e-01
6.720718936722788195e-01 9.722184604453625312e-01
6.736962804352947254e-01 9.723164226459407589e-01
6.753226275963107872e-01 9.724136559515658140e-01
6.769509351553267829e-01 9.725101641752825765e-01
6.785812031123429344e-01 9.726059510971898359e-01
6.802134314673590199e-01 9.727010204648163239e-01
6.818476202203752612e-01 9.727953759930870747e-01
6.834837693713914364e-01 9.728890213645500218e-01
6.851218789204075454e-01 9.729819602295745051e-01
6.867619488674239214e-01 9.730741962064223260e-01
6.884039792124403423e-01 9.731657328814830032e-01
6.900479699554568080e-01 9.732565738093259533e-01
6.916939210964733187e-01 9.733467225129748268e-01
6.933418326354898742e-01 9.734361824839214972e-01
6.949917045725064746e-01 9.735249571823473280e-01
6.966435369075231199e-01 9.736130500372712770e-01
6.982973296405398100e-01 9.737004644466459302e-01
6.999530827715563230e-01 9.737872037775364698e-01
7.016107963005731030e-01 9.738732713662079377e-01
7.032704702275899278e-01 9.739586705183350679e-01
7.049321045526069085e-01 9.740434045090493598e-01
7.065956992756238231e-01 9.741274765831603455e-01
7.082612543966407825e-01 9.742108899551804591e-01
7.099287699156578979e-01 9.742936478095544084e-01
7.115982458326749471e-01 9.743757533007240124e-01
7.132696821476921523e-01 9.744572095532781919e-01
7.149430788607090692e-01 9.745380196620657687e-01
7.166184359717263641e-01 9.746181866922752901e-01
7.182957534807437039e-01 9.746977136796642904e-01
7.199750313877609775e-01 9.747766036305505200e-01
7.216562696927784071e-01 9.748548595220081214e-01
7.233394683957958815e-01 9.749324843019355757e-01
7.250246274968132898e-01 9.750094808892122433e-01
7.267117469958308540e-01 9.750858521737506557e-01
7.284008268928482410e-01 9.751616010166548332e-01
7.300918671878658950e-01 9.752367302502926716e-01
7.317848678808835938e-01 9.753112426784287248e-01
7.334798289719013376e-01 9.753851410762891527e-01
7.351767504609192372e-01 9.754584281907203724e-01
7.368756323479370707e-01 9.755311067401853942e-01
7.385764746329549491e-01 9.756031794150059611e-01
7.402792773159728723e-01 9.756746488772646275e-01
7.419840403969908404e-01 9.757455177611554786e-01
7.436907638760087425e-01 9.758157886727922836e-01
7.453994477530268004e-01 9.758854641905223559e-01
7.471100920280450142e-01 9.759545468648817002e-01
7.488226967010631618e-01 9.760230392187133619e-01
7.505372617720814654e-01 9.760909437473098693e-01
7.522537872410997029e-01 9.761582629184116788e-01
7.539722731081180962e-01 9.762249991723291886e-01
7.556927193731364234e-01 9.762911549219924767e-01
7.574151260361549065e-01 9.763567325530799756e-01
7.591394930971732125e-01 9.764217344240182506e-01
7.608658205561917853e-01 9.764861628661635207e-01
7.625941084132104031e-01 9.765500201837402638e-01
7.643243566682289547e-01 9.766133086539968700e-01
7.660565653212476622e-01 9.766760305272357279e-01
7.677907343722664146e-01 9.767381880268957151e-01
7.695268638212852119e-01 9.767997833496505633e-01
7.712649536683040541e-01 9.768608186653565673e-01
7.730050039133229411e-01 9.769212961172255572e-01
7.747470145563417621e-01 9.769812178218532095e-01
7.764909855973607389e-01 9.770405858692196022e-01
7.782369170363797606e-01 9.770994023228061209e-01
7.799848088733989382e-01 9.771576692196030089e-01
7.817346611084180497e-01 9.772153885702111742e-01
7.834864737414372060e-01 9.772725623588263133e-01
7.852402467724565183e-01 9.773291925433378324e-01
7.869959802014757644e-01 9.773852810553163017e-01
7.887536740284951664e-01 9.774408298001114881e-01
7.905133282535142802e-01 9.774958406568311498e-01
7.922749428765337720e-01 9.775503154784785931e-01
7.940385178975533087e-01 9.776042560918316582e-01
7.958040533165727792e-01 9.776576642976436693e-01
7.975715491335924057e-01 9.777105418705502871e-01
7.993410053486120770e-01 9.777628905591320141e-01
8.011124219616317932e-01 9.778147120860044561e-01
8.028857989726515543e-01 9.778660081477341670e-01
8.046611363816711382e-01 9.779167804149476728e-01
8.064384341886909890e-01 9.779670305323028279e-01
8.082176923937108848e-01 9.780167601185506543e-01
8.099989109967308254e-01 9.780659707664762781e-01
8.117820899977508109e-01 9.781146640430349315e-01
8.135672293967708413e-01 9.781628414892087342e-01
8.153543291937909165e-01 9.782105046201402532e-01
8.171433893888111477e-01 9.782576549251292830e-01
8.189344099818313127e-01 9.783042938674945121e-01
8.207273909728513006e-01 9.783504228848186601e-01
8.225223323618716664e-01 9.783960433887468611e-01
8.243192341488919661e-01 9.784411567650664887e-01
8.261180963339124217e-01 9.784857643736744048e-01
8.279189189169328111e-01 9.785298675486059361e-01
8.297217018979533565e-01 9.785734675980310993e-01
8.315264452769738357e-01 9.786165658041677817e-01
8.333331490539944708e-01 9.786591634233532400e-01
8.351418132290151508e-01 9.787012616859963599e-01
8.369524378020356536e-01 9.787428617965544531e-01
8.387650227730564234e-01 9.787839649335149383e-01
8.405795681420771270e-01 9.788245722493721379e-01
8.423960739090979866e-01 9.788646848706070713e-01
8.442145400741188910e-01 9.789043038976634747e-01
8.460349666371398403e-01 9.789434304048924007e-01
8.478573535981608345e-01 9.789820654405597677e-01
8.496817009571818735e-01 9.790202100267836327e-01
8.515080087142030685e-01 9.790578651594932236e-01
8.533362768692239753e-01 9.790950318083853077e-01
8.551665054222451490e-01 9.791317109168951038e-01
8.569986943732663676e-01 9.791679034022019446e-01
8.588328437222877421e-01 9.792036101550205540e-01
8.606689534693090504e-01 9.792388320397491519e-01
8.625070236143304037e-01 9.792735698942793832e-01
8.643470541573519128e-01 9.793078245299761120e-01
8.661890450983733558e-01 9.793415967316491111e-01
8.680329964373949547e-01 9.793748872574448150e-01
8.698789081744163765e-01 9.794076968387834814e-01
8.717267803094379541e-01 9.794400261803765106e-01
8.735766128424596877e-01 9.794718759600000713e-01
8.754284057734814661e-01 9.795032468285711502e-01
8.772821591025032895e-01 9.795341394099881249e-01
8.791378728295250466e-01 9.795645543010600420e-01
8.809955469545469597e-01 9.795944920714602100e-01
8.828551814775689177e-01 9.796239532636060732e-01
8.847167763985909206e-01 9.796529383925761669e-01
8.865803317176127463e-01 9.796814479460357328e-01
8.884458474346348389e-01 9.797094823840810651e-01
8.903133235496569764e-01 9.797370421392669337e-01
8.921827600626792698e-01 9.797641276163591151e-01
8.940541569737014971e-01 9.797907391923217357e-01
8.959275142827237692e-01 9.798168772162041407e-01
8.978028319897460863e-01 9.798425420089760252e-01
8.996801100947685592e-01 9.798677338634566025e-01
9.015593485977907440e-01 9.798924530442069125e-01
9.034405474988133067e-01 9.799166997873629548e-01
9.053237067978358033e-01 9.799404743005499796e-01
9.072088264948584557e-01 9.799637767627185081e-01
9.090959065898810421e-01 9.799866073240772746e-01
9.109849470829037843e-01 9.800089661058747348e-01
9.128759479739264604e-01 9.800308532002841577e-01
9.147689092629492924e-01 9.800522686703294628e-01
9.166638309499721693e-01 9.800732125496591784e-01
9.185607130349948690e-01 9.800936848423794645e-01
9.204595555180178357e-01 9.801136855229748424e-01
9.223603583990407362e-01 9.801332145361542070e-01
9.242631216780637926e-01 9.801522717965449605e-01
9.261678453550868939e-01 9.801708571887307597e-01
9.280745294301100401e-01 9.801889705669107888e-01
9.299831739031333422e-01 9.802066117548430269e-01
9.318937787741565781e-01 9.802237805455944475e-01
9.338063440431798590e-01 9.802404767013618292e-01
9.357208697102029626e-01 9.802566999533173231e-01
9.376373557752263332e-01 9.802724500014151632e-01
9.395558022382498597e-01 9.802877265141612950e-01
9.414762090992733201e-01 9.803025291284176435e-01
9.433985763582968254e-01 9.803168574492707732e-01
9.453229040153204865e-01 9.803307110496625176e-01
9.472491920703440815e-01 9.803440894703853159e-01
9.491774405233678324e-01 9.803569922196708752e-01
9.511076493743915172e-01 9.803694187730920273e-01
9.530398186234151359e-01 9.803813685732705174e-01
9.549739482704390214e-01 9.803928410296447460e-01
9.569100383154629519e-01 9.804038355182946862e-01
9.588480887584868162e-01 9.804143513815900546e-01
9.607880995995108364e-01 9.804243879280506446e-01
9.627300708385349015e-01 9.804339444320127051e-01
9.646740024755590115e-01 9.804430201333768080e-01
9.666198945105831664e-01 9.804516142374436471e-01
9.685677469436073661e-01 9.804597259144717247e-01
9.705175597746313887e-01 9.804673542995417934e-01
9.724693330036556782e-01 9.804744984922105777e-01
9.744230666306800126e-01 9.804811575562299986e-01
9.763787606557043919e-01 9.804873305192643995e-01
9.783364150787289271e-01 9.804930163725952275e-01
9.802960298997533961e-01 9.804982140707871885e-01
9.822576051187779100e-01 9.805029225314106922e-01
9.842211407358025799e-01 9.805071406346832497e-01
9.861866367508271836e-01 9.805108672232036859e-01
9.881540931638517211e-01 9.805141011015676700e-01
9.901235099748764146e-01 9.805168410360391995e-01
9.920948871839012639e-01 9.805190857542396277e-01
9.940682247909260472e-01 9.805208339447457622e-01
9.960435227959509863e-01 9.805220842567778927e-01
9.980207811989759703e-01 9.805228352998087704e-01
1.000000000000000666e+00 9.805230856432006759e-01
