0.000000000000000000e+00 3.484109779822269215e-01
2.078119897502626434e-05 3.496629769257530440e-01
4.352279595010249372e-05 3.510320001478075547e-01
6.822479092522875592e-05 3.525177328892390438e-01
9.488718390040502381e-05 3.541198240692354782e-01
1.235099748756312839e-04 3.558378841758977340e-01
1.540931638509075632e-04 3.576714830552916169e-01
1.866367508262337669e-04 3.596201476134818775e-01
2.211407358016100034e-04 3.616833594468253366e-01
2.576051187770363269e-04 3.638605524166679817e-01
2.960298997525126832e-04 3.661511101851556149e-01
3.364150787280388555e-04 3.685543637295966013e-01
3.787606557036150606e-04 3.710695888532710152e-01
4.230666306792412444e-04 3.736960037110649835e-01
4.693330036549174067e-04 3.764327663686102277e-01
5.175597746306437102e-04 3.792789724138990182e-01
5.677469436064200466e-04 3.822336526404281898e-01
6.198945105822462531e-04 3.852957708209325816e-01
6.740024755581224382e-04 3.884642215906986551e-01
7.300708385340486020e-04 3.917378284591436777e-01
7.880995995100251780e-04 3.951153419680252243e-01
8.480887584860512989e-04 3.985954380141240039e-01
9.100383154621275068e-04 4.021767163535820977e-01
9.739482704382536934e-04 4.058576993043360170e-01
1.039818623414429750e-03 4.096368306621931965e-01
1.107649374390655894e-03 4.135124748449555687e-01
1.177440523366932558e-03 4.174829162780457348e-01
1.249192070343258659e-03 4.215463590335490340e-01
1.322904015319634847e-03 4.257009267334257441e-01
1.398576358296060905e-03 4.299446627260064546e-01
1.476209099272537051e-03 4.342755305433592117e-01
1.555802238249063716e-03 4.386914146454213848e-01
1.637355775225640036e-03 4.431901214550914014e-01
1.720869710202266008e-03 4.477693806866230308e-01
1.806344043178942285e-03 4.524268469678858762e-01
1.893778774155669082e-03 4.571601017551798485e-01
1.983173903132445098e-03 4.619666555374006833e-01
2.074529430109271419e-03 4.668439503245848665e-01
2.167845355086147393e-03 4.717893624138747022e-01
2.263121678063073454e-03 4.768002054243358212e-01
2.360358399040050469e-03 4.818737335901658314e-01
2.459555518017076271e-03 4.870071453002968176e-01
2.560713034994152593e-03 4.921975868707346713e-01
2.663830949971278568e-03 4.974421565345500396e-01
2.768909262948454630e-03 5.027379086330774349e-01
2.875947973925680780e-03 5.080818579906245525e-01
2.984947082902957450e-03 5.134709844539890877e-01
3.095906589880283773e-03 5.189022375769483109e-01
3.208826494857659750e-03 5.243725414293679554e-01
3.323706797835085814e-03 5.298787995096739811e-01
3.440547498812561965e-03 5.354178997391589867e-01
3.559348597790088636e-03 5.409867195161373044e-01
3.680110094767664961e-03 5.465821308079721330e-01
3.802831989745290939e-03 5.522010052588554041e-01
3.927514282722965704e-03 5.578402192915424829e-01
4.054156973700691856e-03 5.634966591814862813e-01
4.182760062678468095e-03 5.691672260822772111e-01
4.313323549656295289e-03 5.748488409820481371e-01
4.445847434634171702e-03 5.805384495710534942e-01
4.580331717612097335e-03 5.862330270016727907e-01
4.716776398590073922e-03 5.919295825229369257e-01
4.855181477568099729e-03 5.976251639728513698e-01
4.995546954546175623e-03 6.033168621128630615e-01
5.137872829524301604e-03 6.090018147900402301e-01
5.282159102502477672e-03 6.146772109139275742e-01
5.428405773480703828e-03 6.203402942362027384e-01
5.576612842458980070e-03 6.259883669226939951e-01
5.726780309437305531e-03 6.316187929086898301e-01
5.878908174415681948e-03 6.372290010297994023e-01
6.032996437394107583e-03 6.428164879218914995e-01
6.189045098372585908e-03 6.483775674496484731e-01
6.347054157351111718e-03 6.539123425152750801e-01
6.507023614329687615e-03 6.594173170234838288e-01
6.668953469308313599e-03 6.648902830895155880e-01
6.832843722286989670e-03 6.703291115675324985e-01
6.998694373265715828e-03 6.757317535178924972e-01
7.166505422244492073e-03 6.810962414373883389e-01
7.336276869223317537e-03 6.864206902562397516e-01
7.508008714202193956e-03 6.917032981064001884e-01
7.681700957181119595e-03 6.969423468668026755e-01
7.857353598160098790e-03 7.021362024918608169e-01
8.034966637139125470e-03 7.072833151303292709e-01
8.214540074118200502e-03 7.123822190421501555e-01
8.396073909097327356e-03 7.174315323217314022e-01
8.579568142076502563e-03 7.224299564362516302e-01
8.765022773055727856e-03 7.273762755882905440e-01
8.952437802035004971e-03 7.322693559122183116e-01
9.141813229014330439e-03 7.371081445141171029e-01
9.333149053993705993e-03 7.418916683652320154e-01
9.526445276973131635e-03 7.466190330589551616e-01
9.721701897952607363e-03 7.512894214414946870e-01
9.918918916932136648e-03 7.559020921263808201e-01
1.011809633391171255e-02 7.604563779028514769e-01
1.031923414889133854e-02 7.649516840480665714e-01
1.052233236187101462e-02 7.693874865530169194e-01
1.072739097285074078e-02 7.737633302716514505e-01
1.093440998183051703e-02 7.780788270027054754e-01
1.114338938881034163e-02 7.823336535132467962e-01
1.135432919379021806e-02 7.865275495128085659e-01
1.156722939677014457e-02 7.906603155865974397e-01
1.178208999775011943e-02 7.947318110959158410e-01
1.199891099673014612e-02 7.987419520535737893e-01
1.221769239371022463e-02 8.026907089817326701e-01
1.243843418869035149e-02 8.065781047592003317e-01
1.266113638167052670e-02 8.104042124648132006e-01
1.288579897265075200e-02 8.141691532231063455e-01
1.311242196163102738e-02 8.178730940582044084e-01
1.334100534861135459e-02 8.215162457612730229e-01
1.357154913359173015e-02 8.250988607766160943e-01
1.380405331657215580e-02 8.286212311111302853e-01
1.403851789755263153e-02 8.320836862712817084e-01
1.427494287653315735e-02 8.354865912315903032e-01
1.451332825351373326e-02 8.388303444381206564e-01
1.475367402849436273e-02 8.421153758501515041e-01
1.499598020147503881e-02 8.453421450228917333e-01
1.524024677245576498e-02 8.485111392337234548e-01
1.548647374143653950e-02 8.516228716541675015e-01
1.573466110841736931e-02 8.546778795695028075e-01
1.598480887339824227e-02 8.576767226475988659e-01
1.623691703637917053e-02 8.606199812583359421e-01
1.649098559736014366e-02 8.635082548446545436e-01
1.674701455634117209e-02 8.663421603461806120e-01
1.700500391332224540e-02 8.691223306758362188e-01
1.726495366830337400e-02 8.718494132501125593e-01
1.752686382128455442e-02 8.745240685729332997e-01
1.779073437226577625e-02 8.771469688732932424e-01
1.805656532124705685e-02 8.797187967964398281e-01
1.832435666822837886e-02 8.822402441481913549e-01
1.859410841320975616e-02 8.847120106917749638e-01
1.886582055619118528e-02 8.871348029964722937e-01
1.913949309717265929e-02 8.895093333366843602e-01
1.941512603615418858e-02 8.918363186399583808e-01
1.969271937313575929e-02 8.941155346816481719e-01
1.997227310811738876e-02 8.963495334202126186e-01
2.025378724109906312e-02 8.985381529749330021e-01
2.053726177208079276e-02 9.006821192835932077e-01
2.082269670106256382e-02 9.027821584248869602e-01
2.111009202804439364e-02 9.048389958569149627e-01
2.139944775302626487e-02 9.068533556981389632e-01
2.169076387600819486e-02 9.088259600499117852e-01
2.198404039699017321e-02 9.107575283594262494e-01
2.227927731597219643e-02 9.126487768219444519e-01
2.257647463295427495e-02 9.145004178211190160e-01
2.287563234793639835e-02 9.163131594060515139e-01
2.317675046091857705e-02 9.180877048039230992e-01
2.347982897190080062e-02 9.198247519667486216e-01
2.378486788088307949e-02 9.215249931511142467e-01
2.409186718786539977e-02 9.231891145294904844e-01
2.440082689284778228e-02 9.248177958318564151e-01
2.471174699583020273e-02 9.264117100164529495e-01
2.502462749681268195e-02 9.279715229683090927e-01
2.533946839579521298e-02 9.294978932243695979e-01
2.565626969277778543e-02 9.309914717240654891e-01
2.597503138776041318e-02 9.324529015840691271e-01
2.629575348074308580e-02 9.338828178961336990e-01
2.661843597172581372e-02 9.352818475469234505e-01
2.694307886070858651e-02 9.366506090586752542e-01
2.726968214769141807e-02 9.379897124496753280e-01
2.759824583267428758e-02 9.392997591134296664e-01
2.792876991565721931e-02 9.405813417155841627e-01
2.826125439664019939e-02 9.418350441072912416e-01
2.859569927562322089e-02 9.430611803566434359e-01
2.893210455260630115e-02 9.442608078325235299e-01
2.927047022758941935e-02 9.454342505393261709e-01
2.961079630057259979e-02 9.465820563193243498e-01
2.995308277155582163e-02 9.477047639846714056e-01
3.029732964053910224e-02 9.488029033138688506e-01
3.064353690752242426e-02 9.498769950590438826e-01
3.099170457250580504e-02 9.509275509635187751e-01
3.134183263548922377e-02 9.519550737888444747e-01
3.169392109647270472e-02 9.529600573507754913e-01
3.204796995545623056e-02 9.539429865635532524e-01
3.240397921243980128e-02 9.549043374918458893e-01
3.276194886742343076e-02 9.558445774098405234e-01
3.312187892040710513e-02 9.567641648669186205e-01
3.348376937139083825e-02 9.576635497593615209e-01
3.384762022037460932e-02 9.585431246413349538e-01
3.421343146735843915e-02 9.594034093717508371e-01
3.458120311234230693e-02 9.602447885228987401e-01
3.495093515532624040e-02 9.610676780132508812e-01
3.532262759631021182e-02 9.618724855360335502e-01
3.569628043529424199e-02 9.626596106578744205e-01
3.607189367227831706e-02 9.634294449204875432e-01
3.644946730726244394e-02 9.641823719451778629e-01
3.682900134024662264e-02 9.649187675397478126e-01
3.721049577123083929e-02 9.656389998075929348e-01
3.759395060021512164e-02 9.663434140651403492e-01
3.797936582719944193e-02 9.670323888080900598e-01
3.836674145218382098e-02 9.677062583292199704e-01
3.875607747516824492e-02 9.683653608636723087e-01
3.914737389615272761e-02 9.690100275053643575e-01
3.954063071513724825e-02 9.696405823235441090e-01
3.993584793212182765e-02 9.702573424797680257e-01
4.033302554710645887e-02 9.708606183452229699e-01
4.073216356009112804e-02 9.714507055538303959e-01
4.113326197107585597e-02 9.720279141153077562e-01
4.153632078006062878e-02 9.725925290355732500e-01
4.194133998704546035e-02 9.731448345321320748e-01
4.234831959203032986e-02 9.736851086130453581e-01
4.275725959501525814e-02 9.742136231928368861e-01
4.316815999600023129e-02 9.747306406447978633e-01
4.358102079498526321e-02 9.752364262575319298e-01
4.399584199197033307e-02 9.757312320318014542e-01
4.441262358695546170e-02 9.762153064980275685e-01
4.483136557994064214e-02 9.766888926566690277e-01
4.525206797092586747e-02 9.771522280888097489e-01
4.567473075991114462e-02 9.776055422826225305e-01
4.609935394689646665e-02 9.780490662497159926e-01
4.652593753188184744e-02 9.784830201860844623e-01
4.695448151486726618e-02 9.789076209293685604e-01
4.738498589585275061e-02 9.793230804285404378e-01
4.781745067483826606e-02 9.797296040825397290e-01
4.825187585182384720e-02 9.801273966880690303e-01
4.868826142680946628e-02 9.805166550538553238e-01
4.912660739979515107e-02 9.808975724487061232e-01
4.956691377078088073e-02 9.812703377492940637e-01
5.000918053976664834e-02 9.816351338917036484e-01
5.045340770675248165e-02 9.819921433869711613e-01
5.089959527173835291e-02 9.823415414915076527e-01
5.134774323472428292e-02 9.826835003191993767e-01
5.179785159571025088e-02 9.830181870413985390e-01
5.224992035469628454e-02 9.833457671762062535e-01
5.270394951168235614e-02 9.836664006951717498e-01
5.315993906666848651e-02 9.839802443743077554e-01
5.361788901965465481e-02 9.842874506110788069e-01
5.407779937064088882e-02 9.845881699413253640e-01
5.453967011962716771e-02 9.848825481341321186e-01
5.500350126661349148e-02 9.851707279532709860e-01
5.546929281159986708e-02 9.854528481844950782e-01
5.593704475458628755e-02 9.857290458539988975e-01
5.640675709557277373e-02 9.859994536939274967e-01
5.687842983455929091e-02 9.862642016837747105e-01
5.735206297154587379e-02 9.865234160701499277e-01
5.782765650653248768e-02 9.867772217364065845e-01
5.830521043951917420e-02 9.870257394581956056e-01
5.878472477050590561e-02 9.872690871439900873e-01
5.926619949949267496e-02 9.875073807802730030e-01
5.974963462647950307e-02 9.877407330609729863e-01
6.023503015146637607e-02 9.879692542399747257e-01
6.072238607445330782e-02 9.881930514640676622e-01
6.121170239544027752e-02 9.884122305599348790e-01
6.170297911442730598e-02 9.886268940124259830e-01
6.219621623141437933e-02 9.888371417995618362e-01
6.269141374640151143e-02 9.890430723396697044e-01
6.318857165938866760e-02 9.892447812078264402e-01
6.368768997037589641e-02 9.894423616511460740e-01
6.418876867936318398e-02 9.896359052683113555e-01
6.469180778635051643e-02 9.898255011688530391e-01
6.519680729133789376e-02 9.900112365097393230e-01
6.570376719432530210e-02 9.901931959484735479e-01
6.621268749531278308e-02 9.903714632009940066e-01
6.672356819430030894e-02 9.905461192792173186e-01
6.723640929128789356e-02 9.907172431374425825e-01
6.775121078627552307e-02 9.908849127257949307e-01
6.826797267926318358e-02 9.910492035832528801e-01
6.878669497025091673e-02 9.912101893267102337e-01
6.930737765923869476e-02 9.913679425844932336e-01
6.983002074622653155e-02 9.915225337861481858e-01
7.035462423121441322e-02 9.916740315740569800e-01
7.088118811420231202e-02 9.918225036351777657e-01
7.140971239519029734e-02 9.919680156409186322e-01
7.194019707417832754e-02 9.921106315886164539e-01
7.247264215116641650e-02 9.922504145921258178e-01
7.300704762615452259e-02 9.923874258872275034e-01
7.354341349914270132e-02 9.925217251475165758e-01
7.408173977013092493e-02 9.926533712346810034e-01
7.462202643911922118e-02 9.927824212570810491e-01
7.516427350610754843e-02 9.929089308550621551e-01
7.570848097109590669e-02 9.930329549505114706e-01
7.625464883408433758e-02 9.931545468063663895e-01
7.680277709507281336e-02 9.932737583100796908e-01
7.735286575406134790e-02 9.933906407189821985e-01
7.790491481104989957e-02 9.935052437185016849e-01
7.845892426603853775e-02 9.936176156971107121e-01
7.901489411902722082e-02 9.937278045145696570e-01
7.957282437001594877e-02 9.938358564013874963e-01
8.013271501900470772e-02 9.939418168576438228e-01
8.069456606599353932e-02 9.940457302154929176e-01
8.125837751098241579e-02 9.941476397195434522e-01
8.182414935397135103e-02 9.942475878586712890e-01
8.239188159496033115e-02 9.943456160099991559e-01
8.296157423394934227e-02 9.944417645299534758e-01
8.353322727093842603e-02 9.945360731064831761e-01
8.410684070592755468e-02 9.946285803668687420e-01
8.468241453891674209e-02 9.947193239777374352e-01
8.525994876990593274e-02 9.948083410241040925e-01
8.583944339889522379e-02 9.948956675733000576e-01
8.642089842588455972e-02 9.949813387878414517e-01
8.700431385087394054e-02 9.950653893317910059e-01
8.758968967386336624e-02 9.951478528895139064e-01
8.817702589485282294e-02 9.952287622914351983e-01
8.876632251384235228e-02 9.953081499506746255e-01
8.935757953083194038e-02 9.953860473327491576e-01
8.995079694582157337e-02 9.954624850961332205e-01
9.054597475881122348e-02 9.955374935603552577e-01
9.114311296980096011e-02 9.956111021246496495e-01
9.174221157879074162e-02 9.956833394248092439e-01
9.234327058578056802e-02 9.957542338323591702e-01
9.294628999077042542e-02 9.958238127398112427e-01
9.355126979376035545e-02 9.958921031457262929e-01
9.415820999475034425e-02 9.959591313621911635e-01
9.476711059374037793e-02 9.960249230649580454e-01
9.537797159073045650e-02 9.960895035170378442e-01
9.599079298572055219e-02 9.961528973234170525e-01
9.660557477871074827e-02 9.962151284899971593e-01
9.722231696970097536e-02 9.962762206638964280e-01
9.784101955869126122e-02 9.963361968596821105e-01
9.846168254568156419e-02 9.963950795279228334e-01
9.908430593067193981e-02 9.964528908099099525e-01
9.970888971366237419e-02 9.965096522384890854e-01
1.003354338946528534e-01 9.965653848148064986e-01
1.009639384736433915e-01 9.966201092773019354e-01
1.015944034506339466e-01 9.966738457778063776e-01
1.022268288256245744e-01 9.967266139673561787e-01
1.028612145986152610e-01 9.967784332758951038e-01
1.034975607696059924e-01 9.968293225682762770e-01
1.041358673385967409e-01 9.968793002371597600e-01
1.047761343055875760e-01 9.969283844924474725e-01
1.054183616705784560e-01 9.969765929990915820e-01
1.060625494335693947e-01 9.970239429774687689e-01
1.067086975945603783e-01 9.970704514983842470e-01
1.073568061535513790e-01 9.971161351082490354e-01
1.080068751105424663e-01 9.971610099347694156e-01
1.086589044655335984e-01 9.972050919854932305e-01
1.093128942185247754e-01 9.972483967636953661e-01
1.099688443695159834e-01 9.972909393790319044e-01
1.106267549185072641e-01 9.973327348453180363e-01
1.112866258654986035e-01 9.973737976931371652e-01
1.119484572104899878e-01 9.974141420831759142e-01
1.126122489534813753e-01 9.974537821006151939e-01
1.132780010944728633e-01 9.974927313686748898e-01
1.139457136334643961e-01 9.975310031636791530e-01
1.146153865704559877e-01 9.975686107020672599e-01
1.152870199054476102e-01 9.976055667607084398e-01
1.159606136384392638e-01 9.976418837914540205e-01
1.166361677694310039e-01 9.976775741980111745e-01
1.173136822984227889e-01 9.977126499675079696e-01
1.179931572254146188e-01 9.977471227831796741e-01
1.186745925504064658e-01 9.977810042878622054e-01
1.193579882733983993e-01 9.978143057316981590e-01
1.200433443943903777e-01 9.978470380811554907e-01
1.207306609133824149e-01 9.978792122666171327e-01
1.214199378303744969e-01 9.979108388502861970e-01
1.221111751453665961e-01 9.979419281300454525e-01
1.228043728583587818e-01 9.979724903689481952e-01
1.234995309693510124e-01 9.980025354868538034e-01
1.241966494783433017e-01 9.980320731578641302e-01
1.248957283853355943e-01 9.980611130197947212e-01
1.255967676903279873e-01 9.980896643926147060e-01
1.262997673933204390e-01 9.981177363680959758e-01
1.270047274943129079e-01 9.981453379983331597e-01
1.277116479933054216e-01 9.981724780427840837e-01
1.284205288902980080e-01 9.981991650494463908e-01
1.291313701852906393e-01 9.982254075215799549e-01
1.298441718782833154e-01 9.982512136947916392e-01
1.305589339692760642e-01 9.982765916089620939e-01
1.312756564582688024e-01 9.983015492532496538e-01
1.319943393452616409e-01 9.983260943734165727e-01
1.327149826302545244e-01 9.983502345343279183e-01
1.334375863132474527e-01 9.983739772435361592e-01
1.341621503942403981e-01 9.983973297886191700e-01
1.348886748732334440e-01 9.984202992900420570e-01
1.356171597502265069e-01 9.984428928043733720e-01
1.363476050252196425e-01 9.984651171903721201e-01
1.370800106982128508e-01 9.984869791525544658e-01
1.378143767692060206e-01 9.985084853251600112e-01
1.385507032381993187e-01 9.985296421655205368e-01
1.392889901051926616e-01 9.985504560165877619e-01
1.400292373701860493e-01 9.985709330329545219e-01
1.407714450331794265e-01 9.985910793802834640e-01
1.415156130941729040e-01 9.986109010019589283e-01
1.422617415531664542e-01 9.986304037012049273e-01
1.430098304101600493e-01 9.986495932727117442e-01
1.437598796651536337e-01 9.986684753180424812e-01
1.445118893181473185e-01 9.986870553106138582e-01
1.452658593691410482e-01 9.987053386983494319e-01
1.460217898181348506e-01 9.987233307621418144e-01
1.467796806651286701e-01 9.987410366655862237e-01
1.475395319101225067e-01 9.987584615325780790e-01
1.483013435531164437e-01 9.987756103430486254e-01
1.490651155941104256e-01 9.987924879935385913e-01
1.498308480331044801e-01 9.988090992326115192e-01
1.505985408700985240e-01 9.988254488302463763e-01
1.513681941050926405e-01 9.988415413778007901e-01
1.521398077380868297e-01 9.988573813620285069e-01
1.529133817690810637e-01 9.988729732665426742e-01
1.536889161980753704e-01 9.988883214261154997e-01
1.544664110250696387e-01 9.989034300804700006e-01
1.552458662500640352e-01 9.989183034466866395e-01
1.560272818730584765e-01 9.989329456179982802e-01
1.568106578940529627e-01 9.989473606223066016e-01
1.575959943130474383e-01 9.989615523643643469e-01
1.583832911300420421e-01 9.989755247742367894e-01
1.591725483450366629e-01 9.989892816308605372e-01
1.599637659580313565e-01 9.990028266297734660e-01
1.607569439690260948e-01 9.990161634650858158e-01
1.615520823780208504e-01 9.990292957094187853e-01
1.623491811850156785e-01 9.990422268597730637e-01
1.631482403900105516e-01 9.990549603917849852e-01
1.639492599930054972e-01 9.990674996831474530e-01
1.647522399940004323e-01 9.990798480576411622e-01
1.655571803929954677e-01 9.990920087430905649e-01
1.663640811899905481e-01 9.991039849784049132e-01
1.671729423849857010e-01 9.991157798874492624e-01
1.679837639779808434e-01 9.991273965287765790e-01
1.687965459689760583e-01 9.991388379487413651e-01
1.696112883579713460e-01 9.991501071039161630e-01
1.704279911449667062e-01 9.991612069056313716e-01
1.712466543299620836e-01 9.991721401799507074e-01
1.720672779129574781e-01 9.991829097676948601e-01
1.728898618939529452e-01 9.991935184058357011e-01
1.737144062729484850e-01 9.992039687753853094e-01
1.745409110499440697e-01 9.992142635479878132e-01
1.753693762249396715e-01 9.992244053165546536e-01
1.761998017979353459e-01 9.992343966349668261e-01
1.770321877689310930e-01 9.992442399837991873e-01
1.778665341379268849e-01 9.992539378549293305e-01
1.787028409049227218e-01 9.992634926513607185e-01
1.795411080699185480e-01 9.992729067449965807e-01
1.803813356329145023e-01 9.992821824304958245e-01
1.812235235939104738e-01 9.992913220356932635e-01
1.820676719529065180e-01 9.993003277877360313e-01
1.829137807099025514e-01 9.993092018693395806e-01
1.837618498648986853e-01 9.993179464665450373e-01
1.846118794178948919e-01 9.993265636935114715e-01
1.854638693688911155e-01 9.993350556357003533e-01
1.863178197178873563e-01 9.993434243160066455e-01
1.871737304648836975e-01 9.993516717752617406e-01
1.880316016098800835e-01 9.993597999757252159e-01
1.888914331528765145e-01 9.993678108567479734e-01
1.897532250938729903e-01 9.993757062934893742e-01
1.906169774328694833e-01 9.993834881930054870e-01
1.914826901698660766e-01 9.993911583770745954e-01
1.923503633048627148e-01 9.993987186329567063e-01
1.932199968378593979e-01 9.994061707506080028e-01
1.940915907688560982e-01 9.994135164622310885e-01
1.949651450978528711e-01 9.994207574767982605e-01
1.958406598248497166e-01 9.994278954545028348e-01
1.967181349498466070e-01 9.994349320662594405e-01
1.975975704728435423e-01 9.994418689227889674e-01
1.984789663938404669e-01 9.994487076153523164e-01
1.993623227128375197e-01 9.994554496869098026e-01
2.002476394298345896e-01 9.994620966978974286e-01
2.011349165448317322e-01 9.994686501468035278e-01
2.020241540578288642e-01 9.994751115159588029e-01
2.029153519688260965e-01 9.994814822402822152e-01
2.038085102778234015e-01 9.994877637773690315e-01
2.047036289848207236e-01 9.994939575220684880e-01
2.056007080898180628e-01 9.995000648558480805e-01
2.064997475928155024e-01 9.995060871141473458e-01
2.074007474938129869e-01 9.995120256585889873e-01
2.083037077928105441e-01 9.995178817883282330e-01
2.092086284898081183e-01 9.995236567914309589e-01
2.101155095848057097e-01 9.995293519117827152e-01
2.110243510778034015e-01 9.995349684212104791e-01
2.119351529688011382e-01 9.995405075305969778e-01
2.128479152577989197e-01 9.995459704414226820e-01
2.137626379447967184e-01 9.995513583133576185e-01
2.146793210297945897e-01 9.995566723340981730e-01
2.155979645127925337e-01 9.995619136330584631e-01
2.165185683937905226e-01 9.995670833314479475e-01
2.174411326727885563e-01 9.995721825114699532e-01
2.183656573497865794e-01 9.995772122819079897e-01
2.192921424247847306e-01 9.995821736969863203e-01
2.202205878977829268e-01 9.995870678034625145e-01
2.211509937687811678e-01 9.995918956122247234e-01
2.220833600377793982e-01 9.995966581580363330e-01
2.230176867047777289e-01 9.996013564257013595e-01
2.239539737697761046e-01 9.996059913928782015e-01
2.248922212327745529e-01 9.996105640047454610e-01
2.258324290937730461e-01 9.996150752266751427e-01
2.267745973527715286e-01 9.996195259793221322e-01
2.277187260097701116e-01 9.996239171761894804e-01
2.286648150647687394e-01 9.996282497018067481e-01
2.296128645177674399e-01 9.996325244565950063e-01
2.305628743687661297e-01 9.996367423018543974e-01
2.315148446177649200e-01 9.996409040914975286e-01
2.324687752647637551e-01 9.996450106539742642e-01
2.334246663097626351e-01 9.996490628289953495e-01
2.343825177527615322e-01 9.996530614228950062e-01
2.353423295937605020e-01 9.996570072342220170e-01
2.363041018327595444e-01 9.996609010486821045e-01
2.372678344697586317e-01 9.996647436216170579e-01
2.382335275047577638e-01 9.996685357361331237e-01
2.392011809377569131e-01 9.996722781300497740e-01
2.401707947687561351e-01 9.996759715385106215e-01
2.411423689977554297e-01 9.996796166709741582e-01
2.421159036247547691e-01 9.996832142563940593e-01
2.430913986497540979e-01 9.996867649869825012e-01
2.440688540727535549e-01 9.996902695508358416e-01
2.450482698937530290e-01 9.996937286146594381e-01
2.460296461127525758e-01 9.996971428571886920e-01
2.470129827297521674e-01 9.997005129281668623e-01
2.479982797447517484e-01 9.997038394719232057e-01
2.489855371577514298e-01 9.997071231226353216e-01
2.499747549687511561e-01 9.997103644902003428e-01
2.509659331777509550e-01 9.997135642071707240e-01
2.519590717847506878e-01 9.997167228696521857e-01
2.529541707897505765e-01 9.997198410717734740e-01
2.539512301927505100e-01 9.997229193882506415e-01
2.549502499937504885e-01 9.997259584069819738e-01
2.559512301927505673e-01 9.997289586886940471e-01
2.569541707897506355e-01 9.997319207902185534e-01
2.579590717847507486e-01 9.997348452597372148e-01
2.589659331777509621e-01 9.997377326241525530e-01
2.599747549687512205e-01 9.997405834311305917e-01
2.609855371577514682e-01 9.997433981960197613e-01
2.619982797447518164e-01 9.997461774328311179e-01
2.630129827297520984e-01 9.997489216392502209e-01
2.640296461127525363e-01 9.997516313236155527e-01
2.650482698937530190e-01 9.997543069716026132e-01
2.660688540727535467e-01 9.997569490653811508e-01
2.670913986497541748e-01 9.997595580796999615e-01
2.681159036247547922e-01 9.997621344722188441e-01
2.691423689977554545e-01 9.997646787156982962e-01
2.701707947687562172e-01 9.997671912575466502e-01
2.712011809377570248e-01 9.997696725433118381e-01
2.722335275047577108e-01 9.997721230117705415e-01
2.732678344697586081e-01 9.997745430840689895e-01
2.743041018327595504e-01 9.997769332000692177e-01
2.753423295937605375e-01 9.997792937721886597e-01
2.763825177527615695e-01 9.997816252124032133e-01
2.774246663097627019e-01 9.997839279264552070e-01
2.784687752647638237e-01 9.997862023023202926e-01
2.795148446177649904e-01 9.997884487491953687e-01
2.805628743687662574e-01 9.997906676475857290e-01
2.816128645177674028e-01 9.997928593786258311e-01
2.826648150647687596e-01 9.997950243177464724e-01
2.837187260097701613e-01 9.997971628228705665e-01
2.847745973527716079e-01 9.997992752744080391e-01
2.858324290937730994e-01 9.998013620238260790e-01
2.868922212327746357e-01 9.998034234239292495e-01
2.879539737697762170e-01 9.998054598222826383e-01
2.890176867047778431e-01 9.998074715496514386e-01
2.900833600377795141e-01 9.998094589593115034e-01
2.911509937687811744e-01 9.998114223763155950e-01
2.922205878977829352e-01 9.998133621274406524e-01
2.932921424247847964e-01 9.998152785346359206e-01
2.943656573497866469e-01 9.998171719041452077e-01
2.954411326727885978e-01 9.998190425635855583e-01
2.965185683937905936e-01 9.998208908140291395e-01
2.975979645127926343e-01 9.998227169582970530e-01
2.986793210297947199e-01 9.998245212947792782e-01
2.997626379447967393e-01 9.998263041076002056e-01
3.008479152577989146e-01 9.998280657000774285e-01
3.019351529688011904e-01 9.998298063515198564e-01
3.030243510778034555e-01 9.998315263427077770e-01
3.041155095848058210e-01 9.998332259503410757e-01
3.052086284898081758e-01 9.998349054385128332e-01
3.063037077928106311e-01 9.998365650876511745e-01
3.074007474938131312e-01 9.998382051572428653e-01
3.084997475928156763e-01 9.998398259077774242e-01
3.096007080898180996e-01 9.998414275959802699e-01
3.107036289848207899e-01 9.998430104677569208e-01
3.118085102778234696e-01 9.998445747820430274e-01
3.129153519688261942e-01 9.998461207802529227e-01
3.140241540578289636e-01 9.998476487041680905e-01
3.151349165448318335e-01 9.998491587921135570e-01
3.162476394298346927e-01 9.998506512789846479e-01
3.173623227128376523e-01 9.998521263868747067e-01
3.184789663938406568e-01 9.998535843574412052e-01
3.195975704728435396e-01 9.998550254096307821e-01
3.207181349498466338e-01 9.998564497647902671e-01
3.218406598248497730e-01 9.998578576411280006e-01
3.229651450978529570e-01 9.998592492465196990e-01
3.240915907688562414e-01 9.998606248030151855e-01
3.252199968378595152e-01 9.998619845151430763e-01
3.263503633048628338e-01 9.998633285885962785e-01
3.274826901698662529e-01 9.998646572261570276e-01
3.286169774328696613e-01 9.998659706277527315e-01
3.297532250938730591e-01 9.998672689818717263e-01
3.308914331528765573e-01 9.998685524952443116e-01
3.320316016098801559e-01 9.998698213539392032e-01
3.331737304648837994e-01 9.998710757465089083e-01
3.343178197178874878e-01 9.998723158588850302e-01
3.354638693688912210e-01 9.998735418683540876e-01
3.366118794178950546e-01 9.998747539640224780e-01
3.377618498648988776e-01 9.998759523203804012e-01
3.389137807099027455e-01 9.998771371128295504e-01
3.400676719529066028e-01 9.998783085143618798e-01
3.412235235939105604e-01 9.998794666955475030e-01
3.423813356329146185e-01 9.998806118180457725e-01
3.435411080699187214e-01 9.998817440570542114e-01
3.447028409049228137e-01 9.998828635719869684e-01
3.458665341379270064e-01 9.998839705238631304e-01
3.470321877689312440e-01 9.998850650714800059e-01
3.481998017979355819e-01 9.998861473714374393e-01
3.493693762249399093e-01 9.998872175714935695e-01
3.505409110499441705e-01 9.998882758336685717e-01
3.517144062729485876e-01 9.998893223038876066e-01
3.528898618939531051e-01 9.998903571300552517e-01
3.540672779129576120e-01 9.998913804580377152e-01
3.552466543299622193e-01 9.998923924317416612e-01
3.564279911449668714e-01 9.998933931865614522e-01
3.576112883579715684e-01 9.998943828719870641e-01
3.587965459689763104e-01 9.998953616218734242e-01
3.599837639779809306e-01 9.998963295721809974e-01
3.611729423849858178e-01 9.998972868570052963e-01
3.623640811899906944e-01 9.998982336086462697e-01
3.635571803929956158e-01 9.998991699515937803e-01
3.647522399940006377e-01 9.999000960233476176e-01
3.659492599930056489e-01 9.999010119470065350e-01
3.671482403900107605e-01 9.999019178476301617e-01
3.683491811850159170e-01 9.999028138485781536e-01
3.695520823780210629e-01 9.999037000715548240e-01
3.707569439690261981e-01 9.999045766314237360e-01
3.719637659580314892e-01 9.999054436542238467e-01
3.731725483450368253e-01 9.999063012534750161e-01
3.743832911300422062e-01 9.999071495442762858e-01
3.755959943130476320e-01 9.999079886401793793e-01
3.768106578940531581e-01 9.999088186532392175e-01
3.780272818730586737e-01 9.999096396940057030e-01
3.792458662500642896e-01 9.999104518648876949e-01
3.804664110250698950e-01 9.999112552836145751e-01
3.816889161980754896e-01 9.999120500519232957e-01
3.829133817690812402e-01 9.999128362744159615e-01
3.841398077380869802e-01 9.999136140543183338e-01
3.853681941050928206e-01 9.999143834934858255e-01
3.865985408700987613e-01 9.999151446872206472e-01
3.878308480331046915e-01 9.999158977424690287e-01
3.890651155941106665e-01 9.999166427536817503e-01
3.903013435531166864e-01 9.999173798172761307e-01
3.915395319101228067e-01 9.999181090284015028e-01
3.927796806651288053e-01 9.999188304809600858e-01
3.940217898181350153e-01 9.999195442676188650e-01
3.952658593691412148e-01 9.999202504740034581e-01
3.965118893181475146e-01 9.999209491992885335e-01
3.977598796651538593e-01 9.999216405286233122e-01
3.990098304101602489e-01 9.999223245497819157e-01
4.002617415531666833e-01 9.999230013493771718e-01
4.015156130941732182e-01 9.999236710129186800e-01
4.027714450331797424e-01 9.999243336247821690e-01
4.040292373701862005e-01 9.999249892621731028e-01
4.052889901051928145e-01 9.999256380167488301e-01
4.065507032381995289e-01 9.999262799654923262e-01
4.078143767692062882e-01 9.999269151883618534e-01
4.090800106982130369e-01 9.999275437642916042e-01
4.103476050252198859e-01 9.999281657711899252e-01
4.116171597502267798e-01 9.999287812859664060e-01
4.128886748732337186e-01 9.999293903785746451e-01
4.141621503942407023e-01 9.999299931332790159e-01
4.154375863132476199e-01 9.999305896199576216e-01
4.167149826302546933e-01 9.999311799115140342e-01
4.179943393452618672e-01 9.999317640799271212e-01
4.192756564582690304e-01 9.999323421962498237e-01
4.205589339692762940e-01 9.999329143306431300e-01
4.218441718782836025e-01 9.999334805468844678e-01
4.231313701852909004e-01 9.999340409219183989e-01
4.244205288902982987e-01 9.999345955194740565e-01
4.257116479933056308e-01 9.999351444060904370e-01
4.270047274943131188e-01 9.999356876474473355e-01
4.282997673933206517e-01 9.999362253084033147e-01
4.295967676903282295e-01 9.999367574530056979e-01
4.308957283853359077e-01 9.999372841397954348e-01
4.321966494783435753e-01 9.999378054385101855e-01
4.334995309693513432e-01 9.999383214075781012e-01
4.348043728583591006e-01 9.999388321077676833e-01
4.361111751453669583e-01 9.999393375990701660e-01
4.374199378303746943e-01 9.999398379407352655e-01
4.387306609133826418e-01 9.999403331912632975e-01
4.400433443943906342e-01 9.999408234047155730e-01
4.413579882733986715e-01 9.999413086438740939e-01
4.426745925504067536e-01 9.999417889625582534e-01
4.439931572254149361e-01 9.999422644163126206e-01
4.453136822984231080e-01 9.999427350599694453e-01
4.466361677694313248e-01 9.999432009477069450e-01
4.479606136384396420e-01 9.999436621329911290e-01
4.492870199054478375e-01 9.999441186686661709e-01
4.506153865704562445e-01 9.999445706028707859e-01
4.519457136334646408e-01 9.999450179934566973e-01
4.532780010944731375e-01 9.999454608885284257e-01
4.546122489534816791e-01 9.999458993382595029e-01
4.559484572104903211e-01 9.999463333921946306e-01
4.572866258654989524e-01 9.999467630992803224e-01
4.586267549185076287e-01 9.999471885078501376e-01
4.599688443695163498e-01 9.999476096656456647e-01
4.613128942185250048e-01 9.999480266158401465e-01
4.626589044655338712e-01 9.999484394113529184e-01
4.640068751105427269e-01 9.999488480953915293e-01
4.653568061535516831e-01 9.999492527133271302e-01
4.667086975945606842e-01 9.999496533099780926e-01
4.680625494335697301e-01 9.999500499296001266e-01
4.694183616705788209e-01 9.999504426159196990e-01
4.707761343055879566e-01 9.999508314121253738e-01
4.721358673385971372e-01 9.999512163572704671e-01
4.734975607696062516e-01 9.999515974992635448e-01
4.748612145986155220e-01 9.999519748772115468e-01
4.762268288256248927e-01 9.999523485321745175e-01
4.775944034506342528e-01 9.999527185047084599e-01
4.789639384736437133e-01 9.999530848348945344e-01
4.803354338946532187e-01 9.999534475623121921e-01
4.817088897136627690e-01 9.999538067260776986e-01
4.830843059306723641e-01 9.999541623648258160e-01
4.844616825456818376e-01 9.999545145124821843e-01
4.858410195586915226e-01 9.999548632136896487e-01
4.872223169697012524e-01 9.999552085026421899e-01
4.886055747787110826e-01 9.999555504160854147e-01
4.899907929857209021e-01 9.999558889903379377e-01
4.913779715907308221e-01 9.999562242612729523e-01
4.927671105937407314e-01 9.999565562643282224e-01
4.941582099947507412e-01 9.999568850345336157e-01
4.955512697937607958e-01 9.999572106032561525e-01
4.969462899907707287e-01 9.999575330099049753e-01
4.983432705857808731e-01 9.999578522859712271e-01
4.997422115787910624e-01 9.999581684647816937e-01
5.011431129698012965e-01 9.999584815792642578e-01
5.025459747588115755e-01 9.999587916619554484e-01
5.039507969458218994e-01 9.999590987450105439e-01
5.053575795308323793e-01 9.999594028602010187e-01
5.067663225138427929e-01 9.999597040389146541e-01
5.081770258948532515e-01 9.999600023121844039e-01
5.095896896738636439e-01 9.999602977063861697e-01
5.110043138508743032e-01 9.999605902589301376e-01
5.124208984258848965e-01 9.999608799965928885e-01
5.138394433988955345e-01 9.999611669489054666e-01
5.152599487699063285e-01 9.999614511450599652e-01
5.166824145389171674e-01 9.999617326139061957e-01
5.181068407059279401e-01 9.999620113839460256e-01
5.195332272709388688e-01 9.999622874833514752e-01
5.209615742339498423e-01 9.999625609399692694e-01
5.223918815949606387e-01 9.999628317776155795e-01
5.238241493539717020e-01 9.999631000296446137e-01
5.252583775109828101e-01 9.999633657201943970e-01
5.266945660659939632e-01 9.999636288757900449e-01
5.281327150190051611e-01 9.999638895226323765e-01
5.295728243700164040e-01 9.999641476866375500e-01
5.310148941190276917e-01 9.999644033934077525e-01
5.324589242660390243e-01 9.999646566682454107e-01
5.339049148110504017e-01 9.999649075361631834e-01
5.353528657540617131e-01 9.999651560218825175e-01
5.368027770950731803e-01 9.999654021459764008e-01
5.382546488340846924e-01 9.999656459391137453e-01
5.397084809710962494e-01 9.999658874222532301e-01
5.411642735061079623e-01 9.999661266189563413e-01
5.426220264391196091e-01 9.999663635525124494e-01
5.440817397701314118e-01 9.999665982459330360e-01
5.455434134991431483e-01 9.999668307219837793e-01
5.470070476261550407e-01 9.999670610031387019e-01
5.484726421511667560e-01 9.999672891116386797e-01
5.499401970741787382e-01 9.999675150694554704e-01
5.514097123951906543e-01 9.999677388947296741e-01
5.528811881142027262e-01 9.999679606150088107e-01
5.543546242312148431e-01 9.999681802488041837e-01
5.558300207462270048e-01 9.999683978170698095e-01
5.573073776592392115e-01 9.999686133405139010e-01
5.587866949702514630e-01 9.999688268396133006e-01
5.602679726792635373e-01 9.999690383346064859e-01
5.617512107862758786e-01 9.999692478455021183e-01
5.632364092912882647e-01 9.999694553920795981e-01
5.647235681943006957e-01 9.999696609938946157e-01
5.662126874953131717e-01 9.999698646673380598e-01
5.677037671943258035e-01 9.999700664364956637e-01
5.691968072913383692e-01 9.999702663180460860e-01
5.706918077863509797e-01 9.999704643306381868e-01
5.721887686793637462e-01 9.999706604927126596e-01
5.736876899703762245e-01 9.999708548225000326e-01
5.751885716593890807e-01 9.999710473380208908e-01
5.766914137464018708e-01 9.999712380570916492e-01
5.781962162314148168e-01 9.999714269973358771e-01
5.797029791144278077e-01 9.999716141761594290e-01
5.812117023954407324e-01 9.999717996107840845e-01
5.827223860744538131e-01 9.999719833182389994e-01
5.842350301514669386e-01 9.999721653117574771e-01
5.857496346264799980e-01 9.999723456142016742e-01
5.872661994994931023e-01 9.999725242392147884e-01
5.887847247705062514e-01 9.999727012030523721e-01
5.903052104395195565e-01 9.999728765217688053e-01
5.918276565065329065e-01 9.999730502112492703e-01
5.933520629715463013e-01 9.999732222871933196e-01
5.948784298345597410e-01 9.999733927651297538e-01
5.964067570955732256e-01 9.999735616604027433e-01
5.979370447545868661e-01 9.999737289881905911e-01
5.994692928116004405e-01 9.999738947635018471e-01
6.010035012666138377e-01 9.999740589982610839e-01
6.025396701196276128e-01 9.999742217121795340e-01
6.040777993706413218e-01 9.999743829174940757e-01
6.056178890196550757e-01 9.999745426285314709e-01
6.071599390666689855e-01 9.999747008594563891e-01
6.087039495116828292e-01 9.999748576242769582e-01
6.102499203546968287e-01 9.999750129368473184e-01
6.117978515957107621e-01 9.999751668108373126e-01
6.133477432347248515e-01 9.999753192598116458e-01
6.148995952717387636e-01 9.999754702971489495e-01
6.164534077067529427e-01 9.999756199360864128e-01
6.180091805397671667e-01 9.999757681897144534e-01
6.195669137707813245e-01 9.999759150709793820e-01
6.211266073997956383e-01 9.999760605894222332e-01
6.226882614268099969e-01 9.999762047634176421e-01
6.242518758518244004e-01 9.999763476028945552e-01
6.258174506748388488e-01 9.999764891202090888e-01
6.273849858958533421e-01 9.999766293275789142e-01
6.289544815148676582e-01 9.999767682370900301e-01
6.305259375318823523e-01 9.999769058606984284e-01
6.320993539468969802e-01 9.999770422102151057e-01
6.336747307599116530e-01 9.999771772973284900e-01
6.352520679709263707e-01 9.999773111335873432e-01
6.368313655799411332e-01 9.999774437304246311e-01
6.384126235869560517e-01 9.999775750991344303e-01
6.399958419919709041e-01 9.999777052508890263e-01
6.415810207949856903e-01 9.999778341937211046e-01
6.431681599960007434e-01 9.999779619438899925e-01
6.447572595950157304e-01 9.999780885097728778e-01
6.463483195920308733e-01 9.999782139020328975e-01
6.479413399870459500e-01 9.999783381312257191e-01
6.495363207800611827e-01 9.999784612077862178e-01
6.511332619710764602e-01 9.999785831420274773e-01
6.527321635600916716e-01 9.999787039441516701e-01
6.543330255471070389e-01 9.999788236242471706e-01
6.559358479321222291e-01 9.999789421922832267e-01
6.575406307151376861e-01 9.999790596581340507e-01
6.591473738961531881e-01 9.999791760315446254e-01
6.607560774751687349e-01 9.999792913221583479e-01
6.623667414521843266e-01 9.999794055395125891e-01
6.639793658271999632e-01 9.999795186902182831e-01
6.655939506002157557e-01 9.999796307886270608e-01
6.672104957712314821e-01 9.999797418416647155e-01
6.688290013402472534e-01 9.999798518584401830e-01
6.704494673072629585e-01 9.999799608479571500e-01
6.720718936722788195e-01 9.999800688191177178e-01
6.736962804352947254e-01 9.999801757807302849e-01
6.753226275963107872e-01 9.999802817414975564e-01
6.769509351553267829e-01 9.999803867100275356e-01
6.785812031123429344e-01 9.999804906948326355e-01
6.802134314673590199e-01 9.999805937043271253e-01
6.818476202203752612e-01 9.999806957468340141e-01
6.834837693713914364e-01 9.999807968305829409e-01
6.851218789204075454e-01 9.999808969637012934e-01
6.867619488674239214e-01 9.999809961542369674e-01
6.884039792124403423e-01 9.999810944075722130e-01
6.900479699554568080e-01 9.999811917361813851e-01
6.916939210964733187e-01 9.999812881457325053e-01
6.933418326354898742e-01 9.999813836438931069e-01
6.949917045725064746e-01 9.999814782382645539e-01
6.966435369075231199e-01 9.999815719363404076e-01
6.982973296405398100e-01 9.999816647455479490e-01
6.999530827715563230e-01 9.999817566732267515e-01
7.016107963005731030e-01 9.999818477266190220e-01
7.032704702275899278e-01 9.999819379128976893e-01
7.049321045526069085e-01 9.999820272391544140e-01
7.065956992756238231e-01 9.999821157123870430e-01
7.082612543966407825e-01 9.999822033395344700e-01
7.099287699156578979e-01 9.999822901274323383e-01
7.115982458326749471e-01 9.999823760828556729e-01
7.132696821476921523e-01 9.999824612124867951e-01
7.149430788607090692e-01 9.999825455229459648e-01
7.166184359717263641e-01 9.999826290182070032e-01
7.182957534807437039e-01 9.999827117093899043e-01
7.199750313877609775e-01 9.999827936007277263e-01
7.216562696927784071e-01 9.999828746985334194e-01
7.233394683957958815e-01 9.999829550090282293e-01
7.250246274968132898e-01 9.999830345383855512e-01
7.267117469958308540e-01 9.999831132926942923e-01
7.284008268928482410e-01 9.999831912779650889e-01
7.300918671878658950e-01 9.999832685001491805e-01
7.317848678808835938e-01 9.999833449651244210e-01
7.334798289719013376e-01 9.999834206786977209e-01
7.351767504609192372e-01 9.999834956466054914e-01
7.368756323479370707e-01 9.999835698745217494e-01
7.385764746329549491e-01 9.999836433680502346e-01
7.402792773159728723e-01 9.999837161327257418e-01
7.419840403969908404e-01 9.999837881740200052e-01
7.436907638760087425e-01 9.999838594973431416e-01
7.453994477530268004e-01 9.999839301080267751e-01
7.471100920280450142e-01 9.999840000113485727e-01
7.488226967010631618e-01 9.999840692099972728e-01
7.505372617720814654e-01 9.999841377137700382e-01
7.522537872410997029e-01 9.999842055255863116e-01
7.539722731081180962e-01 9.999842726504730717e-01
7.556927193731364234e-01 9.999843390933795817e-01
7.574151260361549065e-01 9.999844048592051449e-01
7.591394930971732125e-01 9.999844699527897784e-01
7.608658205561917853e-01 9.999845343789086627e-01
7.625941084132104031e-01 9.999845981422758046e-01
7.643243566682289547e-01 9.999846612475541408e-01
7.660565653212476622e-01 9.999847236993413269e-01
7.677907343722664146e-01 9.999847855021770648e-01
7.695268638212852119e-01 9.999848466605454345e-01
7.712649536683040541e-01 9.999849071788721178e-01
7.730050039133229411e-01 9.999849670615307273e-01
7.747470145563417621e-01 9.999850263128314820e-01
7.764909855973607389e-01 9.999850849370288675e-01
7.782369170363797606e-01 9.999851429383310730e-01
7.799848088733989382e-01 9.999852003208772322e-01
7.817346611084180497e-01 9.999852570887691749e-01
7.834864737414372060e-01 9.999853132460395644e-01
7.852402467724565183e-01 9.999853687966674398e-01
7.869959802014757644e-01 9.999854237421158532e-01
7.887536740284951664e-01 9.999854780908884466e-01
7.905133282535142802e-01 9.999855318446321251e-01
7.922749428765337720e-01 9.999855850071139862e-01
7.940385178975533087e-01 9.999856375820602716e-01
7.958040533165727792e-01 9.999856895731360495e-01
7.975715491335924057e-01 9.999857409839654210e-01
7.993410053486120770e-01 9.999857918181014327e-01
8.011124219616317932e-01 9.999858420790689317e-01
8.028857989726515543e-01 9.999858917703343675e-01
8.046611363816711382e-01 9.999859408953103435e-01
8.064384341886909890e-01 9.999859894573658314e-01
8.082176923937108848e-01 9.999860374598159574e-01
8.099989109967308254e-01 9.999860849059292178e-01
8.117820899977508109e-01 9.999861317989294784e-01
8.135672293967708413e-01 9.999861781419846496e-01
8.153543291937909165e-01 9.999862239382197870e-01
8.171433893888111477e-01 9.999862691907083212e-01
8.189344099818313127e-01 9.999863139024799397e-01
8.207273909728513006e-01 9.999863580765269155e-01
8.225223323618716664e-01 9.999864017157662488e-01
8.243192341488919661e-01 9.999864448230966207e-01
8.261180963339124217e-01 9.999864874013585370e-01
8.279189189169328111e-01 9.999865294533444304e-01
8.297217018979533565e-01 9.999865709818046566e-01
8.315264452769738357e-01 9.999866119894486038e-01
8.333331490539944708e-01 9.999866524789244870e-01
8.351418132290151508e-01 9.999866924528487688e-01
8.369524378020356536e-01 9.999867319111530595e-01
8.387650227730564234e-01 9.999867708613858763e-01
8.405795681420771270e-01 9.999868093036147210e-01
8.423960739090979866e-01 9.999868472402870800e-01
8.442145400741188910e-01 9.999868846737874906e-01
8.460349666371398403e-01 9.999869216064587452e-01
8.478573535981608345e-01 9.999869580405993386e-01
8.496817009571818735e-01 9.999869939784826744e-01
8.515080087142030685e-01 9.999870294223024425e-01
8.533362768692239753e-01 9.999870643742454490e-01
8.551665054222451490e-01 9.999870988364180091e-01
8.569986943732663676e-01 9.999871328109292135e-01
8.588328437222877421e-01 9.999871662998005561e-01
8.606689534693090504e-01 9.999871993050419849e-01
8.625070236143304037e-01 9.999872318285992767e-01
8.643470541573519128e-01 9.999872638723936724e-01
8.661890450983733558e-01 9.999872954382930113e-01
8.680329964373949547e-01 9.999873265281209456e-01
8.698789081744163765e-01 9.999873571436602715e-01
8.717267803094379541e-01 9.999873872866593683e-01
8.735766128424596877e-01 9.999874169588217621e-01
8.754284057734814661e-01 9.999874461618004640e-01
8.772821591025032895e-01 9.999874748972135130e-01
8.791378728295250466e-01 9.999875031666327629e-01
8.809955469545469597e-01 9.999875309715916538e-01
8.828551814775689177e-01 9.999875583135801049e-01
8.847167763985909206e-01 9.999875851940519533e-01
8.865803317176127463e-01 9.999876116144104099e-01
8.884458474346348389e-01 9.999876375760184954e-01
8.903133235496569764e-01 9.999876630802017052e-01
8.921827600626792698e-01 9.999876881282409036e-01
8.940541569737014971e-01 9.999877127213746553e-01
8.959275142827237692e-01 9.999877368608013350e-01
8.978028319897460863e-01 9.999877605476773512e-01
8.996801100947685592e-01 9.999877837831200322e-01
9.015593485977907440e-01 9.999878065681930828e-01
9.034405474988133067e-01 9.999878289039393353e-01
9.053237067978358033e-01 9.999878507913395609e-01
9.072088264948584557e-01 9.999878722313382262e-01
9.090959065898810421e-01 9.999878932248466024e-01
9.109849470829037843e-01 9.999879137702267773e-01
9.128759479739264604e-01 9.999879338731659795e-01
9.147689092629492924e-01 9.999879535320684854e-01
9.166638309499721693e-01 9.999879727476808089e-01
9.185607130349948690e-01 9.999879915206884018e-01
9.204595555180178357e-01 9.999880098517447413e-01
9.223603583990407362e-01 9.999880277414633367e-01
9.242631216780637926e-01 9.999880451904122891e-01
9.261678453550868939e-01 9.999880621991146246e-01
9.280745294301100401e-01 9.999880787680421879e-01
9.299831739031333422e-01 9.999880948976478390e-01
9.318937787741565781e-01 9.999881105883139387e-01
9.338063440431798590e-01 9.999881258404044182e-01
9.357208697102029626e-01 9.999881406542190376e-01
9.376373557752263332e-01 9.999881550300321331e-01
9.395558022382498597e-01 9.999881689680542030e-01
9.414762090992733201e-01 9.999881824684712095e-01
9.433985763582968254e-01 9.999881955314152693e-01
9.453229040153204865e-01 9.999882081569650971e-01
9.472491920703440815e-01 9.999882203451806451e-01
9.491774405233678324e-01 9.999882320960545856e-01
9.511076493743915172e-01 9.999882434095386241e-01
9.530398186234151359e-01 9.999882542855507150e-01
9.549739482704390214e-01 9.999882647239440869e-01
9.569100383154629519e-01 9.999882747245499859e-01
9.588480887584868162e-01 9.999882842871308242e-01
9.607880995995108364e-01 9.999882934114220356e-01
9.627300708385349015e-01 9.999883020970954384e-01
9.646740024755590115e-01 9.999883103437895437e-01
9.666198945105831664e-01 9.999883181510860197e-01
9.685677469436073661e-01 9.999883255185283426e-01
9.705175597746313887e-01 9.999883324456084743e-01
9.724693330036556782e-01 9.999883389317605342e-01
9.744230666306800126e-01 9.999883449763867782e-01
9.763787606557043919e-01 9.999883505788319527e-01
9.783364150787289271e-01 9.999883557383926203e-01
9.802960298997533961e-01 9.999883604543126081e-01
9.822576051187779100e-01 9.999883647257985508e-01
9.842211407358025799e-01 9.999883685519875831e-01
9.861866367508271836e-01 9.999883719319814235e-01
9.881540931638517211e-01 9.999883748648263904e-01
9.901235099748764146e-01 9.999883773495147343e-01
9.920948871839012639e-01 9.999883793849868585e-01
9.940682247909260472e-01 9.999883809701350934e-01
9.960435227959509863e-01 9.999883821037945930e-01
9.980207811989759703e-01 9.999883827847523277e-01
1.000000000000000666e+00 9.999883830117267669e-01
