0.000000000000000000e+00 0.000000000000000000e+00
2.078119897502626434e-05 0.000000000000000000e+00
4.352279595010249372e-05 0.000000000000000000e+00
6.822479092522875592e-05 0.000000000000000000e+00
9.488718390040502381e-05 0.000000000000000000e+00
1.235099748756312839e-04 0.000000000000000000e+00
1.540931638509075632e-04 0.000000000000000000e+00
1.866367508262337669e-04 0.000000000000000000e+00
2.211407358016100034e-04 0.000000000000000000e+00
2.576051187770363269e-04 0.000000000000000000e+00
2.960298997525126832e-04 0.000000000000000000e+00
3.364150787280388555e-04 0.000000000000000000e+00
3.787606557036150606e-04 0.000000000000000000e+00
4.230666306792412444e-04 0.000000000000000000e+00
4.693330036549174067e-04 0.000000000000000000e+00
5.175597746306437102e-04 0.000000000000000000e+00
5.677469436064200466e-04 0.000000000000000000e+00
6.198945105822462531e-04 4.940656458412465442e-324
6.740024755581224382e-04 4.940656458412465442e-324
7.300708385340486020e-04 4.940656458412465442e-324
7.880995995100251780e-04 4.940656458412465442e-324
8.480887584860512989e-04 4.940656458412465442e-324
9.100383154621275068e-04 4.940656458412465442e-324
9.739482704382536934e-04 4.940656458412465442e-324
1.039818623414429750e-03 4.940656458412465442e-324
1.107649374390655894e-03 4.940656458412465442e-324
1.177440523366932558e-03 4.940656458412465442e-324
1.249192070343258659e-03 4.940656458412465442e-324
1.322904015319634847e-03 4.940656458412465442e-324
1.398576358296060905e-03 4.940656458412465442e-324
1.476209099272537051e-03 4.940656458412465442e-324
1.555802238249063716e-03 4.940656458412465442e-324
1.637355775225640036e-03 4.940656458412465442e-324
1.720869710202266008e-03 4.940656458412465442e-324
1.806344043178942285e-03 4.940656458412465442e-324
1.893778774155669082e-03 4.940656458412465442e-324
1.983173903132445098e-03 4.940656458412465442e-324
2.074529430109271419e-03 4.940656458412465442e-324
2.167845355086147393e-03 4.940656458412465442e-324
2.263121678063073454e-03 4.940656458412465442e-324
2.360358399040050469e-03 4.940656458412465442e-324
2.459555518017076271e-03 4.940656458412465442e-324
2.560713034994152593e-03 4.940656458412465442e-324
2.663830949971278568e-03 4.940656458412465442e-324
2.768909262948454630e-03 4.940656458412465442e-324
2.875947973925680780e-03 4.940656458412465442e-324
2.984947082902957450e-03 4.940656458412465442e-324
3.095906589880283773e-03 4.940656458412465442e-324
3.208826494857659750e-03 4.940656458412465442e-324
3.323706797835085814e-03 4.940656458412465442e-324
3.440547498812561965e-03 4.940656458412465442e-324
3.559348597790088636e-03 4.940656458412465442e-324
3.680110094767664961e-03 9.881312916824930884e-324
3.802831989745290939e-03 9.881312916824930884e-324
3.927514282722965704e-03 9.881312916824930884e-324
4.054156973700691856e-03 9.881312916824930884e-324
4.182760062678468095e-03 9.881312916824930884e-324
4.313323549656295289e-03 9.881312916824930884e-324
4.445847434634171702e-03 9.881312916824930884e-324
4.580331717612097335e-03 9.881312916824930884e-324
4.716776398590073922e-03 9.881312916824930884e-324
4.855181477568099729e-03 1.482196937523739633e-323
4.995546954546175623e-03 1.482196937523739633e-323
5.137872829524301604e-03 1.482196937523739633e-323
5.282159102502477672e-03 1.482196937523739633e-323
5.428405773480703828e-03 1.482196937523739633e-323
5.576612842458980070e-03 1.976262583364986177e-323
5.726780309437305531e-03 1.976262583364986177e-323
5.878908174415681948e-03 1.976262583364986177e-323
6.032996437394107583e-03 1.976262583364986177e-323
6.189045098372585908e-03 2.470328229206232721e-323
6.347054157351111718e-03 2.470328229206232721e-323
6.507023614329687615e-03 6.878209156747856381e-302
6.668953469308313599e-03 1.954381523134645813e-270
6.832843722286989670e-03 2.544376601828776755e-241
6.998694373265715828e-03 1.845054465209869204e-214
7.166505422244492073e-03 9.115742355220153096e-190
7.336276869223317537e-03 3.774157930070089163e-167
7.508008714202193956e-03 1.618359992967261267e-146
7.681700957181119595e-03 8.919152639369513683e-128
7.857353598160098790e-03 7.866853688983693934e-111
8.034966637139125470e-03 1.386402522580816073e-95
8.214540074118200502e-03 6.106404297370226414e-82
8.396073909097327356e-03 8.417128850835352144e-70
8.579568142076502563e-03 4.548103655821282368e-59
8.765022773055727856e-03 1.206060812051642448e-49
8.952437802035004971e-03 1.962384668319875621e-41
9.141813229014330439e-03 2.444170284117368249e-34
9.333149053993705993e-03 2.898325764357084929e-28
9.526445276973131635e-03 4.053851534430927863e-23
9.721701897952607363e-03 8.246029111140918863e-19
9.918918916932136648e-03 2.990565515627861117e-15
1.011809633391171255e-02 2.355020105598612692e-12
1.031923414889133854e-02 4.867362799419458689e-10
1.052233236187101462e-02 3.164414605013590220e-08
1.072739097285074078e-02 7.684280203308365871e-07
1.093440998183051703e-02 8.203297079312899028e-06
1.114338938881034163e-02 4.511650320502870470e-05
1.135432919379021806e-02 1.499927727513871540e-04
1.156722939677014457e-02 3.508922268468903398e-04
1.178208999775011943e-02 6.522727818813129144e-04
1.199891099673014612e-02 1.045691569579646320e-03
1.221769239371022463e-02 1.520574603460316237e-03
1.243843418869035149e-02 2.067991892619576704e-03
1.266113638167052670e-02 2.681086963709886691e-03
1.288579897265075200e-02 3.354674397094860230e-03
1.311242196163102738e-02 4.084788093334403361e-03
1.334100534861135459e-02 4.868334517691607667e-03
1.357154913359173015e-02 5.702848689474560723e-03
1.380405331657215580e-02 6.586325415567919131e-03
1.403851789755263153e-02 7.517101812956027140e-03
1.427494287653315735e-02 8.493774288161066999e-03
1.451332825351373326e-02 9.515138807207496399e-03
1.475367402849436273e-02 1.058014713284298122e-02
1.499598020147503881e-02 1.168787419700613450e-02
1.524024677245576498e-02 1.283749337764226658e-02
1.548647374143653950e-02 1.402825748443387553e-02
1.573466110841736931e-02 1.525948393617654851e-02
1.598480887339824227e-02 1.653054306350126151e-02
1.623691703637917053e-02 1.784084877546032386e-02
1.649098559736014366e-02 1.918985103781940121e-02
1.674701455634117209e-02 2.057702975693581279e-02
1.700500391332224540e-02 2.200188976652402845e-02
1.726495366830337400e-02 2.346395668884162025e-02
1.752686382128455442e-02 2.496277349588562136e-02
1.779073437226577625e-02 2.649789763598620410e-02
1.805656532124705685e-02 2.806889862087035697e-02
1.832435666822837886e-02 2.967535599061468798e-02
1.859410841320975616e-02 3.131685759095578780e-02
1.886582055619118528e-02 3.299299811047967657e-02
1.913949309717265929e-02 3.470337783539345633e-02
1.941512603615418858e-02 3.644760158749484752e-02
1.969271937313575929e-02 3.822527781721843376e-02
1.997227310811738876e-02 4.003601782862450942e-02
2.025378724109906312e-02 4.187943511714444650e-02
2.053726177208079276e-02 4.375514480412195234e-02
2.082269670106256382e-02 4.566276315476919950e-02
2.111009202804439364e-02 4.760190716828548163e-02
2.139944775302626487e-02 4.957219423059132379e-02
2.169076387600819486e-02 5.157324182161705795e-02
2.198404039699017321e-02 5.360466727018580596e-02
2.227927731597219643e-02 5.566608755060861030e-02
2.257647463295427495e-02 5.775711911584895802e-02
2.287563234793639835e-02 5.987737776287997693e-02
2.317675046091857705e-02 6.202647852638078912e-02
2.347982897190080062e-02 6.420403559746515332e-02
2.378486788088307949e-02 6.640966226451008869e-02
2.409186718786539977e-02 6.864297087355010485e-02
2.440082689284778228e-02 7.090357280599549061e-02
2.471174699583020273e-02 7.319107847168461467e-02
2.502462749681268195e-02 7.550509731553674275e-02
2.533946839579521298e-02 7.784523783624512638e-02
2.565626969277778543e-02 8.021110761563944591e-02
2.597503138776041318e-02 8.260231335748084713e-02
2.629575348074308580e-02 8.501846093459618225e-02
2.661843597172581372e-02 8.745915544336972658e-02
2.694307886070858651e-02 8.992400126471132571e-02
2.726968214769141807e-02 9.241260213069217577e-02
2.759824583267428758e-02 9.492456119615411136e-02
2.792876991565721931e-02 9.745948111463557939e-02
2.826125439664019939e-02 1.000169641180221058e-01
2.859569927562322089e-02 1.025966120994179914e-01
2.893210455260630115e-02 1.051980266987199847e-01
2.927047022758941935e-02 1.078208093904978460e-01
2.961079630057259979e-02 1.104645615737567671e-01
2.995308277155582163e-02 1.131288846632305389e-01
3.029732964053910224e-02 1.158133801818728020e-01
3.064353690752242426e-02 1.185176498542558909e-01
3.099170457250580504e-02 1.212412957005735842e-01
3.134183263548922377e-02 1.239839201310563854e-01
3.169392109647270472e-02 1.267451260404849067e-01
3.204796995545623056e-02 1.295245169026697230e-01
3.240397921243980128e-02 1.323216968646632741e-01
3.276194886742343076e-02 1.351362708405430546e-01
3.312187892040710513e-02 1.379678446045967677e-01
3.348376937139083825e-02 1.408160248837695694e-01
3.384762022037460932e-02 1.436804194492311559e-01
3.421343146735843915e-02 1.465606372069674090e-01
3.458120311234230693e-02 1.494562882872480791e-01
3.495093515532624040e-02 1.523669841328573193e-01
3.532262759631021182e-02 1.552923375860929545e-01
3.569628043529424199e-02 1.582319629743131340e-01
3.607189367227831706e-02 1.611854761940411107e-01
3.644946730726244394e-02 1.641524947935559253e-01
3.682900134024662264e-02 1.671326380538657175e-01
3.721049577123083929e-02 1.701255270680479825e-01
3.759395060021512164e-02 1.731307848188832210e-01
3.797936582719944193e-02 1.761480362547447887e-01
3.836674145218382098e-02 1.791769083637254067e-01
3.875607747516824492e-02 1.822170302459173719e-01
3.914737389615272761e-02 1.852680331838735261e-01
3.954063071513724825e-02 1.883295507111853728e-01
3.993584793212182765e-02 1.914012186791814452e-01
4.033302554710645887e-02 1.944826753216939985e-01
4.073216356009112804e-02 1.975735613179267769e-01
4.113326197107585597e-02 2.006735198533643461e-01
4.153632078006062878e-02 2.037821966787723704e-01
4.194133998704546035e-02 2.068992401672172521e-01
4.234831959203032986e-02 2.100243013691363569e-01
4.275725959501525814e-02 2.131570340655092322e-01
4.316815999600023129e-02 2.162970948189995302e-01
4.358102079498526321e-02 2.194441430232395851e-01
4.399584199197033307e-02 2.225978409501177258e-01
4.441262358695546170e-02 2.257578537951761277e-01
4.483136557994064214e-02 2.289238497210625278e-01
4.525206797092586747e-02 2.320954998991232865e-01
4.567473075991114462e-02 2.352724785490644399e-01
4.609935394689646665e-02 2.384544629767505475e-01
4.652593753188184744e-02 2.416411336101860208e-01
4.695448151486726618e-02 2.448321740335858421e-01
4.738498589585275061e-02 2.480272710196949892e-01
4.781745067483826606e-02 2.512261145602681101e-01
4.825187585182384720e-02 2.544283978948099212e-01
4.868826142680946628e-02 2.576338175375152972e-01
4.912660739979515107e-02 2.608420733025113569e-01
4.956691377078088073e-02 2.640528683273902222e-01
5.000918053976664834e-02 2.672659090950731953e-01
5.045340770675248165e-02 2.704809054539502600e-01
5.089959527173835291e-02 2.736975706365070149e-01
5.134774323472428292e-02 2.769156212762488023e-01
5.179785159571025088e-02 2.801347774230843468e-01
5.224992035469628454e-02 2.833547625571994355e-01
5.270394951168235614e-02 2.865753036013274357e-01
5.315993906666848651e-02 2.897961309316327561e-01
5.361788901965465481e-02 2.930169783870544831e-01
5.407779937064088882e-02 2.962375832772415896e-01
5.453967011962716771e-02 2.994576863891104113e-01
5.500350126661349148e-02 3.026770319919757091e-01
5.546929281159986708e-02 3.058953678414396693e-01
5.593704475458628755e-02 3.091124451818048624e-01
5.640675709557277373e-02 3.123280187473927438e-01
5.687842983455929091e-02 3.155418467624447332e-01
5.735206297154587379e-02 3.187536909399350527e-01
5.782765650653248768e-02 3.219633164790970947e-01
5.830521043951917420e-02 3.251704920617883854e-01
5.878472477050590561e-02 3.283749898478371954e-01
5.926619949949267496e-02 3.315765854691196113e-01
5.974963462647950307e-02 3.347750580226805939e-01
6.023503015146637607e-02 3.379701900627810618e-01
6.072238607445330782e-02 3.411617675919275672e-01
6.121170239544027752e-02 3.443495800508969973e-01
6.170297911442730598e-02 3.475334203078280226e-01
6.219621623141437933e-02 3.507130846464084351e-01
6.269141374640151143e-02 3.538883727530944823e-01
6.318857165938866760e-02 3.570590877035276223e-01
6.368768997037589641e-02 3.602250359480688169e-01
6.418876867936318398e-02 3.633860272965381277e-01
6.469180778635051643e-02 3.665418749021568945e-01
6.519680729133789376e-02 3.696923952447469519e-01
6.570376719432530210e-02 3.728374081131292650e-01
6.621268749531278308e-02 3.759767365869365885e-01
6.672356819430030894e-02 3.791102070176306515e-01
6.723640929128789356e-02 3.822376490089065548e-01
6.775121078627552307e-02 3.853588953965098596e-01
6.826797267926318358e-02 3.884737822273288677e-01
6.878669497025091673e-02 3.915821487381016541e-01
6.930737765923869476e-02 3.946838373333232397e-01
6.983002074622653155e-02 3.977786935628639386e-01
7.035462423121441322e-02 4.008665660988562918e-01
7.088118811420231202e-02 4.039473067122764105e-01
7.140971239519029734e-02 4.070207702489692658e-01
7.194019707417832754e-02 4.100868146052357721e-01
7.247264215116641650e-02 4.131453007030454483e-01
7.300704762615452259e-02 4.161960924647543081e-01
7.354341349914270132e-02 4.192390567876378427e-01
7.408173977013092493e-02 4.222740635178039437e-01
7.462202643911922118e-02 4.253009854240403786e-01
7.516427350610754843e-02 4.283196981710977735e-01
7.570848097109590669e-02 4.313300802928878852e-01
7.625464883408433758e-02 4.343320131652752547e-01
7.680277709507281336e-02 4.373253809786083468e-01
7.735286575406134790e-02 4.403100707101303413e-01
7.790491481104989957e-02 4.432859720960341532e-01
7.845892426603853775e-02 4.462529776033062334e-01
7.901489411902722082e-02 4.492109824015634856e-01
7.957282437001594877e-02 4.521598843344868945e-01
8.013271501900470772e-02 4.550995838912461622e-01
8.069456606599353932e-02 4.580299841777132341e-01
8.125837751098241579e-02 4.609509908875986106e-01
8.182414935397135103e-02 4.638625122734492678e-01
8.239188159496033115e-02 4.667644591175582058e-01
8.296157423394934227e-02 4.696567447027674702e-01
8.353322727093842603e-02 4.725392847832592946e-01
8.410684070592755468e-02 4.754119975552698607e-01
8.468241453891674209e-02 4.782748036276640025e-01
8.525994876990593274e-02 4.811276259926646759e-01
8.583944339889522379e-02 4.839703899964198919e-01
8.642089842588455972e-02 4.868030233096444781e-01
8.700431385087394054e-02 4.896254558981656957e-01
8.758968967386336624e-02 4.924376199936648102e-01
8.817702589485282294e-02 4.952394500642351427e-01
8.876632251384235228e-02 4.980308827851371301e-01
8.935757953083194038e-02 5.008118570095699829e-01
8.995079694582157337e-02 5.035823137394026539e-01
9.054597475881122348e-02 5.063421960961496104e-01
9.114311296980096011e-02 5.090914492918436896e-01
9.174221157879074162e-02 5.118300206001313857e-01
9.234327058578056802e-02 5.145578593273751888e-01
9.294628999077042542e-02 5.172749167839274520e-01
9.355126979376035545e-02 5.199811462554433383e-01
9.415820999475034425e-02 5.226765029743970503e-01
9.476711059374037793e-02 5.253609440916537920e-01
9.537797159073045650e-02 5.280344286481648552e-01
9.599079298572055219e-02 5.306969175469063993e-01
9.660557477871074827e-02 5.333483735248563118e-01
9.722231696970097536e-02 5.359887611251498152e-01
9.784101955869126122e-02 5.386180466694705515e-01
9.846168254568156419e-02 5.412361982304637609e-01
9.908430593067193981e-02 5.438431856044229074e-01
9.970888971366237419e-02 5.464389802841935762e-01
1.003354338946528534e-01 5.490235554320876954e-01
1.009639384736433915e-01 5.515968858531623553e-01
1.015944034506339466e-01 5.541589479685861130e-01
1.022268288256245744e-01 5.567097197892159066e-01
1.028612145986152610e-01 5.592491808893773619e-01
1.034975607696059924e-01 5.617773123809013391e-01
1.041358673385967409e-01 5.642940968872414143e-01
1.047761343055875760e-01 5.667995185179471873e-01
1.054183616705784560e-01 5.692935628431942119e-01
1.060625494335693947e-01 5.717762168686639779e-01
1.067086975945603783e-01 5.742474690106108559e-01
1.073568061535513790e-01 5.767073090710410632e-01
1.080068751105424663e-01 5.791557282133183993e-01
1.086589044655335984e-01 5.815927189377434470e-01
1.093128942185247754e-01 5.840182750576095039e-01
1.099688443695159834e-01 5.864323916753306776e-01
1.106267549185072641e-01 5.888350651588032392e-01
1.112866258654986035e-01 5.912262931180976011e-01
1.119484572104899878e-01 5.936060743823037278e-01
1.126122489534813753e-01 5.959744089766378927e-01
1.132780010944728633e-01 5.983312980997711472e-01
1.139457136334643961e-01 6.006767441014378983e-01
1.146153865704559877e-01 6.030107504602032487e-01
1.152870199054476102e-01 6.053333217615751716e-01
1.159606136384392638e-01 6.076444636762842189e-01
1.166361677694310039e-01 6.099441829387778347e-01
1.173136822984227889e-01 6.122324873260817091e-01
1.179931572254146188e-01 6.145093856367659368e-01
1.186745925504064658e-01 6.167748876701747429e-01
1.193579882733983993e-01 6.190290042060279108e-01
1.200433443943903777e-01 6.212717469840535189e-01
1.207306609133824149e-01 6.235031286840891918e-01
1.214199378303744969e-01 6.257231629061872358e-01
1.221111751453665961e-01 6.279318641511354437e-01
1.228043728583587818e-01 6.301292478012293641e-01
1.234995309693510124e-01 6.323153301010746574e-01
1.241966494783433017e-01 6.344901281388861669e-01
1.248957283853355943e-01 6.366536598278187409e-01
1.255967676903279873e-01 6.388059438876969587e-01
1.262997673933204390e-01 6.409469998268261248e-01
1.270047274943129079e-01 6.430768479241437685e-01
1.277116479933054216e-01 6.451955092115484458e-01
1.284205288902980080e-01 6.473030054564625768e-01
1.291313701852906393e-01 6.493993591446888258e-01
1.298441718782833154e-01 6.514845934633242130e-01
1.305589339692760642e-01 6.535587322840308300e-01
1.312756564582688024e-01 6.556218001465348166e-01
1.319943393452616409e-01 6.576738222421838476e-01
1.327149826302545244e-01 6.597148243977980497e-01
1.334375863132474527e-01 6.617448330597252015e-01
1.341621503942403981e-01 6.637638752778840523e-01
1.348886748732334440e-01 6.657719786900239134e-01
1.356171597502265069e-01 6.677691715058077238e-01
1.363476050252196425e-01 6.697554824906660764e-01
1.370800106982128508e-01 6.717309409488970706e-01
1.378143767692060206e-01 6.736955767057239974e-01
1.385507032381993187e-01 6.756494200861096200e-01
1.392889901051926616e-01 6.775925018787888332e-01
1.400292373701860493e-01 6.795151695641334921e-01
1.407714450331794265e-01 6.814367095734420454e-01
1.415156130941729040e-01 6.833475818406427038e-01
1.422617415531664542e-01 6.852478191753752501e-01
1.430098304101600493e-01 6.871374547873345673e-01
1.437598796651536337e-01 6.890165222939108602e-01
1.445118893181473185e-01 6.908850557137281578e-01
1.452658593691410482e-01 6.927430894576296350e-01
1.460217898181348506e-01 6.945906583183991678e-01
1.467796806651286701e-01 6.964277974599599741e-01
1.475395319101225067e-01 6.982545424063151263e-01
1.483013435531164437e-01 7.000709290303911425e-01
1.490651155941104256e-01 7.018769935429814977e-01
1.498308480331044801e-01 7.036727724816829177e-01
1.505985408700985240e-01 7.054583027000920215e-01
1.513681941050926405e-01 7.072336213571238650e-01
1.521398077380868297e-01 7.089987659064378445e-01
1.529133817690810637e-01 7.107537740860488951e-01
1.536889161980753704e-01 7.124986839082038115e-01
1.544664110250696387e-01 7.142335336492412479e-01
1.552458662500640352e-01 7.159583618397816762e-01
1.560272818730584765e-01 7.176732072550254804e-01
1.568106578940529627e-01 7.193781089051645150e-01
1.575959943130474383e-01 7.210731060260744396e-01
1.583832911300420421e-01 7.227582380700328102e-01
1.591725483450366629e-01 7.244335446967288261e-01
1.599637659580313565e-01 7.260990657643369151e-01
1.607569439690260948e-01 7.277548413208150269e-01
1.615520823780208504e-01 7.294009115952783118e-01
1.623491811850156785e-01 7.310373169896495771e-01
1.631482403900105516e-01 7.326640980703253980e-01
1.639492599930054972e-01 7.342812955601257796e-01
1.647522399940004323e-01 7.358889503302743496e-01
1.655571803929954677e-01 7.374871033926392316e-01
1.663640811899905481e-01 7.390757958920219917e-01
1.671729423849857010e-01 7.406550690986353214e-01
1.679837639779808434e-01 7.422249644007850033e-01
1.687965459689760583e-01 7.437855232975062458e-01
1.696112883579713460e-01 7.453367873916356690e-01
1.704279911449667062e-01 7.468787983827026578e-01
1.712466543299620836e-01 7.484115980601494522e-01
1.720672779129574781e-01 7.499352282967183259e-01
1.728898618939529452e-01 7.514497310417337372e-01
1.737144062729484850e-01 7.529551483148301250e-01
1.745409110499440697e-01 7.544515221995569121e-01
1.753693762249396715e-01 7.559388948372517403e-01
1.761998017979353459e-01 7.574173084209467888e-01
1.770321877689310930e-01 7.588868051894970268e-01
1.778665341379268849e-01 7.603474274217536522e-01
1.787028409049227218e-01 7.617992174308410025e-01
1.795411080699185480e-01 7.632422175586902613e-01
1.803813356329145023e-01 7.646764701704522604e-01
1.812235235939104738e-01 7.661020176493206213e-01
1.820676719529065180e-01 7.675189023911793695e-01
1.829137807099025514e-01 7.689271667995439818e-01
1.837618498648986853e-01 7.703268532805780389e-01
1.846118794178948919e-01 7.717180042381709404e-01
1.854638693688911155e-01 7.731006620691767139e-01
1.863178197178873563e-01 7.744748691587042266e-01
1.871737304648836975e-01 7.758406678755584984e-01
1.880316016098800835e-01 7.771981005678066934e-01
1.888914331528765145e-01 7.785472095582868235e-01
1.897532250938729903e-01 7.798880371404601775e-01
1.906169774328694833e-01 7.812206255741190875e-01
1.914826901698660766e-01 7.825450170814124418e-01
1.923503633048627148e-01 7.838612538427877086e-01
1.932199968378593979e-01 7.851693779930533079e-01
1.940915907688560982e-01 7.864694316176911171e-01
1.949651450978528711e-01 7.877614567490142106e-01
1.958406598248497166e-01 7.890454953626332424e-01
1.967181349498466070e-01 7.903215893738546605e-01
1.975975704728435423e-01 7.915897806342637733e-01
1.984789663938404669e-01 7.928501109282698467e-01
1.993623227128375197e-01 7.941026219699767186e-01
2.002476394298345896e-01 7.953473553997787437e-01
2.011349165448317322e-01 7.965843527814004954e-01
2.020241540578288642e-01 7.978136555987194178e-01
2.029153519688260965e-01 7.990353052528943456e-01
2.038085102778234015e-01 8.002493430593615731e-01
2.047036289848207236e-01 8.014558102451100341e-01
2.056007080898180628e-01 8.026547479459006373e-01
2.064997475928155024e-01 8.038461972035432224e-01
2.074007474938129869e-01 8.050301989633622535e-01
2.083037077928105441e-01 8.062067940715970105e-01
2.092086284898081183e-01 8.073760232730275987e-01
2.101155095848057097e-01 8.085379272083972335e-01
2.110243510778034015e-01 8.096925464123122529e-01
2.119351529688011382e-01 8.108399213107861936e-01
2.128479152577989197e-01 8.119800922191060533e-01
2.137626379447967184e-01 8.131130993396954443e-01
2.146793210297945897e-01 8.142389827600478025e-01
2.155979645127925337e-01 8.153577824506356153e-01
2.165185683937905226e-01 8.164695382630339227e-01
2.174411326727885563e-01 8.175742899279866416e-01
2.183656573497865794e-01 8.186720770535067526e-01
2.192921424247847306e-01 8.197629391231948670e-01
2.202205878977829268e-01 8.208469154944502133e-01
2.211509937687811678e-01 8.219240453967273652e-01
2.220833600377793982e-01 8.229943679300625314e-01
2.230176867047777289e-01 8.240579220633480473e-01
2.239539737697761046e-01 8.251147466329090685e-01
2.248922212327745529e-01 8.261648803409755715e-01
2.258324290937730461e-01 8.272083617543304346e-01
2.267745973527715286e-01 8.282452293028411683e-01
2.277187260097701116e-01 8.292755212782061403e-01
2.286648150647687394e-01 8.302992758326511735e-01
2.296128645177674399e-01 8.313165309776873180e-01
2.305628743687661297e-01 8.323273245829300171e-01
2.315148446177649200e-01 8.333316943749841110e-01
2.324687752647637551e-01 8.343296779362787685e-01
2.334246663097626351e-01 8.353213127040299835e-01
2.343825177527615322e-01 8.363066359692664653e-01
2.353423295937605020e-01 8.372856848757961323e-01
2.363041018327595444e-01 8.382584964192572041e-01
2.372678344697586317e-01 8.392251074462740990e-01
2.382335275047577638e-01 8.401855546535575980e-01
2.392011809377569131e-01 8.411398745869732574e-01
2.401707947687561351e-01 8.420881036409597620e-01
2.411423689977554297e-01 8.430302780575567034e-01
2.421159036247547691e-01 8.439664339257799686e-01
2.430913986497540979e-01 8.448966071808380329e-01
2.440688540727535549e-01 8.458208336034962471e-01
2.450482698937530290e-01 8.467391488193414251e-01
2.460296461127525758e-01 8.476515882981192629e-01
2.470129827297521674e-01 8.485581873529335351e-01
2.479982797447517484e-01 8.494589811393019607e-01
2.489855371577514298e-01 8.503540046539803665e-01
2.499747549687511561e-01 8.512432927321655907e-01
2.509659331777509550e-01 8.521236432079635215e-01
2.519590717847506878e-01 8.530014850285851935e-01
2.529541707897505765e-01 8.538736935479253054e-01
2.539512301927505100e-01 8.547403029621027937e-01
2.549502499937504885e-01 8.556013473042980433e-01
2.559512301927505673e-01 8.564568604463179691e-01
2.569541707897506355e-01 8.573068760990845139e-01
2.579590717847507486e-01 8.581514278126022299e-01
2.589659331777509621e-01 8.589905489761007207e-01
2.599747549687512205e-01 8.598242728177704075e-01
2.609855371577514682e-01 8.606526324047609755e-01
2.619982797447518164e-01 8.614756606430624686e-01
2.630129827297520984e-01 8.622933902773756154e-01
2.640296461127525363e-01 8.631058538911101641e-01
2.650482698937530190e-01 8.639130839062042488e-01
2.660688540727535467e-01 8.647151125832132079e-01
2.670913986497541748e-01 8.655119720211567058e-01
2.681159036247547922e-01 8.663036941576605088e-01
2.691423689977554545e-01 8.670903107688107125e-01
2.701707947687562172e-01 8.678718534692662079e-01
2.712011809377570248e-01 8.686483537123385057e-01
2.722335275047577108e-01 8.694198427899834103e-01
2.732678344697586081e-01 8.701863518328810665e-01
2.743041018327595504e-01 8.709479118106218110e-01
2.753423295937605375e-01 8.717045535317474725e-01
2.763825177527615695e-01 8.724563076438639486e-01
2.774246663097627019e-01 8.732032046338850106e-01
2.784687752647638237e-01 8.739452748280938099e-01
2.795148446177649904e-01 8.746825483923583722e-01
2.805628743687662574e-01 8.754150553323664097e-01
2.816128645177674028e-01 8.761428254937621007e-01
2.826648150647687596e-01 8.768658885624097676e-01
2.837187260097701613e-01 8.775842740646407902e-01
2.847745973527716079e-01 8.782980113674490052e-01
2.858324290937730994e-01 8.790071296788383171e-01
2.868922212327746357e-01 8.797116580479953374e-01
2.879539737697762170e-01 8.804116253656414370e-01
2.890176867047778431e-01 8.811070603643391674e-01
2.900833600377795141e-01 8.817979916187893563e-01
2.911509937687811744e-01 8.824844475461287585e-01
2.922205878977829352e-01 8.831664564062912115e-01
2.932921424247847964e-01 8.838440463023707894e-01
2.943656573497866469e-01 8.845172451809216740e-01
2.954411326727885978e-01 8.851860808323959162e-01
2.965185683937905936e-01 8.858505808914631796e-01
2.975979645127926343e-01 8.865107728374168605e-01
2.986793210297947199e-01 8.871666839945835381e-01
2.997626379447967393e-01 8.878183415327182137e-01
3.008479152577989146e-01 8.884657724673962198e-01
3.019351529688011904e-01 8.891090036604848423e-01
3.030243510778034555e-01 8.897480618205286795e-01
3.041155095848058210e-01 8.903829735032141590e-01
3.052086284898081758e-01 8.910137651118237301e-01
3.063037077928106311e-01 8.916404628976767333e-01
3.074007474938131312e-01 8.922630929605672723e-01
3.084997475928156763e-01 8.928816812492869071e-01
3.096007080898180996e-01 8.934962535621207014e-01
3.107036289848207899e-01 8.941068355472017171e-01
3.118085102778234696e-01 8.947134527031501694e-01
3.129153519688261942e-01 8.953161303795215131e-01
3.140241540578289636e-01 8.959148937772537513e-01
3.151349165448318335e-01 8.965097679492676219e-01
3.162476394298346927e-01 8.971007778009004729e-01
3.173623227128376523e-01 8.976879480904889075e-01
3.184789663938406568e-01 8.982713034298500654e-01
3.195975704728435396e-01 8.988508682848527220e-01
3.207181349498466338e-01 8.994266669759520827e-01
3.218406598248497730e-01 8.999987236786558542e-01
3.229651450978529570e-01 9.005670624241831623e-01
3.240915907688562414e-01 9.011317070999379508e-01
3.252199968378595152e-01 9.016926814501017295e-01
3.263503633048628338e-01 9.022500090761202962e-01
3.274826901698662529e-01 9.028037134373941841e-01
3.286169774328696613e-01 9.033538178517259709e-01
3.297532250938730591e-01 9.039003454959613215e-01
3.308914331528765573e-01 9.044433194064900317e-01
3.320316016098801559e-01 9.049827624799242631e-01
3.331737304648837994e-01 9.055186974735897065e-01
3.343178197178874878e-01 9.060511470061204387e-01
3.354638693688912210e-01 9.065801335580686571e-01
3.366118794178950546e-01 9.071056794724552397e-01
3.377618498648988776e-01 9.076278069553835870e-01
3.389137807099027455e-01 9.081465380765451068e-01
3.400676719529066028e-01 9.086618947698007487e-01
3.412235235939105604e-01 9.091738988336088845e-01
3.423813356329146185e-01 9.096817041969367246e-01
3.435411080699187214e-01 9.101870362063768649e-01
3.447028409049228137e-01 9.106890793795850980e-01
3.458665341379270064e-01 9.111878549666028171e-01
3.470321877689312440e-01 9.116833840850715465e-01
3.481998017979355819e-01 9.121756877209769021e-01
3.493693762249399093e-01 9.126647867292629890e-01
3.505409110499441705e-01 9.131507018346098903e-01
3.517144062729485876e-01 9.136334536318629906e-01
3.528898618939531051e-01 9.141130625868053583e-01
3.540672779129576120e-01 9.145895490367151881e-01
3.552466543299622193e-01 9.150629331909356790e-01
3.564279911449668714e-01 9.155332351315897954e-01
3.576112883579715684e-01 9.160004748141420405e-01
3.587965459689763104e-01 9.164646720680177383e-01
3.599837639779809306e-01 9.169258465972046634e-01
3.611729423849858178e-01 9.173840179809298334e-01
3.623640811899906944e-01 9.178392056742240568e-01
3.635571803929956158e-01 9.182914290085563147e-01
3.647522399940006377e-01 9.187407071924409419e-01
3.659492599930056489e-01 9.191870593120615718e-01
3.671482403900107605e-01 9.196305043319062955e-01
3.683491811850159170e-01 9.200710610953775070e-01
3.695520823780210629e-01 9.205087483253768799e-01
3.707569439690261981e-01 9.209435846249982571e-01
3.719637659580314892e-01 9.213755884780275851e-01
3.731725483450368253e-01 9.218047782496511244e-01
3.743832911300422062e-01 9.222311721870547485e-01
3.755959943130476320e-01 9.226547884200263505e-01
3.768106578940531581e-01 9.230756449615814541e-01
3.780272818730586737e-01 9.234937597085501881e-01
3.792458662500642896e-01 9.239091504421780288e-01
3.804664110250698950e-01 9.243218348288535502e-01
3.816889161980754896e-01 9.247318304205472961e-01
3.829133817690812402e-01 9.251391546555406409e-01
3.841398077380869802e-01 9.255438248590168726e-01
3.853681941050928206e-01 9.259458582436320695e-01
3.865985408700987613e-01 9.263452719101479271e-01
3.878308480331046915e-01 9.267420828480491535e-01
3.890651155941106665e-01 9.271363079360910309e-01
3.903013435531166864e-01 9.275279639429901968e-01
3.915395319101228067e-01 9.279170675279795333e-01
3.927796806651288053e-01 9.283036352413351899e-01
3.940217898181350153e-01 9.286876835251591800e-01
3.952658593691412148e-01 9.290692287137979344e-01
3.965118893181475146e-01 9.294482870345261993e-01
3.977598796651538593e-01 9.298248746081244631e-01
3.990098304101602489e-01 9.301990074494439487e-01
4.002617415531666833e-01 9.305707014680913991e-01
4.015156130941732182e-01 9.309399724689081390e-01
4.027714450331797424e-01 9.313068361526156691e-01
4.040292373701862005e-01 9.316713081163503496e-01
4.052889901051928145e-01 9.320334038543582889e-01
4.065507032381995289e-01 9.323931387584873942e-01
4.078143767692062882e-01 9.327505281187360442e-01
4.090800106982130369e-01 9.331055871240043764e-01
4.103476050252198859e-01 9.334583308623980447e-01
4.116171597502267798e-01 9.338087743220919723e-01
4.128886748732337186e-01 9.341569323917233714e-01
4.141621503942407023e-01 9.345028198610003667e-01
4.154375863132476199e-01 9.348464514213017384e-01
4.167149826302546933e-01 9.351878416662313676e-01
4.179943393452618672e-01 9.355270050921903335e-01
4.192756564582690304e-01 9.358639560988852857e-01
4.205589339692762940e-01 9.361987089899841408e-01
4.218441718782836025e-01 9.365312779736181259e-01
4.231313701852909004e-01 9.368616771629019180e-01
4.244205288902982987e-01 9.371899205766196506e-01
4.257116479933056308e-01 9.375160221396375837e-01
4.270047274943131188e-01 9.378399956835314910e-01
4.282997673933206517e-01 9.381618549470849278e-01
4.295967676903282295e-01 9.384816135769317169e-01
4.308957283853359077e-01 9.387992851279598483e-01
4.321966494783435753e-01 9.391148830639776124e-01
4.334995309693513432e-01 9.394284207582399571e-01
4.348043728583591006e-01 9.397399114938532749e-01
4.361111751453669583e-01 9.400493684644820602e-01
4.374199378303746943e-01 9.403568047747825620e-01
4.387306609133826418e-01 9.406622334409747710e-01
4.400433443943906342e-01 9.409656673913364688e-01
4.413579882733986715e-01 9.412671194667471264e-01
4.426745925504067536e-01 9.415666024212236973e-01
4.439931572254149361e-01 9.418641289224023438e-01
4.453136822984231080e-01 9.421597115520677912e-01
4.466361677694313248e-01 9.424533628066760205e-01
4.479606136384396420e-01 9.427450950978354394e-01
4.492870199054478375e-01 9.430349207527365385e-01
4.506153865704562445e-01 9.433223176805115573e-01
4.519457136334646408e-01 9.436083481724436561e-01
4.532780010944731375e-01 9.438925080823770131e-01
4.546122489534816791e-01 9.441748093989186241e-01
4.559484572104903211e-01 9.444552640288234047e-01
4.572866258654989524e-01 9.447338837975385317e-01
4.586267549185076287e-01 9.450106804496971602e-01
4.599688443695163498e-01 9.452856656496997356e-01
4.613128942185250048e-01 9.455588509820822551e-01
4.626589044655338712e-01 9.458302479521177863e-01
4.640068751105427269e-01 9.460998679862510086e-01
4.653568061535516831e-01 9.463677224325730553e-01
4.667086975945606842e-01 9.466338225613282198e-01
4.680625494335697301e-01 9.468981795653931277e-01
4.694183616705788209e-01 9.471608045607322612e-01
4.707761343055879566e-01 9.474217085868643640e-01
4.721358673385971372e-01 9.476809026073763631e-01
4.734975607696062516e-01 9.479383975103226057e-01
4.748612145986155220e-01 9.481942041087449979e-01
4.762268288256248927e-01 9.484483331411353024e-01
4.775944034506342528e-01 9.487007952718562453e-01
4.789639384736437133e-01 9.489516010915917121e-01
4.803354338946532187e-01 9.492007611178842064e-01
4.817088897136627690e-01 9.494482857955113264e-01
4.830843059306723641e-01 9.496941854969316310e-01
4.844616825456818376e-01 9.499384705227565950e-01
4.858410195586915226e-01 9.501811511022248968e-01
4.872223169697012524e-01 9.504222373935798940e-01
4.886055747787110826e-01 9.506617394845506830e-01
4.899907929857209021e-01 9.508996673927911925e-01
4.913779715907308221e-01 9.511360310662766437e-01
4.927671105937407314e-01 9.513708403837662919e-01
4.941582099947507412e-01 9.516041051552325269e-01
4.955512697937607958e-01 9.518358351222813152e-01
4.969462899907707287e-01 9.520660399585628708e-01
4.983432705857808731e-01 9.522947292702336197e-01
4.997422115787910624e-01 9.525219125963128031e-01
5.011431129698012965e-01 9.527475994091526568e-01
5.025459747588115755e-01 9.529717991148342060e-01
5.039507969458218994e-01 9.531945210535520685e-01
5.053575795308323793e-01 9.534157745000810813e-01
5.067663225138427929e-01 9.536355686641367901e-01
5.081770258948532515e-01 9.538539126907980004e-01
5.095896896738636439e-01 9.540708156608864732e-01
5.110043138508743032e-01 9.542862865913902537e-01
5.124208984258848965e-01 9.545003344358474751e-01
5.138394433988955345e-01 9.547129680847793454e-01
5.152599487699063285e-01 9.549241963659784727e-01
5.166824145389171674e-01 9.551340280450494324e-01
5.181068407059279401e-01 9.553424718256379178e-01
5.195332272709388688e-01 9.555495363499324490e-01
5.209615742339498423e-01 9.557552301989836741e-01
5.223918815949606387e-01 9.559595618931170380e-01
5.238241493539717020e-01 9.561625398922868335e-01
5.252583775109828101e-01 9.563641725964447948e-01
5.266945660659939632e-01 9.565644683459622044e-01
5.281327150190051611e-01 9.567634354219308745e-01
5.295728243700164040e-01 9.569610820465676015e-01
5.310148941190276917e-01 9.571574163835822047e-01
5.324589242660390243e-01 9.573524465385151450e-01
5.339049148110504017e-01 9.575461805591570785e-01
5.353528657540617131e-01 9.577386264357975465e-01
5.368027770950731803e-01 9.579297921016906026e-01
5.382546488340846924e-01 9.581196854333471347e-01
5.397084809710962494e-01 9.583083142509076779e-01
5.411642735061079623e-01 9.584956863184611597e-01
5.426220264391196091e-01 9.586818093444340327e-01
5.440817397701314118e-01 9.588666909818959194e-01
5.455434134991431483e-01 9.590503388289388642e-01
5.470070476261550407e-01 9.592327604289679899e-01
5.484726421511667560e-01 9.594139632710784182e-01
5.499401970741787382e-01 9.595939547903485911e-01
5.514097123951906543e-01 9.597727423682181902e-01
5.528811881142027262e-01 9.599503333327825683e-01
5.543546242312148431e-01 9.601267349591648959e-01
5.558300207462270048e-01 9.603019544697579679e-01
5.573073776592392115e-01 9.604759990346107834e-01
5.587866949702514630e-01 9.606488757717741578e-01
5.602679726792635373e-01 9.608205917475293178e-01
5.617512107862758786e-01 9.609911539767855837e-01
5.632364092912882647e-01 9.611605694233231745e-01
5.647235681943006957e-01 9.613288450001802321e-01
5.662126874953131717e-01 9.614959875699241598e-01
5.677037671943258035e-01 9.616620039449114143e-01
5.691968072913383692e-01 9.618269008876622062e-01
5.706918077863509797e-01 9.619906851111660329e-01
5.721887686793637462e-01 9.621533632791211543e-01
5.736876899703762245e-01 9.623149420062406811e-01
5.751885716593890807e-01 9.624754278586297174e-01
5.766914137464018708e-01 9.626348273539792055e-01
5.781962162314148168e-01 9.627931469619184224e-01
5.797029791144278077e-01 9.629503931042305842e-01
5.812117023954407324e-01 9.631065721552584113e-01
5.827223860744538131e-01 9.632616904420813198e-01
5.842350301514669386e-01 9.634157542448558154e-01
5.857496346264799980e-01 9.635687697970610754e-01
5.872661994994931023e-01 9.637207432857962663e-01
5.887847247705062514e-01 9.638716808520443324e-01
5.903052104395195565e-01 9.640215885909821925e-01
5.918276565065329065e-01 9.641704725521895725e-01
5.933520629715463013e-01 9.643183387399582029e-01
5.948784298345597410e-01 9.644651931135901357e-01
5.964067570955732256e-01 9.646110415875432942e-01
5.979370447545868661e-01 9.647558900318315978e-01
5.994692928116004405e-01 9.648997442722125895e-01
6.010035012666138377e-01 9.650426100904828663e-01
6.025396701196276128e-01 9.651844932246571584e-01
6.040777993706413218e-01 9.653253993693349244e-01
6.056178890196550757e-01 9.654653341757996055e-01
6.071599390666689855e-01 9.656043032524468384e-01
6.087039495116828292e-01 9.657423121648380793e-01
6.102499203546968287e-01 9.658793664359778264e-01
6.117978515957107621e-01 9.660149949666710922e-01
6.133477432347248515e-01 9.661501445380079600e-01
6.148995952717387636e-01 9.662843556148685842e-01
6.164534077067529427e-01 9.664176335523219086e-01
6.180091805397671667e-01 9.665499836640930598e-01
6.195669137707813245e-01 9.666814112228702127e-01
6.211266073997956383e-01 9.668119214605634948e-01
6.226882614268099969e-01 9.669415195684712971e-01
6.242518758518244004e-01 9.670702106976404311e-01
6.258174506748388488e-01 9.671979999589648269e-01
6.273849858958533421e-01 9.673248924234755242e-01
6.289544815148676582e-01 9.674508931225829222e-01
6.305259375318823523e-01 9.675760070482215536e-01
6.320993539468969802e-01 9.677002391531470682e-01
6.336747307599116530e-01 9.678235943511210859e-01
6.352520679709263707e-01 9.679460775171127018e-01
6.368313655799411332e-01 9.680676934875128703e-01
6.384126235869560517e-01 9.681884470603719928e-01
6.399958419919709041e-01 9.683083429956099719e-01
6.415810207949856903e-01 9.684273860151479951e-01
6.431681599960007434e-01 9.685455808032288338e-01
6.447572595950157304e-01 9.686629320065055504e-01
6.463483195920308733e-01 9.687794442343282686e-01
6.479413399870459500e-01 9.688951220588803981e-01
6.495363207800611827e-01 9.690099700154548579e-01
6.511332619710764602e-01 9.691239926025345675e-01
6.527321635600916716e-01 9.692371942820880992e-01
6.543330255471070389e-01 9.693495794797012399e-01
6.559358479321222291e-01 9.694611525847885991e-01
6.575406307151376861e-01 9.695719179507799046e-01
6.591473738961531881e-01 9.696818798953062979e-01
6.607560774751687349e-01 9.697910427003592071e-01
6.623667414521843266e-01 9.698994106125015113e-01
6.639793658271999632e-01 9.700069878430401804e-01
6.655939506002157557e-01 9.701137785681775982e-01
6.672104957712314821e-01 9.702197869292529253e-01
6.688290013402472534e-01 9.703250170328082680e-01
6.704494673072629585e-01 9.704294729508752271e-01
6.720718936722788195e-01 9.705331587210505040e-01
6.736962804352947254e-01 9.706360783467471443e-01
6.753226275963107872e-01 9.707382357972840214e-01
6.769509351553267829e-01 9.708396350081316406e-01
6.785812031123429344e-01 9.709402798809285695e-01
6.802134314673590199e-01 9.710401742838695727e-01
6.818476202203752612e-01 9.711393220516453262e-01
6.834837693713914364e-01 9.712377269857085382e-01
6.851218789204075454e-01 9.713353928544309346e-01
6.867619488674239214e-01 9.714323233931994039e-01
6.884039792124403423e-01 9.715285223046484786e-01
6.900479699554568080e-01 9.716239932587014128e-01
6.916939210964733187e-01 9.717187398928485154e-01
6.933418326354898742e-01 9.718127658121660239e-01
6.949917045725064746e-01 9.719060745895364839e-01
6.966435369075231199e-01 9.719986697657850838e-01
6.982973296405398100e-01 9.720905548497836834e-01
6.999530827715563230e-01 9.721817333186349996e-01
7.016107963005731030e-01 9.722722086177488787e-01
7.032704702275899278e-01 9.723619841610573467e-01
7.049321045526069085e-01 9.724510633310542440e-01
7.065956992756238231e-01 9.725394494790351452e-01
7.082612543966407825e-01 9.726271459250903639e-01
7.099287699156578979e-01 9.727141559583594166e-01
7.115982458326749471e-01 9.728004828370820922e-01
7.132696821476921523e-01 9.728861297887658743e-01
7.149430788607090692e-01 9.729711000102648777e-01
7.166184359717263641e-01 9.730553966678945343e-01
7.182957534807437039e-01 9.731390228976396495e-01
7.199750313877609775e-01 9.732219818051452975e-01
7.216562696927784071e-01 9.733042764659299850e-01
7.233394683957958815e-01 9.733859099254166258e-01
7.250246274968132898e-01 9.734668851991362670e-01
7.267117469958308540e-01 9.735472052727417447e-01
7.284008268928482410e-01 9.736268731021726630e-01
7.300918671878658950e-01 9.737058916137458775e-01
7.317848678808835938e-01 9.737842637042651850e-01
7.334798289719013376e-01 9.738619922410954866e-01
7.351767504609192372e-01 9.739390800623229927e-01
7.368756323479370707e-01 9.740155299767415675e-01
7.385764746329549491e-01 9.740913447640953127e-01
7.402792773159728723e-01 9.741665271749982979e-01
7.419840403969908404e-01 9.742410799312525294e-01
7.436907638760087425e-01 9.743150057256845242e-01
7.453994477530268004e-01 9.743883072224343023e-01
7.471100920280450142e-01 9.744609870569299614e-01
7.488226967010631618e-01 9.745330478359939264e-01
7.505372617720814654e-01 9.746044921379745096e-01
7.522537872410997029e-01 9.746753225127702258e-01
7.539722731081180962e-01 9.747455414819270469e-01
7.556927193731364234e-01 9.748151515386901389e-01
7.574151260361549065e-01 9.748841551481427503e-01
7.591394930971732125e-01 9.749525547471956655e-01
7.608658205561917853e-01 9.750203527447641738e-01
7.625941084132104031e-01 9.750875515217187761e-01
7.643243566682289547e-01 9.751541534310204096e-01
7.660565653212476622e-01 9.752201607977659670e-01
7.677907343722664146e-01 9.752855759192640139e-01
7.695268638212852119e-01 9.753504010651198319e-01
7.712649536683040541e-01 9.754146384772097722e-01
7.730050039133229411e-01 9.754782903698145935e-01
7.747470145563417621e-01 9.755413589296731969e-01
7.764909855973607389e-01 9.756038463159846241e-01
7.782369170363797606e-01 9.756657546604959874e-01
7.799848088733989382e-01 9.757270860675374413e-01
7.817346611084180497e-01 9.757878426141026740e-01
7.834864737414372060e-01 9.758480263498394702e-01
7.852402467724565183e-01 9.759076392971464120e-01
7.869959802014757644e-01 9.759666834511616651e-01
7.887536740284951664e-01 9.760251607798371420e-01
7.905133282535142802e-01 9.760830732239510477e-01
7.922749428765337720e-01 9.761404226972197895e-01
7.940385178975533087e-01 9.761972110861675267e-01
7.958040533165727792e-01 9.762534402503503239e-01
7.975715491335924057e-01 9.763091120222491259e-01
7.993410053486120770e-01 9.763642282073112799e-01
8.011124219616317932e-01 9.764187905840649995e-01
8.028857989726515543e-01 9.764728009040263279e-01
8.046611363816711382e-01 9.765262608917946174e-01
8.064384341886909890e-01 9.765791722450323231e-01
8.082176923937108848e-01 9.766315366345136306e-01
8.099989109967308254e-01 9.766833557040783820e-01
8.117820899977508109e-01 9.767346310707522017e-01
8.135672293967708413e-01 9.767853643245976158e-01
8.153543291937909165e-01 9.768355570288655976e-01
8.171433893888111477e-01 9.768852107199547108e-01
8.189344099818313127e-01 9.769343269073119673e-01
8.207273909728513006e-01 9.769829070736389953e-01
8.225223323618716664e-01 9.770309526747071871e-01
8.243192341488919661e-01 9.770784651394217590e-01
8.261180963339124217e-01 9.771254458697978817e-01
8.279189189169328111e-01 9.771718962409788878e-01
8.297217018979533565e-01 9.772178176012300543e-01
8.315264452769738357e-01 9.772632112718487862e-01
8.333331490539944708e-01 9.773080785472287868e-01
8.351418132290151508e-01 9.773524206948212001e-01
8.369524378020356536e-01 9.773962389550905350e-01
8.387650227730564234e-01 9.774395345415070047e-01
8.405795681420771270e-01 9.774823086405013406e-01
8.423960739090979866e-01 9.775245624114690113e-01
8.442145400741188910e-01 9.775662969867129348e-01
8.460349666371398403e-01 9.776075134713990700e-01
8.478573535981608345e-01 9.776482129435634105e-01
8.496817009571818735e-01 9.776883964540299399e-01
8.515080087142030685e-01 9.777280650263792117e-01
8.533362768692239753e-01 9.777672196568903962e-01
8.551665054222451490e-01 9.778058613145170774e-01
8.569986943732663676e-01 9.778439909408795927e-01
8.588328437222877421e-01 9.778816094500609735e-01
8.606689534693090504e-01 9.779187177287349542e-01
8.625070236143304037e-01 9.779553166359918892e-01
8.643470541573519128e-01 9.779914070032865725e-01
8.661890450983733558e-01 9.780269896344406799e-01
8.680329964373949547e-01 9.780620653054920011e-01
8.698789081744163765e-01 9.780966347646510295e-01
8.717267803094379541e-01 9.781306987323014068e-01
8.735766128424596877e-01 9.781642579007754357e-01
8.754284057734814661e-01 9.781973129344133655e-01
8.772821591025032895e-01 9.782298644694233936e-01
8.791378728295250466e-01 9.782619131137686441e-01
8.809955469545469597e-01 9.782934594471355272e-01
8.828551814775689177e-01 9.783245040208123910e-01
8.847167763985909206e-01 9.783550473575914896e-01
8.865803317176127463e-01 9.783850899516907118e-01
8.884458474346348389e-01 9.784146322685932651e-01
8.903133235496569764e-01 9.784436747450582228e-01
8.921827600626792698e-01 9.784722177888848238e-01
8.940541569737014971e-01 9.785002617788717272e-01
8.959275142827237692e-01 9.785278070647209780e-01
8.978028319897460863e-01 9.785548539668478263e-01
8.996801100947685592e-01 9.785814027762980150e-01
9.015593485977907440e-01 9.786074537546700647e-01
9.034405474988133067e-01 9.786330071338833481e-01
9.053237067978358033e-01 9.786580631161402311e-01
9.072088264948584557e-01 9.786826218737132432e-01
9.090959065898810421e-01 9.787066835488973382e-01
9.109849470829037843e-01 9.787302482537740822e-01
9.128759479739264604e-01 9.787533160700833124e-01
9.147689092629492924e-01 9.787758870491420904e-01
9.166638309499721693e-01 9.787979612116286532e-01
9.185607130349948690e-01 9.788195385473714705e-01
9.204595555180178357e-01 9.788406190153059461e-01
9.223603583990407362e-01 9.788612025432671393e-01
9.242631216780637926e-01 9.788812890277110990e-01
9.261678453550868939e-01 9.789008783337194153e-01
9.280745294301100401e-01 9.789199702946624893e-01
9.299831739031333422e-01 9.789385647121292555e-01
9.318937787741565781e-01 9.789566613556661689e-01
9.338063440431798590e-01 9.789742599625960162e-01
9.357208697102029626e-01 9.789913602378393920e-01
9.376373557752263332e-01 9.790079618537297357e-01
9.395558022382498597e-01 9.790240644497546496e-01
9.414762090992733201e-01 9.790396676323670500e-01
9.433985763582968254e-01 9.790547709748269600e-01
9.453229040153204865e-01 9.790693740168380232e-01
9.472491920703440815e-01 9.790834762645195255e-01
9.491774405233678324e-01 9.790970771899770719e-01
9.511076493743915172e-01 9.791101762312285350e-01
9.530398186234151359e-01 9.791227727918498935e-01
9.549739482704390214e-01 9.791348662407881598e-01
9.569100383154629519e-01 9.791464559121070277e-01
9.588480887584868162e-01 9.791575411046932187e-01
9.607880995995108364e-01 9.791681210820574188e-01
9.627300708385349015e-01 9.791781950719992134e-01
9.646740024755590115e-01 9.791877622663606173e-01
9.666198945105831664e-01 9.791968218208180197e-01
9.685677469436073661e-01 9.792053728544570790e-01
9.705175597746313887e-01 9.792134144495993064e-01
9.724693330036556782e-01 9.792209456514645582e-01
9.744230666306800126e-01 9.792279654678602840e-01
9.763787606557043919e-01 9.792344728688910926e-01
9.783364150787289271e-01 9.792404667866478896e-01
9.802960298997533961e-01 9.792459461148669275e-01
9.822576051187779100e-01 9.792509097086256054e-01
9.842211407358025799e-01 9.792553563839735409e-01
9.861866367508271836e-01 9.792592849176634529e-01
9.881540931638517211e-01 9.792626940467318297e-01
9.901235099748764146e-01 9.792655824681750776e-01
9.920948871839012639e-01 9.792679488386043518e-01
9.940682247909260472e-01 9.792697917738366620e-01
9.960435227959509863e-01 9.792711098485720189e-01
9.980207811989759703e-01 9.792719015959777673e-01
1.000000000000000666e+00 9.792721655073078901e-01
