0.000000000000000000e+00 2.024714808510688827e-05
2.078119897502626434e-05 2.043686769854827202e-05
4.352279595010249372e-05 2.064635239795250234e-05
6.822479092522875592e-05 2.087612569595932881e-05
9.488718390040502381e-05 2.112676448097218948e-05
1.235099748756312839e-04 2.139890116932051612e-05
1.540931638509075632e-04 2.169322607205465545e-05
1.866367508262337669e-04 2.201048998702403943e-05
2.211407358016100034e-04 2.235150702796328523e-05
2.576051187770363269e-04 2.271715770334865691e-05
2.960298997525126832e-04 2.310839225896161298e-05
3.364150787280388555e-04 2.352623429927596266e-05
3.787606557036150606e-04 2.397178470407454077e-05
4.230666306792412444e-04 2.444622585804981848e-05
4.693330036549174067e-04 2.495082621256461506e-05
5.175597746306437102e-04 2.548694520027771282e-05
5.677469436064200466e-04 2.605603852495344956e-05
6.198945105822462531e-04 2.665966385046673786e-05
6.740024755581224382e-04 2.729948691486698466e-05
7.300708385340486020e-04 2.797728809727370187e-05
7.880995995100251780e-04 2.869496946743941868e-05
8.480887584860512989e-04 2.945456235002132239e-05
9.100383154621275068e-04 3.025823543790343682e-05
9.739482704382536934e-04 3.110830349141051115e-05
1.039818623414429750e-03 3.200723666287975738e-05
1.107649374390655894e-03 3.295767048885019416e-05
1.177440523366932558e-03 3.396241659512261356e-05
1.249192070343258659e-03 3.502447416309880832e-05
1.322904015319634847e-03 3.614704220917186532e-05
1.398576358296060905e-03 3.733353273252096912e-05
1.476209099272537051e-03 3.858758479045382221e-05
1.555802238249063716e-03 3.991307956447703192e-05
1.637355775225640036e-03 4.131415648453802607e-05
1.720869710202266008e-03 4.279523048342970444e-05
1.806344043178942285e-03 4.436101045814578767e-05
1.893778774155669082e-03 4.601651902007456661e-05
1.983173903132445098e-03 4.776711362129764461e-05
2.074529430109271419e-03 4.961850914997516980e-05
2.167845355086147393e-03 5.157680209381495964e-05
2.263121678063073454e-03 5.364849637700523259e-05
2.360358399040050469e-03 5.584053098268858446e-05
2.459555518017076271e-03 5.816030948017483689e-05
2.560713034994152593e-03 6.061573158353337202e-05
2.663830949971278568e-03 6.321522687606720577e-05
2.768909262948454630e-03 6.596779084346309115e-05
2.875947973925680780e-03 6.888302336706367984e-05
2.984947082902957450e-03 7.197116983783355436e-05
3.095906589880283773e-03 7.524316506113585905e-05
3.208826494857659750e-03 7.871068013242986459e-05
3.323706797835085814e-03 8.238617247443910251e-05
3.440547498812561965e-03 8.628293923722930381e-05
3.559348597790088636e-03 9.041517427401037793e-05
3.680110094767664961e-03 9.479802891729252026e-05
3.802831989745290939e-03 9.944767679223897640e-05
3.927514282722965704e-03 1.043813829168817173e-04
4.054156973700691856e-03 1.096175773519227580e-04
4.182760062678468095e-03 1.151759336764664171e-04
4.313323549656295289e-03 1.210774525800373909e-04
4.445847434634171702e-03 1.273445508755453133e-04
4.580331717612097335e-03 1.340011562526620609e-04
4.716776398590073922e-03 1.410728081060146208e-04
4.855181477568099729e-03 1.485867647880192131e-04
4.995546954546175623e-03 1.565721176515937399e-04
5.137872829524301604e-03 1.650599122637995560e-04
5.282159102502477672e-03 1.740832320646561540e-04
5.428405773480703828e-03 1.836775126154906472e-04
5.576612842458980070e-03 1.938804248191810609e-04
5.726780309437305531e-03 2.047322008553025007e-04
5.878908174415681948e-03 2.162757551869005208e-04
6.032996437394107583e-03 2.285568576809041206e-04
6.189045098372585908e-03 2.416243170029558839e-04
6.347054157351111718e-03 2.555301747886672787e-04
6.507023614329687615e-03 2.703299111063712633e-04
6.668953469308313599e-03 2.860826617379119198e-04
6.832843722286989670e-03 3.028514478147968864e-04
6.998694373265715828e-03 3.207034183559479023e-04
7.166505422244492073e-03 3.397101062606040604e-04
7.336276869223317537e-03 3.599476983155920390e-04
7.508008714202193956e-03 3.814973197790715595e-04
7.681700957181119595e-03 4.044453341038297474e-04
7.857353598160098790e-03 4.288836583608700184e-04
8.034966637139125470e-03 4.549100949191392193e-04
8.214540074118200502e-03 4.826286799278544986e-04
8.396073909097327356e-03 5.121500491361702379e-04
8.579568142076502563e-03 5.435918215673061094e-04
8.765022773055727856e-03 5.770790015433248030e-04
8.952437802035004971e-03 6.127443995301323125e-04
9.141813229014330439e-03 6.507290722401769039e-04
9.333149053993705993e-03 6.911827823928414155e-04
9.526445276973131635e-03 7.342644784880938622e-04
9.721701897952607363e-03 7.801427948979260726e-04
9.918918916932136648e-03 8.289965725224111284e-04
1.011809633391171255e-02 8.810154001909199740e-04
1.031923414889133854e-02 9.364001769150273255e-04
1.052233236187101462e-02 9.953636950175836096e-04
1.072739097285074078e-02 1.058131244070525858e-03
1.093440998183051703e-02 1.124941235473138346e-03
1.114338938881034163e-02 1.196045847392376068e-03
1.135432919379021806e-02 1.271711689665575538e-03
1.156722939677014457e-02 1.352220488135607570e-03
1.178208999775011943e-02 1.437869787746565717e-03
1.199891099673014612e-02 1.528973673576208359e-03
1.221769239371022463e-02 1.625863508817852613e-03
1.243843418869035149e-02 1.728888688551251645e-03
1.266113638167052670e-02 1.838417407956338592e-03
1.288579897265075200e-02 1.954837443429432997e-03
1.311242196163102738e-02 2.078556944854869758e-03
1.334100534861135459e-02 2.210005237069858231e-03
1.357154913359173015e-02 2.349633628335306805e-03
1.380405331657215580e-02 2.497916223391164706e-03
1.403851789755263153e-02 2.655350738433253244e-03
1.427494287653315735e-02 2.822459315098610217e-03
1.451332825351373326e-02 2.999789330293423789e-03
1.475367402849436273e-02 3.187914198435998128e-03
1.499598020147503881e-02 3.387434162425791498e-03
1.524024677245576498e-02 3.598977069384606733e-03
1.548647374143653950e-02 3.823199126953215950e-03
1.573466110841736931e-02 4.060785635663811434e-03
1.598480887339824227e-02 4.312451692652092064e-03
1.623691703637917053e-02 4.578942861723544859e-03
1.649098559736014366e-02 4.861035804545995459e-03
1.674701455634117209e-02 5.159538867514529802e-03
1.700500391332224540e-02 5.475292618618552744e-03
1.726495366830337400e-02 5.809170328447809534e-03
1.752686382128455442e-02 6.162078389298913071e-03
1.779073437226577625e-02 6.534956666194255762e-03
1.805656532124705685e-02 6.928778773503111409e-03
1.832435666822837886e-02 7.344552270764297119e-03
1.859410841320975616e-02 7.783318771252562690e-03
1.886582055619118528e-02 8.246153956810895261e-03
1.913949309717265929e-02 8.734167492497979177e-03
1.941512603615418858e-02 9.248502834657003693e-03
1.969271937313575929e-02 9.790336926136426407e-03
1.997227310811738876e-02 1.036087977254654402e-02
2.025378724109906312e-02 1.096137389365923163e-02
2.053726177208079276e-02 1.159309364432186545e-02
2.082269670106256382e-02 1.225734439958859646e-02
2.111009202804439364e-02 1.295546159915404380e-02
2.139944775302626487e-02 1.368880964661875130e-02
2.169076387600819486e-02 1.445878065962020315e-02
2.198404039699017321e-02 1.526679306742400807e-02
2.227927731597219643e-02 1.611429005319687038e-02
2.257647463295427495e-02 1.700273783885171766e-02
2.287563234793639835e-02 1.793362381110624043e-02
2.317675046091857705e-02 1.890845448816887847e-02
2.347982897190080062e-02 1.992875332731343374e-02
2.378486788088307949e-02 2.099605837448526025e-02
2.409186718786539977e-02 2.211191975800542997e-02
2.440082689284778228e-02 2.327789702939971409e-02
2.471174699583020273e-02 2.449555635537080042e-02
2.502462749681268195e-02 2.576646756593999749e-02
2.533946839579521298e-02 2.709220106481299850e-02
2.565626969277778543e-02 2.847432460906619209e-02
2.597503138776041318e-02 2.991439996626338652e-02
2.629575348074308580e-02 3.141397945815780496e-02
2.661843597172581372e-02 3.297460240111751983e-02
2.694307886070858651e-02 3.459779145439715459e-02
2.726968214769141807e-02 3.628504888830859365e-02
2.759824583267428758e-02 3.803785278522912178e-02
2.792876991565721931e-02 3.985765318721173900e-02
2.826125439664019939e-02 4.174586820472478421e-02
2.859569927562322089e-02 4.370388010173444776e-02
2.893210455260630115e-02 4.573303137293678600e-02
2.927047022758941935e-02 4.783462082944746341e-02
2.961079630057259979e-02 5.000989970968502951e-02
2.995308277155582163e-02 5.226006783244795811e-02
3.029732964053910224e-02 5.458626980941101714e-02
3.064353690752242426e-02 5.698959133430472196e-02
3.099170457250580504e-02 5.947105556601406384e-02
3.134183263548922377e-02 6.203161962264593099e-02
3.169392109647270472e-02 6.467217120334756153e-02
3.204796995545623056e-02 6.739352535419811108e-02
3.240397921243980128e-02 7.019642139400934788e-02
3.276194886742343076e-02 7.308152001518258833e-02
3.312187892040710513e-02 7.604940057400827458e-02
3.348376937139083825e-02 7.910055858393007233e-02
3.384762022037460932e-02 8.223540342430832317e-02
3.421343146735843915e-02 8.545425627615312048e-02
3.458120311234230693e-02 8.875734829511899848e-02
3.495093515532624040e-02 9.214481903087584636e-02
3.532262759631021182e-02 9.561671510060704149e-02
3.569628043529424199e-02 9.917298912309327474e-02
3.607189367227831706e-02 1.028134989184144449e-01
3.644946730726244394e-02 1.065379813349673771e-01
3.682900134024662264e-02 1.103461528260224894e-01
3.721049577123083929e-02 1.142375607077579236e-01
3.759395060021512164e-02 1.182116810069492457e-01
3.797936582719944193e-02 1.222678950107993767e-01
3.836674145218382098e-02 1.264054900862053299e-01
3.875607747516824492e-02 1.306236607599829957e-01
3.914737389615272761e-02 1.349215100539743195e-01
3.954063071513724825e-02 1.392980510676171124e-01
3.993584793212182765e-02 1.437522087994455300e-01
4.033302554710645887e-02 1.482828221978513550e-01
4.073216356009112804e-02 1.528886464305540260e-01
4.113326197107585597e-02 1.575683553611184617e-01
4.153632078006062878e-02 1.623205442202788895e-01
4.194133998704546035e-02 1.671437324588992412e-01
4.234831959203032986e-02 1.720363667689374931e-01
4.275725959501525814e-02 1.769968242582090345e-01
4.316815999600023129e-02 1.820234157643238482e-01
4.358102079498526321e-02 1.871143892929323371e-01
4.399584199197033307e-02 1.922679335651304167e-01
4.441262358695546170e-02 1.974821816588933909e-01
4.483136557994064214e-02 2.027552147292497053e-01
4.525206797092586747e-02 2.080850657921571867e-01
4.567473075991114462e-02 2.134697235570959528e-01
4.609935394689646665e-02 2.189071362937232146e-01
4.652593753188184744e-02 2.243952157182715901e-01
4.695448151486726618e-02 2.299318408857127238e-01
4.738498589585275061e-02 2.355148620742984755e-01
4.781745067483826606e-02 2.411421046494744425e-01
4.825187585182384720e-02 2.468113728949314356e-01
4.868826142680946628e-02 2.525204537989623188e-01
4.912660739979515107e-02 2.582671207851572892e-01
4.956691377078088073e-02 2.640491373770774697e-01
5.000918053976664834e-02 2.698642607871982180e-01
5.045340770675248165e-02 2.757102454213219977e-01
5.089959527173835291e-02 2.815848462902411642e-01
5.134774323472428292e-02 2.874858223212587993e-01
5.179785159571025088e-02 2.934109395629503347e-01
5.224992035469628454e-02 2.993579742772969343e-01
5.270394951168235614e-02 3.053247159139395595e-01
5.315993906666848651e-02 3.113089699622176298e-01
5.361788901965465481e-02 3.173085606772894085e-01
5.407779937064088882e-02 3.233213336771920687e-01
5.453967011962716771e-02 3.293451584086237727e-01
5.500350126661349148e-02 3.353779304796001837e-01
5.546929281159986708e-02 3.414175738579288688e-01
5.593704475458628755e-02 3.474620429349502548e-01
5.640675709557277373e-02 3.535093244545431390e-01
5.687842983455929091e-02 3.595574393078999620e-01
5.735206297154587379e-02 3.656044441950598300e-01
5.782765650653248768e-02 3.716484331546929254e-01
5.830521043951917420e-02 3.776875389638961189e-01
5.878472477050590561e-02 3.837199344102474319e-01
5.926619949949267496e-02 3.897438334387002268e-01
5.974963462647950307e-02 3.957574921761611297e-01
6.023503015146637607e-02 4.017592098368482079e-01
6.072238607445330782e-02 4.077473295118361762e-01
6.121170239544027752e-02 4.137202388464146230e-01
6.170297911442730598e-02 4.196763706089004509e-01
6.219621623141437933e-02 4.256142031549150495e-01
6.269141374640151143e-02 4.315322607911038499e-01
6.318857165938866760e-02 4.374291140424915736e-01
6.368768997037589641e-02 4.433033798275975990e-01
6.418876867936318398e-02 4.491537215456077869e-01
6.469180778635051643e-02 4.549788490798787333e-01
6.519680729133789376e-02 4.607774340671301760e-01
6.570376719432530210e-02 4.665484431170594526e-01
6.621268749531278308e-02 4.722906451541355466e-01
6.672356819430030894e-02 4.780029344988611095e-01
6.723640929128789356e-02 4.836842508676564290e-01
6.775121078627552307e-02 4.893335789636283351e-01
6.826797267926318358e-02 4.949499480128819462e-01
6.878669497025091673e-02 5.005324312505718964e-01
6.930737765923869476e-02 5.060801453601762034e-01
6.983002074622653155e-02 5.115922498700675725e-01
7.035462423121441322e-02 5.170679465106575723e-01
7.088118811420231202e-02 5.225064785358874975e-01
7.140971239519029734e-02 5.279071300123109323e-01
7.194019707417832754e-02 5.332692250789805577e-01
7.247264215116641650e-02 5.385921271814206879e-01
7.300704762615452259e-02 5.438752382825412512e-01
7.354341349914270132e-02 5.491179980534044436e-01
7.408173977013092493e-02 5.543198830465868587e-01
7.462202643911922118e-02 5.594804058548402681e-01
7.516427350610754843e-02 5.645991142572485133e-01
7.570848097109590669e-02 5.696755903556481870e-01
7.625464883408433758e-02 5.747094497031535187e-01
7.680277709507281336e-02 5.797003404271381388e-01
7.735286575406134790e-02 5.846479423485011484e-01
7.790491481104989957e-02 5.895519660991976885e-01
7.845892426603853775e-02 5.944121522396823565e-01
7.901489411902722082e-02 5.992282703779649999e-01
7.957282437001594877e-02 6.040001182917285050e-01
8.013271501900470772e-02 6.087275210550151527e-01
8.069456606599353932e-02 6.134103301707013456e-01
8.125837751098241579e-02 6.180484227100568884e-01
8.182414935397135103e-02 6.226417004603677086e-01
8.239188159496033115e-02 6.271900890818760121e-01
8.296157423394934227e-02 6.316935372747367605e-01
8.353322727093842603e-02 6.361520159569800104e-01
8.410684070592755468e-02 6.405655174542220776e-01
8.468241453891674209e-02 6.449340547017701208e-01
8.525994876990593274e-02 6.492576604599060719e-01
8.583944339889522379e-02 6.535363865426175867e-01
8.642089842588455972e-02 6.577703030606042445e-01
8.700431385087394054e-02 6.619594976786661311e-01
8.758968967386336624e-02 6.661040748880924234e-01
8.817702589485282294e-02 6.702041552942177294e-01
8.876632251384235228e-02 6.742598749194546048e-01
8.935757953083194038e-02 6.782713162878999391e-01
8.995079694582157337e-02 6.822387754129414228e-01
9.054597475881122348e-02 6.861623672923720108e-01
9.114311296980096011e-02 6.900422829474922581e-01
9.174221157879074162e-02 6.938787255694472966e-01
9.234327058578056802e-02 6.976719099179482519e-01
9.294628999077042542e-02 7.014220617362408872e-01
9.355126979376035545e-02 7.051294171820012835e-01
9.415820999475034425e-02 7.087942222742013021e-01
9.476711059374037793e-02 7.124167323559053022e-01
9.537797159073045650e-02 7.159972115726842556e-01
9.599079298572055219e-02 7.195359323667478435e-01
9.660557477871074827e-02 7.230331749863447843e-01
9.722231696970097536e-02 7.264892270105725025e-01
9.784101955869126122e-02 7.299043828890408037e-01
9.846168254568156419e-02 7.332789434965070186e-01
9.908430593067193981e-02 7.366132157020089943e-01
9.970888971366237419e-02 7.399075119524034516e-01
1.003354338946528534e-01 7.431621498700125006e-01
1.009639384736433915e-01 7.463774518641206335e-01
1.015944034506339466e-01 7.495537447560423061e-01
1.022268288256245744e-01 7.526913594175425049e-01
1.028612145986152610e-01 7.557906304223189764e-01
1.034975607696059924e-01 7.588518957102184936e-01
1.041358673385967409e-01 7.618754962639229245e-01
1.047761343055875760e-01 7.648617757979421228e-01
1.054183616705784560e-01 7.678110804593599736e-01
1.060625494335693947e-01 7.707237585404049796e-01
1.067086975945603783e-01 7.736001602021838064e-01
1.073568061535513790e-01 7.764406372095519204e-01
1.080068751105424663e-01 7.792455426767684878e-01
1.086589044655335984e-01 7.820152308235919225e-01
1.093128942185247754e-01 7.847500199464539916e-01
1.099688443695159834e-01 7.874503355982118702e-01
1.106267549185072641e-01 7.901165006566820415e-01
1.112866258654986035e-01 7.927488715068490288e-01
1.119484572104899878e-01 7.953478045667056184e-01
1.126122489534813753e-01 7.979136561003928874e-01
1.132780010944728633e-01 8.004467820398791789e-01
1.139457136334643961e-01 8.029475378148843712e-01
1.146153865704559877e-01 8.054162781908732471e-01
1.152870199054476102e-01 8.078533571147941128e-01
1.159606136384392638e-01 8.102591275683754812e-01
1.166361677694310039e-01 8.126339414286821716e-01
1.173136822984227889e-01 8.149781493357477480e-01
1.179931572254146188e-01 8.172921005669895322e-01
1.186745925504064658e-01 8.195761429181878110e-01
1.193579882733983993e-01 8.218306225908736939e-01
1.200433443943903777e-01 8.240558840858352996e-01
1.207306609133824149e-01 8.262522701025105665e-01
1.214199378303744969e-01 8.284201214441385686e-01
1.221111751453665961e-01 8.305597769284009946e-01
1.228043728583587818e-01 8.326715733033763778e-01
1.234995309693510124e-01 8.347558451686288850e-01
1.241966494783433017e-01 8.368129249011678761e-01
1.248957283853355943e-01 8.388431262754524331e-01
1.255967676903279873e-01 8.408468073976643753e-01
1.262997673933204390e-01 8.428242792996031296e-01
1.270047274943129079e-01 8.447758648031982176e-01
1.277116479933054216e-01 8.467018842052274064e-01
1.284205288902980080e-01 8.486026552291647818e-01
1.291313701852906393e-01 8.504784929808194560e-01
1.298441718782833154e-01 8.523297099075232142e-01
1.305589339692760642e-01 8.541566157608483367e-01
1.312756564582688024e-01 8.559595175624917784e-01
1.319943393452616409e-01 8.577387195734896830e-01
1.327149826302545244e-01 8.594945232663560031e-01
1.334375863132474527e-01 8.612272273001270184e-01
1.341621503942403981e-01 8.629371274983002049e-01
1.348886748732334440e-01 8.646245168292790995e-01
1.356171597502265069e-01 8.662896853895122318e-01
1.363476050252196425e-01 8.679329203889133426e-01
1.370800106982128508e-01 8.695545061387888186e-01
1.378143767692060206e-01 8.711547240418022753e-01
1.385507032381993187e-01 8.727338439551689531e-01
1.392889901051926616e-01 8.742921572322676083e-01
1.400292373701860493e-01 8.758299291798398167e-01
1.407714450331794265e-01 8.773474294912123606e-01
1.415156130941729040e-01 8.788449249309192579e-01
1.422617415531664542e-01 8.803226793360332536e-01
1.430098304101600493e-01 8.817809536191588693e-01
1.437598796651536337e-01 8.832200057728062381e-01
1.445118893181473185e-01 8.846400908752412029e-01
1.452658593691410482e-01 8.860414610977024319e-01
1.460217898181348506e-01 8.874243657128809692e-01
1.467796806651286701e-01 8.887890511046047104e-01
1.475395319101225067e-01 8.901357607786408721e-01
1.483013435531164437e-01 8.914647353746659730e-01
1.490651155941104256e-01 8.927762126791698449e-01
1.498308480331044801e-01 8.940704276393562910e-01
1.505985408700985240e-01 8.953476123779644524e-01
1.513681941050926405e-01 8.966079902225434495e-01
1.521398077380868297e-01 8.978517985240754840e-01
1.529133817690810637e-01 8.990792560343873197e-01
1.536889161980753704e-01 9.002905837273895706e-01
1.544664110250696387e-01 9.014859998381407058e-01
1.552458662500640352e-01 9.026657198820293715e-01
1.560272818730584765e-01 9.038299566745593427e-01
1.568106578940529627e-01 9.049789203516437341e-01
1.575959943130474383e-01 9.061128183904377797e-01
1.583832911300420421e-01 9.072318556305318804e-01
1.591725483450366629e-01 9.083362342956721180e-01
1.599637659580313565e-01 9.094261540157936308e-01
1.607569439690260948e-01 9.105018118494896395e-01
1.615520823780208504e-01 9.115634023066775393e-01
1.623491811850156785e-01 9.126111136781285271e-01
1.631482403900105516e-01 9.136451420198592466e-01
1.639492599930054972e-01 9.146656713330844068e-01
1.647522399940004323e-01 9.156728861520385676e-01
1.655571803929954677e-01 9.166669685796755562e-01
1.663640811899905481e-01 9.176480983118335821e-01
1.671729423849857010e-01 9.186164526614627457e-01
1.679837639779808434e-01 9.195722065829522451e-01
1.687965459689760583e-01 9.205155326966839580e-01
1.696112883579713460e-01 9.214466013135044209e-01
1.704279911449667062e-01 9.223655804594189656e-01
1.712466543299620836e-01 9.232726359001659500e-01
1.720672779129574781e-01 9.241679311659803941e-01
1.728898618939529452e-01 9.250516250800606688e-01
1.737144062729484850e-01 9.259238811548713421e-01
1.745409110499440697e-01 9.267848543787852167e-01
1.753693762249396715e-01 9.276346995738757872e-01
1.761998017979353459e-01 9.284735694498207348e-01
1.770321877689310930e-01 9.293016146284579504e-01
1.778665341379268849e-01 9.301189836682426382e-01
1.787028409049227218e-01 9.309258230886775509e-01
1.795411080699185480e-01 9.317222773946235437e-01
1.803813356329145023e-01 9.325084891004253862e-01
1.812235235939104738e-01 9.332845987541624755e-01
1.820676719529065180e-01 9.340507449615008673e-01
1.829137807099025514e-01 9.348070644096223569e-01
1.837618498648986853e-01 9.355536897620553294e-01
1.846118794178948919e-01 9.362907576584185154e-01
1.854638693688911155e-01 9.370183974902828172e-01
1.863178197178873563e-01 9.377367384948451789e-01
1.871737304648836975e-01 9.384459081078156961e-01
1.880316016098800835e-01 9.391460319864055606e-01
1.888914331528765145e-01 9.398372340321308194e-01
1.897532250938729903e-01 9.405196364134220666e-01
1.906169774328694833e-01 9.411933595880672687e-01
1.914826901698660766e-01 9.418585223254817285e-01
1.923503633048627148e-01 9.425152417288189532e-01
1.932199968378593979e-01 9.431636332567687742e-01
1.940915907688560982e-01 9.438038090446161377e-01
1.949651450978528711e-01 9.444358842763612705e-01
1.958406598248497166e-01 9.450599682775876476e-01
1.967181349498466070e-01 9.456761701336330317e-01
1.975975704728435423e-01 9.462845973917222153e-01
1.984789663938404669e-01 9.468853560818417670e-01
1.993623227128375197e-01 9.474785507370514503e-01
2.002476394298345896e-01 9.480642844138742475e-01
2.011349165448317322e-01 9.486426587123854004e-01
2.020241540578288642e-01 9.492137737959857047e-01
2.029153519688260965e-01 9.497777284111380558e-01
2.038085102778234015e-01 9.503346199067874700e-01
2.047036289848207236e-01 9.508845427285552709e-01
2.056007080898180628e-01 9.514275941286002292e-01
2.064997475928155024e-01 9.519638661876699270e-01
2.074007474938129869e-01 9.524934508450010329e-01
2.083037077928105441e-01 9.530164387362416445e-01
2.092086284898081183e-01 9.535329192116140939e-01
2.101155095848057097e-01 9.540429803539173248e-01
2.110243510778034015e-01 9.545467089962378360e-01
2.119351529688011382e-01 9.550441907394968677e-01
2.128479152577989197e-01 9.555355099698032983e-01
2.137626379447967184e-01 9.560207498755269873e-01
2.146793210297945897e-01 9.564999913170914025e-01
2.155979645127925337e-01 9.569733171047647424e-01
2.165185683937905226e-01 9.574408060531293119e-01
2.174411326727885563e-01 9.579025367179785366e-01
2.183656573497865794e-01 9.583585865397498127e-01
2.192921424247847306e-01 9.588090318595056116e-01
2.202205878977829268e-01 9.592539479345508768e-01
2.211509937687811678e-01 9.596934089539229662e-01
2.220833600377793982e-01 9.601274880537278289e-01
2.230176867047777289e-01 9.605562573321511088e-01
2.239539737697761046e-01 9.609797878643666635e-01
2.248922212327745529e-01 9.613981497173242907e-01
2.258324290937730461e-01 9.618114107992224993e-01
2.267745973527715286e-01 9.622196412125945120e-01
2.277187260097701116e-01 9.626229071819317751e-01
2.286648150647687394e-01 9.630212748760005326e-01
2.296128645177674399e-01 9.634148095258123767e-01
2.305628743687661297e-01 9.638035754381280018e-01
2.315148446177649200e-01 9.641876360088853515e-01
2.324687752647637551e-01 9.645670537363448815e-01
2.334246663097626351e-01 9.649418902341490023e-01
2.343825177527615322e-01 9.653122062441085172e-01
2.353423295937605020e-01 9.656780616488858104e-01
2.363041018327595444e-01 9.660395145505988879e-01
2.372678344697586317e-01 9.663966247517556951e-01
2.382335275047577638e-01 9.667494489143011460e-01
2.392011809377569131e-01 9.670980436002610814e-01
2.401707947687561351e-01 9.674424645731186656e-01
2.411423689977554297e-01 9.677827668095380087e-01
2.421159036247547691e-01 9.681190045107248565e-01
2.430913986497540979e-01 9.684512311138259166e-01
2.440688540727535549e-01 9.687794993030490742e-01
2.450482698937530290e-01 9.691038610206262893e-01
2.460296461127525758e-01 9.694243674777233144e-01
2.470129827297521674e-01 9.697410691650439896e-01
2.479982797447517484e-01 9.700540148957969011e-01
2.489855371577514298e-01 9.703632554226500062e-01
2.499747549687511561e-01 9.706688383851884705e-01
2.509659331777509550e-01 9.709708114898111253e-01
2.519590717847506878e-01 9.712692217736250688e-01
2.529541707897505765e-01 9.715641156141555657e-01
2.539512301927505100e-01 9.718555387391155653e-01
2.549502499937504885e-01 9.721435362357948584e-01
2.559512301927505673e-01 9.724281525605528165e-01
2.569541707897506355e-01 9.727094315479668518e-01
2.579590717847507486e-01 9.729874164199838749e-01
2.589659331777509621e-01 9.732621490299548928e-01
2.599747549687512205e-01 9.735336727145869062e-01
2.609855371577514682e-01 9.738020283224235740e-01
2.619982797447518164e-01 9.740672567075614463e-01
2.630129827297520984e-01 9.743293981549823179e-01
2.640296461127525363e-01 9.745884923888525897e-01
2.650482698937530190e-01 9.748445785807622332e-01
2.660688540727535467e-01 9.750976953578204265e-01
2.670913986497541748e-01 9.753478808105957576e-01
2.681159036247547922e-01 9.755951725009416320e-01
2.691423689977554545e-01 9.758396074698497680e-01
2.701707947687562172e-01 9.760812222449339881e-01
2.712011809377570248e-01 9.763200520901638146e-01
2.722335275047577108e-01 9.765561338378615508e-01
2.732678344697586081e-01 9.767895019315881999e-01
2.743041018327595504e-01 9.770201909146094543e-01
2.753423295937605375e-01 9.772482348533279017e-01
2.763825177527615695e-01 9.774736673441929424e-01
2.774246663097627019e-01 9.776965215205496440e-01
2.784687752647638237e-01 9.779168300594628382e-01
2.795148446177649904e-01 9.781346251883168419e-01
2.805628743687662574e-01 9.783499386913837581e-01
2.816128645177674028e-01 9.785628019163198354e-01
2.826648150647687596e-01 9.787732457805042863e-01
2.837187260097701613e-01 9.789813000579978830e-01
2.847745973527716079e-01 9.791869960715499088e-01
2.858324290937730994e-01 9.793903629229506747e-01
2.868922212327746357e-01 9.795914298658497943e-01
2.879539737697762170e-01 9.797902257540237470e-01
2.890176867047778431e-01 9.799867790471931128e-01
2.900833600377795141e-01 9.801811178167549876e-01
2.911509937687811744e-01 9.803732697514517813e-01
2.922205878977829352e-01 9.805632621628619372e-01
2.932921424247847964e-01 9.807511219909482714e-01
2.943656573497866469e-01 9.809368758094008101e-01
2.954411326727885978e-01 9.811205498309940598e-01
2.965185683937905936e-01 9.813021692636574311e-01
2.975979645127926343e-01 9.814817607411412403e-01
2.986793210297947199e-01 9.816593489162501740e-01
2.997626379447967393e-01 9.818349586056219769e-01
3.008479152577989146e-01 9.820086142903071691e-01
3.019351529688011904e-01 9.821803401206278261e-01
3.030243510778034555e-01 9.823501599209447654e-01
3.041155095848058210e-01 9.825180971943877628e-01
3.052086284898081758e-01 9.826841751274417724e-01
3.063037077928106311e-01 9.828484165945915452e-01
3.074007474938131312e-01 9.830108441627087856e-01
3.084997475928156763e-01 9.831714800956276035e-01
3.096007080898180996e-01 9.833303463583664694e-01
3.107036289848207899e-01 9.834874639231011573e-01
3.118085102778234696e-01 9.836428553951139797e-01
3.129153519688261942e-01 9.837965413133356041e-01
3.140241540578289636e-01 9.839485424867164820e-01
3.151349165448318335e-01 9.840988794462369738e-01
3.162476394298346927e-01 9.842475724489818667e-01
3.173623227128376523e-01 9.843946414820000657e-01
3.184789663938406568e-01 9.845401062662118008e-01
3.195975704728435396e-01 9.846839862601378668e-01
3.207181349498466338e-01 9.848263006637612005e-01
3.218406598248497730e-01 9.849670684221545347e-01
3.229651450978529570e-01 9.851063082291091622e-01
3.240915907688562414e-01 9.852440379739494380e-01
3.252199968378595152e-01 9.853802768319375183e-01
3.263503633048628338e-01 9.855150423243778102e-01
3.274826901698662529e-01 9.856483521724274111e-01
3.286169774328696613e-01 9.857802238633200931e-01
3.297532250938730591e-01 9.859106746537409371e-01
3.308914331528765573e-01 9.860397215730836162e-01
3.320316016098801559e-01 9.861673814266752602e-01
3.331737304648837994e-01 9.862936707989837792e-01
3.343178197178874878e-01 9.864186060566928482e-01
3.354638693688912210e-01 9.865422033518010947e-01
3.366118794178950546e-01 9.866644786247051879e-01
3.377618498648988776e-01 9.867854476071189485e-01
3.389137807099027455e-01 9.869051253070022511e-01
3.400676719529066028e-01 9.870235279565886533e-01
3.412235235939105604e-01 9.871406702675261657e-01
3.423813356329146185e-01 9.872565671634676576e-01
3.435411080699187214e-01 9.873712333736627267e-01
3.447028409049228137e-01 9.874846834357728920e-01
3.458665341379270064e-01 9.875969316984982704e-01
3.470321877689312440e-01 9.877079923242683135e-01
3.481998017979355819e-01 9.878178792918440587e-01
3.493693762249399093e-01 9.879266063988645374e-01
3.505409110499441705e-01 9.880341872644549106e-01
3.517144062729485876e-01 9.881406353316379843e-01
3.528898618939531051e-01 9.882459638698364301e-01
3.540672779129576120e-01 9.883501859773253795e-01
3.552466543299622193e-01 9.884533140326424716e-01
3.564279911449668714e-01 9.885553617748013000e-01
3.576112883579715684e-01 9.886563413581523907e-01
3.587965459689763104e-01 9.887562652176483668e-01
3.599837639779809306e-01 9.888551456285729069e-01
3.611729423849858178e-01 9.889529947088872008e-01
3.623640811899906944e-01 9.890498244213382639e-01
3.635571803929956158e-01 9.891456465756365279e-01
3.647522399940006377e-01 9.892404728305711492e-01
3.659492599930056489e-01 9.893343146961214307e-01
3.671482403900107605e-01 9.894271835354524480e-01
3.683491811850159170e-01 9.895190905670324666e-01
3.695520823780210629e-01 9.896100468665398608e-01
3.707569439690261981e-01 9.897000633689075899e-01
3.719637659580314892e-01 9.897891503401873292e-01
3.731725483450368253e-01 9.898773193834750073e-01
3.743832911300422062e-01 9.899645805916803543e-01
3.755959943130476320e-01 9.900509443538844101e-01
3.768106578940531581e-01 9.901364209277706552e-01
3.780272818730586737e-01 9.902210204415051731e-01
3.792458662500642896e-01 9.903047528954357359e-01
3.804664110250698950e-01 9.903876281638490653e-01
3.816889161980754896e-01 9.904696559967474112e-01
3.829133817690812402e-01 9.905508460214895727e-01
3.841398077380869802e-01 9.906312077444864306e-01
3.853681941050928206e-01 9.907107505528629510e-01
3.865985408700987613e-01 9.907894837160492463e-01
3.878308480331046915e-01 9.908674163874431340e-01
3.890651155941106665e-01 9.909445571450157253e-01
3.903013435531166864e-01 9.910209157368092825e-01
3.915395319101228067e-01 9.910965006016796419e-01
3.927796806651288053e-01 9.911713204427158308e-01
3.940217898181350153e-01 9.912453838545609575e-01
3.952658593691412148e-01 9.913186993249367696e-01
3.965118893181475146e-01 9.913912752360619640e-01
3.977598796651538593e-01 9.914631198660613931e-01
3.990098304101602489e-01 9.915342413904044694e-01
4.002617415531666833e-01 9.916046478832488686e-01
4.015156130941732182e-01 9.916743473188467384e-01
4.027714450331797424e-01 9.917433475728426595e-01
4.040292373701862005e-01 9.918116564236416632e-01
4.052889901051928145e-01 9.918792815536825458e-01
4.065507032381995289e-01 9.919462305507356081e-01
4.078143767692062882e-01 9.920125104713901631e-01
4.090800106982130369e-01 9.920781295028611169e-01
4.103476050252198859e-01 9.921430945966793757e-01
4.116171597502267798e-01 9.922074129731255354e-01
4.128886748732337186e-01 9.922710917639901984e-01
4.141621503942407023e-01 9.923341380137623569e-01
4.154375863132476199e-01 9.923965586806838823e-01
4.167149826302546933e-01 9.924583606380459333e-01
4.179943393452618672e-01 9.925195506751968155e-01
4.192756564582690304e-01 9.925801354987489056e-01
4.205589339692762940e-01 9.926401217335836247e-01
4.218441718782836025e-01 9.926995159239885291e-01
4.231313701852909004e-01 9.927583245347547658e-01
4.244205288902982987e-01 9.928165539521248695e-01
4.257116479933056308e-01 9.928742104849661576e-01
4.270047274943131188e-01 9.929313003656313752e-01
4.282997673933206517e-01 9.929878293081302321e-01
4.295967676903282295e-01 9.930438041953345563e-01
4.308957283853359077e-01 9.930992306677739467e-01
4.321966494783435753e-01 9.931541146609980109e-01
4.334995309693513432e-01 9.932084620389985963e-01
4.348043728583591006e-01 9.932622785952021083e-01
4.361111751453669583e-01 9.933155700533042864e-01
4.374199378303746943e-01 9.933683420683039333e-01
4.387306609133826418e-01 9.934206002272933933e-01
4.400433443943906342e-01 9.934723500504062388e-01
4.413579882733986715e-01 9.935235969916121901e-01
4.426745925504067536e-01 9.935743464397140956e-01
4.439931572254149361e-01 9.936246037190832325e-01
4.453136822984231080e-01 9.936743740905037425e-01
4.466361677694313248e-01 9.937236627520606991e-01
4.479606136384396420e-01 9.937724748398836239e-01
4.492870199054478375e-01 9.938208150384876260e-01
4.506153865704562445e-01 9.938686890701941001e-01
4.519457136334646408e-01 9.939161015638124930e-01
4.532780010944731375e-01 9.939630574148238251e-01
4.546122489534816791e-01 9.940095614607086238e-01
4.559484572104903211e-01 9.940556184816384810e-01
4.572866258654989524e-01 9.941012332012784114e-01
4.586267549185076287e-01 9.941464102874556508e-01
4.599688443695163498e-01 9.941911543529223794e-01
4.613128942185250048e-01 9.942354699560091991e-01
4.626589044655338712e-01 9.942793616013965163e-01
4.640068751105427269e-01 9.943228337406978534e-01
4.653568061535516831e-01 9.943658907732717545e-01
4.667086975945606842e-01 9.944085370467442564e-01
4.680625494335697301e-01 9.944507768577806051e-01
4.694183616705788209e-01 9.944926144526951006e-01
4.707761343055879566e-01 9.945340540280666053e-01
4.721358673385971372e-01 9.945750993778087468e-01
4.734975607696062516e-01 9.946157552443757321e-01
4.748612145986155220e-01 9.946560253815570629e-01
4.762268288256248927e-01 9.946959137926220107e-01
4.775944034506342528e-01 9.947354244342249130e-01
4.789639384736437133e-01 9.947745612169387464e-01
4.803354338946532187e-01 9.948133280059110461e-01
4.817088897136627690e-01 9.948517286213695021e-01
4.830843059306723641e-01 9.948897668391954996e-01
4.844616825456818376e-01 9.949274463915507294e-01
4.858410195586915226e-01 9.949647709673090645e-01
4.872223169697012524e-01 9.950017442127495615e-01
4.886055747787110826e-01 9.950383697319283849e-01
4.899907929857209021e-01 9.950746510873347273e-01
4.913779715907308221e-01 9.951105918003514406e-01
4.927671105937407314e-01 9.951461953517729553e-01
4.941582099947507412e-01 9.951814651823434055e-01
4.955512697937607958e-01 9.952164046931851749e-01
4.969462899907707287e-01 9.952510169264033868e-01
4.983432705857808731e-01 9.952853057903195966e-01
4.997422115787910624e-01 9.953192742992147402e-01
5.011431129698012965e-01 9.953529257002721176e-01
5.025459747588115755e-01 9.953862632034513602e-01
5.039507969458218994e-01 9.954192899820500928e-01
5.053575795308323793e-01 9.954520091730744147e-01
5.067663225138427929e-01 9.954844238777187382e-01
5.081770258948532515e-01 9.955165371618247550e-01
5.095896896738636439e-01 9.955483520562798949e-01
5.110043138508743032e-01 9.955798715574845081e-01
5.124208984258848965e-01 9.956110986277167951e-01
5.138394433988955345e-01 9.956420361956310749e-01
5.152599487699063285e-01 9.956726871566244919e-01
5.166824145389171674e-01 9.957030543732250383e-01
5.181068407059279401e-01 9.957331406755632885e-01
5.195332272709388688e-01 9.957629488616893676e-01
5.209615742339498423e-01 9.957924816980019411e-01
5.223918815949606387e-01 9.958217419196416786e-01
5.238241493539717020e-01 9.958507322308586263e-01
5.252583775109828101e-01 9.958794549782542527e-01
5.266945660659939632e-01 9.959079134084332097e-01
5.281327150190051611e-01 9.959361098540284729e-01
5.295728243700164040e-01 9.959640468990409445e-01
5.310148941190276917e-01 9.959917270983489335e-01
5.324589242660390243e-01 9.960191529782034259e-01
5.339049148110504017e-01 9.960463270364667832e-01
5.353528657540617131e-01 9.960732517429455868e-01
5.368027770950731803e-01 9.960999295398229592e-01
5.382546488340846924e-01 9.961263628418837168e-01
5.397084809710962494e-01 9.961525540369302600e-01
5.411642735061079623e-01 9.961785054860541333e-01
5.426220264391196091e-01 9.962042195239461106e-01
5.440817397701314118e-01 9.962296984592757809e-01
5.455434134991431483e-01 9.962549445749460109e-01
5.470070476261550407e-01 9.962799601283883755e-01
5.484726421511667560e-01 9.963047473519360819e-01
5.499401970741787382e-01 9.963293084530651100e-01
5.514097123951906543e-01 9.963536456146935283e-01
5.528811881142027262e-01 9.963777609955025705e-01
5.543546242312148431e-01 9.964016567301847704e-01
5.558300207462270048e-01 9.964253346214361207e-01
5.573073776592392115e-01 9.964487973288402856e-01
5.587866949702514630e-01 9.964720466490067929e-01
5.602679726792635373e-01 9.964950846232599746e-01
5.617512107862758786e-01 9.965179132703251286e-01
5.632364092912882647e-01 9.965405345866356068e-01
5.647235681943006957e-01 9.965629505465491977e-01
5.662126874953131717e-01 9.965851631026148016e-01
5.677037671943258035e-01 9.966071741858801847e-01
5.691968072913383692e-01 9.966289857060444124e-01
5.706918077863509797e-01 9.966505995518091243e-01
5.721887686793637462e-01 9.966720175910613877e-01
5.736876899703762245e-01 9.966932416711158371e-01
5.751885716593890807e-01 9.967142736190067742e-01
5.766914137464018708e-01 9.967351152416408233e-01
5.781962162314148168e-01 9.967557683261125678e-01
5.797029791144278077e-01 9.967762346398827411e-01
5.812117023954407324e-01 9.967965159310120393e-01
5.827223860744538131e-01 9.968166139284072580e-01
5.842350301514669386e-01 9.968365303420048118e-01
5.857496346264799980e-01 9.968562668630301937e-01
5.872661994994931023e-01 9.968758251641796075e-01
5.887847247705062514e-01 9.968952068998574445e-01
5.903052104395195565e-01 9.969144134117960965e-01
5.918276565065329065e-01 9.969334468687254258e-01
5.933520629715463013e-01 9.969523086122945577e-01
5.948784298345597410e-01 9.969710002255340875e-01
5.964067570955732256e-01 9.969895232741934343e-01
5.979370447545868661e-01 9.970078793069383494e-01
5.994692928116004405e-01 9.970260698555444279e-01
6.010035012666138377e-01 9.970440964350867352e-01
6.025396701196276128e-01 9.970619605441073396e-01
6.040777993706413218e-01 9.970796636648564526e-01
6.056178890196550757e-01 9.970972072634088912e-01
6.071599390666689855e-01 9.971145927899196515e-01
6.087039495116828292e-01 9.971318216787237176e-01
6.102499203546968287e-01 9.971488953485653228e-01
6.117978515957107621e-01 9.971658152027639277e-01
6.133477432347248515e-01 9.971825826293675421e-01
6.148995952717387636e-01 9.971991990013618912e-01
6.164534077067529427e-01 9.972156656767676708e-01
6.180091805397671667e-01 9.972319839989095547e-01
6.195669137707813245e-01 9.972481552964643781e-01
6.211266073997956383e-01 9.972641808836963939e-01
6.226882614268099969e-01 9.972800620606291355e-01
6.242518758518244004e-01 9.972958001131321248e-01
6.258174506748388488e-01 9.973113963131438053e-01
6.273849858958533421e-01 9.973268519187670211e-01
6.289544815148676582e-01 9.973421681744829570e-01
6.305259375318823523e-01 9.973573460140505720e-01
6.320993539468969802e-01 9.973723872152137071e-01
6.336747307599116530e-01 9.973872927168403457e-01
6.352520679709263707e-01 9.974020637101325137e-01
6.368313655799411332e-01 9.974167013733244991e-01
6.384126235869560517e-01 9.974312068718959035e-01
6.399958419919709041e-01 9.974455813586659003e-01
6.415810207949856903e-01 9.974598259739446693e-01
6.431681599960007434e-01 9.974739418456693985e-01
6.447572595950157304e-01 9.974879300895156398e-01
6.463483195920308733e-01 9.975017918090696156e-01
6.479413399870459500e-01 9.975155280959149273e-01
6.495363207800611827e-01 9.975291400297734423e-01
6.511332619710764602e-01 9.975426286786855945e-01
6.527321635600916716e-01 9.975559950990183777e-01
6.543330255471070389e-01 9.975692403356861693e-01
6.559358479321222291e-01 9.975823654222512049e-01
6.575406307151376861e-01 9.975953713810224999e-01
6.591473738961531881e-01 9.976082592231801938e-01
6.607560774751687349e-01 9.976210299488901256e-01
6.623667414521843266e-01 9.976336845474315096e-01
6.639793658271999632e-01 9.976462239973151735e-01
6.655939506002157557e-01 9.976586492663825911e-01
6.672104957712314821e-01 9.976709613118799336e-01
6.688290013402472534e-01 9.976831610806523587e-01
6.704494673072629585e-01 9.976952495091724327e-01
6.720718936722788195e-01 9.977072275236879006e-01
6.736962804352947254e-01 9.977190960403248265e-01
6.753226275963107872e-01 9.977308559651686393e-01
6.769509351553267829e-01 9.977425079133284136e-01
6.785812031123429344e-01 9.977540533051888483e-01
6.802134314673590199e-01 9.977654927625864145e-01
6.818476202203752612e-01 9.977768271524409815e-01
6.834837693713914364e-01 9.977880573321475932e-01
6.851218789204075454e-01 9.977991841496129943e-01
6.867619488674239214e-01 9.978102084434944397e-01
6.884039792124403423e-01 9.978211310431217562e-01
6.900479699554568080e-01 9.978319527687151691e-01
6.916939210964733187e-01 9.978426744314359276e-01
6.933418326354898742e-01 9.978532968334331565e-01
6.949917045725064746e-01 9.978638207679891847e-01
6.966435369075231199e-01 9.978742470196223513e-01
6.982973296405398100e-01 9.978845763640720179e-01
6.999530827715563230e-01 9.978948095685065134e-01
7.016107963005731030e-01 9.979049473915136970e-01
7.032704702275899278e-01 9.979149905832402911e-01
7.049321045526069085e-01 9.979249398854336262e-01
7.065956992756238231e-01 9.979347960315425592e-01
7.082612543966407825e-01 9.979445597468155071e-01
7.099287699156578979e-01 9.979542317483235392e-01
7.115982458326749471e-01 9.979638127450888296e-01
7.132696821476921523e-01 9.979733034381412793e-01
7.149430788607090692e-01 9.979827045205867941e-01
7.166184359717263641e-01 9.979920166776768964e-01
7.182957534807437039e-01 9.980012405869267411e-01
7.199750313877609775e-01 9.980103769181275508e-01
7.216562696927784071e-01 9.980194263334216664e-01
7.233394683957958815e-01 9.980283894874523165e-01
7.250246274968132898e-01 9.980372670273102154e-01
7.267117469958308540e-01 9.980460595926954337e-01
7.284008268928482410e-01 9.980547678159408242e-01
7.300918671878658950e-01 9.980633923221162718e-01
7.317848678808835938e-01 9.980719337290041571e-01
7.334798289719013376e-01 9.980803926473194032e-01
7.351767504609192372e-01 9.980887694035970314e-01
7.368756323479370707e-01 9.980970651260773208e-01
7.385764746329549491e-01 9.981052801485030823e-01
7.402792773159728723e-01 9.981134150534823890e-01
7.419840403969908404e-01 9.981214704167608032e-01
7.436907638760087425e-01 9.981294468073046433e-01
7.453994477530268004e-01 9.981373447873096438e-01
7.471100920280450142e-01 9.981451649123176395e-01
7.488226967010631618e-01 9.981529077312432108e-01
7.505372617720814654e-01 9.981605737864158723e-01
7.522537872410997029e-01 9.981681636136722213e-01
7.539722731081180962e-01 9.981756777423499427e-01
7.556927193731364234e-01 9.981831166954293622e-01
7.574151260361549065e-01 9.981904809894822650e-01
7.591394930971732125e-01 9.981977711348036797e-01
7.608658205561917853e-01 9.982049876354183171e-01
7.625941084132104031e-01 9.982121309891445193e-01
7.643243566682289547e-01 9.982192016876434426e-01
7.660565653212476622e-01 9.982262002164619119e-01
7.677907343722664146e-01 9.982331270550773850e-01
7.695268638212852119e-01 9.982399826769686735e-01
7.712649536683040541e-01 9.982467675496218273e-01
7.730050039133229411e-01 9.982534821345856457e-01
7.747470145563417621e-01 9.982601268875550549e-01
7.764909855973607389e-01 9.982667022583576744e-01
7.782369170363797606e-01 9.982732086910296454e-01
7.799848088733989382e-01 9.982796466238482713e-01
7.817346611084180497e-01 9.982860164893823107e-01
7.834864737414372060e-01 9.982923187145152921e-01
7.852402467724565183e-01 9.982985537204795978e-01
7.869959802014757644e-01 9.983047219229355118e-01
7.887536740284951664e-01 9.983108237319742173e-01
7.905133282535142802e-01 9.983168595521535460e-01
7.922749428765337720e-01 9.983228297825453845e-01
7.940385178975533087e-01 9.983287348167777520e-01
7.958040533165727792e-01 9.983345750430604459e-01
7.975715491335924057e-01 9.983403508442271201e-01
7.993410053486120770e-01 9.983460625977511604e-01
8.011124219616317932e-01 9.983517106758085236e-01
8.028857989726515543e-01 9.983572954452770709e-01
8.046611363816711382e-01 9.983628172677782020e-01
8.064384341886909890e-01 9.983682764997187098e-01
8.082176923937108848e-01 9.983736734923355227e-01
8.099989109967308254e-01 9.983790085916990353e-01
8.117820899977508109e-01 9.983842821387209909e-01
8.135672293967708413e-01 9.983894942116304794e-01
8.153543291937909165e-01 9.983946456417253090e-01
8.171433893888111477e-01 9.983997365113637112e-01
8.189344099818313127e-01 9.984047671411959701e-01
8.207273909728513006e-01 9.984097378469219963e-01
8.225223323618716664e-01 9.984146489392523582e-01
8.243192341488919661e-01 9.984195007239475839e-01
8.261180963339124217e-01 9.984242935018590170e-01
8.279189189169328111e-01 9.984290275689399197e-01
8.297217018979533565e-01 9.984337032162473591e-01
8.315264452769738357e-01 9.984383207300033813e-01
8.333331490539944708e-01 9.984428803915744721e-01
8.351418132290151508e-01 9.984473824775371709e-01
8.369524378020356536e-01 9.984518272596568655e-01
8.387650227730564234e-01 9.984562150049145490e-01
8.405795681420771270e-01 9.984605459755621082e-01
8.423960739090979866e-01 9.984648204290866857e-01
8.442145400741188910e-01 9.984690386182658584e-01
8.460349666371398403e-01 9.984732007911759633e-01
8.478573535981608345e-01 9.984773071911804410e-01
8.496817009571818735e-01 9.984813580569920077e-01
8.515080087142030685e-01 9.984853536226353521e-01
8.533362768692239753e-01 9.984892941175412817e-01
8.551665054222451490e-01 9.984931797664479136e-01
8.569986943732663676e-01 9.984970107894883817e-01
8.588328437222877421e-01 9.985007874022172603e-01
8.606689534693090504e-01 9.985045098155447274e-01
8.625070236143304037e-01 9.985081782358466995e-01
8.643470541573519128e-01 9.985117928648711283e-01
8.661890450983733558e-01 9.985153538998200462e-01
8.680329964373949547e-01 9.985188615333520090e-01
8.698789081744163765e-01 9.985223159535379089e-01
8.717267803094379541e-01 9.985257173439233691e-01
8.735766128424596877e-01 9.985290658835292987e-01
8.754284057734814661e-01 9.985323617468232493e-01
8.772821591025032895e-01 9.985356051037602709e-01
8.791378728295250466e-01 9.985387961197464968e-01
8.809955469545469597e-01 9.985419349557114188e-01
8.828551814775689177e-01 9.985450217680365004e-01
8.847167763985909206e-01 9.985480567086153503e-01
8.865803317176127463e-01 9.985510399247892188e-01
8.884458474346348389e-01 9.985539715594349275e-01
8.903133235496569764e-01 9.985568517509069153e-01
8.921827600626792698e-01 9.985596806330461206e-01
8.940541569737014971e-01 9.985624583351641048e-01
8.959275142827237692e-01 9.985651849820909032e-01
8.978028319897460863e-01 9.985678606941114088e-01
8.996801100947685592e-01 9.985704855870405350e-01
9.015593485977907440e-01 9.985730597721170776e-01
9.034405474988133067e-01 9.985755833560668870e-01
9.053237067978358033e-01 9.985780564411156357e-01
9.072088264948584557e-01 9.985804791249187629e-01
9.090959065898810421e-01 9.985828515005961137e-01
9.109849470829037843e-01 9.985851736567262771e-01
9.128759479739264604e-01 9.985874456772775298e-01
9.147689092629492924e-01 9.985896676417301832e-01
9.166638309499721693e-01 9.985918396249187090e-01
9.185607130349948690e-01 9.985939616971050148e-01
9.204595555180178357e-01 9.985960339239652317e-01
9.223603583990407362e-01 9.985980563665558529e-01
9.242631216780637926e-01 9.986000290812643287e-01
9.261678453550868939e-01 9.986019521198967741e-01
9.280745294301100401e-01 9.986038255295659471e-01
9.299831739031333422e-01 9.986056493527299960e-01
9.318937787741565781e-01 9.986074236271424986e-01
9.338063440431798590e-01 9.986091483858680062e-01
9.357208697102029626e-01 9.986108236572449615e-01
9.376373557752263332e-01 9.986124494648397354e-01
9.395558022382498597e-01 9.986140258274978088e-01
9.414762090992733201e-01 9.986155527592485148e-01
9.433985763582968254e-01 9.986170302693563317e-01
9.453229040153204865e-01 9.986184583622002009e-01
9.472491920703440815e-01 9.986198370373619015e-01
9.491774405233678324e-01 9.986211662894990404e-01
9.511076493743915172e-01 9.986224461084205473e-01
9.530398186234151359e-01 9.986236764789522269e-01
9.549739482704390214e-01 9.986248573810129203e-01
9.569100383154629519e-01 9.986259887895106990e-01
9.588480887584868162e-01 9.986270706743438641e-01
9.607880995995108364e-01 9.986281030003675285e-01
9.627300708385349015e-01 9.986290857273590893e-01
9.646740024755590115e-01 9.986300188100040165e-01
9.666198945105831664e-01 9.986309021978280187e-01
9.685677469436073661e-01 9.986317358352040374e-01
9.705175597746313887e-01 9.986325196612594324e-01
9.724693330036556782e-01 9.986332536099047363e-01
9.744230666306800126e-01 9.986339376097574938e-01
9.763787606557043919e-01 9.986345715840845294e-01
9.783364150787289271e-01 9.986351554508263728e-01
9.802960298997533961e-01 9.986356891224953403e-01
9.822576051187779100e-01 9.986361725061562167e-01
9.842211407358025799e-01 9.986366055033759626e-01
9.861866367508271836e-01 9.986369880102013985e-01
9.881540931638517211e-01 9.986373199170726078e-01
9.901235099748764146e-01 9.986376011088098359e-01
9.920948871839012639e-01 9.986378314645472098e-01
9.940682247909260472e-01 9.986380108576878856e-01
9.960435227959509863e-01 9.986381391558409870e-01
9.980207811989759703e-01 9.986382162208207180e-01
1.000000000000000666e+00 9.986382419085084727e-01
