0.000000000000000000e+00 -4.940656458412465442e-324
2.078119897502626434e-05 -4.940656458412465442e-324
4.352279595010249372e-05 4.940656458412465442e-324
6.822479092522875592e-05 3.835026809670696549e-33
9.488718390040502381e-05 0.000000000000000000e+00
1.235099748756312839e-04 0.000000000000000000e+00
1.540931638509075632e-04 0.000000000000000000e+00
1.866367508262337669e-04 0.000000000000000000e+00
2.211407358016100034e-04 0.000000000000000000e+00
2.576051187770363269e-04 0.000000000000000000e+00
2.960298997525126832e-04 0.000000000000000000e+00
3.364150787280388555e-04 0.000000000000000000e+00
3.787606557036150606e-04 0.000000000000000000e+00
4.230666306792412444e-04 0.000000000000000000e+00
4.693330036549174067e-04 0.000000000000000000e+00
5.175597746306437102e-04 0.000000000000000000e+00
5.677469436064200466e-04 0.000000000000000000e+00
6.198945105822462531e-04 0.000000000000000000e+00
6.740024755581224382e-04 0.000000000000000000e+00
7.300708385340486020e-04 0.000000000000000000e+00
7.880995995100251780e-04 0.000000000000000000e+00
8.480887584860512989e-04 0.000000000000000000e+00
9.100383154621275068e-04 0.000000000000000000e+00
9.739482704382536934e-04 0.000000000000000000e+00
1.039818623414429750e-03 0.000000000000000000e+00
1.107649374390655894e-03 0.000000000000000000e+00
1.177440523366932558e-03 0.000000000000000000e+00
1.249192070343258659e-03 0.000000000000000000e+00
1.322904015319634847e-03 0.000000000000000000e+00
1.398576358296060905e-03 0.000000000000000000e+00
1.476209099272537051e-03 0.000000000000000000e+00
1.555802238249063716e-03 0.000000000000000000e+00
1.637355775225640036e-03 0.000000000000000000e+00
1.720869710202266008e-03 0.000000000000000000e+00
1.806344043178942285e-03 0.000000000000000000e+00
1.893778774155669082e-03 0.000000000000000000e+00
1.983173903132445098e-03 0.000000000000000000e+00
2.074529430109271419e-03 0.000000000000000000e+00
2.167845355086147393e-03 0.000000000000000000e+00
2.263121678063073454e-03 0.000000000000000000e+00
2.360358399040050469e-03 1.571036799516640065e-197
2.459555518017076271e-03 2.350507750133029413e-105
2.560713034994152593e-03 1.411996217496965584e-50
2.663830949971278568e-03 1.472422550432905356e-21
2.768909262948454630e-03 8.642688530786287625e-09
2.875947973925680780e-03 1.050960646066873483e-04
2.984947082902957450e-03 1.323345782719708135e-03
3.095906589880283773e-03 3.779245516710744157e-03
3.208826494857659750e-03 7.048967638756980202e-03
3.323706797835085814e-03 1.093527584543756322e-02
3.440547498812561965e-03 1.533697463547670226e-02
3.559348597790088636e-03 2.019122322259970376e-02
3.680110094767664961e-03 2.545365920374972543e-02
3.802831989745290939e-03 3.109014334307395183e-02
3.927514282722965704e-03 3.707276568231714087e-02
4.054156973700691856e-03 4.337768842384870371e-02
4.182760062678468095e-03 4.998388337502535778e-02
4.313323549656295289e-03 5.687234722708076062e-02
4.445847434634171702e-03 6.402559095423007718e-02
4.580331717612097335e-03 7.142729558133836809e-02
4.716776398590073922e-03 7.906207359680916813e-02
4.855181477568099729e-03 8.691529996508405576e-02
4.995546954546175623e-03 9.497299039538849297e-02
5.137872829524301604e-03 1.032217125012713510e-01
5.282159102502477672e-03 1.116485203220687200e-01
5.428405773480703828e-03 1.202409057135076231e-01
5.576612842458980070e-03 1.289867620793810066e-01
5.726780309437305531e-03 1.378743572217217828e-01
5.878908174415681948e-03 1.468923129748518630e-01
6.032996437394107583e-03 1.560295899036131806e-01
6.189045098372585908e-03 1.652751650174341946e-01
6.347054157351111718e-03 1.746192570147562240e-01
6.507023614329687615e-03 1.840514819981504679e-01
6.668953469308313599e-03 1.935620651006360882e-01
6.832843722286989670e-03 2.031415343895059678e-01
6.998694373265715828e-03 2.127807176766808306e-01
7.166505422244492073e-03 2.224707398311577544e-01
7.336276869223317537e-03 2.322030203953090732e-01
7.508008714202193956e-03 2.419692713505701975e-01
7.681700957181119595e-03 2.517614949135114077e-01
7.857353598160098790e-03 2.615719812717399173e-01
8.034966637139125470e-03 2.713933061918390455e-01
8.214540074118200502e-03 2.812183284497964397e-01
8.396073909097327356e-03 2.910401870489440213e-01
8.579568142076502563e-03 3.008522982022364123e-01
8.765022773055727856e-03 3.106483520652004171e-01
8.952437802035004971e-03 3.204223092132837403e-01
9.141813229014330439e-03 3.301683968635945599e-01
9.333149053993705993e-03 3.398811048457264228e-01
9.526445276973131635e-03 3.495551813301677191e-01
9.721701897952607363e-03 3.591856283258956783e-01
9.918918916932136648e-03 3.687676969607442956e-01
1.011809633391171255e-02 3.782968825601589202e-01
1.031923414889133854e-02 3.877689195408666190e-01
1.052233236187101462e-02 3.971797761369881830e-01
1.072739097285074078e-02 4.065256489765222692e-01
1.093440998183051703e-02 4.158029575263010869e-01
1.114338938881034163e-02 4.250083384236256201e-01
1.135432919379021806e-02 4.341386397123474516e-01
1.156722939677014457e-02 4.431909150010853726e-01
1.178208999775011943e-02 4.521624175605493123e-01
1.199891099673014612e-02 4.610505943763916203e-01
1.221769239371022463e-02 4.698530801735557039e-01
1.243843418869035149e-02 4.785676914269563209e-01
1.266113638167052670e-02 4.871924203730102487e-01
1.288579897265075200e-02 4.957254290354412563e-01
1.311242196163102738e-02 5.041650432779961610e-01
1.334100534861135459e-02 5.125097468960426728e-01
1.357154913359173015e-02 5.207581757579489157e-01
1.380405331657215580e-02 5.289091120065861906e-01
1.403851789755263153e-02 5.369614783301929206e-01
1.427494287653315735e-02 5.449143323113353476e-01
1.451332825351373326e-02 5.527668608616468360e-01
1.475367402849436273e-02 5.605183747495040558e-01
1.499598020147503881e-02 5.681683032268257660e-01
1.524024677245576498e-02 5.757161887608317485e-01
1.548647374143653950e-02 5.831616818754788989e-01
1.573466110841736931e-02 5.905045361070558885e-01
1.598480887339824227e-02 5.977446030775106500e-01
1.623691703637917053e-02 6.048818276887297785e-01
1.649098559736014366e-02 6.119162434403272455e-01
1.674701455634117209e-02 6.188479678729008615e-01
1.700500391332224540e-02 6.256771981384805503e-01
1.726495366830337400e-02 6.324042066991786282e-01
1.752686382128455442e-02 6.390293371548637635e-01
1.779073437226577625e-02 6.455530001999995049e-01
1.805656532124705685e-02 6.519756697097977005e-01
1.832435666822837886e-02 6.582978789551137133e-01
1.859410841320975616e-02 6.645202169455285413e-01
1.886582055619118528e-02 6.706433248995384844e-01
1.913949309717265929e-02 6.766678928397851234e-01
1.941512603615418858e-02 6.825946563093698849e-01
1.969271937313575929e-02 6.884236685255905597e-01
1.997227310811738876e-02 6.941571502791837878e-01
2.025378724109906312e-02 6.997952737024903946e-01
2.053726177208079276e-02 7.053389259467138794e-01
2.082269670106256382e-02 7.107890250868920123e-01
2.111009202804439364e-02 7.161465175531243066e-01
2.139944775302626487e-02 7.214123756686983135e-01
2.169076387600819486e-02 7.265875952946019289e-01
2.198404039699017321e-02 7.316731935784492880e-01
2.227927731597219643e-02 7.366702068051901309e-01
2.257647463295427495e-02 7.415796883467501432e-01
2.287563234793639835e-02 7.464027067081073774e-01
2.317675046091857705e-02 7.511403436667303257e-01
2.347982897190080062e-02 7.557936925028909680e-01
2.378486788088307949e-02 7.603638563176671195e-01
2.409186718786539977e-02 7.648519464363076059e-01
2.440082689284778228e-02 7.692590808938150060e-01
2.471174699583020273e-02 7.735863830001374897e-01
2.502462749681268195e-02 7.778349799822383837e-01
2.533946839579521298e-02 7.820060017003817032e-01
2.565626969277778543e-02 7.861005794357927012e-01
2.597503138776041318e-02 7.901198447473196662e-01
2.629575348074308580e-02 7.940649283943179704e-01
2.661843597172581372e-02 7.979369593233200941e-01
2.694307886070858651e-02 8.017370637159184632e-01
2.726968214769141807e-02 8.054663640955836978e-01
2.759824583267428758e-02 8.091259784908741981e-01
2.792876991565721931e-02 8.127170196526839474e-01
2.826125439664019939e-02 8.162405943232122763e-01
2.859569927562322089e-02 8.196975762123863696e-01
2.893210455260630115e-02 8.230894844259569743e-01
2.927047022758941935e-02 8.264172014191456528e-01
2.961079630057259979e-02 8.296818033715991358e-01
2.995308277155582163e-02 8.328843574969549968e-01
3.029732964053910224e-02 8.360259215793024445e-01
3.064353690752242426e-02 8.391075435470544130e-01
3.099170457250580504e-02 8.421302610826879587e-01
3.134183263548922377e-02 8.450951012667177187e-01
3.169392109647270472e-02 8.480030802541379531e-01
3.204796995545623056e-02 8.508552029817144646e-01
3.240397921243980128e-02 8.536524629047896884e-01
3.276194886742343076e-02 8.563958417617810737e-01
3.312187892040710513e-02 8.590863093651939231e-01
3.348376937139083825e-02 8.617248234176674293e-01
3.384762022037460932e-02 8.643122854380123066e-01
3.421343146735843915e-02 8.668497068285799800e-01
3.458120311234230693e-02 8.693379721787424241e-01
3.495093515532624040e-02 8.717779891921436652e-01
3.532262759631021182e-02 8.741706528675187160e-01
3.569628043529424199e-02 8.765168454386355057e-01
3.607189367227831706e-02 8.788174363310131687e-01
3.644946730726244394e-02 8.810732821342910359e-01
3.682900134024662264e-02 8.832852265895959620e-01
3.721049577123083929e-02 8.854541005905965934e-01
3.759395060021512164e-02 8.875807082571446349e-01
3.797936582719944193e-02 8.896658782083765038e-01
3.836674145218382098e-02 8.917103924889916433e-01
3.875607747516824492e-02 8.937150306984655845e-01
3.914737389615272761e-02 8.956805597683339393e-01
3.954063071513724825e-02 8.976077340296729767e-01
3.993584793212182765e-02 8.994972952890140094e-01
4.033302554710645887e-02 9.013499729123534143e-01
4.073216356009112804e-02 9.031664764250363353e-01
4.113326197107585597e-02 9.049475225437398906e-01
4.153632078006062878e-02 9.066937985889902407e-01
4.194133998704546035e-02 9.084059849856040980e-01
4.234831959203032986e-02 9.100847502317126470e-01
4.275725959501525814e-02 9.117307510187943054e-01
4.316815999600023129e-02 9.133446290195630368e-01
4.358102079498526321e-02 9.149270225725334438e-01
4.399584199197033307e-02 9.164785515343808475e-01
4.441262358695546170e-02 9.179998265041275918e-01
4.483136557994064214e-02 9.194914469268740120e-01
4.525206797092586747e-02 9.209540012340924342e-01
4.567473075991114462e-02 9.223880643615416375e-01
4.609935394689646665e-02 9.237942068597427836e-01
4.652593753188184744e-02 9.251729833022408478e-01
4.695448151486726618e-02 9.265249393671538547e-01
4.738498589585275061e-02 9.278506104434097734e-01
4.781745067483826606e-02 9.291505201073049225e-01
4.825187585182384720e-02 9.304251858148760990e-01
4.868826142680946628e-02 9.316751119548489779e-01
4.912660739979515107e-02 9.329007941236751034e-01
4.956691377078088073e-02 9.341027183760000074e-01
5.000918053976664834e-02 9.352813598089547709e-01
5.045340770675248165e-02 9.364371878773084523e-01
5.089959527173835291e-02 9.375706599486296478e-01
5.134774323472428292e-02 9.386822252844028158e-01
5.179785159571025088e-02 9.397723233850111546e-01
5.224992035469628454e-02 9.408413871987278965e-01
5.270394951168235614e-02 9.418898394635842886e-01
5.315993906666848651e-02 9.429180950210475087e-01
5.361788901965465481e-02 9.439265597477378700e-01
5.407779937064088882e-02 9.449156330357695310e-01
5.453967011962716771e-02 9.458857050713026515e-01
5.500350126661349148e-02 9.468371585910037025e-01
5.546929281159986708e-02 9.477703680128451991e-01
5.593704475458628755e-02 9.486857016370506823e-01
5.640675709557277373e-02 9.495835192726631568e-01
5.687842983455929091e-02 9.504641737873091856e-01
5.735206297154587379e-02 9.513280102273672378e-01
5.782765650653248768e-02 9.521753681702698202e-01
5.830521043951917420e-02 9.530065791405443187e-01
5.878472477050590561e-02 9.538219678714010552e-01
5.926619949949267496e-02 9.546218532839688686e-01
5.974963462647950307e-02 9.554065472250277136e-01
6.023503015146637607e-02 9.561763553556419382e-01
6.072238607445330782e-02 9.569315765673781504e-01
6.121170239544027752e-02 9.576725047776850630e-01
6.170297911442730598e-02 9.583994270309253993e-01
6.219621623141437933e-02 9.591126243691101561e-01
6.269141374640151143e-02 9.598123728133034493e-01
6.318857165938866760e-02 9.604989421761476187e-01
6.368768997037589641e-02 9.611725966219162309e-01
6.418876867936318398e-02 9.618335953871709476e-01
6.469180778635051643e-02 9.624821920199173597e-01
6.519680729133789376e-02 9.631186349599294427e-01
6.570376719432530210e-02 9.637431670620445479e-01
6.621268749531278308e-02 9.643560271719450183e-01
6.672356819430030894e-02 9.649574484618955728e-01
6.723640929128789356e-02 9.655476591157179378e-01
6.775121078627552307e-02 9.661268834122810345e-01
6.826797267926318358e-02 9.666953404034760444e-01
6.878669497025091673e-02 9.672532444443863175e-01
6.930737765923869476e-02 9.678008061588364574e-01
6.983002074622653155e-02 9.683382313054188506e-01
7.035462423121441322e-02 9.688657212305191724e-01
7.088118811420231202e-02 9.693834737331914475e-01
7.140971239519029734e-02 9.698916820743168632e-01
7.194019707417832754e-02 9.703905353591771865e-01
7.247264215116641650e-02 9.708802193610071019e-01
7.300704762615452259e-02 9.713609155905663650e-01
7.354341349914270132e-02 9.718328016520290102e-01
7.408173977013092493e-02 9.722960520256830330e-01
7.462202643911922118e-02 9.727508371862227943e-01
7.516427350610754843e-02 9.731973239268941755e-01
7.570848097109590669e-02 9.736356761401017135e-01
7.625464883408433758e-02 9.740660539334815571e-01
7.680277709507281336e-02 9.744886139501282019e-01
7.735286575406134790e-02 9.749035101442268259e-01
7.790491481104989957e-02 9.753108928922494814e-01
7.845892426603853775e-02 9.757109093033206060e-01
7.901489411902722082e-02 9.761037040159794564e-01
7.957282437001594877e-02 9.764894181494961911e-01
8.013271501900470772e-02 9.768681902292347674e-01
8.069456606599353932e-02 9.772401557901666536e-01
8.125837751098241579e-02 9.776054474925969240e-01
8.182414935397135103e-02 9.779641954858830921e-01
8.239188159496033115e-02 9.783165270901520438e-01
8.296157423394934227e-02 9.786625669206634459e-01
8.353322727093842603e-02 9.790024372702618161e-01
8.410684070592755468e-02 9.793362577529681756e-01
8.468241453891674209e-02 9.796641454355499157e-01
8.525994876990593274e-02 9.799862152449788644e-01
8.583944339889522379e-02 9.803025795664513931e-01
8.642089842588455972e-02 9.806133483859396094e-01
8.700431385087394054e-02 9.809186297234427920e-01
8.758968967386336624e-02 9.812185291839986556e-01
8.817702589485282294e-02 9.815131501114586765e-01
8.876632251384235228e-02 9.818025940505149540e-01
8.935757953083194038e-02 9.820869602468996762e-01
8.995079694582157337e-02 9.823663458143981897e-01
9.054597475881122348e-02 9.826408462268484412e-01
9.114311296980096011e-02 9.829105547656603603e-01
9.174221157879074162e-02 9.831755627015880128e-01
9.234327058578056802e-02 9.834359598164720273e-01
9.294628999077042542e-02 9.836918337159434866e-01
9.355126979376035545e-02 9.839432704367636617e-01
9.415820999475034425e-02 9.841903541780585574e-01
9.476711059374037793e-02 9.844331673748575318e-01
9.537797159073045650e-02 9.846717909439277605e-01
9.599079298572055219e-02 9.849063040606664821e-01
9.660557477871074827e-02 9.851367842399539887e-01
9.722231696970097536e-02 9.853633075976565570e-01
9.784101955869126122e-02 9.855859485974649559e-01
9.846168254568156419e-02 9.858047801403023724e-01
9.908430593067193981e-02 9.860198738389244211e-01
9.970888971366237419e-02 9.862312997381506019e-01
1.003354338946528534e-01 9.864391264112297719e-01
1.009639384736433915e-01 9.866434212476467014e-01
1.015944034506339466e-01 9.868442501474214978e-01
1.022268288256245744e-01 9.870416776252493030e-01
1.028612145986152610e-01 9.872357671082585551e-01
1.034975607696059924e-01 9.874265806087396680e-01
1.041358673385967409e-01 9.876141788345059735e-01
1.047761343055875760e-01 9.877986214954233013e-01
1.054183616705784560e-01 9.879799669566688980e-01
1.060625494335693947e-01 9.881582723556705528e-01
1.067086975945603783e-01 9.883335939133599535e-01
1.073568061535513790e-01 9.885059865735787987e-01
1.080068751105424663e-01 9.886755041244935649e-01
1.086589044655335984e-01 9.888421995125381558e-01
1.093128942185247754e-01 9.890061244715203648e-01
1.099688443695159834e-01 9.891673296479599475e-01
1.106267549185072641e-01 9.893258649137592897e-01
1.112866258654986035e-01 9.894817789907944805e-01
1.119484572104899878e-01 9.896351195782183696e-01
1.126122489534813753e-01 9.897859336610367320e-01
1.132780010944728633e-01 9.899342671346303968e-01
1.139457136334643961e-01 9.900801649330193133e-01
1.146153865704559877e-01 9.902236713294675363e-01
1.152870199054476102e-01 9.903648295667379919e-01
1.159606136384392638e-01 9.905036819842262252e-01
1.166361677694310039e-01 9.906402703077611394e-01
1.173136822984227889e-01 9.907746352902317977e-01
1.179931572254146188e-01 9.909068168362089590e-01
1.186745925504064658e-01 9.910368542777631129e-01
1.193579882733983993e-01 9.911647860303963720e-01
1.200433443943903777e-01 9.912906497134255090e-01
1.207306609133824149e-01 9.914144824092355757e-01
1.214199378303744969e-01 9.915363203387614899e-01
1.221111751453665961e-01 9.916561989760440676e-01
1.228043728583587818e-01 9.917741532888437739e-01
1.234995309693510124e-01 9.918902174372078440e-01
1.241966494783433017e-01 9.920044248809969378e-01
1.248957283853355943e-01 9.921168085999675368e-01
1.255967676903279873e-01 9.922274008184869265e-01
1.262997673933204390e-01 9.923362331048135587e-01
1.270047274943129079e-01 9.924433365695812803e-01
1.277116479933054216e-01 9.925487416187178669e-01
1.284205288902980080e-01 9.926524780436116746e-01
1.291313701852906393e-01 9.927545751972975951e-01
1.298441718782833154e-01 9.928550617770308673e-01
1.305589339692760642e-01 9.929539659045927280e-01
1.312756564582688024e-01 9.930513152803290833e-01
1.319943393452616409e-01 9.931471369954655293e-01
1.327149826302545244e-01 9.932414576026493691e-01
1.334375863132474527e-01 9.933343032478950674e-01
1.341621503942403981e-01 9.934256995126825585e-01
1.348886748732334440e-01 9.935156714743555995e-01
1.356171597502265069e-01 9.936042438171703850e-01
1.363476050252196425e-01 9.936914407029202589e-01
1.370800106982128508e-01 9.937772858215344618e-01
1.378143767692060206e-01 9.938618024824081854e-01
1.385507032381993187e-01 9.939450135120661001e-01
1.392889901051926616e-01 9.940269413236473284e-01
1.400292373701860493e-01 9.941076078479910150e-01
1.407714450331794265e-01 9.941870347408144903e-01
1.415156130941729040e-01 9.942652431522643885e-01
1.422617415531664542e-01 9.943422538155121115e-01
1.430098304101600493e-01 9.944180871853817161e-01
1.437598796651536337e-01 9.944927632564912745e-01
1.445118893181473185e-01 9.945663016343370133e-01
1.452658593691410482e-01 9.946387216444023682e-01
1.460217898181348506e-01 9.947100421933539049e-01
1.467796806651286701e-01 9.947802818244676493e-01
1.475395319101225067e-01 9.948494588011627116e-01
1.483013435531164437e-01 9.949175910055048089e-01
1.490651155941104256e-01 9.949846960044460564e-01
1.498308480331044801e-01 9.950507909888134384e-01
1.505985408700985240e-01 9.951158929492388561e-01
1.513681941050926405e-01 9.951800184776204983e-01
1.521398077380868297e-01 9.952431838464039782e-01
1.529133817690810637e-01 9.953054051156638993e-01
1.536889161980753704e-01 9.953666979890728461e-01
1.544664110250696387e-01 9.954270778725516911e-01
1.552458662500640352e-01 9.954865599517515040e-01
1.560272818730584765e-01 9.955451590927079097e-01
1.568106578940529627e-01 9.956028899052452585e-01
1.575959943130474383e-01 9.956597666878533870e-01
1.583832911300420421e-01 9.957158035818836073e-01
1.591725483450366629e-01 9.957710143958413695e-01
1.599637659580313565e-01 9.958254126776679982e-01
1.607569439690260948e-01 9.958790118013591819e-01
1.615520823780208504e-01 9.959318248480537594e-01
1.623491811850156785e-01 9.959838646560537079e-01
1.631482403900105516e-01 9.960351438791070766e-01
1.639492599930054972e-01 9.960856749114408437e-01
1.647522399940004323e-01 9.961354699356536058e-01
1.655571803929954677e-01 9.961845408830326543e-01
1.663640811899905481e-01 9.962328995451384950e-01
1.671729423849857010e-01 9.962805574483620807e-01
1.679837639779808434e-01 9.963275259073715029e-01
1.687965459689760583e-01 9.963738160819356482e-01
1.696112883579713460e-01 9.964194389003958596e-01
1.704279911449667062e-01 9.964644051078447307e-01
1.712466543299620836e-01 9.965087252278885810e-01
1.720672779129574781e-01 9.965524096669721166e-01
1.728898618939529452e-01 9.965954685960094483e-01
1.737144062729484850e-01 9.966379120016729543e-01
1.745409110499440697e-01 9.966797497362607228e-01
1.753693762249396715e-01 9.967209914491245160e-01
1.761998017979353459e-01 9.967616466295767808e-01
1.770321877689310930e-01 9.968017245742546439e-01
1.778665341379268849e-01 9.968412344753028176e-01
1.787028409049227218e-01 9.968801853205782049e-01
1.795411080699185480e-01 9.969185859545715012e-01
1.803813356329145023e-01 9.969564450335999251e-01
1.812235235939104738e-01 9.969937711400205238e-01
1.820676719529065180e-01 9.970305726480904740e-01
1.829137807099025514e-01 9.970668577831014456e-01
1.837618498648986853e-01 9.971026346720293088e-01
1.846118794178948919e-01 9.971379112686450386e-01
1.854638693688911155e-01 9.971726953993915732e-01
1.863178197178873563e-01 9.972069947307453663e-01
1.871737304648836975e-01 9.972408168529507400e-01
1.880316016098800835e-01 9.972741691832989197e-01
1.888914331528765145e-01 9.973070590246858602e-01
1.897532250938729903e-01 9.973394935251924664e-01
1.906169774328694833e-01 9.973714797775428131e-01
1.914826901698660766e-01 9.974030247012840578e-01
1.923503633048627148e-01 9.974341350961390962e-01
1.932199968378593979e-01 9.974648176815749112e-01
1.940915907688560982e-01 9.974950790363749098e-01
1.949651450978528711e-01 9.975249256356029104e-01
1.958406598248497166e-01 9.975543638258467238e-01
1.967181349498466070e-01 9.975833998874320541e-01
1.975975704728435423e-01 9.976120399633141567e-01
1.984789663938404669e-01 9.976402901021057534e-01
1.993623227128375197e-01 9.976681562300039330e-01
2.002476394298345896e-01 9.976956442191884378e-01
2.011349165448317322e-01 9.977227598079964066e-01
2.020241540578288642e-01 9.977495086489646114e-01
2.029153519688260965e-01 9.977758962782707908e-01
2.038085102778234015e-01 9.978019281882876124e-01
2.047036289848207236e-01 9.978276097417105861e-01
2.056007080898180628e-01 9.978529462230607550e-01
2.064997475928155024e-01 9.978779428065779333e-01
2.074007474938129869e-01 9.979026046309739106e-01
2.083037077928105441e-01 9.979269367100426225e-01
2.092086284898081183e-01 9.979509439862420672e-01
2.101155095848057097e-01 9.979746312979876910e-01
2.110243510778034015e-01 9.979980034542291767e-01
2.119351529688011382e-01 9.980210651447803949e-01
2.128479152577989197e-01 9.980438209939354044e-01
2.137626379447967184e-01 9.980662755284521737e-01
2.146793210297945897e-01 9.980884332496308131e-01
2.155979645127925337e-01 9.981102985462964039e-01
2.165185683937905226e-01 9.981318757467639857e-01
2.174411326727885563e-01 9.981531690884206665e-01
2.183656573497865794e-01 9.981741827854344606e-01
2.192921424247847306e-01 9.981949209468874429e-01
2.202205878977829268e-01 9.982153876256287806e-01
2.211509937687811678e-01 9.982355867902760194e-01
2.220833600377793982e-01 9.982555223869028493e-01
2.230176867047777289e-01 9.982751982644665345e-01
2.239539737697761046e-01 9.982946182194138984e-01
2.248922212327745529e-01 9.983137859705207839e-01
2.258324290937730461e-01 9.983327052135143598e-01
2.267745973527715286e-01 9.983513795554465053e-01
2.277187260097701116e-01 9.983698125538441603e-01
2.286648150647687394e-01 9.983880076951942018e-01
2.296128645177674399e-01 9.984059684414707814e-01
2.305628743687661297e-01 9.984236981745339135e-01
2.315148446177649200e-01 9.984412002293510113e-01
2.324687752647637551e-01 9.984584778761433910e-01
2.334246663097626351e-01 9.984755343586880771e-01
2.343825177527615322e-01 9.984923728491311712e-01
2.353423295937605020e-01 9.985089964749972458e-01
2.363041018327595444e-01 9.985254083144857740e-01
2.372678344697586317e-01 9.985416113793460502e-01
2.382335275047577638e-01 9.985576086747471880e-01
2.392011809377569131e-01 9.985734031252073706e-01
2.401707947687561351e-01 9.985889976188243589e-01
2.411423689977554297e-01 9.986043949842747791e-01
2.421159036247547691e-01 9.986195980375899284e-01
2.430913986497540979e-01 9.986346095251361632e-01
2.440688540727535549e-01 9.986494321575661859e-01
2.450482698937530290e-01 9.986640685927226091e-01
2.460296461127525758e-01 9.986785214702839086e-01
2.470129827297521674e-01 9.986927933702963722e-01
2.479982797447517484e-01 9.987068868378783382e-01
2.489855371577514298e-01 9.987208043787678680e-01
2.499747549687511561e-01 9.987345484454807076e-01
2.509659331777509550e-01 9.987481214856326339e-01
2.519590717847506878e-01 9.987615258820906616e-01
2.529541707897505765e-01 9.987747639886115358e-01
2.539512301927505100e-01 9.987878381125115945e-01
2.549502499937504885e-01 9.988007505484070014e-01
2.559512301927505673e-01 9.988135035373967296e-01
2.569541707897506355e-01 9.988260992912525449e-01
2.579590717847507486e-01 9.988385399880311821e-01
2.589659331777509621e-01 9.988508277595862239e-01
2.599747549687512205e-01 9.988629647348609142e-01
2.609855371577514682e-01 9.988749529861158383e-01
2.619982797447518164e-01 9.988867945609176680e-01
2.630129827297520984e-01 9.988984914672607296e-01
2.640296461127525363e-01 9.989100457015216428e-01
2.650482698937530190e-01 9.989214592147001026e-01
2.660688540727535467e-01 9.989327339324022281e-01
2.670913986497541748e-01 9.989438717512660881e-01
2.681159036247547922e-01 9.989548745292854415e-01
2.691423689977554545e-01 9.989657441192244525e-01
2.701707947687562172e-01 9.989764823274489558e-01
2.712011809377570248e-01 9.989870909383851139e-01
2.722335275047577108e-01 9.989975717097627772e-01
2.732678344697586081e-01 9.990079263618621974e-01
2.743041018327595504e-01 9.990181566149887171e-01
2.753423295937605375e-01 9.990282641425660692e-01
2.763825177527615695e-01 9.990382505990610396e-01
2.774246663097627019e-01 9.990481176143611863e-01
2.784687752647638237e-01 9.990578667823225567e-01
2.795148446177649904e-01 9.990674997008126557e-01
2.805628743687662574e-01 9.990770179210567425e-01
2.816128645177674028e-01 9.990864229778544381e-01
2.826648150647687596e-01 9.990957163833639187e-01
2.837187260097701613e-01 9.991048996153795159e-01
2.847745973527716079e-01 9.991139741583999756e-01
2.858324290937730994e-01 9.991229414513079776e-01
2.868922212327746357e-01 9.991318029186577743e-01
2.879539737697762170e-01 9.991405599641438595e-01
2.890176867047778431e-01 9.991492139590372190e-01
2.900833600377795141e-01 9.991577662826334194e-01
2.911509937687811744e-01 9.991662182705981499e-01
2.922205878977829352e-01 9.991745712458365292e-01
2.932921424247847964e-01 9.991828265119913066e-01
2.943656573497866469e-01 9.991909853426362842e-01
2.954411326727885978e-01 9.991990490193137786e-01
2.965185683937905936e-01 9.992070187827768457e-01
2.975979645127926343e-01 9.992148958621686061e-01
2.986793210297947199e-01 9.992226814688804915e-01
2.997626379447967393e-01 9.992303767867583009e-01
3.008479152577989146e-01 9.992379830064391788e-01
3.019351529688011904e-01 9.992455012814248638e-01
3.030243510778034555e-01 9.992529327543190343e-01
3.041155095848058210e-01 9.992602785513765573e-01
3.052086284898081758e-01 9.992675397739131382e-01
3.063037077928106311e-01 9.992747175281592176e-01
3.074007474938131312e-01 9.992818128872579253e-01
3.084997475928156763e-01 9.992888269139205137e-01
3.096007080898180996e-01 9.992957606557358874e-01
3.107036289848207899e-01 9.993026151381176891e-01
3.118085102778234696e-01 9.993093913888896340e-01
3.129153519688261942e-01 9.993160904071393125e-01
3.140241540578289636e-01 9.993227131817867814e-01
3.151349165448318335e-01 9.993292606877298700e-01
3.162476394298346927e-01 9.993357338861091899e-01
3.173623227128376523e-01 9.993421337148828965e-01
3.184789663938406568e-01 9.993484611219884961e-01
3.195975704728435396e-01 9.993547170223980869e-01
3.207181349498466338e-01 9.993609023238029243e-01
3.218406598248497730e-01 9.993670179212139626e-01
3.229651450978529570e-01 9.993730646897261982e-01
3.240915907688562414e-01 9.993790435097014146e-01
3.252199968378595152e-01 9.993849552344723497e-01
3.263503633048628338e-01 9.993908007096318213e-01
3.274826901698662529e-01 9.993965807689766390e-01
3.286169774328696613e-01 9.994022962347205441e-01
3.297532250938730591e-01 9.994079479088531226e-01
3.308914331528765573e-01 9.994135366035834522e-01
3.320316016098801559e-01 9.994190631016923732e-01
3.331737304648837994e-01 9.994245281803699754e-01
3.343178197178874878e-01 9.994299326060541722e-01
3.354638693688912210e-01 9.994352771284419346e-01
3.366118794178950546e-01 9.994405625015406747e-01
3.377618498648988776e-01 9.994457894566883827e-01
3.389137807099027455e-01 9.994509587186259925e-01
3.400676719529066028e-01 9.994560710021339611e-01
3.412235235939105604e-01 9.994611270122170099e-01
3.423813356329146185e-01 9.994661274375222781e-01
3.435411080699187214e-01 9.994710729734082033e-01
3.447028409049228137e-01 9.994759642920774123e-01
3.458665341379270064e-01 9.994808020604842858e-01
3.470321877689312440e-01 9.994855869364758227e-01
3.481998017979355819e-01 9.994903195689497366e-01
3.493693762249399093e-01 9.994950005911391600e-01
3.505409110499441705e-01 9.994996306443997280e-01
3.517144062729485876e-01 9.995042103471540873e-01
3.528898618939531051e-01 9.995087403135536341e-01
3.540672779129576120e-01 9.995132211494593966e-01
3.552466543299622193e-01 9.995176534525406220e-01
3.564279911449668714e-01 9.995220378057666499e-01
3.576112883579715684e-01 9.995263748005430715e-01
3.587965459689763104e-01 9.995306650064399445e-01
3.599837639779809306e-01 9.995349089893582617e-01
3.611729423849858178e-01 9.995391073076261845e-01
3.623640811899906944e-01 9.995432605121067349e-01
3.635571803929956158e-01 9.995473691401421945e-01
3.647522399940006377e-01 9.995514337369520996e-01
3.659492599930056489e-01 9.995554548276410767e-01
3.671482403900107605e-01 9.995594329340173889e-01
3.683491811850159170e-01 9.995633685709083283e-01
3.695520823780210629e-01 9.995672622463648294e-01
3.707569439690261981e-01 9.995711144563469430e-01
3.719637659580314892e-01 9.995749257032553459e-01
3.731725483450368253e-01 9.995786964717755518e-01
3.743832911300422062e-01 9.995824272432972668e-01
3.755959943130476320e-01 9.995861184929405452e-01
3.768106578940531581e-01 9.995897706895151558e-01
3.780272818730586737e-01 9.995933842956872262e-01
3.792458662500642896e-01 9.995969597611804591e-01
3.804664110250698950e-01 9.996004975469184872e-01
3.816889161980754896e-01 9.996039980929986024e-01
3.829133817690812402e-01 9.996074618380836885e-01
3.841398077380869802e-01 9.996108892150726843e-01
3.853681941050928206e-01 9.996142806512297030e-01
3.865985408700987613e-01 9.996176365629376726e-01
3.878308480331046915e-01 9.996209573743165544e-01
3.890651155941106665e-01 9.996242434926493337e-01
3.903013435531166864e-01 9.996274953231913951e-01
3.915395319101228067e-01 9.996307132659455474e-01
3.927796806651288053e-01 9.996338977157318562e-01
3.940217898181350153e-01 9.996370490622645821e-01
3.952658593691412148e-01 9.996401676842437967e-01
3.965118893181475146e-01 9.996432539704916964e-01
3.977598796651538593e-01 9.996463082917864673e-01
3.990098304101602489e-01 9.996493310179499492e-01
4.002617415531666833e-01 9.996523225140415692e-01
4.015156130941732182e-01 9.996552831404336148e-01
4.027714450331797424e-01 9.996582132487615846e-01
4.040292373701862005e-01 9.996611131963287766e-01
4.052889901051928145e-01 9.996639833271272479e-01
4.065507032381995289e-01 9.996668239832917635e-01
4.078143767692062882e-01 9.996696355025538328e-01
4.090800106982130369e-01 9.996724182183700513e-01
4.103476050252198859e-01 9.996751724599090005e-01
4.116171597502267798e-01 9.996778985481381552e-01
4.128886748732337186e-01 9.996805968100287432e-01
4.141621503942407023e-01 9.996832675597127071e-01
4.154375863132476199e-01 9.996859111098416184e-01
4.167149826302546933e-01 9.996885277691294203e-01
4.179943393452618672e-01 9.996911178423639743e-01
4.192756564582690304e-01 9.996936816304952123e-01
4.205589339692762940e-01 9.996962194306775462e-01
4.218441718782836025e-01 9.996987315307591659e-01
4.231313701852909004e-01 9.997012182291946658e-01
4.244205288902982987e-01 9.997036798082244990e-01
4.257116479933056308e-01 9.997061165502070246e-01
4.270047274943131188e-01 9.997085287339758652e-01
4.282997673933206517e-01 9.997109166348914222e-01
4.295967676903282295e-01 9.997132805248336584e-01
4.308957283853359077e-01 9.997156206675470447e-01
4.321966494783435753e-01 9.997179373356497312e-01
4.334995309693513432e-01 9.997202307877193217e-01
4.348043728583591006e-01 9.997225012822222867e-01
4.361111751453669583e-01 9.997247490744495257e-01
4.374199378303746943e-01 9.997269744165100391e-01
4.387306609133826418e-01 9.997291775573760031e-01
4.400433443943906342e-01 9.997313587391557510e-01
4.413579882733986715e-01 9.997335182105808737e-01
4.426745925504067536e-01 9.997356562089335652e-01
4.439931572254149361e-01 9.997377729710122951e-01
4.453136822984231080e-01 9.997398687306972009e-01
4.466361677694313248e-01 9.997419437189951630e-01
4.479606136384396420e-01 9.997439981640686701e-01
4.492870199054478375e-01 9.997460322912735675e-01
4.506153865704562445e-01 9.997480463191030786e-01
4.519457136334646408e-01 9.997500404739074753e-01
4.532780010944731375e-01 9.997520149700073189e-01
4.546122489534816791e-01 9.997539700218384118e-01
4.559484572104903211e-01 9.997559058412431865e-01
4.572866258654989524e-01 9.997578226374183030e-01
4.586267549185076287e-01 9.997597206170805162e-01
4.599688443695163498e-01 9.997615999844114976e-01
4.613128942185250048e-01 9.997634609369895342e-01
4.626589044655338712e-01 9.997653036805772553e-01
4.640068751105427269e-01 9.997671284091378396e-01
4.653568061535516831e-01 9.997689353170360338e-01
4.667086975945606842e-01 9.997707245962881295e-01
4.680625494335697301e-01 9.997724964365786171e-01
4.694183616705788209e-01 9.997742510253311288e-01
4.707761343055879566e-01 9.997759885476724673e-01
4.721358673385971372e-01 9.997777091828287110e-01
4.734975607696062516e-01 9.997794131174384535e-01
4.748612145986155220e-01 9.997811005274092055e-01
4.762268288256248927e-01 9.997827715891202116e-01
4.775944034506342528e-01 9.997844264767525857e-01
4.789639384736437133e-01 9.997860653624555116e-01
4.803354338946532187e-01 9.997876884163063860e-01
4.817088897136627690e-01 9.997892958063353541e-01
4.830843059306723641e-01 9.997908876985702742e-01
4.844616825456818376e-01 9.997924642527539207e-01
4.858410195586915226e-01 9.997940256380647428e-01
4.872223169697012524e-01 9.997955720115299094e-01
4.886055747787110826e-01 9.997971035313658605e-01
4.899907929857209021e-01 9.997986203539034333e-01
4.913779715907308221e-01 9.998001226336169500e-01
4.927671105937407314e-01 9.998016105231630757e-01
4.941582099947507412e-01 9.998030841733689389e-01
4.955512697937607958e-01 9.998045437300073779e-01
4.969462899907707287e-01 9.998059893457122982e-01
4.983432705857808731e-01 9.998074211636805986e-01
4.997422115787910624e-01 9.998088393277291264e-01
5.011431129698012965e-01 9.998102439799313457e-01
5.025459747588115755e-01 9.998116352607495649e-01
5.039507969458218994e-01 9.998130133089332405e-01
5.053575795308323793e-01 9.998143782616402131e-01
5.067663225138427929e-01 9.998157302544249392e-01
5.081770258948532515e-01 9.998170694180419371e-01
5.095896896738636439e-01 9.998183958901052382e-01
5.110043138508743032e-01 9.998197097991377014e-01
5.124208984258848965e-01 9.998210112744135847e-01
5.138394433988955345e-01 9.998223004437116757e-01
5.152599487699063285e-01 9.998235774332862036e-01
5.166824145389171674e-01 9.998248423679328978e-01
5.181068407059279401e-01 9.998260953710331744e-01
5.195332272709388688e-01 9.998273365644808619e-01
5.209615742339498423e-01 9.998285660687821208e-01
5.223918815949606387e-01 9.998297839992839053e-01
5.238241493539717020e-01 9.998309904799831394e-01
5.252583775109828101e-01 9.998321856244808403e-01
5.266945660659939632e-01 9.998333695477383820e-01
5.281327150190051611e-01 9.998345423634001916e-01
5.295728243700164040e-01 9.998357041838218384e-01
5.310148941190276917e-01 9.998368551200521592e-01
5.324589242660390243e-01 9.998379952818315930e-01
5.339049148110504017e-01 9.998391247776940993e-01
5.353528657540617131e-01 9.998402437148783406e-01
5.368027770950731803e-01 9.998413521954905292e-01
5.382546488340846924e-01 9.998424503309684130e-01
5.397084809710962494e-01 9.998435382219770240e-01
5.411642735061079623e-01 9.998446159708781478e-01
5.426220264391196091e-01 9.998456836788993662e-01
5.440817397701314118e-01 9.998467414460929792e-01
5.455434134991431483e-01 9.998477893713727527e-01
5.470070476261550407e-01 9.998488275525345692e-01
5.484726421511667560e-01 9.998498560862377760e-01
5.499401970741787382e-01 9.998508750680626944e-01
5.514097123951906543e-01 9.998518845888223483e-01
5.528811881142027262e-01 9.998528847481481518e-01
5.543546242312148431e-01 9.998538756355979107e-01
5.558300207462270048e-01 9.998548573424453911e-01
5.573073776592392115e-01 9.998558299589328513e-01
5.587866949702514630e-01 9.998567935742447288e-01
5.602679726792635373e-01 9.998577482766038971e-01
5.617512107862758786e-01 9.998586941532024985e-01
5.632364092912882647e-01 9.998596312902520156e-01
5.647235681943006957e-01 9.998605597729925965e-01
5.662126874953131717e-01 9.998614796826998941e-01
5.677037671943258035e-01 9.998623911077973991e-01
5.691968072913383692e-01 9.998632941284125719e-01
5.706918077863509797e-01 9.998641888259582888e-01
5.721887686793637462e-01 9.998650752809623565e-01
5.736876899703762245e-01 9.998659535730346493e-01
5.751885716593890807e-01 9.998668237808870929e-01
5.766914137464018708e-01 9.998676859823767415e-01
5.781962162314148168e-01 9.998685402544198464e-01
5.797029791144278077e-01 9.998693866731421798e-01
5.812117023954407324e-01 9.998702253137834450e-01
5.827223860744538131e-01 9.998710562478848596e-01
5.842350301514669386e-01 9.998718795538906745e-01
5.857496346264799980e-01 9.998726953023421293e-01
5.872661994994931023e-01 9.998735035651781233e-01
5.887847247705062514e-01 9.998743044134839053e-01
5.903052104395195565e-01 9.998750979175928810e-01
5.918276565065329065e-01 9.998758841470059000e-01
5.933520629715463013e-01 9.998766631704645302e-01
5.948784298345597410e-01 9.998774350559964663e-01
5.964067570955732256e-01 9.998781998707826357e-01
5.979370447545868661e-01 9.998789576813083002e-01
5.994692928116004405e-01 9.998797085533428497e-01
6.010035012666138377e-01 9.998804525488780293e-01
6.025396701196276128e-01 9.998811897373618418e-01
6.040777993706413218e-01 9.998819201800458467e-01
6.056178890196550757e-01 9.998826439397743293e-01
6.071599390666689855e-01 9.998833610787000170e-01
6.087039495116828292e-01 9.998840716582622079e-01
6.102499203546968287e-01 9.998847757392501645e-01
6.117978515957107621e-01 9.998854733817603702e-01
6.133477432347248515e-01 9.998861646452200658e-01
6.148995952717387636e-01 9.998868495884079000e-01
6.164534077067529427e-01 9.998875282694560385e-01
6.180091805397671667e-01 9.998882007458315124e-01
6.195669137707813245e-01 9.998888670743842910e-01
6.211266073997956383e-01 9.998895273080059543e-01
6.226882614268099969e-01 9.998901815081293609e-01
6.242518758518244004e-01 9.998908297270994172e-01
6.258174506748388488e-01 9.998914720192404459e-01
6.273849858958533421e-01 9.998921084383297631e-01
6.289544815148676582e-01 9.998927390375159652e-01
6.305259375318823523e-01 9.998933638693773274e-01
6.320993539468969802e-01 9.998939829858987105e-01
6.336747307599116530e-01 9.998945964385012042e-01
6.352520679709263707e-01 9.998952042780270277e-01
6.368313655799411332e-01 9.998958065547626228e-01
6.384126235869560517e-01 9.998964033184487565e-01
6.399958419919709041e-01 9.998969946182609814e-01
6.415810207949856903e-01 9.998975804997570771e-01
6.431681599960007434e-01 9.998981610164792144e-01
6.447572595950157304e-01 9.998987362135395296e-01
6.463483195920308733e-01 9.998993061379675140e-01
6.479413399870459500e-01 9.998998708362519805e-01
6.495363207800611827e-01 9.999004303544035688e-01
6.511332619710764602e-01 9.999009847379188853e-01
6.527321635600916716e-01 9.999015340317793932e-01
6.543330255471070389e-01 9.999020782804809437e-01
6.559358479321222291e-01 9.999026175280220086e-01
6.575406307151376861e-01 9.999031518178997935e-01
6.591473738961531881e-01 9.999036811931586444e-01
6.607560774751687349e-01 9.999042056963483027e-01
6.623667414521843266e-01 9.999047253695425574e-01
6.639793658271999632e-01 9.999052402514867488e-01
6.655939506002157557e-01 9.999057503884831721e-01
6.672104957712314821e-01 9.999062558188671623e-01
6.688290013402472534e-01 9.999067565828984039e-01
6.704494673072629585e-01 9.999072527203493044e-01
6.720718936722788195e-01 9.999077442705793795e-01
6.736962804352947254e-01 9.999082312725081634e-01
6.753226275963107872e-01 9.999087137646125445e-01
6.769509351553267829e-01 9.999091917849274314e-01
6.785812031123429344e-01 9.999096653711107008e-01
6.802134314673590199e-01 9.999101345603579327e-01
6.818476202203752612e-01 9.999105993894561450e-01
6.834837693713914364e-01 9.999110598948098838e-01
6.851218789204075454e-01 9.999115161124021434e-01
6.867619488674239214e-01 9.999119680777894814e-01
6.884039792124403423e-01 9.999124158235250803e-01
6.900479699554568080e-01 9.999128593891312144e-01
6.916939210964733187e-01 9.999132988068341055e-01
6.933418326354898742e-01 9.999137341106363319e-01
6.949917045725064746e-01 9.999141653341500069e-01
6.966435369075231199e-01 9.999145925106214250e-01
6.982973296405398100e-01 9.999150156729307293e-01
6.999530827715563230e-01 9.999154348535581605e-01
7.016107963005731030e-01 9.999158500846452302e-01
7.032704702275899278e-01 9.999162613979649672e-01
7.049321045526069085e-01 9.999166688249131463e-01
7.065956992756238231e-01 9.999170723965413732e-01
7.082612543966407825e-01 9.999174721435476476e-01
7.099287699156578979e-01 9.999178680963103361e-01
7.115982458326749471e-01 9.999182602847913603e-01
7.132696821476921523e-01 9.999186487386797495e-01
7.149430788607090692e-01 9.999190334872855024e-01
7.166184359717263641e-01 9.999194145569899606e-01
7.182957534807437039e-01 9.999197919812060631e-01
7.199750313877609775e-01 9.999201657860506964e-01
7.216562696927784071e-01 9.999205359995332332e-01
7.233394683957958815e-01 9.999209026493081076e-01
7.250246274968132898e-01 9.999212657627311041e-01
7.267117469958308540e-01 9.999216253668364862e-01
7.284008268928482410e-01 9.999219814883381074e-01
7.300918671878658950e-01 9.999223341536540577e-01
7.317848678808835938e-01 9.999226833888810173e-01
7.334798289719013376e-01 9.999230292198031389e-01
7.351767504609192372e-01 9.999233716719152509e-01
7.368756323479370707e-01 9.999237107704139760e-01
7.385764746329549491e-01 9.999240465401748601e-01
7.402792773159728723e-01 9.999243790058227610e-01
7.419840403969908404e-01 9.999247081916339264e-01
7.436907638760087425e-01 9.999250341216336935e-01
7.453994477530268004e-01 9.999253568195632935e-01
7.471100920280450142e-01 9.999256763088469890e-01
7.488226967010631618e-01 9.999259926100796392e-01
7.505372617720814654e-01 9.999263057509046870e-01
7.522537872410997029e-01 9.999266157517007203e-01
7.539722731081180962e-01 9.999269226347914374e-01
7.556927193731364234e-01 9.999272264222515139e-01
7.574151260361549065e-01 9.999275271358432082e-01
7.591394930971732125e-01 9.999278247970866396e-01
7.608658205561917853e-01 9.999281194272348072e-01
7.625941084132104031e-01 9.999284110472896892e-01
7.643243566682289547e-01 9.999286996779472858e-01
7.660565653212476622e-01 9.999289853396874372e-01
7.677907343722664146e-01 9.999292680527182009e-01
7.695268638212852119e-01 9.999295478370012757e-01
7.712649536683040541e-01 9.999298247122189176e-01
7.730050039133229411e-01 9.999300986978337802e-01
7.747470145563417621e-01 9.999303698130203033e-01
7.764909855973607389e-01 9.999306380767607472e-01
7.782369170363797606e-01 9.999309035077381669e-01
7.799848088733989382e-01 9.999311661244300042e-01
7.817346611084180497e-01 9.999314259450382547e-01
7.834864737414372060e-01 9.999316829875586343e-01
7.852402467724565183e-01 9.999319372697217378e-01
7.869959802014757644e-01 9.999321888064909292e-01
7.887536740284951664e-01 9.999324376198936992e-01
7.905133282535142802e-01 9.999326837247041189e-01
7.922749428765337720e-01 9.999329271377416228e-01
7.940385178975533087e-01 9.999331678755681851e-01
7.958040533165727792e-01 9.999334059545449405e-01
7.975715491335924057e-01 9.999336413907716770e-01
7.993410053486120770e-01 9.999338742001414593e-01
8.011124219616317932e-01 9.999341043983126509e-01
8.028857989726515543e-01 9.999343320007414437e-01
8.046611363816711382e-01 9.999345570226384483e-01
8.064384341886909890e-01 9.999347794790014454e-01
8.082176923937108848e-01 9.999349993846158302e-01
8.099989109967308254e-01 9.999352167540503933e-01
8.117820899977508109e-01 9.999354316016453303e-01
8.135672293967708413e-01 9.999356439415474362e-01
8.153543291937909165e-01 9.999358537876578135e-01
8.171433893888111477e-01 9.999360611536929344e-01
8.189344099818313127e-01 9.999362660531556646e-01
8.207273909728513006e-01 9.999364684993290453e-01
8.225223323618716664e-01 9.999366685052796244e-01
8.243192341488919661e-01 9.999368660838806600e-01
8.261180963339124217e-01 9.999370612477873621e-01
8.279189189169328111e-01 9.999372540094763062e-01
8.297217018979533565e-01 9.999374443811757107e-01
8.315264452769738357e-01 9.999376323749517015e-01
8.333331490539944708e-01 9.999378180026352592e-01
8.351418132290151508e-01 9.999380012734143675e-01
8.369524378020356536e-01 9.999381822033968081e-01
8.387650227730564234e-01 9.999383608016013669e-01
8.405795681420771270e-01 9.999385370790568883e-01
8.423960739090979866e-01 9.999387110466188000e-01
8.442145400741188910e-01 9.999388827149224834e-01
8.460349666371398403e-01 9.999390520944252403e-01
8.478573535981608345e-01 9.999392191953628828e-01
8.496817009571818735e-01 9.999393840278053558e-01
8.515080087142030685e-01 9.999395466015900125e-01
8.533362768692239753e-01 9.999397069264014393e-01
8.551665054222451490e-01 9.999398650116952947e-01
8.569986943732663676e-01 9.999400208667641454e-01
8.588328437222877421e-01 9.999401745006756270e-01
8.606689534693090504e-01 9.999403259223434981e-01
8.625070236143304037e-01 9.999404751404444847e-01
8.643470541573519128e-01 9.999406221634943304e-01
8.661890450983733558e-01 9.999407669998269244e-01
8.680329964373949547e-01 9.999409096575591072e-01
8.698789081744163765e-01 9.999410501446197586e-01
8.717267803094379541e-01 9.999411884687779972e-01
8.735766128424596877e-01 9.999413246375855602e-01
8.754284057734814661e-01 9.999414586583983411e-01
8.772821591025032895e-01 9.999415905384169134e-01
8.791378728295250466e-01 9.999417202846067054e-01
8.809955469545469597e-01 9.999418479037982532e-01
8.828551814775689177e-01 9.999419734025879469e-01
8.847167763985909206e-01 9.999420967874241839e-01
8.865803317176127463e-01 9.999422180645373137e-01
8.884458474346348389e-01 9.999423372399630638e-01
8.903133235496569764e-01 9.999424543195817305e-01
8.921827600626792698e-01 9.999425693090694400e-01
8.940541569737014971e-01 9.999426822139161342e-01
8.959275142827237692e-01 9.999427930394039210e-01
8.978028319897460863e-01 9.999429017906752426e-01
8.996801100947685592e-01 9.999430084726210755e-01
9.015593485977907440e-01 9.999431130900107156e-01
9.034405474988133067e-01 9.999432156473609945e-01
9.053237067978358033e-01 9.999433161490552946e-01
9.072088264948584557e-01 9.999434145992567302e-01
9.090959065898810421e-01 9.999435109995228332e-01
9.109849470829037843e-01 9.999436053583645734e-01
9.128759479739264604e-01 9.999436976770939012e-01
9.147689092629492924e-01 9.999437879591102085e-01
9.166638309499721693e-01 9.999438762076463538e-01
9.185607130349948690e-01 9.999439624257497883e-01
9.204595555180178357e-01 9.999440466162435870e-01
9.223603583990407362e-01 9.999441287817739665e-01
9.242631216780637926e-01 9.999442089248273824e-01
9.261678453550868939e-01 9.999442870476445977e-01
9.280745294301100401e-01 9.999443631523058373e-01
9.299831739031333422e-01 9.999444372406993686e-01
9.318937787741565781e-01 9.999445093144846419e-01
9.338063440431798590e-01 9.999445793751809974e-01
9.357208697102029626e-01 9.999446474240639704e-01
9.376373557752263332e-01 9.999447134622302391e-01
9.395558022382498597e-01 9.999447774905875219e-01
9.414762090992733201e-01 9.999448395098283759e-01
9.433985763582968254e-01 9.999448995204631707e-01
9.453229040153204865e-01 9.999449575227893350e-01
9.472491920703440815e-01 9.999450135168990172e-01
9.491774405233678324e-01 9.999450675027115043e-01
9.511076493743915172e-01 9.999451194799037212e-01
9.530398186234151359e-01 9.999451694479895014e-01
9.549739482704390214e-01 9.999452174062350984e-01
9.569100383154629519e-01 9.999452633537139201e-01
9.588480887584868162e-01 9.999453072893245142e-01
9.607880995995108364e-01 9.999453492117207354e-01
9.627300708385349015e-01 9.999453891193504917e-01
9.646740024755590115e-01 9.999454270104596310e-01
9.666198945105831664e-01 9.999454628830787284e-01
9.685677469436073661e-01 9.999454967350253076e-01
9.705175597746313887e-01 9.999455285638941815e-01
9.724693330036556782e-01 9.999455583670744385e-01
9.744230666306800126e-01 9.999455861417133606e-01
9.763787606557043919e-01 9.999456118847739328e-01
9.783364150787289271e-01 9.999456355929670082e-01
9.802960298997533961e-01 9.999456572627984929e-01
9.822576051187779100e-01 9.999456768905359283e-01
9.842211407358025799e-01 9.999456944722214802e-01
9.861866367508271836e-01 9.999457100036795998e-01
9.881540931638517211e-01 9.999457234804812744e-01
9.901235099748764146e-01 9.999457348980019811e-01
9.920948871839012639e-01 9.999457442513219885e-01
9.940682247909260472e-01 9.999457515353602499e-01
9.960435227959509863e-01 9.999457567447369577e-01
9.980207811989759703e-01 9.999457598738459296e-01
1.000000000000000666e+00 9.999457609168584948e-01
