0.000000000000000000e+00 0.000000000000000000e+00
2.078119897502626434e-05 0.000000000000000000e+00
4.352279595010249372e-05 0.000000000000000000e+00
6.822479092522875592e-05 0.000000000000000000e+00
9.488718390040502381e-05 0.000000000000000000e+00
1.235099748756312839e-04 0.000000000000000000e+00
1.540931638509075632e-04 0.000000000000000000e+00
1.866367508262337669e-04 0.000000000000000000e+00
2.211407358016100034e-04 0.000000000000000000e+00
2.576051187770363269e-04 0.000000000000000000e+00
2.960298997525126832e-04 0.000000000000000000e+00
3.364150787280388555e-04 0.000000000000000000e+00
3.787606557036150606e-04 0.000000000000000000e+00
4.230666306792412444e-04 0.000000000000000000e+00
4.693330036549174067e-04 0.000000000000000000e+00
5.175597746306437102e-04 0.000000000000000000e+00
5.677469436064200466e-04 0.000000000000000000e+00
6.198945105822462531e-04 0.000000000000000000e+00
6.740024755581224382e-04 0.000000000000000000e+00
7.300708385340486020e-04 0.000000000000000000e+00
7.880995995100251780e-04 0.000000000000000000e+00
8.480887584860512989e-04 0.000000000000000000e+00
9.100383154621275068e-04 0.000000000000000000e+00
9.739482704382536934e-04 0.000000000000000000e+00
1.039818623414429750e-03 0.000000000000000000e+00
1.107649374390655894e-03 0.000000000000000000e+00
1.177440523366932558e-03 4.940656458412465442e-324
1.249192070343258659e-03 4.940656458412465442e-324
1.322904015319634847e-03 4.940656458412465442e-324
1.398576358296060905e-03 4.940656458412465442e-324
1.476209099272537051e-03 4.940656458412465442e-324
1.555802238249063716e-03 4.940656458412465442e-324
1.637355775225640036e-03 4.940656458412465442e-324
1.720869710202266008e-03 4.940656458412465442e-324
1.806344043178942285e-03 4.940656458412465442e-324
1.893778774155669082e-03 4.940656458412465442e-324
1.983173903132445098e-03 4.940656458412465442e-324
2.074529430109271419e-03 4.940656458412465442e-324
2.167845355086147393e-03 4.940656458412465442e-324
2.263121678063073454e-03 4.940656458412465442e-324
2.360358399040050469e-03 4.940656458412465442e-324
2.459555518017076271e-03 4.940656458412465442e-324
2.560713034994152593e-03 4.940656458412465442e-324
2.663830949971278568e-03 4.940656458412465442e-324
2.768909262948454630e-03 4.940656458412465442e-324
2.875947973925680780e-03 4.940656458412465442e-324
2.984947082902957450e-03 4.940656458412465442e-324
3.095906589880283773e-03 4.940656458412465442e-324
3.208826494857659750e-03 4.940656458412465442e-324
3.323706797835085814e-03 4.940656458412465442e-324
3.440547498812561965e-03 4.940656458412465442e-324
3.559348597790088636e-03 4.940656458412465442e-324
3.680110094767664961e-03 4.940656458412465442e-324
3.802831989745290939e-03 4.940656458412465442e-324
3.927514282722965704e-03 4.940656458412465442e-324
4.054156973700691856e-03 4.940656458412465442e-324
4.182760062678468095e-03 4.940656458412465442e-324
4.313323549656295289e-03 4.940656458412465442e-324
4.445847434634171702e-03 4.940656458412465442e-324
4.580331717612097335e-03 4.940656458412465442e-324
4.716776398590073922e-03 4.940656458412465442e-324
4.855181477568099729e-03 4.940656458412465442e-324
4.995546954546175623e-03 4.940656458412465442e-324
5.137872829524301604e-03 4.940656458412465442e-324
5.282159102502477672e-03 9.881312916824930884e-324
5.428405773480703828e-03 9.881312916824930884e-324
5.576612842458980070e-03 9.881312916824930884e-324
5.726780309437305531e-03 9.881312916824930884e-324
5.878908174415681948e-03 9.881312916824930884e-324
6.032996437394107583e-03 9.881312916824930884e-324
6.189045098372585908e-03 9.881312916824930884e-324
6.347054157351111718e-03 9.881312916824930884e-324
6.507023614329687615e-03 9.881312916824930884e-324
6.668953469308313599e-03 9.881312916824930884e-324
6.832843722286989670e-03 1.482196937523739633e-323
6.998694373265715828e-03 1.482196937523739633e-323
7.166505422244492073e-03 1.482196937523739633e-323
7.336276869223317537e-03 1.482196937523739633e-323
7.508008714202193956e-03 1.482196937523739633e-323
7.681700957181119595e-03 1.482196937523739633e-323
7.857353598160098790e-03 1.976262583364986177e-323
8.034966637139125470e-03 1.976262583364986177e-323
8.214540074118200502e-03 1.976262583364986177e-323
8.396073909097327356e-03 1.976262583364986177e-323
8.579568142076502563e-03 2.470328229206232721e-323
8.765022773055727856e-03 2.470328229206232721e-323
8.952437802035004971e-03 2.470328229206232721e-323
9.141813229014330439e-03 2.964393875047479265e-323
9.333149053993705993e-03 2.964393875047479265e-323
9.526445276973131635e-03 3.458459520888725809e-323
9.721701897952607363e-03 3.458459520888725809e-323
9.918918916932136648e-03 3.952525166729972353e-323
1.011809633391171255e-02 3.809587579860103559e-308
1.031923414889133854e-02 3.782189965541882526e-275
1.052233236187101462e-02 9.677077869878163687e-245
1.072739097285074078e-02 8.263464376508726332e-217
1.093440998183051703e-02 3.056218561078541383e-191
1.114338938881034163e-02 6.362665399470812552e-168
1.135432919379021806e-02 9.698970941069247585e-147
1.156722939677014457e-02 1.408449223130459917e-127
1.178208999775011943e-02 2.533975015490676295e-110
1.199891099673014612e-02 7.337752748033008618e-95
1.221769239371022463e-02 4.435356919377479786e-81
1.243843418869035149e-02 7.240438835516367793e-69
1.266113638167052670e-02 4.117228022968676408e-58
1.288579897265075200e-02 1.047974142560036449e-48
1.311242196163102738e-02 1.527464852298757067e-40
1.334100534861135459e-02 1.622552329778693022e-33
1.357154913359173015e-02 1.589346964169722438e-27
1.380405331657215580e-02 1.804508239282451665e-22
1.403851789755263153e-02 2.963285609444295179e-18
1.427494287653315735e-02 8.712148121951692090e-15
1.451332825351373326e-02 5.626824488844869877e-12
1.475367402849436273e-02 9.702848389832280769e-10
1.499598020147503881e-02 5.373819258209779292e-08
1.524024677245576498e-02 1.137536316424997866e-06
1.548647374143653950e-02 1.084525109642737620e-05
1.573466110841736931e-02 5.463072166708199975e-05
1.598480887339824227e-02 1.705709343125955677e-04
1.623691703637917053e-02 3.827844953613022158e-04
1.649098559736014366e-02 6.927495504736788916e-04
1.674701455634117209e-02 1.091141792153611269e-03
1.700500391332224540e-02 1.567421652470937571e-03
1.726495366830337400e-02 2.112866678432362942e-03
1.752686382128455442e-02 2.720790277222570695e-03
1.779073437226577625e-02 3.386112950765086168e-03
1.805656532124705685e-02 4.104924344735440961e-03
1.832435666822837886e-02 4.874152800811702192e-03
1.859410841320975616e-02 5.691333458181966135e-03
1.886582055619118528e-02 6.554447594243327860e-03
1.913949309717265929e-02 7.461810434383034894e-03
1.941512603615418858e-02 8.411991580769710708e-03
1.969271937313575929e-02 9.403757555662023773e-03
1.997227310811738876e-02 1.043602955721454999e-02
2.025378724109906312e-02 1.150785186038555570e-02
2.053726177208079276e-02 1.261836779902001521e-02
2.082269670106256382e-02 1.376680124026376760e-02
2.111009202804439364e-02 1.495244210308225609e-02
2.139944775302626487e-02 1.617463490003329118e-02
2.169076387600819486e-02 1.743276957119004739e-02
2.198404039699017321e-02 1.872627407865385535e-02
2.227927731597219643e-02 2.005460836975610575e-02
2.257647463295427495e-02 2.141725941612245693e-02
2.287563234793639835e-02 2.281373710715908082e-02
2.317675046091857705e-02 2.424357082853515269e-02
2.347982897190080062e-02 2.570630659467973769e-02
2.378486788088307949e-02 2.720150463300120489e-02
2.409186718786539977e-02 2.872873733920472406e-02
2.440082689284778228e-02 3.028758753963061573e-02
2.471174699583020273e-02 3.187764700922437328e-02
2.502462749681268195e-02 3.349851520366932400e-02
2.533946839579521298e-02 3.514979817193652351e-02
2.565626969277778543e-02 3.683110762162999235e-02
2.597503138776041318e-02 3.854206011434704177e-02
2.629575348074308580e-02 4.028227637220614665e-02
2.661843597172581372e-02 4.205138067979144467e-02
2.694307886070858651e-02 4.384900036834472187e-02
2.726968214769141807e-02 4.567476537110401469e-02
2.759824583267428758e-02 4.752830784036903705e-02
2.792876991565721931e-02 4.940926181834490172e-02
2.826125439664019939e-02 5.131726295489780904e-02
2.859569927562322089e-02 5.325194826641791584e-02
2.893210455260630115e-02 5.521295593071417346e-02
2.927047022758941935e-02 5.719992511363676535e-02
2.961079630057259979e-02 5.921249582361651220e-02
2.995308277155582163e-02 6.125030879086353769e-02
3.029732964053910224e-02 6.331300536836509396e-02
3.064353690752242426e-02 6.540022745216270139e-02
3.099170457250580504e-02 6.751161741870717603e-02
3.134183263548922377e-02 6.964681807738261343e-02
3.169392109647270472e-02 7.180547263644505851e-02
3.204796995545623056e-02 7.398722468089255488e-02
3.240397921243980128e-02 7.619171816090825056e-02
3.276194886742343076e-02 7.841859738970000104e-02
3.312187892040710513e-02 8.066750704962903640e-02
3.348376937139083825e-02 8.293809220573060415e-02
3.384762022037460932e-02 8.522999832572282497e-02
3.421343146735843915e-02 8.754287130578576603e-02
3.458120311234230693e-02 8.987635750138996127e-02
3.495093515532624040e-02 9.223010376255047493e-02
3.532262759631021182e-02 9.460375747300629745e-02
3.569628043529424199e-02 9.699696659275382216e-02
3.607189367227831706e-02 9.940937970349907060e-02
3.644946730726244394e-02 1.018406460566785854e-01
3.682900134024662264e-02 1.042904156235564123e-01
3.721049577123083929e-02 1.067583391471826210e-01
3.759395060021512164e-02 1.092440681958218862e-01
3.797936582719944193e-02 1.117472552176209805e-01
3.836674145218382098e-02 1.142675535962263539e-01
3.875607747516824492e-02 1.168046177071602465e-01
3.914737389615272761e-02 1.193581029746977329e-01
3.954063071513724825e-02 1.219276659291083503e-01
3.993584793212182765e-02 1.245129642640514095e-01
4.033302554710645887e-02 1.271136568939562062e-01
4.073216356009112804e-02 1.297294040112964286e-01
4.113326197107585597e-02 1.323598671435618768e-01
4.153632078006062878e-02 1.350047092098791979e-01
4.194133998704546035e-02 1.376635945770882108e-01
4.234831959203032986e-02 1.403361891152602181e-01
4.275725959501525814e-02 1.430221602525325597e-01
4.316815999600023129e-02 1.457211770291248765e-01
4.358102079498526321e-02 1.484329101505949544e-01
4.399584199197033307e-02 1.511570320401345313e-01
4.441262358695546170e-02 1.538932168899241337e-01
4.483136557994064214e-02 1.566411407114486898e-01
4.525206797092586747e-02 1.594004813848085012e-01
4.567473075991114462e-02 1.621709187068345326e-01
4.609935394689646665e-02 1.649521344381521815e-01
4.652593753188184744e-02 1.677438123490112287e-01
4.695448151486726618e-02 1.705456382639172486e-01
4.738498589585275061e-02 1.733573001050680296e-01
4.781745067483826606e-02 1.761784879344943378e-01
4.825187585182384720e-02 1.790088939949838476e-01
4.868826142680946628e-02 1.818482127496655887e-01
4.912660739979515107e-02 1.846961409203398685e-01
4.956691377078088073e-02 1.875523775244926084e-01
5.000918053976664834e-02 1.904166239110218484e-01
5.045340770675248165e-02 1.932885837945735596e-01
5.089959527173835291e-02 1.961679632886699776e-01
5.134774323472428292e-02 1.990544709374387766e-01
5.179785159571025088e-02 2.019478177460515000e-01
5.224992035469628454e-02 2.048477172098677468e-01
5.270394951168235614e-02 2.077538853422309095e-01
5.315993906666848651e-02 2.106660407010209346e-01
5.361788901965465481e-02 2.135839044138539700e-01
5.407779937064088882e-02 2.165072002020421993e-01
5.453967011962716771e-02 2.194356544032618206e-01
5.500350126661349148e-02 2.223689959929498472e-01
5.546929281159986708e-02 2.253069566045031169e-01
5.593704475458628755e-02 2.282492705481464212e-01
5.640675709557277373e-02 2.311956748286844998e-01
5.687842983455929091e-02 2.341459091619587374e-01
5.735206297154587379e-02 2.370997159901915563e-01
5.782765650653248768e-02 2.400568404961016256e-01
5.830521043951917420e-02 2.430170306158382088e-01
5.878472477050590561e-02 2.459800370508994360e-01
5.926619949949267496e-02 2.489456132787686293e-01
5.974963462647950307e-02 2.519135155625650824e-01
6.023503015146637607e-02 2.548835029595507562e-01
6.072238607445330782e-02 2.578553373286087691e-01
6.121170239544027752e-02 2.608287833366357833e-01
6.170297911442730598e-02 2.638036084639584500e-01
6.219621623141437933e-02 2.667795830087159037e-01
6.269141374640151143e-02 2.697564800902316207e-01
6.318857165938866760e-02 2.727340756514897158e-01
6.368768997037589641e-02 2.757121484605893347e-01
6.418876867936318398e-02 2.786904801113611607e-01
6.469180778635051643e-02 2.816688550229969890e-01
6.519680729133789376e-02 2.846470604388491310e-01
6.570376719432530210e-02 2.876248864243609038e-01
6.621268749531278308e-02 2.906021258641544036e-01
6.672356819430030894e-02 2.935785744582957713e-01
6.723640929128789356e-02 2.965540307177561008e-01
6.775121078627552307e-02 2.995282959591405447e-01
6.826797267926318358e-02 3.025011742985737606e-01
6.878669497025091673e-02 3.054724726449729033e-01
6.930737765923869476e-02 3.084420006924607494e-01
6.983002074622653155e-02 3.114095709122182698e-01
7.035462423121441322e-02 3.143749985435670968e-01
7.088118811420231202e-02 3.173381015844520814e-01
7.140971239519029734e-02 3.202987007812625464e-01
7.194019707417832754e-02 3.232566196180737816e-01
7.247264215116641650e-02 3.262116843052303428e-01
7.300704762615452259e-02 3.291637237673870064e-01
7.354341349914270132e-02 3.321125696310622266e-01
7.408173977013092493e-02 3.350580562115026972e-01
7.462202643911922118e-02 3.380000204992012480e-01
7.516427350610754843e-02 3.409383021457461083e-01
7.570848097109590669e-02 3.438727434493167867e-01
7.625464883408433758e-02 3.468031893396650855e-01
7.680277709507281336e-02 3.497294873626263789e-01
7.735286575406134790e-02 3.526514876642692919e-01
7.790491481104989957e-02 3.555690429745699266e-01
7.845892426603853775e-02 3.584820085906770815e-01
7.901489411902722082e-02 3.613902423598914226e-01
7.957282437001594877e-02 3.642936046622208268e-01
8.013271501900470772e-02 3.671919583925363773e-01
8.069456606599353932e-02 3.700851689425126989e-01
8.125837751098241579e-02 3.729731041821722215e-01
8.182414935397135103e-02 3.758556344411671524e-01
8.239188159496033115e-02 3.787326324897445917e-01
8.296157423394934227e-02 3.816039735194624583e-01
8.353322727093842603e-02 3.844695351236595560e-01
8.410684070592755468e-02 3.873291972777025971e-01
8.468241453891674209e-02 3.901828423188711814e-01
8.525994876990593274e-02 3.930303549262583740e-01
8.583944339889522379e-02 3.958716221002354652e-01
8.642089842588455972e-02 3.987065331419489267e-01
8.700431385087394054e-02 4.015349796323972043e-01
8.758968967386336624e-02 4.043568554115999358e-01
8.817702589485282294e-02 4.071720565574237782e-01
8.876632251384235228e-02 4.099804813643229684e-01
8.935757953083194038e-02 4.127820303220655629e-01
8.995079694582157337e-02 4.155766060941009088e-01
9.054597475881122348e-02 4.183641134961003094e-01
9.114311296980096011e-02 4.211444594741842185e-01
9.174221157879074162e-02 4.239175530831726935e-01
9.234327058578056802e-02 4.266833054647427015e-01
9.294628999077042542e-02 4.294416298255211428e-01
9.355126979376035545e-02 4.321924414150884464e-01
9.415820999475034425e-02 4.349356575039934336e-01
9.476711059374037793e-02 4.376711973617226081e-01
9.537797159073045650e-02 4.403989822345391048e-01
9.599079298572055219e-02 4.431189353234881723e-01
9.660557477871074827e-02 4.458309817622275184e-01
9.722231696970097536e-02 4.485350485949510246e-01
9.784101955869126122e-02 4.512310647542531195e-01
9.846168254568156419e-02 4.539189610390850227e-01
9.908430593067193981e-02 4.565986700925927511e-01
9.970888971366237419e-02 4.592701263802307365e-01
1.003354338946528534e-01 4.619332661675707996e-01
1.009639384736433915e-01 4.645880274984610092e-01
1.015944034506339466e-01 4.672343501730952253e-01
1.022268288256245744e-01 4.698721757260613252e-01
1.028612145986152610e-01 4.725014474046219659e-01
1.034975607696059924e-01 4.751221101469416674e-01
1.041358673385967409e-01 4.777341105604342442e-01
1.047761343055875760e-01 4.803373969001519805e-01
1.054183616705784560e-01 4.829319190472706746e-01
1.060625494335693947e-01 4.855176284876489001e-01
1.067086975945603783e-01 4.880944782905882739e-01
1.073568061535513790e-01 4.906624230874889747e-01
1.080068751105424663e-01 4.932214190507741014e-01
1.086589044655335984e-01 4.957714238728391232e-01
1.093128942185247754e-01 4.983123967451424940e-01
1.099688443695159834e-01 5.008442983374344903e-01
1.106267549185072641e-01 5.033670907769753899e-01
1.112866258654986035e-01 5.058807376280619605e-01
1.119484572104899878e-01 5.083852038715476196e-01
1.126122489534813753e-01 5.108804558844943777e-01
1.132780010944728633e-01 5.133664614200699194e-01
1.139457136334643961e-01 5.158431895874255879e-01
1.146153865704559877e-01 5.183106108317544480e-01
1.152870199054476102e-01 5.207686969146080314e-01
1.159606136384392638e-01 5.232174208942159677e-01
1.166361677694310039e-01 5.256567571059641564e-01
1.173136822984227889e-01 5.280866811430807717e-01
1.179931572254146188e-01 5.305071698374710376e-01
1.186745925504064658e-01 5.329182012405833113e-01
1.193579882733983993e-01 5.353197546045888044e-01
1.200433443943903777e-01 5.377118103636085999e-01
1.207306609133824149e-01 5.400943501151731496e-01
1.214199378303744969e-01 5.424673566016804394e-01
1.221111751453665961e-01 5.448308136922508371e-01
1.228043728583587818e-01 5.471847063645403075e-01
1.234995309693510124e-01 5.495290206868163052e-01
1.241966494783433017e-01 5.518637438001207096e-01
1.248957283853355943e-01 5.541888639006913309e-01
1.255967676903279873e-01 5.565043702224441446e-01
1.262997673933204390e-01 5.588102530197045503e-01
1.270047274943129079e-01 5.611065035499951392e-01
1.277116479933054216e-01 5.633931140570961338e-01
1.284205288902980080e-01 5.656700777541826541e-01
1.291313701852906393e-01 5.679373888072302146e-01
1.298441718782833154e-01 5.701950423183651528e-01
1.305589339692760642e-01 5.724430343095854301e-01
1.312756564582688024e-01 5.746813617065932300e-01
1.319943393452616409e-01 5.769100223226694135e-01
1.327149826302545244e-01 5.791290148427007400e-01
1.334375863132474527e-01 5.813383388074969682e-01
1.341621503942403981e-01 5.835379945979194405e-01
1.348886748732334440e-01 5.857279834193114265e-01
1.356171597502265069e-01 5.879083072855821879e-01
1.363476050252196425e-01 5.900789690033056978e-01
1.370800106982128508e-01 5.922399721549288509e-01
1.378143767692060206e-01 5.943913210806011094e-01
1.385507032381993187e-01 5.965330208571810733e-01
1.392889901051926616e-01 5.986650772679499299e-01
1.400292373701860493e-01 6.007789380506434185e-01
1.407714450331794265e-01 6.028916280983204201e-01
1.415156130941729040e-01 6.049946951188186484e-01
1.422617415531664542e-01 6.070881478337253334e-01
1.430098304101600493e-01 6.091719956053250895e-01
1.437598796651536337e-01 6.112462484377729766e-01
1.445118893181473185e-01 6.133109169698331975e-01
1.452658593691410482e-01 6.153660124653121954e-01
1.460217898181348506e-01 6.174115468020217046e-01
1.467796806651286701e-01 6.194475324600664523e-01
1.475395319101225067e-01 6.214739825100390469e-01
1.483013435531164437e-01 6.234909106010604329e-01
1.490651155941104256e-01 6.254983309490328436e-01
1.498308480331044801e-01 6.274962583247293280e-01
1.505985408700985240e-01 6.294847080421147600e-01
1.513681941050926405e-01 6.314636959468939992e-01
1.521398077380868297e-01 6.334332384050317399e-01
1.529133817690810637e-01 6.353933522914531062e-01
1.536889161980753704e-01 6.373440549790263532e-01
1.544664110250696387e-01 6.392853643273934683e-01
1.552458662500640352e-01 6.412172986723291279e-01
1.560272818730584765e-01 6.431398768148910428e-01
1.568106578940529627e-01 6.450531180109219109e-01
1.575959943130474383e-01 6.469570419606379685e-01
1.583832911300420421e-01 6.488516687983725273e-01
1.591725483450366629e-01 6.507370190823661416e-01
1.599637659580313565e-01 6.526131137848880659e-01
1.607569439690260948e-01 6.544799742823436128e-01
1.615520823780208504e-01 6.563376223455166247e-01
1.623491811850156785e-01 6.581860801301125941e-01
1.631482403900105516e-01 6.600253701671852102e-01
1.639492599930054972e-01 6.618555153539821267e-01
1.647522399940004323e-01 6.636765389446476204e-01
1.655571803929954677e-01 6.654884645413494670e-01
1.663640811899905481e-01 6.672913160852333991e-01
1.671729423849857010e-01 6.690851178477587036e-01
1.679837639779808434e-01 6.708698944220744531e-01
1.687965459689760583e-01 6.726456707144015112e-01
1.696112883579713460e-01 6.744124719358187692e-01
1.704279911449667062e-01 6.761703235939221512e-01
1.712466543299620836e-01 6.779192514846836826e-01
1.720672779129574781e-01 6.796592816846154239e-01
1.728898618939529452e-01 6.813904405426122191e-01
1.737144062729484850e-01 6.831127546725057620e-01
1.745409110499440697e-01 6.848262509452167635e-01
1.753693762249396715e-01 6.865309564813752985e-01
1.761998017979353459e-01 6.882268986438563330e-01
1.770321877689310930e-01 6.899141050305268585e-01
1.778665341379268849e-01 6.915926034671102673e-01
1.787028409049227218e-01 6.932624220000787041e-01
1.795411080699185480e-01 6.949235888898144253e-01
1.803813356329145023e-01 6.965761326036499224e-01
1.812235235939104738e-01 6.982200818093718953e-01
1.820676719529065180e-01 6.998554653683856097e-01
1.829137807099025514e-01 7.014823123293831841e-01
1.837618498648986853e-01 7.031006519218789830e-01
1.846118794178948919e-01 7.047105135499590611e-01
1.854638693688911155e-01 7.063119267861335260e-01
1.863178197178873563e-01 7.079049213651890105e-01
1.871737304648836975e-01 7.094895271782812873e-01
1.880316016098800835e-01 7.110657742670580816e-01
1.888914331528765145e-01 7.126336928178395036e-01
1.897532250938729903e-01 7.141933131560209702e-01
1.906169774328694833e-01 7.157446657404138435e-01
1.914826901698660766e-01 7.172877811578509677e-01
1.923503633048627148e-01 7.188226901177185990e-01
1.932199968378593979e-01 7.203494234467063828e-01
1.940915907688560982e-01 7.218680120836525882e-01
1.949651450978528711e-01 7.233784870742997475e-01
1.958406598248497166e-01 7.248808795664228866e-01
1.967181349498466070e-01 7.263752208048255277e-01
1.975975704728435423e-01 7.278615421265113294e-01
1.984789663938404669e-01 7.293398749558740457e-01
1.993623227128375197e-01 7.308102508001617093e-01
2.002476394298345896e-01 7.322727012447048933e-01
2.011349165448317322e-01 7.337272579486046054e-01
2.020241540578288642e-01 7.351739526401357416e-01
2.029153519688260965e-01 7.366128171125304602e-01
2.038085102778234015e-01 7.380438832196321020e-01
2.047036289848207236e-01 7.394671828717779283e-01
2.056007080898180628e-01 7.408827480316867442e-01
2.064997475928155024e-01 7.422906107103307560e-01
2.074007474938129869e-01 7.436908029631372763e-01
2.083037077928105441e-01 7.450833568859774880e-01
2.092086284898081183e-01 7.464683046114640730e-01
2.101155095848057097e-01 7.478456783050922985e-01
2.110243510778034015e-01 7.492155101617294921e-01
2.119351529688011382e-01 7.505778324019118930e-01
2.128479152577989197e-01 7.519326772683458948e-01
2.137626379447967184e-01 7.532800770224739040e-01
2.146793210297945897e-01 7.546200639410913791e-01
2.155979645127925337e-01 7.559526703129921810e-01
2.165185683937905226e-01 7.572779284357644691e-01
2.174411326727885563e-01 7.585958706125510709e-01
2.183656573497865794e-01 7.599065291489234264e-01
2.192921424247847306e-01 7.612099363498713300e-01
2.202205878977829268e-01 7.625061245167799040e-01
2.211509937687811678e-01 7.637951259444231145e-01
2.220833600377793982e-01 7.650769729181816636e-01
2.230176867047777289e-01 7.663516977111437534e-01
2.239539737697761046e-01 7.676193325813861490e-01
2.248922212327745529e-01 7.688799097692521345e-01
2.258324290937730461e-01 7.701334614947153989e-01
2.267745973527715286e-01 7.713800199547165004e-01
2.277187260097701116e-01 7.726196173207527940e-01
2.286648150647687394e-01 7.738522857362614138e-01
2.296128645177674399e-01 7.750780573142611596e-01
2.305628743687661297e-01 7.762969641349457550e-01
2.315148446177649200e-01 7.775090382433589298e-01
2.324687752647637551e-01 7.787143116471133553e-01
2.334246663097626351e-01 7.799128163141493264e-01
2.343825177527615322e-01 7.811045841705595016e-01
2.353423295937605020e-01 7.822896470985052364e-01
2.363041018327595444e-01 7.834680369339956929e-01
2.372678344697586317e-01 7.846397854649769243e-01
2.382335275047577638e-01 7.858049244293175972e-01
2.392011809377569131e-01 7.869634855127073392e-01
2.401707947687561351e-01 7.881155003469541009e-01
2.411423689977554297e-01 7.892610005079627733e-01
2.421159036247547691e-01 7.904000175139541673e-01
2.430913986497540979e-01 7.915325828236164929e-01
2.440688540727535549e-01 7.926587278343979470e-01
2.450482698937530290e-01 7.937784838806405396e-01
2.460296461127525758e-01 7.948918822319701594e-01
2.470129827297521674e-01 7.959989540913128270e-01
2.479982797447517484e-01 7.970997305930439536e-01
2.489855371577514298e-01 7.981942428006599810e-01
2.499747549687511561e-01 7.992825217031802598e-01
2.509659331777509550e-01 8.003615584746464062e-01
2.519590717847506878e-01 8.014373889898100956e-01
2.529541707897505765e-01 8.025070773709149785e-01
2.539512301927505100e-01 8.035706543047242967e-01
2.549502499937504885e-01 8.046281503971071114e-01
2.559512301927505673e-01 8.056795961732986511e-01
2.569541707897506355e-01 8.067250220775685765e-01
2.579590717847507486e-01 8.077644584720662380e-01
2.589659331777509621e-01 8.087979356361107985e-01
2.599747549687512205e-01 8.098254837648640736e-01
2.609855371577514682e-01 8.108471329684205919e-01
2.619982797447518164e-01 8.118629132707321228e-01
2.630129827297520984e-01 8.128728546085413065e-01
2.640296461127525363e-01 8.138769868304969179e-01
2.650482698937530190e-01 8.148753396959651507e-01
2.660688540727535467e-01 8.158679428742916517e-01
2.670913986497541748e-01 8.168548259436824166e-01
2.681159036247547922e-01 8.178360183905432068e-01
2.691423689977554545e-01 8.188115496083128164e-01
2.701707947687562172e-01 8.197814488968266922e-01
2.712011809377570248e-01 8.207457454614519587e-01
2.722335275047577108e-01 8.217044684122168929e-01
2.732678344697586081e-01 8.226576467630761780e-01
2.743041018327595504e-01 8.236053094312274503e-01
2.753423295937605375e-01 8.245474852362678631e-01
2.763825177527615695e-01 8.254842028995635905e-01
2.774246663097627019e-01 8.264154910436242174e-01
2.784687752647638237e-01 8.273413781913089293e-01
2.795148446177649904e-01 8.282618927653135898e-01
2.805628743687662574e-01 8.291770630875041626e-01
2.816128645177674028e-01 8.300869173783711474e-01
2.826648150647687596e-01 8.309914837564166268e-01
2.837187260097701613e-01 8.318907902376457830e-01
2.847745973527716079e-01 8.327848647350261091e-01
2.858324290937730994e-01 8.336737350580459838e-01
2.868922212327746357e-01 8.345574289120767375e-01
2.879539737697762170e-01 8.354359738980896566e-01
2.890176867047778431e-01 8.363093975121154156e-01
2.900833600377795141e-01 8.371777271448391788e-01
2.911509937687811744e-01 8.380409900812084700e-01
2.922205878977829352e-01 8.388992134999742056e-01
2.932921424247847964e-01 8.397524244734995147e-01
2.943656573497866469e-01 8.406006499671778709e-01
2.954411326727885978e-01 8.414439168392660040e-01
2.965185683937905936e-01 8.422822518405171932e-01
2.975979645127926343e-01 8.431156816138559718e-01
2.986793210297947199e-01 8.439442326941317685e-01
2.997626379447967393e-01 8.447679315078652218e-01
3.008479152577989146e-01 8.455868043728916872e-01
3.019351529688011904e-01 8.464008774982715311e-01
3.030243510778034555e-01 8.472101769839941454e-01
3.041155095848058210e-01 8.480147288207419143e-01
3.052086284898081758e-01 8.488145588897697547e-01
3.063037077928106311e-01 8.496096929626928418e-01
3.074007474938131312e-01 8.504001567012878793e-01
3.084997475928156763e-01 8.511859756573976199e-01
3.096007080898180996e-01 8.519671752728420477e-01
3.107036289848207899e-01 8.527437808791192841e-01
3.118085102778234696e-01 8.535158176975041755e-01
3.129153519688261942e-01 8.542833108388222518e-01
3.140241540578289636e-01 8.550462853034052069e-01
3.151349165448318335e-01 8.558047659809979724e-01
3.162476394298346927e-01 8.565587776507361806e-01
3.173623227128376523e-01 8.573083449810852130e-01
3.184789663938406568e-01 8.580534925297426119e-01
3.195975704728435396e-01 8.587942447437351134e-01
3.207181349498466338e-01 8.595306259593187281e-01
3.218406598248497730e-01 8.602626604019311118e-01
3.229651450978529570e-01 8.609903721863290116e-01
3.240915907688562414e-01 8.617137853165078853e-01
3.252199968378595152e-01 8.624329236857967151e-01
3.263503633048628338e-01 8.631478110767155654e-01
3.274826901698662529e-01 8.638584711613160882e-01
3.286169774328696613e-01 8.645649275010253154e-01
3.297532250938730591e-01 8.652672035467464662e-01
3.308914331528765573e-01 8.659653226389321112e-01
3.320316016098801559e-01 8.666593080077662492e-01
3.331737304648837994e-01 8.673491827731072412e-01
3.343178197178874878e-01 8.680349699446546774e-01
3.354638693688912210e-01 8.687166924220650621e-01
3.366118794178950546e-01 8.693943729950120991e-01
3.377618498648988776e-01 8.700680343433980779e-01
3.389137807099027455e-01 8.707376990373069114e-01
3.400676719529066028e-01 8.714033895372123029e-01
3.412235235939105604e-01 8.720651281939045818e-01
3.423813356329146185e-01 8.727221048502404877e-01
3.435411080699187214e-01 8.733759760659860483e-01
3.447028409049228137e-01 8.740259610652492128e-01
3.458665341379270064e-01 8.746720817492270594e-01
3.470321877689312440e-01 8.753143599103263561e-01
3.481998017979355819e-01 8.759528172324225759e-01
3.493693762249399093e-01 8.765874752910236545e-01
3.505409110499441705e-01 8.772183555537444999e-01
3.517144062729485876e-01 8.778454793802072942e-01
3.528898618939531051e-01 8.784688680225369861e-01
3.540672779129576120e-01 8.790885426253841617e-01
3.552466543299622193e-01 8.797045242262281350e-01
3.564279911449668714e-01 8.803168337556598333e-01
3.576112883579715684e-01 8.809254920375073628e-01
3.587965459689763104e-01 8.815305197891566413e-01
3.599837639779809306e-01 8.821319376217469088e-01
3.611729423849858178e-01 8.827297660404738178e-01
3.623640811899906944e-01 8.833240254447779494e-01
3.635571803929956158e-01 8.839147361286953108e-01
3.647522399940006377e-01 8.845019182809676916e-01
3.659492599930056489e-01 8.850855919854342391e-01
3.671482403900107605e-01 8.856657772213097912e-01
3.683491811850159170e-01 8.862424938633826077e-01
3.695520823780210629e-01 8.868157616823435507e-01
3.707569439690261981e-01 8.873856003450544261e-01
3.719637659580314892e-01 8.879520294148099957e-01
3.731725483450368253e-01 8.885150683516430670e-01
3.743832911300422062e-01 8.890747365126667745e-01
3.755959943130476320e-01 8.896310531523115017e-01
3.768106578940531581e-01 8.901840374226347441e-01
3.780272818730586737e-01 8.907337083736421857e-01
3.792458662500642896e-01 8.912800849535377212e-01
3.804664110250698950e-01 8.918231860091542229e-01
3.816889161980754896e-01 8.923630302861452757e-01
3.829133817690812402e-01 8.928996364293297905e-01
3.841398077380869802e-01 8.934330229830621528e-01
3.853681941050928206e-01 8.939632083914857974e-01
3.865985408700987613e-01 8.944902109988913663e-01
3.878308480331046915e-01 8.950140490500396728e-01
3.890651155941106665e-01 8.955347406904727858e-01
3.903013435531166864e-01 8.960523039668554235e-01
3.915395319101228067e-01 8.965667568273428811e-01
3.927796806651288053e-01 8.970781171217776517e-01
3.940217898181350153e-01 8.975864026022852826e-01
3.952658593691412148e-01 8.980916309232968020e-01
3.965118893181475146e-01 8.985938196421363600e-01
3.977598796651538593e-01 8.990929862192379440e-01
3.990098304101602489e-01 8.995891480185213007e-01
4.002617415531666833e-01 9.000823223077766277e-01
4.015156130941732182e-01 9.005725262589273639e-01
4.027714450331797424e-01 9.010597769484519626e-01
4.040292373701862005e-01 9.015440913576731052e-01
4.052889901051928145e-01 9.020254863731727024e-01
4.065507032381995289e-01 9.025039787871207420e-01
4.078143767692062882e-01 9.029795852975681658e-01
4.090800106982130369e-01 9.034523225089557963e-01
4.103476050252198859e-01 9.039222069322269126e-01
4.116171597502267798e-01 9.043892549854428697e-01
4.128886748732337186e-01 9.048534829939910429e-01
4.141621503942407023e-01 9.053149071909464274e-01
4.154375863132476199e-01 9.057735437175139515e-01
4.167149826302546933e-01 9.062294086232864920e-01
4.179943393452618672e-01 9.066825178667439200e-01
4.192756564582690304e-01 9.071328873154010930e-01
4.205589339692762940e-01 9.075805327463983829e-01
4.218441718782836025e-01 9.080254698467425944e-01
4.231313701852909004e-01 9.084677142136190486e-01
4.244205288902982987e-01 9.089072813549937679e-01
4.257116479933056308e-01 9.093441866896664338e-01
4.270047274943131188e-01 9.097784455478477028e-01
4.282997673933206517e-01 9.102100731714308779e-01
4.295967676903282295e-01 9.106390847144595346e-01
4.308957283853359077e-01 9.110654952433149267e-01
4.321966494783435753e-01 9.114893197372698763e-01
4.334995309693513432e-01 9.119105730887981931e-01
4.348043728583591006e-01 9.123292701038299146e-01
4.361111751453669583e-01 9.127454255022732221e-01
4.374199378303746943e-01 9.131590539182881106e-01
4.387306609133826418e-01 9.135701699006915089e-01
4.400433443943906342e-01 9.139787879133179915e-01
4.413579882733986715e-01 9.143849223353514022e-01
4.426745925504067536e-01 9.147885874617580626e-01
4.439931572254149361e-01 9.151897975035723221e-01
4.453136822984231080e-01 9.155885665882966817e-01
4.466361677694313248e-01 9.159849087602632833e-01
4.479606136384396420e-01 9.163788379809980622e-01
4.492870199054478375e-01 9.167703681294465667e-01
4.506153865704562445e-01 9.171589935190310738e-01
4.519457136334646408e-01 9.175457488076524948e-01
4.532780010944731375e-01 9.179301457530724129e-01
4.546122489534816791e-01 9.183121979018232794e-01
4.559484572104903211e-01 9.186919187197621905e-01
4.572866258654989524e-01 9.190693215924461423e-01
4.586267549185076287e-01 9.194444198255578016e-01
4.599688443695163498e-01 9.198172266452956380e-01
4.613128942185250048e-01 9.201877551986473724e-01
4.626589044655338712e-01 9.205560185538703699e-01
4.640068751105427269e-01 9.209220297007560951e-01
4.653568061535516831e-01 9.212858015510320131e-01
4.667086975945606842e-01 9.216473469387375106e-01
4.680625494335697301e-01 9.220066786205779463e-01
4.694183616705788209e-01 9.223638092762499463e-01
4.707761343055879566e-01 9.227187515087820202e-01
4.721358673385971372e-01 9.230715178450321634e-01
4.734975607696062516e-01 9.234221207358267458e-01
4.748612145986155220e-01 9.237705725564760995e-01
4.762268288256248927e-01 9.241168856071144688e-01
4.775944034506342528e-01 9.244610721129599140e-01
4.789639384736437133e-01 9.248031442247156564e-01
4.803354338946532187e-01 9.251431140189767532e-01
4.817088897136627690e-01 9.254809934985279707e-01
4.830843059306723641e-01 9.258167945926669695e-01
4.844616825456818376e-01 9.261505291575721222e-01
4.858410195586915226e-01 9.264822089767111857e-01
4.872223169697012524e-01 9.268118457611023153e-01
4.886055747787110826e-01 9.271394511496859892e-01
4.899907929857209021e-01 9.274650367096815007e-01
4.913779715907308221e-01 9.277886139369189156e-01
4.927671105937407314e-01 9.281101942562041129e-01
4.941582099947507412e-01 9.284297890216043347e-01
4.955512697937607958e-01 9.287474095168349875e-01
4.969462899907707287e-01 9.290630669555808296e-01
4.983432705857808731e-01 9.293767724818784437e-01
4.997422115787910624e-01 9.296885371703641487e-01
5.011431129698012965e-01 9.299983720266568055e-01
5.025459747588115755e-01 9.303062879877089797e-01
5.039507969458218994e-01 9.306122959220827218e-01
5.053575795308323793e-01 9.309164066303767804e-01
5.067663225138427929e-01 9.312186308454394323e-01
5.081770258948532515e-01 9.315189792327824847e-01
5.095896896738636439e-01 9.318174623908795917e-01
5.110043138508743032e-01 9.321140908514751189e-01
5.124208984258848965e-01 9.324088750799164327e-01
5.138394433988955345e-01 9.327018254755599092e-01
5.152599487699063285e-01 9.329929523718867301e-01
5.166824145389171674e-01 9.332822660371097312e-01
5.181068407059279401e-01 9.335697766742003800e-01
5.195332272709388688e-01 9.338554944214513265e-01
5.209615742339498423e-01 9.341394293526030790e-01
5.223918815949606387e-01 9.344215914773057463e-01
5.238241493539717020e-01 9.347019907413177675e-01
5.252583775109828101e-01 9.349806370269072575e-01
5.266945660659939632e-01 9.352575401531132426e-01
5.281327150190051611e-01 9.355327098760626292e-01
5.295728243700164040e-01 9.358061558892868392e-01
5.310148941190276917e-01 9.360778878240270107e-01
5.324589242660390243e-01 9.363479152495112201e-01
5.339049148110504017e-01 9.366162476733268516e-01
5.353528657540617131e-01 9.368828945416548537e-01
5.368027770950731803e-01 9.371478652395887066e-01
5.382546488340846924e-01 9.374111690914489481e-01
5.397084809710962494e-01 9.376728153610882632e-01
5.411642735061079623e-01 9.379328132521240757e-01
5.426220264391196091e-01 9.381911719083402268e-01
5.440817397701314118e-01 9.384479004138777114e-01
5.455434134991431483e-01 9.387030077936031613e-01
5.470070476261550407e-01 9.389565030133464330e-01
5.484726421511667560e-01 9.392083949802184639e-01
5.499401970741787382e-01 9.394586925428620727e-01
5.514097123951906543e-01 9.397074044917959057e-01
5.528811881142027262e-01 9.399545395596615727e-01
5.543546242312148431e-01 9.402001064215287363e-01
5.558300207462270048e-01 9.404441136951035007e-01
5.573073776592392115e-01 9.406865699411156578e-01
5.587866949702514630e-01 9.409274836635534989e-01
5.602679726792635373e-01 9.411668633099027348e-01
5.617512107862758786e-01 9.414047172714625766e-01
5.632364092912882647e-01 9.416410538835782162e-01
5.647235681943006957e-01 9.418758814260194123e-01
5.662126874953131717e-01 9.421092081230991733e-01
5.677037671943258035e-01 9.423410421440671092e-01
5.691968072913383692e-01 9.425713916032520956e-01
5.706918077863509797e-01 9.428002645604756093e-01
5.721887686793637462e-01 9.430276690212540114e-01
5.736876899703762245e-01 9.432536129369516464e-01
5.751885716593890807e-01 9.434781042052564626e-01
5.766914137464018708e-01 9.437011506702369656e-01
5.781962162314148168e-01 9.439227601227357933e-01
5.797029791144278077e-01 9.441429403004992782e-01
5.812117023954407324e-01 9.443616988885942254e-01
5.827223860744538131e-01 9.445790435195267065e-01
5.842350301514669386e-01 9.447949817735349365e-01
5.857496346264799980e-01 9.450095211788722693e-01
5.872661994994931023e-01 9.452226692119859441e-01
5.887847247705062514e-01 9.454344332978069643e-01
5.903052104395195565e-01 9.456448208100134423e-01
5.918276565065329065e-01 9.458538390712366573e-01
5.933520629715463013e-01 9.460614953533139637e-01
5.948784298345597410e-01 9.462677968775337067e-01
5.964067570955732256e-01 9.464727508148196300e-01
5.979370447545868661e-01 9.466763642860659411e-01
5.994692928116004405e-01 9.468786443622937421e-01
6.010035012666138377e-01 9.470795980649409085e-01
6.025396701196276128e-01 9.472792323659893210e-01
6.040777993706413218e-01 9.474775541883373453e-01
6.056178890196550757e-01 9.476745704058553432e-01
6.071599390666689855e-01 9.478702878437834656e-01
6.087039495116828292e-01 9.480647132787872744e-01
6.102499203546968287e-01 9.482578534392100966e-01
6.117978515957107621e-01 9.484492471056636953e-01
6.133477432347248515e-01 9.486398251069011467e-01
6.148995952717387636e-01 9.488291375638219227e-01
6.164534077067529427e-01 9.490171910134593825e-01
6.180091805397671667e-01 9.492039919456176644e-01
6.195669137707813245e-01 9.493895468031569029e-01
6.211266073997956383e-01 9.495738619822032822e-01
6.226882614268099969e-01 9.497569438323558710e-01
6.242518758518244004e-01 9.499387986569333142e-01
6.258174506748388488e-01 9.501194327131445849e-01
6.273849858958533421e-01 9.502988522123217985e-01
6.289544815148676582e-01 9.504770633201076180e-01
6.305259375318823523e-01 9.506540721566643093e-01
6.320993539468969802e-01 9.508298847968387202e-01
6.336747307599116530e-01 9.510045072704472746e-01
6.352520679709263707e-01 9.511779455623829982e-01
6.368313655799411332e-01 9.513502056128221307e-01
6.384126235869560517e-01 9.515212933174720389e-01
6.399958419919709041e-01 9.516912145277304225e-01
6.415810207949856903e-01 9.518599750508208723e-01
6.431681599960007434e-01 9.520275806500825277e-01
6.447572595950157304e-01 9.521940370450694413e-01
6.463483195920308733e-01 9.523593499117656291e-01
6.479413399870459500e-01 9.525235248827568224e-01
6.495363207800611827e-01 9.526865675474799344e-01
6.511332619710764602e-01 9.528484834522655822e-01
6.527321635600916716e-01 9.530092781006362923e-01
6.543330255471070389e-01 9.531689569534098627e-01
6.559358479321222291e-01 9.533275254288948730e-01
6.575406307151376861e-01 9.534849889031081771e-01
6.591473738961531881e-01 9.536413527098376308e-01
6.607560774751687349e-01 9.537966221409147627e-01
6.623667414521843266e-01 9.539508024463326796e-01
6.639793658271999632e-01 9.541038988343825133e-01
6.655939506002157557e-01 9.542559164718757980e-01
6.672104957712314821e-01 9.544068604842911308e-01
6.688290013402472534e-01 9.545567359558970733e-01
6.704494673072629585e-01 9.547055479299121350e-01
6.720718936722788195e-01 9.548533014086942883e-01
6.736962804352947254e-01 9.550000013539066135e-01
6.753226275963107872e-01 9.551456526865974572e-01
6.769509351553267829e-01 9.552902602874324689e-01
6.785812031123429344e-01 9.554338289967363451e-01
6.802134314673590199e-01 9.555763636147729390e-01
6.818476202203752612e-01 9.557178689018177575e-01
6.834837693713914364e-01 9.558583495782390083e-01
6.851218789204075454e-01 9.559978103247572800e-01
6.867619488674239214e-01 9.561362557825312525e-01
6.884039792124403423e-01 9.562736905532805975e-01
6.900479699554568080e-01 9.564101191993880091e-01
6.916939210964733187e-01 9.565455462441773138e-01
6.933418326354898742e-01 9.566799761718595141e-01
6.949917045725064746e-01 9.568134134277702652e-01
6.966435369075231199e-01 9.569458624184800088e-01
6.982973296405398100e-01 9.570773275119270895e-01
6.999530827715563230e-01 9.572078130375161198e-01
7.016107963005731030e-01 9.573373232862281146e-01
7.032704702275899278e-01 9.574658625108259935e-01
7.049321045526069085e-01 9.575934349258236056e-01
7.065956992756238231e-01 9.577200447077940382e-01
7.082612543966407825e-01 9.578456959952924565e-01
7.099287699156578979e-01 9.579703928890845877e-01
7.115982458326749471e-01 9.580941394522610732e-01
7.132696821476921523e-01 9.582169397102623387e-01
7.149430788607090692e-01 9.583387976510664430e-01
7.166184359717263641e-01 9.584597172252485864e-01
7.182957534807437039e-01 9.585797023461171129e-01
7.199750313877609775e-01 9.586987568897900047e-01
7.216562696927784071e-01 9.588168846952883628e-01
7.233394683957958815e-01 9.589340895646470964e-01
7.250246274968132898e-01 9.590503752630140655e-01
7.267117469958308540e-01 9.591657455187537762e-01
7.284008268928482410e-01 9.592802040234668093e-01
7.300918671878658950e-01 9.593937544322017619e-01
7.317848678808835938e-01 9.595064003634206085e-01
7.334798289719013376e-01 9.596181453991656785e-01
7.351767504609192372e-01 9.597289930851173878e-01
7.368756323479370707e-01 9.598389469306275457e-01
7.385764746329549491e-01 9.599480104088962129e-01
7.402792773159728723e-01 9.600561869569083084e-01
7.419840403969908404e-01 9.601634799757584604e-01
7.436907638760087425e-01 9.602698928303677883e-01
7.453994477530268004e-01 9.603754288498681513e-01
7.471100920280450142e-01 9.604800913275208796e-01
7.488226967010631618e-01 9.605838835207546333e-01
7.505372617720814654e-01 9.606868086513872251e-01
7.522537872410997029e-01 9.607888699055083803e-01
7.539722731081180962e-01 9.608900704336297283e-01
7.556927193731364234e-01 9.609904133507569668e-01
7.574151260361549065e-01 9.610899017363910835e-01
7.591394930971732125e-01 9.611885386345826454e-01
7.608658205561917853e-01 9.612863270541166516e-01
7.625941084132104031e-01 9.613832699683586558e-01
7.643243566682289547e-01 9.614793703153797777e-01
7.660565653212476622e-01 9.615746309981016982e-01
7.677907343722664146e-01 9.616690548841807518e-01
7.695268638212852119e-01 9.617626448062173150e-01
7.712649536683040541e-01 9.618554035615831665e-01
7.730050039133229411e-01 9.619473339126489719e-01
7.747470145563417621e-01 9.620384385867246646e-01
7.764909855973607389e-01 9.621287202761253932e-01
7.782369170363797606e-01 9.622181816381338848e-01
7.799848088733989382e-01 9.623068252951134660e-01
7.817346611084180497e-01 9.623946538344942958e-01
7.834864737414372060e-01 9.624816698087650391e-01
7.852402467724565183e-01 9.625678757355938808e-01
7.869959802014757644e-01 9.626532740976722069e-01
7.887536740284951664e-01 9.627378673429072276e-01
7.905133282535142802e-01 9.628216578842926365e-01
7.922749428765337720e-01 9.629046481000763658e-01
7.940385178975533087e-01 9.629868403335681837e-01
7.958040533165727792e-01 9.630682368933024540e-01
7.975715491335924057e-01 9.631488400530118232e-01
7.993410053486120770e-01 9.632286520515002115e-01
8.011124219616317932e-01 9.633076750928760701e-01
8.028857989726515543e-01 9.633859113463036916e-01
8.046611363816711382e-01 9.634633629461354376e-01
8.064384341886909890e-01 9.635400319918817624e-01
8.082176923937108848e-01 9.636159205481924506e-01
8.099989109967308254e-01 9.636910306447640240e-01
8.117820899977508109e-01 9.637653642764866246e-01
8.135672293967708413e-01 9.638389234032233022e-01
8.153543291937909165e-01 9.639117099499563412e-01
8.171433893888111477e-01 9.639837258066731307e-01
8.189344099818313127e-01 9.640549728282982178e-01
8.207273909728513006e-01 9.641254528347890096e-01
8.225223323618716664e-01 9.641951676110100955e-01
8.243192341488919661e-01 9.642641189066828433e-01
8.261180963339124217e-01 9.643323084363554232e-01
8.279189189169328111e-01 9.643997378794121333e-01
8.297217018979533565e-01 9.644664088799954627e-01
8.315264452769738357e-01 9.645323230469133868e-01
8.333331490539944708e-01 9.645974819536207168e-01
8.351418132290151508e-01 9.646618871381767990e-01
8.369524378020356536e-01 9.647255401031973321e-01
8.387650227730564234e-01 9.647884423157357947e-01
8.405795681420771270e-01 9.648505952072299330e-01
8.423960739090979866e-01 9.649120001734756702e-01
8.442145400741188910e-01 9.649726585745581620e-01
8.460349666371398403e-01 9.650325717346781573e-01
8.478573535981608345e-01 9.650917409422333781e-01
8.496817009571818735e-01 9.651501674495960303e-01
8.515080087142030685e-01 9.652078524730908216e-01
8.533362768692239753e-01 9.652647971928546289e-01
8.551665054222451490e-01 9.653210027528538184e-01
8.569986943732663676e-01 9.653764702607111614e-01
8.588328437222877421e-01 9.654312007875647250e-01
8.606689534693090504e-01 9.654851953680769761e-01
8.625070236143304037e-01 9.655384550002369393e-01
8.643470541573519128e-01 9.655909806452992461e-01
8.661890450983733558e-01 9.656427732276574583e-01
8.680329964373949547e-01 9.656938336347181684e-01
8.698789081744163765e-01 9.657441627167814291e-01
8.717267803094379541e-01 9.657937612869738064e-01
8.735766128424596877e-01 9.658426301209928067e-01
8.754284057734814661e-01 9.658907699571063210e-01
8.772821591025032895e-01 9.659381814959865364e-01
8.791378728295250466e-01 9.659848654004827839e-01
8.809955469545469597e-01 9.660308222955876767e-01
8.828551814775689177e-01 9.660760527682482612e-01
8.847167763985909206e-01 9.661205573672065894e-01
8.865803317176127463e-01 9.661643366028551672e-01
8.884458474346348389e-01 9.662073909470387800e-01
8.903133235496569764e-01 9.662497208329766663e-01
8.921827600626792698e-01 9.662913266549887359e-01
8.940541569737014971e-01 9.663322087684242945e-01
8.959275142827237692e-01 9.663723674894320048e-01
8.978028319897460863e-01 9.664118030947562721e-01
8.996801100947685592e-01 9.664505158215610514e-01
9.015593485977907440e-01 9.664885058673541307e-01
9.034405474988133067e-01 9.665257733895799008e-01
9.053237067978358033e-01 9.665623185056265720e-01
9.072088264948584557e-01 9.665981412924339322e-01
9.090959065898810421e-01 9.666332417864963444e-01
9.109849470829037843e-01 9.666676199834739469e-01
9.128759479739264604e-01 9.667012758379974757e-01
9.147689092629492924e-01 9.667342092635509143e-01
9.166638309499721693e-01 9.667664201321628514e-01
9.185607130349948690e-01 9.667979082741203767e-01
9.204595555180178357e-01 9.668286734778319680e-01
9.223603583990407362e-01 9.668587154895833535e-01
9.242631216780637926e-01 9.668880340131617013e-01
9.261678453550868939e-01 9.669166287097753498e-01
9.280745294301100401e-01 9.669444991976402504e-01
9.299831739031333422e-01 9.669716450518056616e-01
9.318937787741565781e-01 9.669980658038669352e-01
9.338063440431798590e-01 9.670237609416115765e-01
9.357208697102029626e-01 9.670487299088875721e-01
9.376373557752263332e-01 9.670729721051845029e-01
9.395558022382498597e-01 9.670964868853719754e-01
9.414762090992733201e-01 9.671192735594010825e-01
9.433985763582968254e-01 9.671413313920749211e-01
9.453229040153204865e-01 9.671626596025501010e-01
9.472491920703440815e-01 9.671832573642500375e-01
9.491774405233678324e-01 9.672031238043204970e-01
9.511076493743915172e-01 9.672222580034764983e-01
9.530398186234151359e-01 9.672406589955478973e-01
9.549739482704390214e-01 9.672583257671442114e-01
9.569100383154629519e-01 9.672752572573828367e-01
9.588480887584868162e-01 9.672914523574265289e-01
9.607880995995108364e-01 9.673069099102026280e-01
9.627300708385349015e-01 9.673216287099679622e-01
9.646740024755590115e-01 9.673356075019250433e-01
9.666198945105831664e-01 9.673488449819774848e-01
9.685677469436073661e-01 9.673613397960645344e-01
9.705175597746313887e-01 9.673730905400272917e-01
9.724693330036556782e-01 9.673840957590412737e-01
9.744230666306800126e-01 9.673943539472338315e-01
9.763787606557043919e-01 9.674038635472649306e-01
9.783364150787289271e-01 9.674126229499485641e-01
9.802960298997533961e-01 9.674206304936595613e-01
9.822576051187779100e-01 9.674278844640763486e-01
9.842211407358025799e-01 9.674343830935427935e-01
9.861866367508271836e-01 9.674401245607437971e-01
9.881540931638517211e-01 9.674451069901587319e-01
9.901235099748764146e-01 9.674493284515616187e-01
9.920948871839012639e-01 9.674527869595861418e-01
9.940682247909260472e-01 9.674554804731531066e-01
9.960435227959509863e-01 9.674574068950198003e-01
9.980207811989759703e-01 9.674585640712415335e-01
1.000000000000000666e+00 9.674589497906235236e-01
