0.000000000000000000e+00 0.000000000000000000e+00
2.078119897502626434e-05 0.000000000000000000e+00
4.352279595010249372e-05 0.000000000000000000e+00
6.822479092522875592e-05 5.048743798115056142e-29
9.488718390040502381e-05 0.000000000000000000e+00
1.235099748756312839e-04 0.000000000000000000e+00
1.540931638509075632e-04 0.000000000000000000e+00
1.866367508262337669e-04 0.000000000000000000e+00
2.211407358016100034e-04 0.000000000000000000e+00
2.576051187770363269e-04 0.000000000000000000e+00
2.960298997525126832e-04 0.000000000000000000e+00
3.364150787280388555e-04 0.000000000000000000e+00
3.787606557036150606e-04 0.000000000000000000e+00
4.230666306792412444e-04 0.000000000000000000e+00
4.693330036549174067e-04 0.000000000000000000e+00
5.175597746306437102e-04 0.000000000000000000e+00
5.677469436064200466e-04 0.000000000000000000e+00
6.198945105822462531e-04 0.000000000000000000e+00
6.740024755581224382e-04 0.000000000000000000e+00
7.300708385340486020e-04 0.000000000000000000e+00
7.880995995100251780e-04 0.000000000000000000e+00
8.480887584860512989e-04 0.000000000000000000e+00
9.100383154621275068e-04 0.000000000000000000e+00
9.739482704382536934e-04 0.000000000000000000e+00
1.039818623414429750e-03 0.000000000000000000e+00
1.107649374390655894e-03 0.000000000000000000e+00
1.177440523366932558e-03 0.000000000000000000e+00
1.249192070343258659e-03 0.000000000000000000e+00
1.322904015319634847e-03 0.000000000000000000e+00
1.398576358296060905e-03 0.000000000000000000e+00
1.476209099272537051e-03 0.000000000000000000e+00
1.555802238249063716e-03 0.000000000000000000e+00
1.637355775225640036e-03 0.000000000000000000e+00
1.720869710202266008e-03 0.000000000000000000e+00
1.806344043178942285e-03 0.000000000000000000e+00
1.893778774155669082e-03 0.000000000000000000e+00
1.983173903132445098e-03 0.000000000000000000e+00
2.074529430109271419e-03 0.000000000000000000e+00
2.167845355086147393e-03 0.000000000000000000e+00
2.263121678063073454e-03 0.000000000000000000e+00
2.360358399040050469e-03 0.000000000000000000e+00
2.459555518017076271e-03 0.000000000000000000e+00
2.560713034994152593e-03 0.000000000000000000e+00
2.663830949971278568e-03 0.000000000000000000e+00
2.768909262948454630e-03 0.000000000000000000e+00
2.875947973925680780e-03 0.000000000000000000e+00
2.984947082902957450e-03 0.000000000000000000e+00
3.095906589880283773e-03 0.000000000000000000e+00
3.208826494857659750e-03 0.000000000000000000e+00
3.323706797835085814e-03 0.000000000000000000e+00
3.440547498812561965e-03 0.000000000000000000e+00
3.559348597790088636e-03 0.000000000000000000e+00
3.680110094767664961e-03 0.000000000000000000e+00
3.802831989745290939e-03 0.000000000000000000e+00
3.927514282722965704e-03 0.000000000000000000e+00
4.054156973700691856e-03 0.000000000000000000e+00
4.182760062678468095e-03 0.000000000000000000e+00
4.313323549656295289e-03 0.000000000000000000e+00
4.445847434634171702e-03 0.000000000000000000e+00
4.580331717612097335e-03 0.000000000000000000e+00
4.716776398590073922e-03 0.000000000000000000e+00
4.855181477568099729e-03 0.000000000000000000e+00
4.995546954546175623e-03 0.000000000000000000e+00
5.137872829524301604e-03 0.000000000000000000e+00
5.282159102502477672e-03 0.000000000000000000e+00
5.428405773480703828e-03 0.000000000000000000e+00
5.576612842458980070e-03 0.000000000000000000e+00
5.726780309437305531e-03 0.000000000000000000e+00
5.878908174415681948e-03 0.000000000000000000e+00
6.032996437394107583e-03 0.000000000000000000e+00
6.189045098372585908e-03 0.000000000000000000e+00
6.347054157351111718e-03 0.000000000000000000e+00
6.507023614329687615e-03 0.000000000000000000e+00
6.668953469308313599e-03 0.000000000000000000e+00
6.832843722286989670e-03 0.000000000000000000e+00
6.998694373265715828e-03 0.000000000000000000e+00
7.166505422244492073e-03 0.000000000000000000e+00
7.336276869223317537e-03 0.000000000000000000e+00
7.508008714202193956e-03 4.940656458412465442e-324
7.681700957181119595e-03 4.940656458412465442e-324
7.857353598160098790e-03 4.940656458412465442e-324
8.034966637139125470e-03 4.940656458412465442e-324
8.214540074118200502e-03 4.940656458412465442e-324
8.396073909097327356e-03 4.940656458412465442e-324
8.579568142076502563e-03 9.881312916824930884e-324
8.765022773055727856e-03 9.881312916824930884e-324
8.952437802035004971e-03 1.482196937523739633e-323
9.141813229014330439e-03 1.482196937523739633e-323
9.333149053993705993e-03 2.245246491614056116e-268
9.526445276973131635e-03 9.817957349314135580e-188
9.721701897952607363e-03 7.968594683315081602e-127
9.918918916932136648e-03 2.851656485630142549e-82
1.011809633391171255e-02 5.875458074794368294e-51
1.031923414889133854e-02 4.811265198345437431e-30
1.052233236187101462e-02 5.466311989786133087e-17
1.072739097285074078e-02 1.449861935839063302e-09
1.093440998183051703e-02 6.953629691145846402e-06
1.114338938881034163e-02 2.401364556103444071e-04
1.135432919379021806e-02 1.085004796361342195e-03
1.156722939677014457e-02 2.455260255528682756e-03
1.178208999775011943e-02 4.202924297250985354e-03
1.199891099673014612e-02 6.246536246179231096e-03
1.221769239371022463e-02 8.539339753264539243e-03
1.243843418869035149e-02 1.105121721773746207e-02
1.266113638167052670e-02 1.376090196500676446e-02
1.288579897265075200e-02 1.665232010558515691e-02
1.311242196163102738e-02 1.971268685310693242e-02
1.334100534861135459e-02 2.293142755400763219e-02
1.357154913359173015e-02 2.629952315237159277e-02
1.380405331657215580e-02 2.980909104874140611e-02
1.403851789755263153e-02 3.345310473450621713e-02
1.427494287653315735e-02 3.722519945724438867e-02
1.451332825351373326e-02 4.111953349437684480e-02
1.475367402849436273e-02 4.513068665538761542e-02
1.499598020147503881e-02 4.925358446233628340e-02
1.524024677245576498e-02 5.348344050044286091e-02
1.548647374143653950e-02 5.781571191293260331e-02
1.573466110841736931e-02 6.224606458875106552e-02
1.598480887339824227e-02 6.677034561892761233e-02
1.623691703637917053e-02 7.138456128463212258e-02
1.649098559736014366e-02 7.608485930990187274e-02
1.674701455634117209e-02 8.086751444015559398e-02
1.700500391332224540e-02 8.572891664065934725e-02
1.726495366830337400e-02 9.066556137734781140e-02
1.752686382128455442e-02 9.567404156590723907e-02
1.779073437226577625e-02 1.007510408665784202e-01
1.805656532124705685e-02 1.058933280710527974e-01
1.832435666822837886e-02 1.110977523804590889e-01
1.859410841320975616e-02 1.163612394135056655e-01
1.886582055619118528e-02 1.216807878153566419e-01
1.913949309717265929e-02 1.270534663622457927e-01
1.941512603615418858e-02 1.324764114762001510e-01
1.969271937313575929e-02 1.379468250796994089e-01
1.997227310811738876e-02 1.434619727324195626e-01
2.025378724109906312e-02 1.490191820022407077e-01
2.053726177208079276e-02 1.546158410307098552e-01
2.082269670106256382e-02 1.602493972599134120e-01
2.111009202804439364e-02 1.659173562930003065e-01
2.139944775302626487e-02 1.716172808652182413e-01
2.169076387600819486e-02 1.773467899059495978e-01
2.198404039699017321e-02 1.831035576753983485e-01
2.227927731597219643e-02 1.888853129622026783e-01
2.257647463295427495e-02 1.946898383302952673e-01
2.287563234793639835e-02 2.005149694053496023e-01
2.317675046091857705e-02 2.063585941925289990e-01
2.347982897190080062e-02 2.122186524187793799e-01
2.378486788088307949e-02 2.180931348937064362e-01
2.409186718786539977e-02 2.239800828843821201e-01
2.440082689284778228e-02 2.298775875000280688e-01
2.471174699583020273e-02 2.357837890831997463e-01
2.502462749681268195e-02 2.416968766048190331e-01
2.533946839579521298e-02 2.476150870607852217e-01
2.565626969277778543e-02 2.535367048684332714e-01
2.597503138776041318e-02 2.594600612613732205e-01
2.629575348074308580e-02 2.653835336815908441e-01
2.661843597172581372e-02 2.713055451681111729e-01
2.694307886070858651e-02 2.772245637414764152e-01
2.726968214769141807e-02 2.831391017837238677e-01
2.759824583267428758e-02 2.890477154136557036e-01
2.792876991565721931e-02 2.949490038572515904e-01
2.826125439664019939e-02 3.008416088132924160e-01
2.859569927562322089e-02 3.067242138143262964e-01
2.893210455260630115e-02 3.125955435832579732e-01
2.927047022758941935e-02 3.184543633857113143e-01
2.961079630057259979e-02 3.242994783786461999e-01
2.995308277155582163e-02 3.301297329555522575e-01
3.029732964053910224e-02 3.359440100887035041e-01
3.064353690752242426e-02 3.417412306688555335e-01
3.099170457250580504e-02 3.475203528429083866e-01
3.134183263548922377e-02 3.532803713500755061e-01
3.169392109647270472e-02 3.590203168569053860e-01
3.204796995545623056e-02 3.647392552918917175e-01
3.240397921243980128e-02 3.704362871799457557e-01
3.276194886742343076e-02 3.761105469773782795e-01
3.312187892040710513e-02 3.817612024078332889e-01
3.348376937139083825e-02 3.873874537996755407e-01
3.384762022037460932e-02 3.929885334252229967e-01
3.421343146735843915e-02 3.985637048423775752e-01
3.458120311234230693e-02 4.041122622388032548e-01
3.495093515532624040e-02 4.096335297790059116e-01
3.532262759631021182e-02 4.151268609536497012e-01
3.569628043529424199e-02 4.205907998951942672e-01
3.607189367227831706e-02 4.260264002299233854e-01
3.644946730726244394e-02 4.314322927993481938e-01
3.682900134024662264e-02 4.368079419709095523e-01
3.721049577123083929e-02 4.421528382641717325e-01
3.759395060021512164e-02 4.474664977341327732e-01
3.797936582719944193e-02 4.527484613597317353e-01
3.836674145218382098e-02 4.579982944384674570e-01
3.875607747516824492e-02 4.632155859872360559e-01
3.914737389615272761e-02 4.683999481503158258e-01
3.954063071513724825e-02 4.735510156143675209e-01
3.993584793212182765e-02 4.786684450306525895e-01
4.033302554710645887e-02 4.837519144448899078e-01
4.073216356009112804e-02 4.888011227347415222e-01
4.113326197107585597e-02 4.938157890552042906e-01
4.153632078006062878e-02 4.987956522918893243e-01
4.194133998704546035e-02 5.037404705225324575e-01
4.234831959203032986e-02 5.086500204866297725e-01
4.275725959501525814e-02 5.135240970634613600e-01
4.316815999600023129e-02 5.183625127584674530e-01
4.358102079498526321e-02 5.231650971981112175e-01
4.399584199197033307e-02 5.279316966333206240e-01
4.441262358695546170e-02 5.326621734514431772e-01
4.483136557994064214e-02 5.373564056968315183e-01
4.525206797092586747e-02 5.420142866000859927e-01
4.567473075991114462e-02 5.466357241159451874e-01
4.609935394689646665e-02 5.512206404697476136e-01
4.652593753188184744e-02 5.557689717127685114e-01
4.695448151486726618e-02 5.602806672858094972e-01
4.738498589585275061e-02 5.647556895919064734e-01
4.781745067483826606e-02 5.691940135770614528e-01
4.825187585182384720e-02 5.735956263200219230e-01
4.868826142680946628e-02 5.779605266302488831e-01
4.912660739979515107e-02 5.822887246543995143e-01
4.956691377078088073e-02 5.865802414912685281e-01
5.000918053976664834e-02 5.908351088151339026e-01
5.045340770675248165e-02 5.950533685069535617e-01
5.089959527173835291e-02 5.992350722944326247e-01
5.134774323472428292e-02 6.033802813994973979e-01
5.179785159571025088e-02 6.074890661943264103e-01
5.224992035469628454e-02 6.115615058650174518e-01
5.270394951168235614e-02 6.155976880832365605e-01
5.315993906666848651e-02 6.195977086855795068e-01
5.361788901965465481e-02 6.235616713606629835e-01
5.407779937064088882e-02 6.274896873435817923e-01
5.453967011962716771e-02 6.313818751179022248e-01
5.500350126661349148e-02 6.352383601248050571e-01
5.546929281159986708e-02 6.390588962180223653e-01
5.593704475458628755e-02 6.428443515981633327e-01
5.640675709557277373e-02 6.465945179381011876e-01
5.687842983455929091e-02 6.503095456703036348e-01
5.735206297154587379e-02 6.539895908365429555e-01
5.782765650653248768e-02 6.576348148394872695e-01
5.830521043951917420e-02 6.612453842007084415e-01
5.878472477050590561e-02 6.648214703251270619e-01
5.926619949949267496e-02 6.683632492716871099e-01
5.974963462647950307e-02 6.718709015305597276e-01
6.023503015146637607e-02 6.753446118061546821e-01
6.072238607445330782e-02 6.787845688063938177e-01
6.121170239544027752e-02 6.821909650377689927e-01
6.170297911442730598e-02 6.855639966062413437e-01
6.219621623141437933e-02 6.889038630238034644e-01
6.269141374640151143e-02 6.922107670207309216e-01
6.318857165938866760e-02 6.954849143630866815e-01
6.368768997037589641e-02 6.987265136756974915e-01
6.418876867936318398e-02 7.019357762704454551e-01
6.469180778635051643e-02 7.051129159795679335e-01
6.519680729133789376e-02 7.082581489939302477e-01
6.570376719432530210e-02 7.113716937064130663e-01
6.621268749531278308e-02 7.144537705599325328e-01
6.672356819430030894e-02 7.175046019002295772e-01
6.723640929128789356e-02 7.205244118331950443e-01
6.775121078627552307e-02 7.235133431352173128e-01
6.826797267926318358e-02 7.264717784151498714e-01
6.878669497025091673e-02 7.293998728338464410e-01
6.930737765923869476e-02 7.322978561245817586e-01
6.983002074622653155e-02 7.351659591309566144e-01
7.035462423121441322e-02 7.380044136898247231e-01
7.088118811420231202e-02 7.408134525179803642e-01
7.140971239519029734e-02 7.435933091026760700e-01
7.194019707417832754e-02 7.463442175957537561e-01
7.247264215116641650e-02 7.490664127116201110e-01
7.300704762615452259e-02 7.517601296285055801e-01
7.354341349914270132e-02 7.544256038933284669e-01
7.408173977013092493e-02 7.570630713298285297e-01
7.462202643911922118e-02 7.596727679500591135e-01
7.516427350610754843e-02 7.622549298689745845e-01
7.570848097109590669e-02 7.648097932221453732e-01
7.625464883408433758e-02 7.673375940865730938e-01
7.680277709507281336e-02 7.698385421494312597e-01
7.735286575406134790e-02 7.723129207330429180e-01
7.790491481104989957e-02 7.747609433088749054e-01
7.845892426603853775e-02 7.771828449168342035e-01
7.901489411902722082e-02 7.795788601829032327e-01
7.957282437001594877e-02 7.819492232564677625e-01
8.013271501900470772e-02 7.842941677500865350e-01
8.069456606599353932e-02 7.866139266817310238e-01
8.125837751098241579e-02 7.889087324193441164e-01
8.182414935397135103e-02 7.911788166276881862e-01
8.239188159496033115e-02 7.934244102174816682e-01
8.296157423394934227e-02 7.956457432967155574e-01
8.353322727093842603e-02 7.978430451239358900e-01
8.410684070592755468e-02 8.000165440638254966e-01
8.468241453891674209e-02 8.021664533591009727e-01
8.525994876990593274e-02 8.042930245804815748e-01
8.583944339889522379e-02 8.063964717061288257e-01
8.642089842588455972e-02 8.084770190554049218e-01
8.700431385087394054e-02 8.105348898580776451e-01
8.758968967386336624e-02 8.125703062209259642e-01
8.817702589485282294e-02 8.145834890958389973e-01
8.876632251384235228e-02 8.165746582496807848e-01
8.935757953083194038e-02 8.185440322355896914e-01
8.995079694582157337e-02 8.204918283658815259e-01
9.054597475881122348e-02 8.224182626863522083e-01
9.114311296980096011e-02 8.243235427005700666e-01
9.174221157879074162e-02 8.262078943027096889e-01
9.234327058578056802e-02 8.280715240051217396e-01
9.294628999077042542e-02 8.299146425018173456e-01
9.355126979376035545e-02 8.317374591110126003e-01
9.415820999475034425e-02 8.335401817574966676e-01
9.476711059374037793e-02 8.353230169559268115e-01
9.537797159073045650e-02 8.370861697954076197e-01
9.599079298572055219e-02 8.388298439250091443e-01
9.660557477871074827e-02 8.405542415404769763e-01
9.722231696970097536e-02 8.422595633719319741e-01
9.784101955869126122e-02 8.439460028859564478e-01
9.846168254568156419e-02 8.456137676761841249e-01
9.908430593067193981e-02 8.472630496074422535e-01
9.970888971366237419e-02 8.488940433904070826e-01
1.003354338946528534e-01 8.505069422214643904e-01
1.009639384736433915e-01 8.521019377760646885e-01
1.015944034506339466e-01 8.536792202024376941e-01
1.022268288256245744e-01 8.552389781165543603e-01
1.028612145986152610e-01 8.567813985973131707e-01
1.034975607696059924e-01 8.583066635770739694e-01
1.041358673385967409e-01 8.598149630152821521e-01
1.047761343055875760e-01 8.613064767125629961e-01
1.054183616705784560e-01 8.627813855202352000e-01
1.060625494335693947e-01 8.642398687391378287e-01
1.067086975945603783e-01 8.656821041191313792e-01
1.073568061535513790e-01 8.671082678588577508e-01
1.080068751105424663e-01 8.685185346063836187e-01
1.086589044655335984e-01 8.699130774601557814e-01
1.093128942185247754e-01 8.712920652024016555e-01
1.099688443695159834e-01 8.726556723488848588e-01
1.106267549185072641e-01 8.740040653650178459e-01
1.112866258654986035e-01 8.753374111264969892e-01
1.119484572104899878e-01 8.766558749709972842e-01
1.126122489534813753e-01 8.779596207017519305e-01
1.132780010944728633e-01 8.792488105918573327e-01
1.139457136334643961e-01 8.805236053887282033e-01
1.146153865704559877e-01 8.817841643190821310e-01
1.152870199054476102e-01 8.830306425363401157e-01
1.159606136384392638e-01 8.842632004050673400e-01
1.166361677694310039e-01 8.854819907784237110e-01
1.173136822984227889e-01 8.866871668150191343e-01
1.179931572254146188e-01 8.878788801813023435e-01
1.186745925504064658e-01 8.890572810585335439e-01
1.193579882733983993e-01 8.902225181496857820e-01
1.200433443943903777e-01 8.913747386867056921e-01
1.207306609133824149e-01 8.925140865582446015e-01
1.214199378303744969e-01 8.936407090806360864e-01
1.221111751453665961e-01 8.947547477947350725e-01
1.228043728583587818e-01 8.958563440884642626e-01
1.234995309693510124e-01 8.969456379177724870e-01
1.241966494783433017e-01 8.980227678150246584e-01
1.248957283853355943e-01 8.990878708978554679e-01
1.255967676903279873e-01 9.001410828778949602e-01
1.262997673933204390e-01 9.011825380698238463e-01
1.270047274943129079e-01 9.022123672500511615e-01
1.277116479933054216e-01 9.032307054575481331e-01
1.284205288902980080e-01 9.042376813234568322e-01
1.291313701852906393e-01 9.052334236325728645e-01
1.298441718782833154e-01 9.062180598189351066e-01
1.305589339692760642e-01 9.071917159757377780e-01
1.312756564582688024e-01 9.081545168649491906e-01
1.319943393452616409e-01 9.091065859272385863e-01
1.327149826302545244e-01 9.100480434605123792e-01
1.334375863132474527e-01 9.109790132485380276e-01
1.341621503942403981e-01 9.118996135191809183e-01
1.348886748732334440e-01 9.128099624969769899e-01
1.356171597502265069e-01 9.137101771350649715e-01
1.363476050252196425e-01 9.146003731256189262e-01
1.370800106982128508e-01 9.154806649099899163e-01
1.378143767692060206e-01 9.163511656892048274e-01
1.385507032381993187e-01 9.172119858101649426e-01
1.392889901051926616e-01 9.180632386387665989e-01
1.400292373701860493e-01 9.189050325595848889e-01
1.407714450331794265e-01 9.197374758872293166e-01
1.415156130941729040e-01 9.205606757474885660e-01
1.422617415531664542e-01 9.213747380877912452e-01
1.430098304101600493e-01 9.221797676876771765e-01
1.437598796651536337e-01 9.229758681692061817e-01
1.445118893181473185e-01 9.237631405443467170e-01
1.452658593691410482e-01 9.245416885047983424e-01
1.460217898181348506e-01 9.253116112214204714e-01
1.467796806651286701e-01 9.260730077648350322e-01
1.475395319101225067e-01 9.268259760999678631e-01
1.483013435531164437e-01 9.275706130963811136e-01
1.490651155941104256e-01 9.283070145386660421e-01
1.498308480331044801e-01 9.290352751367809692e-01
1.505985408700985240e-01 9.297554872075637356e-01
1.513681941050926405e-01 9.304677454797932734e-01
1.521398077380868297e-01 9.311721405551639519e-01
1.529133817690810637e-01 9.318687629240257619e-01
1.536889161980753704e-01 9.325577020528805772e-01
1.544664110250696387e-01 9.332390463944882919e-01
1.552458662500640352e-01 9.339128833979243316e-01
1.560272818730584765e-01 9.345792995185470131e-01
1.568106578940529627e-01 9.352383790244094275e-01
1.575959943130474383e-01 9.358902083502538272e-01
1.583832911300420421e-01 9.365348701731862624e-01
1.591725483450366629e-01 9.371724470519792183e-01
1.599637659580313565e-01 9.378030206009235759e-01
1.607569439690260948e-01 9.384266714993683145e-01
1.615520823780208504e-01 9.390434795015536462e-01
1.623491811850156785e-01 9.396535234460615671e-01
1.631482403900105516e-01 9.402568801889773509e-01
1.639492599930054972e-01 9.408536284977265796e-01
1.647522399940004323e-01 9.414438437553687145e-01
1.655571803929954677e-01 9.420276012139809918e-01
1.663640811899905481e-01 9.426049752568592677e-01
1.671729423849857010e-01 9.431760394078332332e-01
1.679837639779808434e-01 9.437408663404203146e-01
1.687965459689760583e-01 9.442995278869620313e-01
1.696112883579713460e-01 9.448520940999216577e-01
1.704279911449667062e-01 9.453986366786166773e-01
1.712466543299620836e-01 9.459392243129591815e-01
1.720672779129574781e-01 9.464739255431466880e-01
1.728898618939529452e-01 9.470028081123899044e-01
1.737144062729484850e-01 9.475259389758077244e-01
1.745409110499440697e-01 9.480433843089104418e-01
1.753693762249396715e-01 9.485552095162840258e-01
1.761998017979353459e-01 9.490614784278472715e-01
1.770321877689310930e-01 9.495622562319128157e-01
1.778665341379268849e-01 9.500576054970845119e-01
1.787028409049227218e-01 9.505475886129401975e-01
1.795411080699185480e-01 9.510322672396667176e-01
1.803813356329145023e-01 9.515117023161462351e-01
1.812235235939104738e-01 9.519859540681645527e-01
1.820676719529065180e-01 9.524550820162155373e-01
1.829137807099025514e-01 9.529191443074100931e-01
1.837618498648986853e-01 9.533782001524180316e-01
1.846118794178948919e-01 9.538323065298925929e-01
1.854638693688911155e-01 9.542815202046198708e-01
1.863178197178873563e-01 9.547258972749621542e-01
1.871737304648836975e-01 9.551654931804651749e-01
1.880316016098800835e-01 9.556003627093441199e-01
1.888914331528765145e-01 9.560305600058923714e-01
1.897532250938729903e-01 9.564561385779228875e-01
1.906169774328694833e-01 9.568771505340420980e-01
1.914826901698660766e-01 9.572936493807078229e-01
1.923503633048627148e-01 9.577056862063636489e-01
1.932199968378593979e-01 9.581133120326629227e-01
1.940915907688560982e-01 9.585165772802886064e-01
1.949651450978528711e-01 9.589155317760071906e-01
1.958406598248497166e-01 9.593102247594670340e-01
1.967181349498466070e-01 9.597007048899982573e-01
1.975975704728435423e-01 9.600870196555925107e-01
1.984789663938404669e-01 9.604692175362006257e-01
1.993623227128375197e-01 9.608473450669998694e-01
2.002476394298345896e-01 9.612214486420616044e-01
2.011349165448317322e-01 9.615915741080459656e-01
2.020241540578288642e-01 9.619577667705787594e-01
2.029153519688260965e-01 9.623200714005936129e-01
2.038085102778234015e-01 9.626785322406931078e-01
2.047036289848207236e-01 9.630331930112301375e-01
2.056007080898180628e-01 9.633840962919342221e-01
2.064997475928155024e-01 9.637312857939784871e-01
2.074007474938129869e-01 9.640748032578568827e-01
2.083037077928105441e-01 9.644146903661643400e-01
2.092086284898081183e-01 9.647509883092187932e-01
2.101155095848057097e-01 9.650837377909062820e-01
2.110243510778034015e-01 9.654129790344360140e-01
2.119351529688011382e-01 9.657387517879399974e-01
2.128479152577989197e-01 9.660610953302032344e-01
2.137626379447967184e-01 9.663800478570313546e-01
2.146793210297945897e-01 9.666956487418396637e-01
2.155979645127925337e-01 9.670079354375697989e-01
2.165185683937905226e-01 9.673169453920598126e-01
2.174411326727885563e-01 9.676227156108307970e-01
2.183656573497865794e-01 9.679252826624853423e-01
2.192921424247847306e-01 9.682246826838279974e-01
2.202205878977829268e-01 9.685209513851330554e-01
2.211509937687811678e-01 9.688141240550753874e-01
2.220833600377793982e-01 9.691042349828944413e-01
2.230176867047777289e-01 9.693913195914339864e-01
2.239539737697761046e-01 9.696754115077967917e-01
2.248922212327745529e-01 9.699565443769473383e-01
2.258324290937730461e-01 9.702347514468481204e-01
2.267745973527715286e-01 9.705100655733294168e-01
2.277187260097701116e-01 9.707825192246382073e-01
2.286648150647687394e-01 9.710521444861716089e-01
2.296128645177674399e-01 9.713189730651888842e-01
2.305628743687661297e-01 9.715830357747037294e-01
2.315148446177649200e-01 9.718443644390903913e-01
2.324687752647637551e-01 9.721029892761308133e-01
2.334246663097626351e-01 9.723589405183765688e-01
2.343825177527615322e-01 9.726122480421675043e-01
2.353423295937605020e-01 9.728629413720939478e-01
2.363041018327595444e-01 9.731110496851321789e-01
2.372678344697586317e-01 9.733566018149428789e-01
2.382335275047577638e-01 9.735996262558357373e-01
2.392011809377569131e-01 9.738401507278067193e-01
2.401707947687561351e-01 9.740782037833511930e-01
2.411423689977554297e-01 9.743138126025993051e-01
2.421159036247547691e-01 9.745470043576029973e-01
2.430913986497540979e-01 9.747778059010769880e-01
2.440688540727535549e-01 9.750062437702587959e-01
2.450482698937530290e-01 9.752323441907936319e-01
2.460296461127525758e-01 9.754561330804218944e-01
2.470129827297521674e-01 9.756776360527597003e-01
2.479982797447517484e-01 9.758968784208890135e-01
2.489855371577514298e-01 9.761138847273420627e-01
2.499747549687511561e-01 9.763286804875631608e-01
2.509659331777509550e-01 9.765412897820133775e-01
2.519590717847506878e-01 9.767517367528034677e-01
2.529541707897505765e-01 9.769600452592044348e-01
2.539512301927505100e-01 9.771662388811362954e-01
2.549502499937504885e-01 9.773703409226378591e-01
2.559512301927505673e-01 9.775723744150516259e-01
2.569541707897506355e-01 9.777723621204116311e-01
2.579590717847507486e-01 9.779703261808976311e-01
2.589659331777509621e-01 9.781662894158127397e-01
2.599747549687512205e-01 9.783602735392270544e-01
2.609855371577514682e-01 9.785523002636796752e-01
2.619982797447518164e-01 9.787423910483565859e-01
2.630129827297520984e-01 9.789305671020602784e-01
2.640296461127525363e-01 9.791168493862841826e-01
2.650482698937530190e-01 9.793012586181555346e-01
2.660688540727535467e-01 9.794838152734789416e-01
2.670913986497541748e-01 9.796645395895978714e-01
2.681159036247547922e-01 9.798434512345044478e-01
2.691423689977554545e-01 9.800205705334998907e-01
2.701707947687562172e-01 9.801959167791400862e-01
2.712011809377570248e-01 9.803695092796924637e-01
2.722335275047577108e-01 9.805413671190897906e-01
2.732678344697586081e-01 9.807115091595505207e-01
2.743041018327595504e-01 9.808799540443658982e-01
2.753423295937605375e-01 9.810467202005208609e-01
2.763825177527615695e-01 9.812118258412216854e-01
2.774246663097627019e-01 9.813752889686987446e-01
2.784687752647638237e-01 9.815371273765358673e-01
2.795148446177649904e-01 9.816973582633969908e-01
2.805628743687662574e-01 9.818559996734623763e-01
2.816128645177674028e-01 9.820130684944635702e-01
2.826648150647687596e-01 9.821685817073929625e-01
2.837187260097701613e-01 9.823225560969676140e-01
2.847745973527716079e-01 9.824750082540838481e-01
2.858324290937730994e-01 9.826259545780394733e-01
2.868922212327746357e-01 9.827754112789465202e-01
2.879539737697762170e-01 9.829233943799736695e-01
2.890176867047778431e-01 9.830699197196638428e-01
2.900833600377795141e-01 9.832150026385542141e-01
2.911509937687811744e-01 9.833586591463946425e-01
2.922205878977829352e-01 9.835009043027728159e-01
2.932921424247847964e-01 9.836417532266701347e-01
2.943656573497866469e-01 9.837812208632833455e-01
2.954411326727885978e-01 9.839193219861096518e-01
2.965185683937905936e-01 9.840560711989593257e-01
2.975979645127926343e-01 9.841914829381133156e-01
2.986793210297947199e-01 9.843255714743363027e-01
2.997626379447967393e-01 9.844583509146829226e-01
3.008479152577989146e-01 9.845898352047731672e-01
3.019351529688011904e-01 9.847200378195534176e-01
3.030243510778034555e-01 9.848489729177604124e-01
3.041155095848058210e-01 9.849766537342422579e-01
3.052086284898081758e-01 9.851030935849656167e-01
3.063037077928106311e-01 9.852283056337154399e-01
3.074007474938131312e-01 9.853523028940954775e-01
3.084997475928156763e-01 9.854750982311810681e-01
3.096007080898180996e-01 9.855967043633779845e-01
3.107036289848207899e-01 9.857171338641729230e-01
3.118085102778234696e-01 9.858363991638912083e-01
3.129153519688261942e-01 9.859545125513704544e-01
3.140241540578289636e-01 9.860714858950334616e-01
3.151349165448318335e-01 9.861873316864411265e-01
3.162476394298346927e-01 9.863020615849245054e-01
3.173623227128376523e-01 9.864156873281587634e-01
3.184789663938406568e-01 9.865282205206353794e-01
3.195975704728435396e-01 9.866396726352940627e-01
3.207181349498466338e-01 9.867500550150563043e-01
3.218406598248497730e-01 9.868593788743731388e-01
3.229651450978529570e-01 9.869676553008147613e-01
3.240915907688562414e-01 9.870748952565340240e-01
3.252199968378595152e-01 9.871811095798200819e-01
3.263503633048628338e-01 9.872863089864881703e-01
3.274826901698662529e-01 9.873905037728736289e-01
3.286169774328696613e-01 9.874937049317317195e-01
3.297532250938730591e-01 9.875959225871830949e-01
3.308914331528765573e-01 9.876971669781278163e-01
3.320316016098801559e-01 9.877974482280783564e-01
3.331737304648837994e-01 9.878967763467396690e-01
3.343178197178874878e-01 9.879951612311953513e-01
3.354638693688912210e-01 9.880926126673773568e-01
3.366118794178950546e-01 9.881891403312649258e-01
3.377618498648988776e-01 9.882847537903409751e-01
3.389137807099027455e-01 9.883794625047712668e-01
3.400676719529066028e-01 9.884732758286705057e-01
3.412235235939105604e-01 9.885662027245936123e-01
3.423813356329146185e-01 9.886582528386845814e-01
3.435411080699187214e-01 9.887494349884041744e-01
3.447028409049228137e-01 9.888397581147891913e-01
3.458665341379270064e-01 9.889292310590355184e-01
3.470321877689312440e-01 9.890178625635879239e-01
3.481998017979355819e-01 9.891056612734965281e-01
3.493693762249399093e-01 9.891926357372656797e-01
3.505409110499441705e-01 9.892787944083798468e-01
3.517144062729485876e-01 9.893641456461114148e-01
3.528898618939531051e-01 9.894486977168032160e-01
3.540672779129576120e-01 9.895324587949025918e-01
3.552466543299622193e-01 9.896154367146180464e-01
3.564279911449668714e-01 9.896976399057104690e-01
3.576112883579715684e-01 9.897790760763939266e-01
3.587965459689763104e-01 9.898597530430479630e-01
3.599837639779809306e-01 9.899396785354733774e-01
3.611729423849858178e-01 9.900188601978213709e-01
3.623640811899906944e-01 9.900973055898034669e-01
3.635571803929956158e-01 9.901750221875352809e-01
3.647522399940006377e-01 9.902520173845102969e-01
3.659492599930056489e-01 9.903282984926338184e-01
3.671482403900107605e-01 9.904038727431742073e-01
3.683491811850159170e-01 9.904787472876745991e-01
3.695520823780210629e-01 9.905529291989282337e-01
3.707569439690261981e-01 9.906264252264281867e-01
3.719637659580314892e-01 9.906992427202939711e-01
3.731725483450368253e-01 9.907713883263711274e-01
3.743832911300422062e-01 9.908428688103841919e-01
3.755959943130476320e-01 9.909136908638579433e-01
3.768106578940531581e-01 9.909838611048470414e-01
3.780272818730586737e-01 9.910533860789557670e-01
3.792458662500642896e-01 9.911222722600290247e-01
3.804664110250698950e-01 9.911905260511182369e-01
3.816889161980754896e-01 9.912581537851588021e-01
3.829133817690812402e-01 9.913251617260127047e-01
3.841398077380869802e-01 9.913915560690117479e-01
3.853681941050928206e-01 9.914573429419614170e-01
3.865985408700987613e-01 9.915225281905060140e-01
3.878308480331046915e-01 9.915871181896267483e-01
3.890651155941106665e-01 9.916511186962710944e-01
3.903013435531166864e-01 9.917145355746578295e-01
3.915395319101228067e-01 9.917773746252239730e-01
3.927796806651288053e-01 9.918396415854180415e-01
3.940217898181350153e-01 9.919013421303123357e-01
3.952658593691412148e-01 9.919624818735076621e-01
3.965118893181475146e-01 9.920230663676178340e-01
3.977598796651538593e-01 9.920831011052079207e-01
3.990098304101602489e-01 9.921425915193287093e-01
4.002617415531666833e-01 9.922015429842249157e-01
4.015156130941732182e-01 9.922599608161026818e-01
4.027714450331797424e-01 9.923178502736987872e-01
4.040292373701862005e-01 9.923752163517882696e-01
4.052889901051928145e-01 9.924320645645191563e-01
4.065507032381995289e-01 9.924883998343103642e-01
4.078143767692062882e-01 9.925442271960278617e-01
4.090800106982130369e-01 9.925995516303266486e-01
4.103476050252198859e-01 9.926543780641660097e-01
4.116171597502267798e-01 9.927087113717733002e-01
4.128886748732337186e-01 9.927625563748075921e-01
4.141621503942407023e-01 9.928159178432950371e-01
4.154375863132476199e-01 9.928688004960597446e-01
4.167149826302546933e-01 9.929212090013735947e-01
4.179943393452618672e-01 9.929731479775173453e-01
4.192756564582690304e-01 9.930246219933349661e-01
4.205589339692762940e-01 9.930756355688179493e-01
4.218441718782836025e-01 9.931261930010165662e-01
4.231313701852909004e-01 9.931762990247234857e-01
4.244205288902982987e-01 9.932259578749531581e-01
4.257116479933056308e-01 9.932751738811258502e-01
4.270047274943131188e-01 9.933239513266103327e-01
4.282997673933206517e-01 9.933722944490872564e-01
4.295967676903282295e-01 9.934202074412178396e-01
4.308957283853359077e-01 9.934676944510429930e-01
4.321966494783435753e-01 9.935147595825750688e-01
4.334995309693513432e-01 9.935614068961940992e-01
4.348043728583591006e-01 9.936076404092136771e-01
4.361111751453669583e-01 9.936534640964154175e-01
4.374199378303746943e-01 9.936988818903859100e-01
4.387306609133826418e-01 9.937438976821615366e-01
4.400433443943906342e-01 9.937885153215869627e-01
4.413579882733986715e-01 9.938327386177560063e-01
4.426745925504067536e-01 9.938765711500703315e-01
4.439931572254149361e-01 9.939200169889267356e-01
4.453136822984231080e-01 9.939630796672869195e-01
4.466361677694313248e-01 9.940057628355789543e-01
4.479606136384396420e-01 9.940480701057206048e-01
4.492870199054478375e-01 9.940900050516302544e-01
4.506153865704562445e-01 9.941315712096359114e-01
4.519457136334646408e-01 9.941727720789115263e-01
4.532780010944731375e-01 9.942136111218459193e-01
4.546122489534816791e-01 9.942540917645037446e-01
4.559484572104903211e-01 9.942942173969542274e-01
4.572866258654989524e-01 9.943339913738390434e-01
4.586267549185076287e-01 9.943734170145352991e-01
4.599688443695163498e-01 9.944124976038061225e-01
4.613128942185250048e-01 9.944512363919557618e-01
4.626589044655338712e-01 9.944896365953324047e-01
4.640068751105427269e-01 9.945277012225006708e-01
4.653568061535516831e-01 9.945654337383341703e-01
4.667086975945606842e-01 9.946028371142281443e-01
4.680625494335697301e-01 9.946399144339793663e-01
4.694183616705788209e-01 9.946766687492739623e-01
4.707761343055879566e-01 9.947131030800123730e-01
4.721358673385971372e-01 9.947492204147087014e-01
4.734975607696062516e-01 9.947850237107971338e-01
4.748612145986155220e-01 9.948205158949346982e-01
4.762268288256248927e-01 9.948556998635206261e-01
4.775944034506342528e-01 9.948905784827384302e-01
4.789639384736437133e-01 9.949251545891801829e-01
4.803354338946532187e-01 9.949594309900187117e-01
4.817088897136627690e-01 9.949934104633214593e-01
4.830843059306723641e-01 9.950270957584204101e-01
4.844616825456818376e-01 9.950604895962678054e-01
4.858410195586915226e-01 9.950935946696473078e-01
4.872223169697012524e-01 9.951264134822813689e-01
4.886055747787110826e-01 9.951589489652398202e-01
4.899907929857209021e-01 9.951912035930067235e-01
4.913779715907308221e-01 9.952231799486710440e-01
4.927671105937407314e-01 9.952548805886961558e-01
4.941582099947507412e-01 9.952863080432124976e-01
4.955512697937607958e-01 9.953174648163541915e-01
4.969462899907707287e-01 9.953483533864651012e-01
4.983432705857808731e-01 9.953789762064502167e-01
4.997422115787910624e-01 9.954093357040317835e-01
5.011431129698012965e-01 9.954394342819943287e-01
5.025459747588115755e-01 9.954692743184790915e-01
5.039507969458218994e-01 9.954988581672893355e-01
5.053575795308323793e-01 9.955281881580521075e-01
5.067663225138427929e-01 9.955572665966287982e-01
5.081770258948532515e-01 9.955860957651773147e-01
5.095896896738636439e-01 9.956146779226504595e-01
5.110043138508743032e-01 9.956430153048001497e-01
5.124208984258848965e-01 9.956711099785389152e-01
5.138394433988955345e-01 9.956989644015727947e-01
5.152599487699063285e-01 9.957265806178867695e-01
5.166824145389171674e-01 9.957539607731762388e-01
5.181068407059279401e-01 9.957811069912546609e-01
5.195332272709388688e-01 9.958080213743489839e-01
5.209615742339498423e-01 9.958347060032300968e-01
5.223918815949606387e-01 9.958611629375261343e-01
5.238241493539717020e-01 9.958873942159112147e-01
5.252583775109828101e-01 9.959134018563363666e-01
5.266945660659939632e-01 9.959391878562913192e-01
5.281327150190051611e-01 9.959647541929655956e-01
5.295728243700164040e-01 9.959901028234935394e-01
5.310148941190276917e-01 9.960152356850728861e-01
5.324589242660390243e-01 9.960401546954673613e-01
5.339049148110504017e-01 9.960648617527819715e-01
5.353528657540617131e-01 9.960893587360482027e-01
5.368027770950731803e-01 9.961136475052432271e-01
5.382546488340846924e-01 9.961377299015167219e-01
5.397084809710962494e-01 9.961616077474116926e-01
5.411642735061079623e-01 9.961852827010465594e-01
5.426220264391196091e-01 9.962087568177256935e-01
5.440817397701314118e-01 9.962320317396237135e-01
5.455434134991431483e-01 9.962551092165282673e-01
5.470070476261550407e-01 9.962779909806428469e-01
5.484726421511667560e-01 9.963006787466514025e-01
5.499401970741787382e-01 9.963231742120259860e-01
5.514097123951906543e-01 9.963454790570465125e-01
5.528811881142027262e-01 9.963675949451766822e-01
5.543546242312148431e-01 9.963895235230241232e-01
5.558300207462270048e-01 9.964112664206843384e-01
5.573073776592392115e-01 9.964328252518198648e-01
5.587866949702514630e-01 9.964542016139066316e-01
5.602679726792635373e-01 9.964753970883049039e-01
5.617512107862758786e-01 9.964964132405371711e-01
5.632364092912882647e-01 9.965172516203656405e-01
5.647235681943006957e-01 9.965379137620224981e-01
5.662126874953131717e-01 9.965584011842674172e-01
5.677037671943258035e-01 9.965787153906821016e-01
5.691968072913383692e-01 9.965988578697294598e-01
5.706918077863509797e-01 9.966188300949486711e-01
5.721887686793637462e-01 9.966386333935590702e-01
5.736876899703762245e-01 9.966582694538830278e-01
5.751885716593890807e-01 9.966777395912126414e-01
5.766914137464018708e-01 9.966970452206950215e-01
5.781962162314148168e-01 9.967161877434332906e-01
5.797029791144278077e-01 9.967351685463604616e-01
5.812117023954407324e-01 9.967539890026377858e-01
5.827223860744538131e-01 9.967726504715935798e-01
5.842350301514669386e-01 9.967911542989839058e-01
5.857496346264799980e-01 9.968095018171279076e-01
5.872661994994931023e-01 9.968276943449425609e-01
5.887847247705062514e-01 9.968457331882106809e-01
5.903052104395195565e-01 9.968636196395633808e-01
5.918276565065329065e-01 9.968813549788523298e-01
5.933520629715463013e-01 9.968989404729597936e-01
5.948784298345597410e-01 9.969163773762008685e-01
5.964067570955732256e-01 9.969336669303313636e-01
5.979370447545868661e-01 9.969508103646514963e-01
5.994692928116004405e-01 9.969678088961966278e-01
6.010035012666138377e-01 9.969846637298653835e-01
6.025396701196276128e-01 9.970013760584161000e-01
6.040777993706413218e-01 9.970179470627483775e-01
6.056178890196550757e-01 9.970343779119614780e-01
6.071599390666689855e-01 9.970506697634307081e-01
6.087039495116828292e-01 9.970668236303134035e-01
6.102499203546968287e-01 9.970828408954157673e-01
6.117978515957107621e-01 9.970987225645144836e-01
6.133477432347248515e-01 9.971144697492818620e-01
6.148995952717387636e-01 9.971300835502951987e-01
6.164534077067529427e-01 9.971455650570733020e-01
6.180091805397671667e-01 9.971609153482492438e-01
6.195669137707813245e-01 9.971761354916772735e-01
6.211266073997956383e-01 9.971912265444637935e-01
6.226882614268099969e-01 9.972061895531866282e-01
6.242518758518244004e-01 9.972210255538836998e-01
6.258174506748388488e-01 9.972357355722661909e-01
6.273849858958533421e-01 9.972503206237253170e-01
6.289544815148676582e-01 9.972647817134577819e-01
6.305259375318823523e-01 9.972791198366051102e-01
6.320993539468969802e-01 9.972933359783240359e-01
6.336747307599116530e-01 9.973074311138621084e-01
6.352520679709263707e-01 9.973214062086811493e-01
6.368313655799411332e-01 9.973352622185013283e-01
6.384126235869560517e-01 9.973490000895046670e-01
6.399958419919709041e-01 9.973626207582925174e-01
6.415810207949856903e-01 9.973761251520659732e-01
6.431681599960007434e-01 9.973895141886967020e-01
6.447572595950157304e-01 9.974027887768122103e-01
6.463483195920308733e-01 9.974159498158156056e-01
6.479413399870459500e-01 9.974289981961254048e-01
6.495363207800611827e-01 9.974419346795335706e-01
6.511332619710764602e-01 9.974547603641071847e-01
6.527321635600916716e-01 9.974674760064751178e-01
6.543330255471070389e-01 9.974800824615676076e-01
6.559358479321222291e-01 9.974925805755358033e-01
6.575406307151376861e-01 9.975049711860325408e-01
6.591473738961531881e-01 9.975172551221770378e-01
6.607560774751687349e-01 9.975294332046966694e-01
6.623667414521843266e-01 9.975415062459044302e-01
6.639793658271999632e-01 9.975534750499804870e-01
6.655939506002157557e-01 9.975653404127751145e-01
6.672104957712314821e-01 9.975771031221243312e-01
6.688290013402472534e-01 9.975887639577520893e-01
6.704494673072629585e-01 9.976003236914409156e-01
6.720718936722788195e-01 9.976117830871258363e-01
6.736962804352947254e-01 9.976231429007897944e-01
6.753226275963107872e-01 9.976344038808381276e-01
6.769509351553267829e-01 9.976455667678147954e-01
6.785812031123429344e-01 9.976566322947685306e-01
6.802134314673590199e-01 9.976676011871509209e-01
6.818476202203752612e-01 9.976784741629113329e-01
6.834837693713914364e-01 9.976892519326224784e-01
6.851218789204075454e-01 9.976999351995126109e-01
6.867619488674239214e-01 9.977105246594455412e-01
6.884039792124403423e-01 9.977210210011537850e-01
6.900479699554568080e-01 9.977314249061757234e-01
6.916939210964733187e-01 9.977417370489313209e-01
6.933418326354898742e-01 9.977519580968131629e-01
6.949917045725064746e-01 9.977620887102429670e-01
6.966435369075231199e-01 9.977721295427366410e-01
6.982973296405398100e-01 9.977820812409450291e-01
6.999530827715563230e-01 9.977919443270898414e-01
7.016107963005731030e-01 9.978017196583697235e-01
7.032704702275899278e-01 9.978114077540425342e-01
7.049321045526069085e-01 9.978210092338701820e-01
7.065956992756238231e-01 9.978305247110690335e-01
7.082612543966407825e-01 9.978399547922774948e-01
7.099287699156578979e-01 9.978493000777076682e-01
7.115982458326749471e-01 9.978585611611270334e-01
7.132696821476921523e-01 9.978677386299880103e-01
7.149430788607090692e-01 9.978768330653664531e-01
7.166184359717263641e-01 9.978858450421711490e-01
7.182957534807437039e-01 9.978947751290111468e-01
7.199750313877609775e-01 9.979036238884023691e-01
7.216562696927784071e-01 9.979123918767208723e-01
7.233394683957958815e-01 9.979210796442755660e-01
7.250246274968132898e-01 9.979296877354116857e-01
7.267117469958308540e-01 9.979382166884364080e-01
7.284008268928482410e-01 9.979466670358003721e-01
7.300918671878658950e-01 9.979550393040408363e-01
7.317848678808835938e-01 9.979633340138701625e-01
7.334798289719013376e-01 9.979715516802337705e-01
7.351767504609192372e-01 9.979796928123433331e-01
7.368756323479370707e-01 9.979877579136600119e-01
7.385764746329549491e-01 9.979957474820758678e-01
7.402792773159728723e-01 9.980036620097859634e-01
7.419840403969908404e-01 9.980115019834173706e-01
7.436907638760087425e-01 9.980192678841477427e-01
7.453994477530268004e-01 9.980269601875777497e-01
7.471100920280450142e-01 9.980345793638975005e-01
7.488226967010631618e-01 9.980421258779051952e-01
7.505372617720814654e-01 9.980496001889177515e-01
7.522537872410997029e-01 9.980570027510623499e-01
7.539722731081180962e-01 9.980643340130502805e-01
7.556927193731364234e-01 9.980715944183882193e-01
7.574151260361549065e-01 9.980787844053650160e-01
7.591394930971732125e-01 9.980859044070127251e-01
7.608658205561917853e-01 9.980929548512407212e-01
7.625941084132104031e-01 9.980999361608895448e-01
7.643243566682289547e-01 9.981068486394909511e-01
7.660565653212476622e-01 9.981136929195905116e-01
7.677907343722664146e-01 9.981204693027122543e-01
7.695268638212852119e-01 9.981271781914556884e-01
7.712649536683040541e-01 9.981338199834569602e-01
7.730050039133229411e-01 9.981403950714735629e-01
7.747470145563417621e-01 9.981469038433282703e-01
7.764909855973607389e-01 9.981533466819881850e-01
7.782369170363797606e-01 9.981597239655753961e-01
7.799848088733989382e-01 9.981660360673897392e-01
7.817346611084180497e-01 9.981722833559674157e-01
7.834864737414372060e-01 9.981784661950755533e-01
7.852402467724565183e-01 9.981845849437566143e-01
7.869959802014757644e-01 9.981906399563817978e-01
7.887536740284951664e-01 9.981966315825775427e-01
7.905133282535142802e-01 9.982025601673935045e-01
7.922749428765337720e-01 9.982084260512082974e-01
7.940385178975533087e-01 9.982142295697941092e-01
7.958040533165727792e-01 9.982199710544001903e-01
7.975715491335924057e-01 9.982256508316648125e-01
7.993410053486120770e-01 9.982312692237378382e-01
8.011124219616317932e-01 9.982368265482234326e-01
8.028857989726515543e-01 9.982423231182836476e-01
8.046611363816711382e-01 9.982477592425671453e-01
8.064384341886909890e-01 9.982531352253265489e-01
8.082176923937108848e-01 9.982584513663541603e-01
8.099989109967308254e-01 9.982637079610462427e-01
8.117820899977508109e-01 9.982689053004307755e-01
8.135672293967708413e-01 9.982740436711595722e-01
8.153543291937909165e-01 9.982791233555408095e-01
8.171433893888111477e-01 9.982841446315328104e-01
8.189344099818313127e-01 9.982891077727910067e-01
8.207273909728513006e-01 9.982940130487502062e-01
8.225223323618716664e-01 9.982988607244296375e-01
8.243192341488919661e-01 9.983036510606838609e-01
8.261180963339124217e-01 9.983083843140895253e-01
8.279189189169328111e-01 9.983130607369902210e-01
8.297217018979533565e-01 9.983176805775104690e-01
8.315264452769738357e-01 9.983222440795679331e-01
8.333331490539944708e-01 9.983267514828998435e-01
8.351418132290151508e-01 9.983312030230397927e-01
8.369524378020356536e-01 9.983355989313692502e-01
8.387650227730564234e-01 9.983399394351184508e-01
8.405795681420771270e-01 9.983442247573758310e-01
8.423960739090979866e-01 9.983484551170814791e-01
8.442145400741188910e-01 9.983526307290619961e-01
8.460349666371398403e-01 9.983567518040337152e-01
8.478573535981608345e-01 9.983608185485605135e-01
8.496817009571818735e-01 9.983648311652126850e-01
8.515080087142030685e-01 9.983687898523679882e-01
8.533362768692239753e-01 9.983726948043759597e-01
8.551665054222451490e-01 9.983765462115029576e-01
8.569986943732663676e-01 9.983803442599216149e-01
8.588328437222877421e-01 9.983840891318214172e-01
8.606689534693090504e-01 9.983877810052256274e-01
8.625070236143304037e-01 9.983914199424520630e-01
8.643470541573519128e-01 9.983950063322523105e-01
8.661890450983733558e-01 9.983985402334416559e-01
8.680329964373949547e-01 9.984020218079648901e-01
8.698789081744163765e-01 9.984054512136626425e-01
8.717267803094379541e-01 9.984088286043525384e-01
8.735766128424596877e-01 9.984121541298637270e-01
8.754284057734814661e-01 9.984154279359367390e-01
8.772821591025032895e-01 9.984186501643320666e-01
8.791378728295250466e-01 9.984218209527215837e-01
8.809955469545469597e-01 9.984249404348113366e-01
8.828551814775689177e-01 9.984280087402416237e-01
8.847167763985909206e-01 9.984310259945989863e-01
8.865803317176127463e-01 9.984339923194505140e-01
8.884458474346348389e-01 9.984369078323501734e-01
8.903133235496569764e-01 9.984397726467716394e-01
8.921827600626792698e-01 9.984425868721559238e-01
8.940541569737014971e-01 9.984453506138775136e-01
8.959275142827237692e-01 9.984480639732905560e-01
8.978028319897460863e-01 9.984507270476519203e-01
8.996801100947685592e-01 9.984533399301754875e-01
9.015593485977907440e-01 9.984559027099473294e-01
9.034405474988133067e-01 9.984584154720473892e-01
9.053237067978358033e-01 9.984608782974114805e-01
9.072088264948584557e-01 9.984632912628949031e-01
9.090959065898810421e-01 9.984656544412098267e-01
9.109849470829037843e-01 9.984679679009748066e-01
9.128759479739264604e-01 9.984702317067125632e-01
9.147689092629492924e-01 9.984724459187270806e-01
9.166638309499721693e-01 9.984746105932189586e-01
9.185607130349948690e-01 9.984767257822215747e-01
9.204595555180178357e-01 9.984787915335431308e-01
9.223603583990407362e-01 9.984808078908549156e-01
9.242631216780637926e-01 9.984827748935773961e-01
9.261678453550868939e-01 9.984846925769259585e-01
9.280745294301100401e-01 9.984865609718596158e-01
9.299831739031333422e-01 9.984883801051036567e-01
9.318937787741565781e-01 9.984901499990623819e-01
9.338063440431798590e-01 9.984918706718749482e-01
9.357208697102029626e-01 9.984935421374027120e-01
9.376373557752263332e-01 9.984951644051051067e-01
9.395558022382498597e-01 9.984967374801121398e-01
9.414762090992733201e-01 9.984982613631913084e-01
9.433985763582968254e-01 9.984997360507028574e-01
9.453229040153204865e-01 9.985011615346232050e-01
9.472491920703440815e-01 9.985025378024158238e-01
9.491774405233678324e-01 9.985038648370834213e-01
9.511076493743915172e-01 9.985051426172291134e-01
9.530398186234151359e-01 9.985063711167965206e-01
9.549739482704390214e-01 9.985075503053174595e-01
9.569100383154629519e-01 9.985086801476140694e-01
9.588480887584868162e-01 9.985097606040224116e-01
9.607880995995108364e-01 9.985107916302032871e-01
9.627300708385349015e-01 9.985117731771075977e-01
9.646740024755590115e-01 9.985127051910436258e-01
9.666198945105831664e-01 9.985135876135934341e-01
9.685677469436073661e-01 9.985144203815581321e-01
9.705175597746313887e-01 9.985152034269270116e-01
9.724693330036556782e-01 9.985159366769441602e-01
9.744230666306800126e-01 9.985166200538322379e-01
9.763787606557043919e-01 9.985172534750380580e-01
9.783364150787289271e-01 9.985178368530711612e-01
9.802960298997533961e-01 9.985183700953603747e-01
9.822576051187779100e-01 9.985188531044137950e-01
9.842211407358025799e-01 9.985192857776131747e-01
9.861866367508271836e-01 9.985196680072893072e-01
9.881540931638517211e-01 9.985199996805605993e-01
9.901235099748764146e-01 9.985202806794033492e-01
9.920948871839012639e-01 9.985205108805353946e-01
9.940682247909260472e-01 9.985206901554397607e-01
9.960435227959509863e-01 9.985208183701634876e-01
9.980207811989759703e-01 9.985208953854483038e-01
1.000000000000000666e+00 9.985209210566400317e-01
