0.000000000000000000e+00 0.000000000000000000e+00
2.078119897502626434e-05 0.000000000000000000e+00
4.352279595010249372e-05 0.000000000000000000e+00
6.822479092522875592e-05 0.000000000000000000e+00
9.488718390040502381e-05 0.000000000000000000e+00
1.235099748756312839e-04 0.000000000000000000e+00
1.540931638509075632e-04 0.000000000000000000e+00
1.866367508262337669e-04 0.000000000000000000e+00
2.211407358016100034e-04 0.000000000000000000e+00
2.576051187770363269e-04 0.000000000000000000e+00
2.960298997525126832e-04 0.000000000000000000e+00
3.364150787280388555e-04 0.000000000000000000e+00
3.787606557036150606e-04 0.000000000000000000e+00
4.230666306792412444e-04 0.000000000000000000e+00
4.693330036549174067e-04 0.000000000000000000e+00
5.175597746306437102e-04 0.000000000000000000e+00
5.677469436064200466e-04 0.000000000000000000e+00
6.198945105822462531e-04 0.000000000000000000e+00
6.740024755581224382e-04 0.000000000000000000e+00
7.300708385340486020e-04 0.000000000000000000e+00
7.880995995100251780e-04 4.940656458412465442e-324
8.480887584860512989e-04 4.940656458412465442e-324
9.100383154621275068e-04 4.940656458412465442e-324
9.739482704382536934e-04 4.940656458412465442e-324
1.039818623414429750e-03 4.940656458412465442e-324
1.107649374390655894e-03 4.940656458412465442e-324
1.177440523366932558e-03 4.940656458412465442e-324
1.249192070343258659e-03 4.940656458412465442e-324
1.322904015319634847e-03 4.940656458412465442e-324
1.398576358296060905e-03 4.940656458412465442e-324
1.476209099272537051e-03 4.940656458412465442e-324
1.555802238249063716e-03 4.940656458412465442e-324
1.637355775225640036e-03 4.940656458412465442e-324
1.720869710202266008e-03 4.940656458412465442e-324
1.806344043178942285e-03 4.940656458412465442e-324
1.893778774155669082e-03 4.940656458412465442e-324
1.983173903132445098e-03 4.940656458412465442e-324
2.074529430109271419e-03 4.940656458412465442e-324
2.167845355086147393e-03 4.940656458412465442e-324
2.263121678063073454e-03 4.940656458412465442e-324
2.360358399040050469e-03 4.940656458412465442e-324
2.459555518017076271e-03 4.940656458412465442e-324
2.560713034994152593e-03 4.940656458412465442e-324
2.663830949971278568e-03 4.940656458412465442e-324
2.768909262948454630e-03 4.940656458412465442e-324
2.875947973925680780e-03 4.940656458412465442e-324
2.984947082902957450e-03 4.940656458412465442e-324
3.095906589880283773e-03 4.940656458412465442e-324
3.208826494857659750e-03 4.940656458412465442e-324
3.323706797835085814e-03 4.940656458412465442e-324
3.440547498812561965e-03 4.940656458412465442e-324
3.559348597790088636e-03 4.940656458412465442e-324
3.680110094767664961e-03 4.940656458412465442e-324
3.802831989745290939e-03 4.940656458412465442e-324
3.927514282722965704e-03 4.940656458412465442e-324
4.054156973700691856e-03 4.940656458412465442e-324
4.182760062678468095e-03 9.881312916824930884e-324
4.313323549656295289e-03 9.881312916824930884e-324
4.445847434634171702e-03 9.881312916824930884e-324
4.580331717612097335e-03 9.881312916824930884e-324
4.716776398590073922e-03 9.881312916824930884e-324
4.855181477568099729e-03 9.881312916824930884e-324
4.995546954546175623e-03 9.881312916824930884e-324
5.137872829524301604e-03 9.881312916824930884e-324
5.282159102502477672e-03 9.881312916824930884e-324
5.428405773480703828e-03 9.881312916824930884e-324
5.576612842458980070e-03 1.482196937523739633e-323
5.726780309437305531e-03 1.482196937523739633e-323
5.878908174415681948e-03 1.482196937523739633e-323
6.032996437394107583e-03 1.482196937523739633e-323
6.189045098372585908e-03 1.482196937523739633e-323
6.347054157351111718e-03 1.976262583364986177e-323
6.507023614329687615e-03 1.976262583364986177e-323
6.668953469308313599e-03 1.976262583364986177e-323
6.832843722286989670e-03 1.976262583364986177e-323
6.998694373265715828e-03 2.470328229206232721e-323
7.166505422244492073e-03 2.470328229206232721e-323
7.336276869223317537e-03 2.964393875047479265e-323
7.508008714202193956e-03 2.964393875047479265e-323
7.681700957181119595e-03 5.970144627631779192e-309
7.857353598160098790e-03 1.816855228863922657e-276
8.034966637139125470e-03 1.901355259430066634e-246
8.214540074118200502e-03 8.540877123001938108e-219
8.396073909097327356e-03 2.065159828288324299e-193
8.579568142076502563e-03 3.384343076285407619e-170
8.765022773055727856e-03 4.748671920416234127e-149
8.952437802035004971e-03 7.226139562008971234e-130
9.141813229014330439e-03 1.513503400834489353e-112
9.333149053993705993e-03 5.544292444580131177e-97
9.526445276973131635e-03 4.516028883016662672e-83
9.721701897952607363e-03 1.039618106229200172e-70
9.918918916932136648e-03 8.588632879161743642e-60
1.011809633391171255e-02 3.227508592905079190e-50
1.031923414889133854e-02 6.975217903528761178e-42
1.052233236187101462e-02 1.092440112364851437e-34
1.072739097285074078e-02 1.555921973700420816e-28
1.093440998183051703e-02 2.516356471081827784e-23
1.114338938881034163e-02 5.736901138287180684e-19
1.135432919379021806e-02 2.273777538133131569e-15
1.156722939677014457e-02 1.917683130274377579e-12
1.178208999775011943e-02 4.177641402580592054e-10
1.199891099673014612e-02 2.827328274313407443e-08
1.221769239371022463e-02 7.078655691873091259e-07
1.243843418869035149e-02 7.733155998127659483e-06
1.266113638167052670e-02 4.326089759653471288e-05
1.288579897265075200e-02 1.455378979955982907e-04
1.311242196163102738e-02 3.430889536566931845e-04
1.334100534861135459e-02 6.407922368682805779e-04
1.357154913359173015e-02 1.030273073555987642e-03
1.380405331657215580e-02 1.500858143999537434e-03
1.403851789755263153e-02 2.043492525150013804e-03
1.427494287653315735e-02 2.651211462688400720e-03
1.451332825351373326e-02 3.318742346540667649e-03
1.475367402849436273e-02 4.042048948390586025e-03
1.499598020147503881e-02 4.817980222131932125e-03
1.524024677245576498e-02 5.644022920456908017e-03
1.548647374143653950e-02 6.518130477296158777e-03
1.573466110841736931e-02 7.438603917863404434e-03
1.598480887339824227e-02 8.404007723769145108e-03
1.623691703637917053e-02 9.413109319985802845e-03
1.649098559736014366e-02 1.046483475085180880e-02
1.674701455634117209e-02 1.155823564194067947e-02
1.700500391332224540e-02 1.269246417038399390e-02
1.726495366830337400e-02 1.386675381737544240e-02
1.752686382128455442e-02 1.508040436480531654e-02
1.779073437226577625e-02 1.633277005548069288e-02
1.805656532124705685e-02 1.762325014549569538e-02
1.832435666822837886e-02 1.895128128953018840e-02
1.859410841320975616e-02 2.031633134788073808e-02
1.886582055619118528e-02 2.171789430877328272e-02
1.913949309717265929e-02 2.315548609475001282e-02
1.941512603615418858e-02 2.462864107662483468e-02
1.969271937313575929e-02 2.613690915881163035e-02
1.997227310811738876e-02 2.767985332989162869e-02
2.025378724109906312e-02 2.925704759488631859e-02
2.053726177208079276e-02 3.086807522295729328e-02
2.082269670106256382e-02 3.251252725748507433e-02
2.111009202804439364e-02 3.419000124574875232e-02
2.139944775302626487e-02 3.590010015344145128e-02
2.169076387600819486e-02 3.764243143563803656e-02
2.198404039699017321e-02 3.941660624077195085e-02
2.227927731597219643e-02 4.122223872830255154e-02
2.257647463295427495e-02 4.305894548389666704e-02
2.287563234793639835e-02 4.492634501864706253e-02
2.317675046091857705e-02 4.682405734093308264e-02
2.347982897190080062e-02 4.875170359132898618e-02
2.378486788088307949e-02 5.070890573236890020e-02
2.409186718786539977e-02 5.269528628619912086e-02
2.440082689284778228e-02 5.471046811415600231e-02
2.471174699583020273e-02 5.675407423309685589e-02
2.502462749681268195e-02 5.882572766406507503e-02
2.533946839579521298e-02 6.092505130941899133e-02
2.565626969277778543e-02 6.305166785509400129e-02
2.597503138776041318e-02 6.520519969504010027e-02
2.629575348074308580e-02 6.738526887530153775e-02
2.661843597172581372e-02 6.959149705547207354e-02
2.694307886070858651e-02 7.182350548554550240e-02
2.726968214769141807e-02 7.408091499640728772e-02
2.759824583267428758e-02 7.636334600241383164e-02
2.792876991565721931e-02 7.867041851468875580e-02
2.826125439664019939e-02 8.100175216388824651e-02
2.859569927562322089e-02 8.335696623136840122e-02
2.893210455260630115e-02 8.573567968773905534e-02
2.927047022758941935e-02 8.813751123796052800e-02
2.961079630057259979e-02 9.056207937216488590e-02
2.995308277155582163e-02 9.300900242151521891e-02
3.029732964053910224e-02 9.547789861843314352e-02
3.064353690752242426e-02 9.796838616065720040e-02
3.099170457250580504e-02 1.004800832785572168e-01
3.134183263548922377e-02 1.030126083052964325e-01
3.169392109647270472e-02 1.055655797493345593e-01
3.204796995545623056e-02 1.081386163689517094e-01
3.240397921243980128e-02 1.107313372483944153e-01
3.276194886742343076e-02 1.133433618753415112e-01
3.312187892040710513e-02 1.159743102193883518e-01
3.348376937139083825e-02 1.186238028112787529e-01
3.384762022037460932e-02 1.212914608226462188e-01
3.421343146735843915e-02 1.239769061460536254e-01
3.458120311234230693e-02 1.266797614751017653e-01
3.495093515532624040e-02 1.293996503844166424e-01
3.532262759631021182e-02 1.321361974094108771e-01
3.569628043529424199e-02 1.348890281255767931e-01
3.607189367227831706e-02 1.376577692272162035e-01
3.644946730726244394e-02 1.404420486055000805e-01
3.682900134024662264e-02 1.432414954256765183e-01
3.721049577123083929e-02 1.460557402033899888e-01
3.759395060021512164e-02 1.488844148799580713e-01
3.797936582719944193e-02 1.517271528965619676e-01
3.836674145218382098e-02 1.545835892672422218e-01
3.875607747516824492e-02 1.574533606506408334e-01
3.914737389615272761e-02 1.603361054204128222e-01
3.954063071513724825e-02 1.632314637342712760e-01
3.993584793212182765e-02 1.661390776016007098e-01
4.033302554710645887e-02 1.690585909495708472e-01
4.073216356009112804e-02 1.719896496877563463e-01
4.113326197107585597e-02 1.749319017711725432e-01
4.153632078006062878e-02 1.778849972617710384e-01
4.194133998704546035e-02 1.808485883882601231e-01
4.234831959203032986e-02 1.838223296043206556e-01
4.275725959501525814e-02 1.868058776451873015e-01
4.316815999600023129e-02 1.897988915824824485e-01
4.358102079498526321e-02 1.928010328774524273e-01
4.399584199197033307e-02 1.958119654324361192e-01
4.441262358695546170e-02 1.988313556406692550e-01
4.483136557994064214e-02 2.018588724343587937e-01
4.525206797092586747e-02 2.048941873310732020e-01
4.567473075991114462e-02 2.079369744783918506e-01
4.609935394689646665e-02 2.109869106968644825e-01
4.652593753188184744e-02 2.140436755212870301e-01
4.695448151486726618e-02 2.171069512402295509e-01
4.738498589585275061e-02 2.201764229339335244e-01
4.781745067483826606e-02 2.232517785104930208e-01
4.825187585182384720e-02 2.263327087404082283e-01
4.868826142680946628e-02 2.294189072894299852e-01
4.912660739979515107e-02 2.325100707498186092e-01
4.956691377078088073e-02 2.356058986699576252e-01
5.000918053976664834e-02 2.387060935823759611e-01
5.045340770675248165e-02 2.418103610301255146e-01
5.089959527173835291e-02 2.449184095916905890e-01
5.134774323472428292e-02 2.480299509042518113e-01
5.179785159571025088e-02 2.511446996854617697e-01
5.224992035469628454e-02 2.542623737537235140e-01
5.270394951168235614e-02 2.573826940469474689e-01
5.315993906666848651e-02 2.605053846398867057e-01
5.361788901965465481e-02 2.636301727599921207e-01
5.407779937064088882e-02 2.667567888018707589e-01
5.453967011962716771e-02 2.698849663403613541e-01
5.500350126661349148e-02 2.730144421421973333e-01
5.546929281159986708e-02 2.761449561764168226e-01
5.593704475458628755e-02 2.792762516233206482e-01
5.640675709557277373e-02 2.824080748822757614e-01
5.687842983455929091e-02 2.855401755781493689e-01
5.735206297154587379e-02 2.886723065665739996e-01
5.782765650653248768e-02 2.918042239379685654e-01
5.830521043951917420e-02 2.949356870203027059e-01
5.878472477050590561e-02 2.980664583808809165e-01
5.926619949949267496e-02 3.011963038267885251e-01
5.974963462647950307e-02 3.043249924043563426e-01
6.023503015146637607e-02 3.074522963975000467e-01
6.072238607445330782e-02 3.105779913250196200e-01
6.121170239544027752e-02 3.137018559368513482e-01
6.170297911442730598e-02 3.168236722093306645e-01
6.219621623141437933e-02 3.199432253394962067e-01
6.269141374640151143e-02 3.230603037383926734e-01
6.318857165938866760e-02 3.261746990235146471e-01
6.368768997037589641e-02 3.292862060102912380e-01
6.418876867936318398e-02 3.323946227027699263e-01
6.469180778635051643e-02 3.354997502833767520e-01
6.519680729133789376e-02 3.386013931019281054e-01
6.570376719432530210e-02 3.416993586637642744e-01
6.621268749531278308e-02 3.447934576172291821e-01
6.672356819430030894e-02 3.478835037402797092e-01
6.723640929128789356e-02 3.509693139264464246e-01
6.775121078627552307e-02 3.540507081701220748e-01
6.826797267926318358e-02 3.571275095510493269e-01
6.878669497025091673e-02 3.601995442183744678e-01
6.930737765923869476e-02 3.632666413738136479e-01
6.983002074622653155e-02 3.663286332544722357e-01
7.035462423121441322e-02 3.693853551148561509e-01
7.088118811420231202e-02 3.724366452085097201e-01
7.140971239519029734e-02 3.754823447690071592e-01
7.194019707417832754e-02 3.785222979904793172e-01
7.247264215116641650e-02 3.815563520076191706e-01
7.300704762615452259e-02 3.845843568751962649e-01
7.354341349914270132e-02 3.876061655472441414e-01
7.408173977013092493e-02 3.906216338556191547e-01
7.462202643911922118e-02 3.936306204883557869e-01
7.516427350610754843e-02 3.966329869674304343e-01
7.570848097109590669e-02 3.996285976263302953e-01
7.625464883408433758e-02 4.026173195871624588e-01
7.680277709507281336e-02 4.055990227374450252e-01
7.735286575406134790e-02 4.085735797066405994e-01
7.790491481104989957e-02 4.115408658423145849e-01
7.845892426603853775e-02 4.145007591860110918e-01
7.901489411902722082e-02 4.174531404489926212e-01
7.957282437001594877e-02 4.203978929875551995e-01
8.013271501900470772e-02 4.233349027782445928e-01
8.069456606599353932e-02 4.262640583927700400e-01
8.125837751098241579e-02 4.291852509727945852e-01
8.182414935397135103e-02 4.320983742045005349e-01
8.239188159496033115e-02 4.350033242929728927e-01
8.296157423394934227e-02 4.378999999364571738e-01
8.353322727093842603e-02 4.407883023004699474e-01
8.410684070592755468e-02 4.436681349918052963e-01
8.468241453891674209e-02 4.465394040323242275e-01
8.525994876990593274e-02 4.494020178328085313e-01
8.583944339889522379e-02 4.522558871665832148e-01
8.642089842588455972e-02 4.551009251431950009e-01
8.700431385087394054e-02 4.579370471818371979e-01
8.758968967386336624e-02 4.607641709849812917e-01
8.817702589485282294e-02 4.635822165117294835e-01
8.876632251384235228e-02 4.663911059512731438e-01
8.935757953083194038e-02 4.691907636963362771e-01
8.995079694582157337e-02 4.719811163164998047e-01
9.054597475881122348e-02 4.747620925317065366e-01
9.114311296980096011e-02 4.775336231855893954e-01
9.174221157879074162e-02 4.802956412189629543e-01
9.234327058578056802e-02 4.830480816432864422e-01
9.294628999077042542e-02 4.857908815141849246e-01
9.355126979376035545e-02 4.885239799049962417e-01
9.415820999475034425e-02 4.912473178804051543e-01
9.476711059374037793e-02 4.939608384701651977e-01
9.537797159073045650e-02 4.966644866427697980e-01
9.599079298572055219e-02 4.993582092793905081e-01
9.660557477871074827e-02 5.020419551477778297e-01
9.722231696970097536e-02 5.047156748762836598e-01
9.784101955869126122e-02 5.073793209279986449e-01
9.846168254568156419e-02 5.100328475750056656e-01
9.908430593067193981e-02 5.126762108726733436e-01
9.970888971366237419e-02 5.153093686342770097e-01
1.003354338946528534e-01 5.179322804054252716e-01
1.009639384736433915e-01 5.205449074389235653e-01
1.015944034506339466e-01 5.231472126696375957e-01
1.022268288256245744e-01 5.257391606894399327e-01
1.028612145986152610e-01 5.283207177224554796e-01
1.034975607696059924e-01 5.308918516003513499e-01
1.041358673385967409e-01 5.334525317378083775e-01
1.047761343055875760e-01 5.360027291081930212e-01
1.054183616705784560e-01 5.385424162192986586e-01
1.060625494335693947e-01 5.410715670893606610e-01
1.067086975945603783e-01 5.435901572232486600e-01
1.073568061535513790e-01 5.460981635886774654e-01
1.080068751105424663e-01 5.485955645928345392e-01
1.086589044655335984e-01 5.510823400589354160e-01
1.093128942185247754e-01 5.535584712032074473e-01
1.099688443695159834e-01 5.560239406119266148e-01
1.106267549185072641e-01 5.584787322185768010e-01
1.112866258654986035e-01 5.609228312814100725e-01
1.119484572104899878e-01 5.633562243610211739e-01
1.126122489534813753e-01 5.657788992982061282e-01
1.132780010944728633e-01 5.681908451919787106e-01
1.139457136334643961e-01 5.705920523778458264e-01
1.146153865704559877e-01 5.729825124061846964e-01
1.152870199054476102e-01 5.753622180209407855e-01
1.159606136384392638e-01 5.777311631384911550e-01
1.166361677694310039e-01 5.800893428266145069e-01
1.173136822984227889e-01 5.824367532838672368e-01
1.179931572254146188e-01 5.847733918189920166e-01
1.186745925504064658e-01 5.870992568305911652e-01
1.193579882733983993e-01 5.894143477870745773e-01
1.200433443943903777e-01 5.917186652066960262e-01
1.207306609133824149e-01 5.940122106379831513e-01
1.214199378303744969e-01 5.962949866401086041e-01
1.221111751453665961e-01 5.985669967637505806e-01
1.228043728583587818e-01 6.008282455320234083e-01
1.234995309693510124e-01 6.030787384215886560e-01
1.241966494783433017e-01 6.053184818440866533e-01
1.248957283853355943e-01 6.075474831276770349e-01
1.255967676903279873e-01 6.097657504988630572e-01
1.262997673933204390e-01 6.119732930644916635e-01
1.270047274943129079e-01 6.141701207939284091e-01
1.277116479933054216e-01 6.163562445015022817e-01
1.284205288902980080e-01 6.185316758291048433e-01
1.291313701852906393e-01 6.206964272290711460e-01
1.298441718782833154e-01 6.228505119471069440e-01
1.305589339692760642e-01 6.249939440055493067e-01
1.312756564582688024e-01 6.271267381868251833e-01
1.319943393452616409e-01 6.292489100169523786e-01
1.327149826302545244e-01 6.313604757493278541e-01
1.334375863132474527e-01 6.334614523487003268e-01
1.341621503942403981e-01 6.355518574750821381e-01
1.348886748732334440e-01 6.376317094679296860e-01
1.356171597502265069e-01 6.397010273301138028e-01
1.363476050252196425e-01 6.417598307116698653e-01
1.370800106982128508e-01 6.438081398927586463e-01
1.378143767692060206e-01 6.458459757654142486e-01
1.385507032381993187e-01 6.478733598124650772e-01
1.392889901051926616e-01 6.498903140739936690e-01
1.400292373701860493e-01 6.518875721827489533e-01
1.407714450331794265e-01 6.538836269558341296e-01
1.415156130941729040e-01 6.558693201143314111e-01
1.422617415531664542e-01 6.578446760693329454e-01
1.430098304101600493e-01 6.598097197240652134e-01
1.437598796651536337e-01 6.617644764785430844e-01
1.445118893181473185e-01 6.637089722225070210e-01
1.452658593691410482e-01 6.656432333261887990e-01
1.460217898181348506e-01 6.675672866296333829e-01
1.467796806651286701e-01 6.694811594314967751e-01
1.475395319101225067e-01 6.713848794775673090e-01
1.483013435531164437e-01 6.732784749491799170e-01
1.490651155941104256e-01 6.751619744518078114e-01
1.498308480331044801e-01 6.770354070035849992e-01
1.505985408700985240e-01 6.788988020240468435e-01
1.513681941050926405e-01 6.807521893230666921e-01
1.521398077380868297e-01 6.825955990898708858e-01
1.529133817690810637e-01 6.844290618821607941e-01
1.536889161980753704e-01 6.862526086155968930e-01
1.544664110250696387e-01 6.880662705531633838e-01
1.552458662500640352e-01 6.898700792949501448e-01
1.560272818730584765e-01 6.916640667679310184e-01
1.568106578940529627e-01 6.934482652159634775e-01
1.575959943130474383e-01 6.952227071899571564e-01
1.583832911300420421e-01 6.969874255381576234e-01
1.591725483450366629e-01 6.987424533965971296e-01
1.599637659580313565e-01 7.004878241797638516e-01
1.607569439690260948e-01 7.022235715713355253e-01
1.615520823780208504e-01 7.039497295150716205e-01
1.623491811850156785e-01 7.056663322059735233e-01
1.631482403900105516e-01 7.073734140814088578e-01
1.639492599930054972e-01 7.090710098125747596e-01
1.647522399940004323e-01 7.107591542959180719e-01
1.655571803929954677e-01 7.124378826449178082e-01
1.663640811899905481e-01 7.141072301817584789e-01
1.671729423849857010e-01 7.157672324293740118e-01
1.679837639779808434e-01 7.174179251035168736e-01
1.687965459689760583e-01 7.190593441049066836e-01
1.696112883579713460e-01 7.206915255117390950e-01
1.704279911449667062e-01 7.223145055720455732e-01
1.712466543299620836e-01 7.239283206963702533e-01
1.720672779129574781e-01 7.255330074506144422e-01
1.728898618939529452e-01 7.271286025487567750e-01
1.737144062729484850e-01 7.287151428460423297e-01
1.745409110499440697e-01 7.302926653320397365e-01
1.753693762249396715e-01 7.318612071239627426e-01
1.761998017979353459e-01 7.334208054600150906e-01
1.770321877689310930e-01 7.349714976929638821e-01
1.778665341379268849e-01 7.365133212837624566e-01
1.787028409049227218e-01 7.380463137952836261e-01
1.795411080699185480e-01 7.395705128862632982e-01
1.803813356329145023e-01 7.410859563051998000e-01
1.812235235939104738e-01 7.425926818845804966e-01
1.820676719529065180e-01 7.440907275349879502e-01
1.829137807099025514e-01 7.455801312394947367e-01
1.837618498648986853e-01 7.470609310481071130e-01
1.846118794178948919e-01 7.485331650722841790e-01
1.854638693688911155e-01 7.499968714796376723e-01
1.863178197178873563e-01 7.514520884886377594e-01
1.871737304648836975e-01 7.528988543635363184e-01
1.880316016098800835e-01 7.543372074093286361e-01
1.888914331528765145e-01 7.557671859667630665e-01
1.897532250938729903e-01 7.571888284075888320e-01
1.906169774328694833e-01 7.586021731297604154e-01
1.914826901698660766e-01 7.600072585528717672e-01
1.923503633048627148e-01 7.614041231135471044e-01
1.932199968378593979e-01 7.627928052609962428e-01
1.940915907688560982e-01 7.641733434527442359e-01
1.949651450978528711e-01 7.655457761502529879e-01
1.958406598248497166e-01 7.669101418148402960e-01
1.967181349498466070e-01 7.682664789035467123e-01
1.975975704728435423e-01 7.696148258651545060e-01
1.984789663938404669e-01 7.709552211362294960e-01
1.993623227128375197e-01 7.722877031374150159e-01
2.002476394298345896e-01 7.736123102695167120e-01
2.011349165448317322e-01 7.749290809100168875e-01
2.020241540578288642e-01 7.762380534093261675e-01
2.029153519688260965e-01 7.775392660874297368e-01
2.038085102778234015e-01 7.788327572303325175e-01
2.047036289848207236e-01 7.801185650867982213e-01
2.056007080898180628e-01 7.813967278650971737e-01
2.064997475928155024e-01 7.826672837296878571e-01
2.074007474938129869e-01 7.839302707982264140e-01
2.083037077928105441e-01 7.851857271384372616e-01
2.092086284898081183e-01 7.864336907651946484e-01
2.101155095848057097e-01 7.876741996374977406e-01
2.110243510778034015e-01 7.889072916557923199e-01
2.119351529688011382e-01 7.901330046590687717e-01
2.128479152577989197e-01 7.913513764221906666e-01
2.137626379447967184e-01 7.925624446532740786e-01
2.146793210297945897e-01 7.937662469911188623e-01
2.155979645127925337e-01 7.949628210026307151e-01
2.165185683937905226e-01 7.961522041804640626e-01
2.174411326727885563e-01 7.973344339405639136e-01
2.183656573497865794e-01 7.985095476198151854e-01
2.192921424247847306e-01 7.996775824738728833e-01
2.202205878977829268e-01 8.008385756748839235e-01
2.211509937687811678e-01 8.019925643092938872e-01
2.220833600377793982e-01 8.031395853758543923e-01
2.230176867047777289e-01 8.042796757834729249e-01
2.239539737697761046e-01 8.054128723493031439e-01
2.248922212327745529e-01 8.065392117967591368e-01
2.258324290937730461e-01 8.076587307536916560e-01
2.267745973527715286e-01 8.087714657504780913e-01
2.277187260097701116e-01 8.098774532183087294e-01
2.286648150647687394e-01 8.109767294874212773e-01
2.296128645177674399e-01 8.120693307854416343e-01
2.305628743687661297e-01 8.131552932357212216e-01
2.315148446177649200e-01 8.142346528557986574e-01
2.324687752647637551e-01 8.153074455558013689e-01
2.334246663097626351e-01 8.163737071369799869e-01
2.343825177527615322e-01 8.174334732902609479e-01
2.353423295937605020e-01 8.184867795948538305e-01
2.363041018327595444e-01 8.195336615168067329e-01
2.372678344697586317e-01 8.205741544077784777e-01
2.382335275047577638e-01 8.216082935037285484e-01
2.392011809377569131e-01 8.226361139235515152e-01
2.401707947687561351e-01 8.236576506680847176e-01
2.411423689977554297e-01 8.246729386187292565e-01
2.421159036247547691e-01 8.256820125364330298e-01
2.430913986497540979e-01 8.266849070604839200e-01
2.440688540727535549e-01 8.276816567075012676e-01
2.450482698937530290e-01 8.286722958702840147e-01
2.460296461127525758e-01 8.296568588167827496e-01
2.470129827297521674e-01 8.306353796888757968e-01
2.479982797447517484e-01 8.316078925011048950e-01
2.489855371577514298e-01 8.325744311390443908e-01
2.499747549687511561e-01 8.335350293562505675e-01
2.509659331777509550e-01 8.344865510995572722e-01
2.519590717847506878e-01 8.354352915982786731e-01
2.529541707897505765e-01 8.363781907607357180e-01
2.539512301927505100e-01 8.373152818152749255e-01
2.549502499937504885e-01 8.382465978550237562e-01
2.559512301927505673e-01 8.391721718389401063e-01
2.569541707897506355e-01 8.400920365919987143e-01
2.579590717847507486e-01 8.410062248047629474e-01
2.589659331777509621e-01 8.419147690332220435e-01
2.599747549687512205e-01 8.428177016981603931e-01
2.609855371577514682e-01 8.437150550847777319e-01
2.619982797447518164e-01 8.446068613422612614e-01
2.630129827297520984e-01 8.454931524833126932e-01
2.640296461127525363e-01 8.463739603838145165e-01
2.650482698937530190e-01 8.472493167823150761e-01
2.660688540727535467e-01 8.481192532797794392e-01
2.670913986497541748e-01 8.489838013391083349e-01
2.681159036247547922e-01 8.498429922850079254e-01
2.691423689977554545e-01 8.506968573034447978e-01
2.701707947687562172e-01 8.515454274415131808e-01
2.712011809377570248e-01 8.523887336071582776e-01
2.722335275047577108e-01 8.532268065688822789e-01
2.732678344697586081e-01 8.540596769554974488e-01
2.743041018327595504e-01 8.548873752560491868e-01
2.753423295937605375e-01 8.557099318194811843e-01
2.763825177527615695e-01 8.565273768545368371e-01
2.774246663097627019e-01 8.573397404296646540e-01
2.784687752647638237e-01 8.581470524727685678e-01
2.795148446177649904e-01 8.589493427711868412e-01
2.805628743687662574e-01 8.597466409715902591e-01
2.816128645177674028e-01 8.605389765798762136e-01
2.826648150647687596e-01 8.613263789611224075e-01
2.837187260097701613e-01 8.621088773395702010e-01
2.847745973527716079e-01 8.628865007985602187e-01
2.858324290937730994e-01 8.636592782805778690e-01
2.868922212327746357e-01 8.644272385871695219e-01
2.879539737697762170e-01 8.651904103790473144e-01
2.890176867047778431e-01 8.659488221761063587e-01
2.900833600377795141e-01 8.667025023574689291e-01
2.911509937687811744e-01 8.674514791615466347e-01
2.922205878977829352e-01 8.681957806860932658e-01
2.932921424247847964e-01 8.689354348883983059e-01
2.943656573497866469e-01 8.696704695852496281e-01
2.954411326727885978e-01 8.704009124531760788e-01
2.965185683937905936e-01 8.711267910285165339e-01
2.975979645127926343e-01 8.718481327075870979e-01
2.986793210297947199e-01 8.725649647468216585e-01
2.997626379447967393e-01 8.732773142629792762e-01
3.008479152577989146e-01 8.739852082332476568e-01
3.019351529688011904e-01 8.746886734955364728e-01
3.030243510778034555e-01 8.753877367486068151e-01
3.041155095848058210e-01 8.760824245523086695e-01
3.052086284898081758e-01 8.767727633278041832e-01
3.063037077928106311e-01 8.774587793578177974e-01
3.074007474938131312e-01 8.781404987868290934e-01
3.084997475928156763e-01 8.788179476213896502e-01
3.096007080898180996e-01 8.794911517303992676e-01
3.107036289848207899e-01 8.801601368452423024e-01
3.118085102778234696e-01 8.808249285602501866e-01
3.129153519688261942e-01 8.814855523329073739e-01
3.140241540578289636e-01 8.821420334841175714e-01
3.151349165448318335e-01 8.827943971985642291e-01
3.162476394298346927e-01 8.834426685250077460e-01
3.173623227128376523e-01 8.840868723766186488e-01
3.184789663938406568e-01 8.847270335312744649e-01
3.195975704728435396e-01 8.853631766319611796e-01
3.207181349498466338e-01 8.859953261870738839e-01
3.218406598248497730e-01 8.866235065707642748e-01
3.229651450978529570e-01 8.872477420233251255e-01
3.240915907688562414e-01 8.878680566515525507e-01
3.252199968378595152e-01 8.884844744291232610e-01
3.263503633048628338e-01 8.890970191968835534e-01
3.274826901698662529e-01 8.897057146634317348e-01
3.286169774328696613e-01 8.903105844053148532e-01
3.297532250938730591e-01 8.909116518675189722e-01
3.308914331528765573e-01 8.915089403638150056e-01
3.320316016098801559e-01 8.921024730772794120e-01
3.331737304648837994e-01 8.926922730605628686e-01
3.343178197178874878e-01 8.932783632363742177e-01
3.354638693688912210e-01 8.938607663979004636e-01
3.366118794178950546e-01 8.944395052091861364e-01
3.377618498648988776e-01 8.950146022056535422e-01
3.389137807099027455e-01 8.955860797943457907e-01
3.400676719529066028e-01 8.961539602544504879e-01
3.412235235939105604e-01 8.967182657374955790e-01
3.423813356329146185e-01 8.972781623929059203e-01
3.435411080699187214e-01 8.978353526466352763e-01
3.447028409049228137e-01 8.983890328298016481e-01
3.458665341379270064e-01 8.989392245752448884e-01
3.470321877689312440e-01 8.994859493904795444e-01
3.481998017979355819e-01 9.000292286582415313e-01
3.493693762249399093e-01 9.005690836369582009e-01
3.505409110499441705e-01 9.011055354614473378e-01
3.517144062729485876e-01 9.016386051431434234e-01
3.528898618939531051e-01 9.021683135707845302e-01
3.540672779129576120e-01 9.026946815107859123e-01
3.552466543299622193e-01 9.032177296077236184e-01
3.564279911449668714e-01 9.037374783849094761e-01
3.576112883579715684e-01 9.042539482447857768e-01
3.587965459689763104e-01 9.047671594694688402e-01
3.599837639779809306e-01 9.052771322211939919e-01
3.611729423849858178e-01 9.057838865428751163e-01
3.623640811899906944e-01 9.062874423585549621e-01
3.635571803929956158e-01 9.067878194739196207e-01
3.647522399940006377e-01 9.072850375767629316e-01
3.659492599930056489e-01 9.077791162375079548e-01
3.671482403900107605e-01 9.082700749097518678e-01
3.683491811850159170e-01 9.087579329307173825e-01
3.695520823780210629e-01 9.092427095217502364e-01
3.707569439690261981e-01 9.097244237888939544e-01
3.719637659580314892e-01 9.102030947232750968e-01
3.731725483450368253e-01 9.106787412017234296e-01
3.743832911300422062e-01 9.111513819872288922e-01
3.755959943130476320e-01 9.116210357294860511e-01
3.768106578940531581e-01 9.120877209653449613e-01
3.780272818730586737e-01 9.125514561193747154e-01
3.792458662500642896e-01 9.130122595043134170e-01
3.804664110250698950e-01 9.134701493217087798e-01
3.816889161980754896e-01 9.139251436622520819e-01
3.829133817690812402e-01 9.143772605064204306e-01
3.841398077380869802e-01 9.148265177249598201e-01
3.853681941050928206e-01 9.152729330793805129e-01
3.865985408700987613e-01 9.157165242224569734e-01
3.878308480331046915e-01 9.161573086988036296e-01
3.890651155941106665e-01 9.165953039453056395e-01
3.903013435531166864e-01 9.170305272916960959e-01
3.915395319101228067e-01 9.174629959610717256e-01
3.927796806651288053e-01 9.178927270702940122e-01
3.940217898181350153e-01 9.183197376307131732e-01
3.952658593691412148e-01 9.187440445484719165e-01
3.965118893181475146e-01 9.191656646251264995e-01
3.977598796651538593e-01 9.195846145581407782e-01
3.990098304101602489e-01 9.200009109413614938e-01
4.002617415531666833e-01 9.204145702656337802e-01
4.015156130941732182e-01 9.208256089191705351e-01
4.027714450331797424e-01 9.212340431881832492e-01
4.040292373701862005e-01 9.216398892572681412e-01
4.052889901051928145e-01 9.220431632100670738e-01
4.065507032381995289e-01 9.224438810296657909e-01
4.078143767692062882e-01 9.228420585990996239e-01
4.090800106982130369e-01 9.232377117019909818e-01
4.103476050252198859e-01 9.236308560227934894e-01
4.116171597502267798e-01 9.240215071476263198e-01
4.128886748732337186e-01 9.244096805645278803e-01
4.141621503942407023e-01 9.247953916640484495e-01
4.154375863132476199e-01 9.251786557397689847e-01
4.167149826302546933e-01 9.255594879887718562e-01
4.179943393452618672e-01 9.259379035121845236e-01
4.192756564582690304e-01 9.263139173155677808e-01
4.205589339692762940e-01 9.266875443095625720e-01
4.218441718782836025e-01 9.270587993103082125e-01
4.231313701852909004e-01 9.274276970398676045e-01
4.244205288902982987e-01 9.277942521269443299e-01
4.257116479933056308e-01 9.281584791071089136e-01
4.270047274943131188e-01 9.285203924234707307e-01
4.282997673933206517e-01 9.288800064270718027e-01
4.295967676903282295e-01 9.292373353774783240e-01
4.308957283853359077e-01 9.295923934431451485e-01
4.321966494783435753e-01 9.299451947019806708e-01
4.334995309693513432e-01 9.302957531418721837e-01
4.348043728583591006e-01 9.306440826610203887e-01
4.361111751453669583e-01 9.309901970685472428e-01
4.374199378303746943e-01 9.313341100849714671e-01
4.387306609133826418e-01 9.316758353426193295e-01
4.400433443943906342e-01 9.320153863861715404e-01
4.413579882733986715e-01 9.323527766730699273e-01
4.426745925504067536e-01 9.326880195740612223e-01
4.439931572254149361e-01 9.330211283736047356e-01
4.453136822984231080e-01 9.333521162703617424e-01
4.466361677694313248e-01 9.336809963776757648e-01
4.479606136384396420e-01 9.340077817239993418e-01
4.492870199054478375e-01 9.343324852532731706e-01
4.506153865704562445e-01 9.346545904115618475e-01
4.519457136334646408e-01 9.349751504359848919e-01
4.532780010944731375e-01 9.352936665501330182e-01
4.546122489534816791e-01 9.356101513586259077e-01
4.559484572104903211e-01 9.359246173839090854e-01
4.572866258654989524e-01 9.362370770667913789e-01
4.586267549185076287e-01 9.365475427668780162e-01
4.599688443695163498e-01 9.368560267631202976e-01
4.613128942185250048e-01 9.371625412541234601e-01
4.626589044655338712e-01 9.374670983587557460e-01
4.640068751105427269e-01 9.377697101164972349e-01
4.653568061535516831e-01 9.380703884878872634e-01
4.667086975945606842e-01 9.383691453550172534e-01
4.680625494335697301e-01 9.386659925219719147e-01
4.694183616705788209e-01 9.389609417152076087e-01
4.707761343055879566e-01 9.392540045840166441e-01
4.721358673385971372e-01 9.395451927010313176e-01
4.734975607696062516e-01 9.398345175625358872e-01
4.748612145986155220e-01 9.401219905889728334e-01
4.762268288256248927e-01 9.404076231254104856e-01
4.775944034506342528e-01 9.406914264418700933e-01
4.789639384736437133e-01 9.409734117337816839e-01
4.803354338946532187e-01 9.412535901224761137e-01
4.817088897136627690e-01 9.415319726555527735e-01
4.830843059306723641e-01 9.418085703072732739e-01
4.844616825456818376e-01 9.420833939790096423e-01
4.858410195586915226e-01 9.423564544996833048e-01
4.872223169697012524e-01 9.426277626261412301e-01
4.886055747787110826e-01 9.428973290435694876e-01
4.899907929857209021e-01 9.431651643659348938e-01
4.913779715907308221e-01 9.434312791363399509e-01
4.927671105937407314e-01 9.436956838274699333e-01
4.941582099947507412e-01 9.439583888419782465e-01
4.955512697937607958e-01 9.442194045129008728e-01
4.969462899907707287e-01 9.444787411040209690e-01
4.983432705857808731e-01 9.447364088103388235e-01
4.997422115787910624e-01 9.449924177583772789e-01
5.011431129698012965e-01 9.452467780066154956e-01
5.025459747588115755e-01 9.454994995459059526e-01
5.039507969458218994e-01 9.457505922997905268e-01
5.053575795308323793e-01 9.460000661249878817e-01
5.067663225138427929e-01 9.462479308116700238e-01
5.081770258948532515e-01 9.464941960839442503e-01
5.095896896738636439e-01 9.467388716001423621e-01
5.110043138508743032e-01 9.469819669532627548e-01
5.124208984258848965e-01 9.472234916713125896e-01
5.138394433988955345e-01 9.474634552177351177e-01
5.152599487699063285e-01 9.477018669916525972e-01
5.166824145389171674e-01 9.479387363284333956e-01
5.181068407059279401e-01 9.481740724998559688e-01
5.195332272709388688e-01 9.484078847146317770e-01
5.209615742339498423e-01 9.486401821186452032e-01
5.223918815949606387e-01 9.488709737954368340e-01
5.238241493539717020e-01 9.491002687664549242e-01
5.252583775109828101e-01 9.493280759914574096e-01
5.266945660659939632e-01 9.495544043689055913e-01
5.281327150190051611e-01 9.497792627362310336e-01
5.295728243700164040e-01 9.500026598702674407e-01
5.310148941190276917e-01 9.502246044875418685e-01
5.324589242660390243e-01 9.504451052446355463e-01
5.339049148110504017e-01 9.506641707385924400e-01
5.353528657540617131e-01 9.508818095071347454e-01
5.368027770950731803e-01 9.510980300291097533e-01
5.382546488340846924e-01 9.513128407247904983e-01
5.397084809710962494e-01 9.515262499562269216e-01
5.411642735061079623e-01 9.517382660275248707e-01
5.426220264391196091e-01 9.519488971852592130e-01
5.440817397701314118e-01 9.521581516187411776e-01
5.455434134991431483e-01 9.523660374603981627e-01
5.470070476261550407e-01 9.525725627860366362e-01
5.484726421511667560e-01 9.527777356152198340e-01
5.499401970741787382e-01 9.529815639115435388e-01
5.514097123951906543e-01 9.531840555830146666e-01
5.528811881142027262e-01 9.533852184823066178e-01
5.543546242312148431e-01 9.535850604071304248e-01
5.558300207462270048e-01 9.537835891004922129e-01
5.573073776592392115e-01 9.539808122510197164e-01
5.587866949702514630e-01 9.541767374933504131e-01
5.602679726792635373e-01 9.543713724083118244e-01
5.617512107862758786e-01 9.545647245233045419e-01
5.632364092912882647e-01 9.547568013125714570e-01
5.647235681943006957e-01 9.549476101975472586e-01
5.662126874953131717e-01 9.551371585471086778e-01
5.677037671943258035e-01 9.553254536778810202e-01
5.691968072913383692e-01 9.555125028545198296e-01
5.706918077863509797e-01 9.556983132900710443e-01
5.721887686793637462e-01 9.558828921462034778e-01
5.736876899703762245e-01 9.560662465334418547e-01
5.751885716593890807e-01 9.562483835116232234e-01
5.766914137464018708e-01 9.564293100899989852e-01
5.781962162314148168e-01 9.566090332276424579e-01
5.797029791144278077e-01 9.567875598336149645e-01
5.812117023954407324e-01 9.569648967674011519e-01
5.827223860744538131e-01 9.571410508390550964e-01
5.842350301514669386e-01 9.573160288094946235e-01
5.857496346264799980e-01 9.574898373908424798e-01
5.872661994994931023e-01 9.576624832466126280e-01
5.887847247705062514e-01 9.578339729920148926e-01
5.903052104395195565e-01 9.580043131942631573e-01
5.918276565065329065e-01 9.581735103727596625e-01
5.933520629715463013e-01 9.583415709994195231e-01
5.948784298345597410e-01 9.585085014989158658e-01
5.964067570955732256e-01 9.586743082488785594e-01
5.979370447545868661e-01 9.588389975802396048e-01
5.994692928116004405e-01 9.590025757774571780e-01
6.010035012666138377e-01 9.591650490787749783e-01
6.025396701196276128e-01 9.593264236763889841e-01
6.040777993706413218e-01 9.594867057168404711e-01
6.056178890196550757e-01 9.596459013010922856e-01
6.071599390666689855e-01 9.598040164849405143e-01
6.087039495116828292e-01 9.599610572790834295e-01
6.102499203546968287e-01 9.601170296493857226e-01
6.117978515957107621e-01 9.602714657755961891e-01
6.133477432347248515e-01 9.604253072705078997e-01
6.148995952717387636e-01 9.605780978039940576e-01
6.164534077067529427e-01 9.607298431648270132e-01
6.180091805397671667e-01 9.608805490981028319e-01
6.195669137707813245e-01 9.610302213056163279e-01
6.211266073997956383e-01 9.611788654460299286e-01
6.226882614268099969e-01 9.613264871351084873e-01
6.242518758518244004e-01 9.614730919460283687e-01
6.258174506748388488e-01 9.616186854094860292e-01
6.273849858958533421e-01 9.617632730140042163e-01
6.289544815148676582e-01 9.619068602061331408e-01
6.305259375318823523e-01 9.620494523906280016e-01
6.320993539468969802e-01 9.621910549306971205e-01
6.336747307599116530e-01 9.623316731482407516e-01
6.352520679709263707e-01 9.624713123239962975e-01
6.368313655799411332e-01 9.626099776977810052e-01
6.384126235869560517e-01 9.627476744687141208e-01
6.399958419919709041e-01 9.628844077954216152e-01
6.415810207949856903e-01 9.630201827961634153e-01
6.431681599960007434e-01 9.631550045491646950e-01
6.447572595950157304e-01 9.632888780926912586e-01
6.463483195920308733e-01 9.634218084253239889e-01
6.479413399870459500e-01 9.635538005061013989e-01
6.495363207800611827e-01 9.636848592547966330e-01
6.511332619710764602e-01 9.638149895519869670e-01
6.527321635600916716e-01 9.639441962393539010e-01
6.543330255471070389e-01 9.640724841197946260e-01
6.559358479321222291e-01 9.641998579576483985e-01
6.575406307151376861e-01 9.643263224788831689e-01
6.591473738961531881e-01 9.644518823712481259e-01
6.607560774751687349e-01 9.645765422844831960e-01
6.623667414521843266e-01 9.647003068304592643e-01
6.639793658271999632e-01 9.648231805834004415e-01
6.655939506002157557e-01 9.649451680800222864e-01
6.672104957712314821e-01 9.650662738197509638e-01
6.688290013402472534e-01 9.651865022648081771e-01
6.704494673072629585e-01 9.653058578404783985e-01
6.720718936722788195e-01 9.654243449351868067e-01
6.736962804352947254e-01 9.655419679007670730e-01
6.753226275963107872e-01 9.656587310525021062e-01
6.769509351553267829e-01 9.657746386694167073e-01
6.785812031123429344e-01 9.658896949942720189e-01
6.802134314673590199e-01 9.660039042339202409e-01
6.818476202203752612e-01 9.661172705593258359e-01
6.834837693713914364e-01 9.662297981057013097e-01
6.851218789204075454e-01 9.663414909727895408e-01
6.867619488674239214e-01 9.664523532248791016e-01
6.884039792124403423e-01 9.665623888910470640e-01
6.900479699554568080e-01 9.666716019652185077e-01
6.916939210964733187e-01 9.667799964064272000e-01
6.933418326354898742e-01 9.668875761388320278e-01
6.949917045725064746e-01 9.669943450519343786e-01
6.966435369075231199e-01 9.671003070007030411e-01
6.982973296405398100e-01 9.672054658057095411e-01
6.999530827715563230e-01 9.673098252532594810e-01
7.016107963005731030e-01 9.674133890955041171e-01
7.032704702275899278e-01 9.675161610506450849e-01
7.049321045526069085e-01 9.676181448029389509e-01
7.065956992756238231e-01 9.677193440029945304e-01
7.082612543966407825e-01 9.678197622677063849e-01
7.099287699156578979e-01 9.679194031805345988e-01
7.115982458326749471e-01 9.680182702915516302e-01
7.132696821476921523e-01 9.681163671175868624e-01
7.149430788607090692e-01 9.682136971423327410e-01
7.166184359717263641e-01 9.683102638164281517e-01
7.182957534807437039e-01 9.684060705576792438e-01
7.199750313877609775e-01 9.685011207510516584e-01
7.216562696927784071e-01 9.685954177488542705e-01
7.233394683957958815e-01 9.686889648707855960e-01
7.250246274968132898e-01 9.687817654041499527e-01
7.267117469958308540e-01 9.688738226038384749e-01
7.284008268928482410e-01 9.689651396924918725e-01
7.300918671878658950e-01 9.690557198606114531e-01
7.317848678808835938e-01 9.691455662666372817e-01
7.334798289719013376e-01 9.692346820370475458e-01
7.351767504609192372e-01 9.693230702664759058e-01
7.368756323479370707e-01 9.694107340177429144e-01
7.385764746329549491e-01 9.694976763220446436e-01
7.402792773159728723e-01 9.695839001788998379e-01
7.419840403969908404e-01 9.696694085564779853e-01
7.436907638760087425e-01 9.697542043913680576e-01
7.453994477530268004e-01 9.698382905889266770e-01
7.471100920280450142e-01 9.699216700232350385e-01
7.488226967010631618e-01 9.700043455371671897e-01
7.505372617720814654e-01 9.700863199425598937e-01
7.522537872410997029e-01 9.701675960202157389e-01
7.539722731081180962e-01 9.702481765199654218e-01
7.556927193731364234e-01 9.703280641607751056e-01
7.574151260361549065e-01 9.704072616308363486e-01
7.591394930971732125e-01 9.704857715875467861e-01
7.608658205561917853e-01 9.705635966577222939e-01
7.625941084132104031e-01 9.706407394375037301e-01
7.643243566682289547e-01 9.707172024924765052e-01
7.660565653212476622e-01 9.707929883577951502e-01
7.677907343722664146e-01 9.708680995381155920e-01
7.695268638212852119e-01 9.709425385078230830e-01
7.712649536683040541e-01 9.710163077108739937e-01
7.730050039133229411e-01 9.710894095610037580e-01
7.747470145563417621e-01 9.711618464417465235e-01
7.764909855973607389e-01 9.712336207064276028e-01
7.782369170363797606e-01 9.713047346782591740e-01
7.799848088733989382e-01 9.713751906503469424e-01
7.817346611084180497e-01 9.714449908857847316e-01
7.834864737414372060e-01 9.715141376176370525e-01
7.852402467724565183e-01 9.715826330490094920e-01
7.869959802014757644e-01 9.716504793530503781e-01
7.887536740284951664e-01 9.717176786730258309e-01
7.905133282535142802e-01 9.717842331222762420e-01
7.922749428765337720e-01 9.718501447843838070e-01
7.940385178975533087e-01 9.719154157130024396e-01
7.958040533165727792e-01 9.719800479320669373e-01
7.975715491335924057e-01 9.720440434356971693e-01
7.993410053486120770e-01 9.721074041882088457e-01
8.011124219616317932e-01 9.721701321242630645e-01
8.028857989726515543e-01 9.722322291487052182e-01
8.046611363816711382e-01 9.722936971367019954e-01
8.064384341886909890e-01 9.723545379336865357e-01
8.082176923937108848e-01 9.724147533554091671e-01
8.099989109967308254e-01 9.724743451878783418e-01
8.117820899977508109e-01 9.725333151874596682e-01
8.135672293967708413e-01 9.725916650807535646e-01
8.153543291937909165e-01 9.726493965646978435e-01
8.171433893888111477e-01 9.727065113065207491e-01
8.189344099818313127e-01 9.727630109436773420e-01
8.207273909728513006e-01 9.728188970839833916e-01
8.225223323618716664e-01 9.728741713054680496e-01
8.243192341488919661e-01 9.729288351564036041e-01
8.261180963339124217e-01 9.729828901552596276e-01
8.279189189169328111e-01 9.730363377907588207e-01
8.297217018979533565e-01 9.730891795217990747e-01
8.315264452769738357e-01 9.731414167774135038e-01
8.333331490539944708e-01 9.731930509567526810e-01
8.351418132290151508e-01 9.732440834290969622e-01
8.369524378020356536e-01 9.732945155337761056e-01
8.387650227730564234e-01 9.733443485801568373e-01
8.405795681420771270e-01 9.733935838475580304e-01
8.423960739090979866e-01 9.734422225852658039e-01
8.442145400741188910e-01 9.734902660124786777e-01
8.460349666371398403e-01 9.735377153182200871e-01
8.478573535981608345e-01 9.735845716613497070e-01
8.496817009571818735e-01 9.736308361704641978e-01
8.515080087142030685e-01 9.736765099438389193e-01
8.533362768692239753e-01 9.737215940493720856e-01
8.551665054222451490e-01 9.737660895245646708e-01
8.569986943732663676e-01 9.738099973764441364e-01
8.588328437222877421e-01 9.738533185813975646e-01
8.606689534693090504e-01 9.738960540852641401e-01
8.625070236143304037e-01 9.739382048031300920e-01
8.643470541573519128e-01 9.739797716193057120e-01
8.661890450983733558e-01 9.740207553872661794e-01
8.680329964373949547e-01 9.740611569294972405e-01
8.698789081744163765e-01 9.741009770374638999e-01
8.717267803094379541e-01 9.741402164715547984e-01
8.735766128424596877e-01 9.741788759608551729e-01
8.754284057734814661e-01 9.742169562032010344e-01
8.772821591025032895e-01 9.742544578650204068e-01
8.791378728295250466e-01 9.742913815811790057e-01
8.809955469545469597e-01 9.743277279549579228e-01
8.828551814775689177e-01 9.743634975578868707e-01
8.847167763985909206e-01 9.743986909296690202e-01
8.865803317176127463e-01 9.744333085780340076e-01
8.884458474346348389e-01 9.744673509786044852e-01
8.903133235496569764e-01 9.745008185748450513e-01
8.921827600626792698e-01 9.745337117778321012e-01
8.940541569737014971e-01 9.745660309662048659e-01
8.959275142827237692e-01 9.745977764860165315e-01
8.978028319897460863e-01 9.746289486505326227e-01
8.996801100947685592e-01 9.746595477401422958e-01
9.015593485977907440e-01 9.746895740022619714e-01
9.034405474988133067e-01 9.747190276510369067e-01
9.053237067978358033e-01 9.747479088673568492e-01
9.072088264948584557e-01 9.747762177985269672e-01
9.090959065898810421e-01 9.748039545582865006e-01
9.109849470829037843e-01 9.748311192265033398e-01
9.128759479739264604e-01 9.748577118490125981e-01
9.147689092629492924e-01 9.748837324375302371e-01
9.166638309499721693e-01 9.749091809694309108e-01
9.185607130349948690e-01 9.749340573874717419e-01
9.204595555180178357e-01 9.749583615997383657e-01
9.223603583990407362e-01 9.749820934794311000e-01
9.242631216780637926e-01 9.750052528645429817e-01
9.261678453550868939e-01 9.750278395578300117e-01
9.280745294301100401e-01 9.750498533264658763e-01
9.299831739031333422e-01 9.750712939019268166e-01
9.318937787741565781e-01 9.750921609797243983e-01
9.338063440431798590e-01 9.751124542191501599e-01
9.357208697102029626e-01 9.751321732431541545e-01
9.376373557752263332e-01 9.751513176380335324e-01
9.395558022382498597e-01 9.751698869532026137e-01
9.414762090992733201e-01 9.751878807009513039e-01
9.433985763582968254e-01 9.752052983562732313e-01
9.453229040153204865e-01 9.752221393564576291e-01
9.472491920703440815e-01 9.752384031010226106e-01
9.491774405233678324e-01 9.752540889512839595e-01
9.511076493743915172e-01 9.752691962302068029e-01
9.530398186234151359e-01 9.752837242220608882e-01
9.549739482704390214e-01 9.752976721721517972e-01
9.569100383154629519e-01 9.753110392865746991e-01
9.588480887584868162e-01 9.753238247318775089e-01
9.607880995995108364e-01 9.753360276347903257e-01
9.627300708385349015e-01 9.753476470819179012e-01
9.646740024755590115e-01 9.753586821193855894e-01
9.666198945105831664e-01 9.753691317526624882e-01
9.685677469436073661e-01 9.753789949460217601e-01
9.705175597746313887e-01 9.753882706224155097e-01
9.724693330036556782e-01 9.753969576630275862e-01
9.744230666306800126e-01 9.754050549069654963e-01
9.763787606557043919e-01 9.754125611508971394e-01
9.783364150787289271e-01 9.754194751487367254e-01
9.802960298997533961e-01 9.754257956112167838e-01
9.822576051187779100e-01 9.754315212055876261e-01
9.842211407358025799e-01 9.754366505551791411e-01
9.861866367508271836e-01 9.754411822390753883e-01
9.881540931638517211e-01 9.754451147916978204e-01
9.901235099748764146e-01 9.754484467023832872e-01
9.920948871839012639e-01 9.754511764150292086e-01
9.940682247909260472e-01 9.754533023276119597e-01
9.960435227959509863e-01 9.754548227918494741e-01
9.980207811989759703e-01 9.754557361127045301e-01
1.000000000000000666e+00 9.754560405479861807e-01
