0.000000000000000000e+00 0.000000000000000000e+00
2.078119897502626434e-05 0.000000000000000000e+00
4.352279595010249372e-05 0.000000000000000000e+00
6.822479092522875592e-05 0.000000000000000000e+00
9.488718390040502381e-05 0.000000000000000000e+00
1.235099748756312839e-04 0.000000000000000000e+00
1.540931638509075632e-04 0.000000000000000000e+00
1.866367508262337669e-04 0.000000000000000000e+00
2.211407358016100034e-04 0.000000000000000000e+00
2.576051187770363269e-04 0.000000000000000000e+00
2.960298997525126832e-04 0.000000000000000000e+00
3.364150787280388555e-04 0.000000000000000000e+00
3.787606557036150606e-04 0.000000000000000000e+00
4.230666306792412444e-04 0.000000000000000000e+00
4.693330036549174067e-04 0.000000000000000000e+00
5.175597746306437102e-04 0.000000000000000000e+00
5.677469436064200466e-04 0.000000000000000000e+00
6.198945105822462531e-04 0.000000000000000000e+00
6.740024755581224382e-04 0.000000000000000000e+00
7.300708385340486020e-04 0.000000000000000000e+00
7.880995995100251780e-04 0.000000000000000000e+00
8.480887584860512989e-04 0.000000000000000000e+00
9.100383154621275068e-04 0.000000000000000000e+00
9.739482704382536934e-04 0.000000000000000000e+00
1.039818623414429750e-03 0.000000000000000000e+00
1.107649374390655894e-03 0.000000000000000000e+00
1.177440523366932558e-03 0.000000000000000000e+00
1.249192070343258659e-03 0.000000000000000000e+00
1.322904015319634847e-03 0.000000000000000000e+00
1.398576358296060905e-03 0.000000000000000000e+00
1.476209099272537051e-03 0.000000000000000000e+00
1.555802238249063716e-03 0.000000000000000000e+00
1.637355775225640036e-03 4.940656458412465442e-324
1.720869710202266008e-03 4.940656458412465442e-324
1.806344043178942285e-03 4.940656458412465442e-324
1.893778774155669082e-03 4.940656458412465442e-324
1.983173903132445098e-03 4.940656458412465442e-324
2.074529430109271419e-03 4.940656458412465442e-324
2.167845355086147393e-03 4.940656458412465442e-324
2.263121678063073454e-03 4.940656458412465442e-324
2.360358399040050469e-03 4.940656458412465442e-324
2.459555518017076271e-03 4.940656458412465442e-324
2.560713034994152593e-03 4.940656458412465442e-324
2.663830949971278568e-03 4.940656458412465442e-324
2.768909262948454630e-03 4.940656458412465442e-324
2.875947973925680780e-03 4.940656458412465442e-324
2.984947082902957450e-03 4.940656458412465442e-324
3.095906589880283773e-03 4.940656458412465442e-324
3.208826494857659750e-03 4.940656458412465442e-324
3.323706797835085814e-03 4.940656458412465442e-324
3.440547498812561965e-03 4.940656458412465442e-324
3.559348597790088636e-03 4.940656458412465442e-324
3.680110094767664961e-03 4.940656458412465442e-324
3.802831989745290939e-03 4.940656458412465442e-324
3.927514282722965704e-03 4.940656458412465442e-324
4.054156973700691856e-03 4.940656458412465442e-324
4.182760062678468095e-03 4.940656458412465442e-324
4.313323549656295289e-03 4.940656458412465442e-324
4.445847434634171702e-03 4.940656458412465442e-324
4.580331717612097335e-03 4.940656458412465442e-324
4.716776398590073922e-03 4.940656458412465442e-324
4.855181477568099729e-03 4.940656458412465442e-324
4.995546954546175623e-03 4.940656458412465442e-324
5.137872829524301604e-03 4.940656458412465442e-324
5.282159102502477672e-03 4.940656458412465442e-324
5.428405773480703828e-03 4.940656458412465442e-324
5.576612842458980070e-03 4.940656458412465442e-324
5.726780309437305531e-03 4.940656458412465442e-324
5.878908174415681948e-03 4.940656458412465442e-324
6.032996437394107583e-03 4.940656458412465442e-324
6.189045098372585908e-03 4.940656458412465442e-324
6.347054157351111718e-03 4.940656458412465442e-324
6.507023614329687615e-03 4.940656458412465442e-324
6.668953469308313599e-03 4.940656458412465442e-324
6.832843722286989670e-03 9.881312916824930884e-324
6.998694373265715828e-03 9.881312916824930884e-324
7.166505422244492073e-03 9.881312916824930884e-324
7.336276869223317537e-03 9.881312916824930884e-324
7.508008714202193956e-03 9.881312916824930884e-324
7.681700957181119595e-03 9.881312916824930884e-324
7.857353598160098790e-03 9.881312916824930884e-324
8.034966637139125470e-03 9.881312916824930884e-324
8.214540074118200502e-03 9.881312916824930884e-324
8.396073909097327356e-03 9.881312916824930884e-324
8.579568142076502563e-03 9.881312916824930884e-324
8.765022773055727856e-03 1.482196937523739633e-323
8.952437802035004971e-03 1.482196937523739633e-323
9.141813229014330439e-03 1.482196937523739633e-323
9.333149053993705993e-03 1.482196937523739633e-323
9.526445276973131635e-03 1.482196937523739633e-323
9.721701897952607363e-03 1.482196937523739633e-323
9.918918916932136648e-03 1.976262583364986177e-323
1.011809633391171255e-02 1.976262583364986177e-323
1.031923414889133854e-02 1.976262583364986177e-323
1.052233236187101462e-02 1.976262583364986177e-323
1.072739097285074078e-02 1.976262583364986177e-323
1.093440998183051703e-02 2.470328229206232721e-323
1.114338938881034163e-02 2.470328229206232721e-323
1.135432919379021806e-02 2.470328229206232721e-323
1.156722939677014457e-02 2.964393875047479265e-323
1.178208999775011943e-02 2.964393875047479265e-323
1.199891099673014612e-02 2.964393875047479265e-323
1.221769239371022463e-02 3.458459520888725809e-323
1.243843418869035149e-02 3.458459520888725809e-323
1.266113638167052670e-02 3.952525166729972353e-323
1.288579897265075200e-02 4.446590812571218898e-323
1.311242196163102738e-02 4.446590812571218898e-323
1.334100534861135459e-02 4.940656458412465442e-323
1.357154913359173015e-02 6.689925419768271465e-308
1.380405331657215580e-02 1.216354420917301712e-274
1.403851789755263153e-02 4.786380116583377961e-244
1.427494287653315735e-02 5.423574331069218701e-216
1.451332825351373326e-02 2.353889682749930521e-190
1.475367402849436273e-02 5.200384394354501996e-167
1.499598020147503881e-02 7.761791127346924029e-146
1.524024677245576498e-02 1.036712561788685748e-126
1.548647374143653950e-02 1.637351433519407928e-109
1.573466110841736931e-02 4.028206395699253620e-94
1.598480887339824227e-02 2.026299469855812673e-80
1.623691703637917053e-02 2.724221727747840603e-68
1.649098559736014366e-02 1.273478754576847939e-57
1.674701455634117209e-02 2.678557458848247456e-48
1.700500391332224540e-02 3.261000284172590438e-40
1.726495366830337400e-02 2.936943268888501356e-33
1.752686382128455442e-02 2.483152494978645234e-27
1.779073437226577625e-02 2.481959913293528619e-22
1.805656532124705685e-02 3.662505085347373852e-18
1.832435666822837886e-02 9.876074522507739453e-15
1.859410841320975616e-02 5.966194559252997678e-12
1.886582055619118528e-02 9.799077431740326761e-10
1.913949309717265929e-02 5.253284211208174933e-08
1.941512603615418858e-02 1.091304906355423965e-06
1.969271937313575929e-02 1.032340899278492905e-05
1.997227310811738876e-02 5.199191365827545130e-05
2.025378724109906312e-02 1.629129561646424458e-04
2.053726177208079276e-02 3.671410011638057873e-04
2.082269670106256382e-02 6.667196689213423328e-04
2.111009202804439364e-02 1.052700115205131839e-03
2.139944775302626487e-02 1.514659596504034332e-03
2.169076387600819486e-02 2.043869972385632758e-03
2.198404039699017321e-02 2.633598204482676900e-03
2.227927731597219643e-02 3.278709498687166525e-03
2.257647463295427495e-02 3.975239895633956959e-03
2.287563234793639835e-02 4.720068738917639756e-03
2.317675046091857705e-02 5.510687181978189686e-03
2.347982897190080062e-02 6.345037191377381376e-03
2.378486788088307949e-02 7.221398864308348382e-03
2.409186718786539977e-02 8.138310392498055920e-03
2.440082689284778228e-02 9.094510213077928659e-03
2.471174699583020273e-02 1.008889444527852688e-02
2.502462749681268195e-02 1.112048503431654727e-02
2.533946839579521298e-02 1.218840552581396466e-02
2.565626969277778543e-02 1.329186237083525464e-02
2.597503138776041318e-02 1.443013030449130825e-02
2.629575348074308580e-02 1.560254077048494996e-02
2.661843597172581372e-02 1.680847265532017451e-02
2.694307886070858651e-02 1.804734479673571548e-02
2.726968214769141807e-02 1.931860987148896827e-02
2.759824583267428758e-02 2.062174936740919506e-02
2.792876991565721931e-02 2.195626941655434011e-02
2.826125439664019939e-02 2.332169731869426429e-02
2.859569927562322089e-02 2.471757862311456042e-02
2.893210455260630115e-02 2.614347466560157721e-02
2.927047022758941935e-02 2.759896047937745317e-02
2.961079630057259979e-02 2.908362301535283648e-02
2.995308277155582163e-02 3.059705961992633533e-02
3.029732964053910224e-02 3.213887672852190625e-02
3.064353690752242426e-02 3.370868874085372613e-02
3.099170457250580504e-02 3.530611705006300727e-02
3.134183263548922377e-02 3.693078920281851057e-02
3.169392109647270472e-02 3.858233817133038812e-02
3.204796995545623056e-02 4.026040172145362722e-02
3.240397921243980128e-02 4.196462186359950497e-02
3.276194886742343076e-02 4.369464437528085277e-02
3.312187892040710513e-02 4.545011838580735597e-02
3.348376937139083825e-02 4.723069601513624205e-02
3.384762022037460932e-02 4.903603205995800407e-02
3.421343146735843915e-02 5.086578372120609953e-02
3.458120311234230693e-02 5.271961036786487059e-02
3.495093515532624040e-02 5.459717333275924261e-02
3.532262759631021182e-02 5.649813573650607629e-02
3.569628043529424199e-02 5.842216233636905731e-02
3.607189367227831706e-02 6.036891939710482824e-02
3.644946730726244394e-02 6.233807458135089824e-02
3.682900134024662264e-02 6.432929685728007441e-02
3.721049577123083929e-02 6.634225642164967573e-02
3.759395060021512164e-02 6.837662463649339661e-02
3.797936582719944193e-02 7.043207397796577562e-02
3.836674145218382098e-02 7.250827799599729451e-02
3.875607747516824492e-02 7.460491128355557777e-02
3.914737389615272761e-02 7.672164945447293438e-02
3.954063071513724825e-02 7.885816912888567176e-02
3.993584793212182765e-02 8.101414792544636700e-02
4.033302554710645887e-02 8.318926445952630477e-02
4.073216356009112804e-02 8.538319834678856357e-02
4.113326197107585597e-02 8.759563021143507155e-02
4.153632078006062878e-02 8.982624169867779729e-02
4.194133998704546035e-02 9.207471549085471940e-02
4.234831959203032986e-02 9.434073532679176921e-02
4.275725959501525814e-02 9.662398602400684711e-02
4.316815999600023129e-02 9.892415350334594903e-02
4.358102079498526321e-02 1.012409248157947611e-01
4.399584199197033307e-02 1.035739881711021104e-01
4.441262358695546170e-02 1.059230329679766297e-01
4.483136557994064214e-02 1.082877498255908205e-01
4.525206797092586747e-02 1.106678306162118680e-01
4.567473075991114462e-02 1.130629684986735051e-01
4.609935394689646665e-02 1.154728579526078380e-01
4.652593753188184744e-02 1.178971948131818798e-01
4.695448151486726618e-02 1.203356763062223694e-01
4.738498589585275061e-02 1.227880010836172597e-01
4.781745067483826606e-02 1.252538692587879809e-01
4.825187585182384720e-02 1.277329824422354931e-01
4.868826142680946628e-02 1.302250437769141567e-01
4.912660739979515107e-02 1.327297579734696142e-01
4.956691377078088073e-02 1.352468313451762605e-01
5.000918053976664834e-02 1.377759718425321522e-01
5.045340770675248165e-02 1.403168890873879582e-01
5.089959527173835291e-02 1.428692944066485560e-01
5.134774323472428292e-02 1.454329008653836297e-01
5.179785159571025088e-02 1.480074232993432992e-01
5.224992035469628454e-02 1.505925783468587131e-01
5.270394951168235614e-02 1.531880844800146135e-01
5.315993906666848651e-02 1.557936620351383361e-01
5.361788901965465481e-02 1.584090332425100167e-01
5.407779937064088882e-02 1.610339222553008320e-01
5.453967011962716771e-02 1.636680551776912851e-01
5.500350126661349148e-02 1.663111600921701461e-01
5.546929281159986708e-02 1.689629670859864596e-01
5.593704475458628755e-02 1.716232082767072398e-01
5.640675709557277373e-02 1.742916178369409430e-01
5.687842983455929091e-02 1.769679320181274662e-01
5.735206297154587379e-02 1.796518891734635581e-01
5.782765650653248768e-02 1.823432297799128243e-01
5.830521043951917420e-02 1.850416964592472568e-01
5.878472477050590561e-02 1.877470339983195735e-01
5.926619949949267496e-02 1.904589893682498980e-01
5.974963462647950307e-02 1.931773117428044750e-01
6.023503015146637607e-02 1.959017525158406603e-01
6.072238607445330782e-02 1.986320653178241524e-01
6.121170239544027752e-02 2.013680060314430587e-01
6.170297911442730598e-02 2.041093328063403600e-01
6.219621623141437933e-02 2.068558060729364101e-01
6.269141374640151143e-02 2.096071885553395520e-01
6.318857165938866760e-02 2.123632452834408879e-01
6.368768997037589641e-02 2.151237436040565887e-01
6.418876867936318398e-02 2.178884531912835543e-01
6.469180778635051643e-02 2.206571460559547393e-01
6.519680729133789376e-02 2.234295965542519025e-01
6.570376719432530210e-02 2.262055813955423933e-01
6.621268749531278308e-02 2.289848796493136052e-01
6.672356819430030894e-02 2.317672727513875042e-01
6.723640929128789356e-02 2.345525445092689065e-01
6.775121078627552307e-02 2.373404811067796327e-01
6.826797267926318358e-02 2.401308711078648517e-01
6.878669497025091673e-02 2.429235054597098098e-01
6.930737765923869476e-02 2.457181774950212561e-01
6.983002074622653155e-02 2.485146829337310792e-01
7.035462423121441322e-02 2.513128198838286975e-01
7.088118811420231202e-02 2.541123888416117471e-01
7.140971239519029734e-02 2.569131926912013308e-01
7.194019707417832754e-02 2.597150367034223861e-01
7.247264215116641650e-02 2.625177285339987954e-01
7.300704762615452259e-02 2.653210782211257168e-01
7.354341349914270132e-02 2.681248981824506106e-01
7.408173977013092493e-02 2.709290032113769731e-01
7.462202643911922118e-02 2.737332104728721349e-01
7.516427350610754843e-02 2.765373394985922162e-01
7.570848097109590669e-02 2.793412121815390114e-01
7.625464883408433758e-02 2.821446527700879336e-01
7.680277709507281336e-02 2.849474878615678719e-01
7.735286575406134790e-02 2.877495463952492449e-01
7.790491481104989957e-02 2.905506596448943490e-01
7.845892426603853775e-02 2.933506612107298905e-01
7.901489411902722082e-02 2.961493870110448734e-01
7.957282437001594877e-02 2.989466752733054844e-01
8.013271501900470772e-02 3.017423665247476738e-01
8.069456606599353932e-02 3.045363035826201270e-01
8.125837751098241579e-02 3.073283315440267227e-01
8.182414935397135103e-02 3.101182977752685033e-01
8.239188159496033115e-02 3.129060519008932117e-01
8.296157423394934227e-02 3.156914457923006845e-01
8.353322727093842603e-02 3.184743335560416000e-01
8.410684070592755468e-02 3.212545715217547948e-01
8.468241453891674209e-02 3.240320182296854146e-01
8.525994876990593274e-02 3.268065344180285936e-01
8.583944339889522379e-02 3.295779830098187202e-01
8.642089842588455972e-02 3.323462290996552770e-01
8.700431385087394054e-02 3.351111399399647750e-01
8.758968967386336624e-02 3.378725849272254389e-01
8.817702589485282294e-02 3.406304355876679235e-01
8.876632251384235228e-02 3.433845655629455540e-01
8.935757953083194038e-02 3.461348505954697785e-01
8.995079694582157337e-02 3.488811685134520779e-01
9.054597475881122348e-02 3.516233992158904198e-01
9.114311296980096011e-02 3.543614246571892279e-01
9.174221157879074162e-02 3.570951288317063543e-01
9.234327058578056802e-02 3.598243977580179442e-01
9.294628999077042542e-02 3.625491194630846015e-01
9.355126979376035545e-02 3.652691839661967310e-01
9.415820999475034425e-02 3.679844832628130780e-01
9.476711059374037793e-02 3.706949113082061431e-01
9.537797159073045650e-02 3.734003640009984637e-01
9.599079298572055219e-02 3.761007391665812105e-01
9.660557477871074827e-02 3.787959365403871237e-01
9.722231696970097536e-02 3.814858577510586435e-01
9.784101955869126122e-02 3.841704063035437655e-01
9.846168254568156419e-02 3.868494875620814288e-01
9.908430593067193981e-02 3.895230087330497915e-01
9.970888971366237419e-02 3.921908788478900565e-01
1.003354338946528534e-01 3.948530087457217674e-01
1.009639384736433915e-01 3.975093110561639942e-01
1.015944034506339466e-01 4.001597001819073851e-01
1.022268288256245744e-01 4.028040922812958224e-01
1.028612145986152610e-01 4.054424052509240650e-01
1.034975607696059924e-01 4.080745587080897296e-01
1.041358673385967409e-01 4.107004739733774445e-01
1.047761343055875760e-01 4.133200740530650341e-01
1.054183616705784560e-01 4.159332836215881013e-01
1.060625494335693947e-01 4.185400290039667515e-01
1.067086975945603783e-01 4.211402381583396193e-01
1.073568061535513790e-01 4.237338406583496808e-01
1.080068751105424663e-01 4.263207676756043396e-01
1.086589044655335984e-01 4.289009519621801436e-01
1.093128942185247754e-01 4.314743278330892551e-01
1.099688443695159834e-01 4.340408311488755388e-01
1.106267549185072641e-01 4.366003992980424520e-01
1.112866258654986035e-01 4.391529711797512725e-01
1.119484572104899878e-01 4.416984871864055862e-01
1.126122489534813753e-01 4.442368891862760183e-01
1.132780010944728633e-01 4.467681205063305794e-01
1.139457136334643961e-01 4.492921259148981439e-01
1.146153865704559877e-01 4.518088516045076219e-01
1.152870199054476102e-01 4.543182451748344342e-01
1.159606136384392638e-01 4.568202556155981364e-01
1.166361677694310039e-01 4.593148332895847785e-01
1.173136822984227889e-01 4.618019299157236079e-01
1.179931572254146188e-01 4.642814985523102678e-01
1.186745925504064658e-01 4.667534935801219143e-01
1.193579882733983993e-01 4.692178706858399773e-01
1.200433443943903777e-01 4.716745868453909862e-01
1.207306609133824149e-01 4.741236003074830729e-01
1.214199378303744969e-01 4.765648705770623161e-01
1.221111751453665961e-01 4.789983583991030969e-01
1.228043728583587818e-01 4.814240257422953695e-01
1.234995309693510124e-01 4.838418357828642713e-01
1.241966494783433017e-01 4.862517528885597073e-01
1.248957283853355943e-01 4.886537426026507092e-01
1.255967676903279873e-01 4.910477716281281824e-01
1.262997673933204390e-01 4.934338078118472581e-01
1.270047274943129079e-01 4.958118201289230531e-01
1.277116479933054216e-01 4.981817786671692283e-01
1.284205288902980080e-01 5.005436546116154295e-01
1.291313701852906393e-01 5.028974202291880413e-01
1.298441718782833154e-01 5.052430488534263020e-01
1.305589339692760642e-01 5.075805148692790203e-01
1.312756564582688024e-01 5.099097936981952239e-01
1.319943393452616409e-01 5.122308617830266808e-01
1.327149826302545244e-01 5.145436965732043122e-01
1.334375863132474527e-01 5.168482765099581266e-01
1.341621503942403981e-01 5.191445810114747594e-01
1.348886748732334440e-01 5.214325904582962634e-01
1.356171597502265069e-01 5.237122861782047556e-01
1.363476050252196425e-01 5.259836504313150085e-01
1.370800106982128508e-01 5.282466663942574359e-01
1.378143767692060206e-01 5.305013181431001978e-01
1.385507032381993187e-01 5.327475906332920230e-01
1.392889901051926616e-01 5.349854696716302982e-01
1.400292373701860493e-01 5.372072911822183272e-01
1.407714450331794265e-01 5.394282548773104979e-01
1.415156130941729040e-01 5.416407864814072326e-01
1.422617415531664542e-01 5.438448752995080904e-01
1.430098304101600493e-01 5.460405114245568958e-01
1.437598796651536337e-01 5.482276857373453716e-01
1.445118893181473185e-01 5.504063898993902804e-01
1.452658593691410482e-01 5.525766163433079026e-01
1.460217898181348506e-01 5.547383582617193554e-01
1.467796806651286701e-01 5.568916095958105217e-01
1.475395319101225067e-01 5.590363650235372628e-01
1.483013435531164437e-01 5.611726199478406230e-01
1.490651155941104256e-01 5.633003704850104709e-01
1.498308480331044801e-01 5.654196134528090001e-01
1.505985408700985240e-01 5.675303463588782238e-01
1.513681941050926405e-01 5.696325673893160024e-01
1.521398077380868297e-01 5.717262753971491529e-01
1.529133817690810637e-01 5.738114698910564693e-01
1.536889161980753704e-01 5.758881510242486179e-01
1.544664110250696387e-01 5.779563195832517764e-01
1.552458662500640352e-01 5.800159769771168206e-01
1.560272818730584765e-01 5.820671252264910667e-01
1.568106578940529627e-01 5.841097669528784175e-01
1.575959943130474383e-01 5.861439053681349876e-01
1.583832911300420421e-01 5.881695442639414129e-01
1.591725483450366629e-01 5.901866880013834082e-01
1.599637659580313565e-01 5.921953415007943367e-01
1.607569439690260948e-01 5.941955102316581749e-01
1.615520823780208504e-01 5.961872002024594108e-01
1.623491811850156785e-01 5.981704179509865771e-01
1.631482403900105516e-01 6.001451705343965326e-01
1.639492599930054972e-01 6.021114655196780907e-01
1.647522399940004323e-01 6.040693109739952993e-01
1.655571803929954677e-01 6.060187154554341760e-01
1.663640811899905481e-01 6.079596880035287310e-01
1.671729423849857010e-01 6.098922381301852269e-01
1.679837639779808434e-01 6.118163758105729100e-01
1.687965459689760583e-01 6.137321114740798000e-01
1.696112883579713460e-01 6.156394559955772339e-01
1.704279911449667062e-01 6.175384206866511017e-01
1.712466543299620836e-01 6.194290172868793798e-01
1.720672779129574781e-01 6.213112579555287729e-01
1.728898618939529452e-01 6.231851552627896140e-01
1.737144062729484850e-01 6.250507221818822901e-01
1.745409110499440697e-01 6.269079720805172951e-01
1.753693762249396715e-01 6.287569187130388482e-01
1.761998017979353459e-01 6.305975762123124939e-01
1.770321877689310930e-01 6.324299590819115746e-01
1.778665341379268849e-01 6.342540821883274615e-01
1.787028409049227218e-01 6.360699607532694921e-01
1.795411080699185480e-01 6.378776103461567537e-01
1.803813356329145023e-01 6.396770468765751172e-01
1.812235235939104738e-01 6.414682865870198203e-01
1.820676719529065180e-01 6.432513460455233645e-01
1.829137807099025514e-01 6.450262421385424272e-01
1.837618498648986853e-01 6.467929920638697538e-01
1.846118794178948919e-01 6.485516133236844949e-01
1.854638693688911155e-01 6.503021237176946912e-01
1.863178197178873563e-01 6.520445413362623288e-01
1.871737304648836975e-01 6.537788845538395899e-01
1.880316016098800835e-01 6.555051720223122880e-01
1.888914331528765145e-01 6.572234226645105037e-01
1.897532250938729903e-01 6.589336556678206946e-01
1.906169774328694833e-01 6.606358904777890340e-01
1.914826901698660766e-01 6.623301467920654773e-01
1.923503633048627148e-01 6.640164445540691629e-01
1.932199968378593979e-01 6.656948039470597100e-01
1.940915907688560982e-01 6.673652453881699920e-01
1.949651450978528711e-01 6.690277895224523430e-01
1.958406598248497166e-01 6.706824572172149779e-01
1.967181349498466070e-01 6.723292695561926546e-01
1.975975704728435423e-01 6.739682478340323080e-01
1.984789663938404669e-01 6.755994135506202536e-01
1.993623227128375197e-01 6.772227884057896441e-01
2.002476394298345896e-01 6.788383942937890048e-01
2.011349165448317322e-01 6.804462532981440104e-01
2.020241540578288642e-01 6.820463876862805641e-01
2.029153519688260965e-01 6.836388199045052572e-01
2.038085102778234015e-01 6.852235725728652582e-01
2.047036289848207236e-01 6.868006684802409056e-01
2.056007080898180628e-01 6.883701305794179826e-01
2.064997475928155024e-01 6.899319819821551070e-01
2.074007474938129869e-01 6.914862459545869644e-01
2.083037077928105441e-01 6.930329459124294766e-01
2.092086284898081183e-01 6.945721054164258890e-01
2.101155095848057097e-01 6.961037481676874972e-01
2.110243510778034015e-01 6.976278980034152921e-01
2.119351529688011382e-01 6.991445788923550397e-01
2.128479152577989197e-01 7.006538149305066021e-01
2.137626379447967184e-01 7.021556303368317042e-01
2.146793210297945897e-01 7.036500494491376712e-01
2.155979645127925337e-01 7.051370967198875572e-01
2.165185683937905226e-01 7.066167967121252946e-01
2.174411326727885563e-01 7.080891740955206348e-01
2.183656573497865794e-01 7.095542536423905533e-01
2.192921424247847306e-01 7.110120602238599874e-01
2.202205878977829268e-01 7.124626188060976251e-01
2.211509937687811678e-01 7.139059544464385620e-01
2.220833600377793982e-01 7.153420922898373613e-01
2.230176867047777289e-01 7.167710575651362603e-01
2.239539737697761046e-01 7.181928755815977228e-01
2.248922212327745529e-01 7.196075717253509474e-01
2.258324290937730461e-01 7.210151714559257519e-01
2.267745973527715286e-01 7.224157003028410795e-01
2.277187260097701116e-01 7.238091838623980090e-01
2.286648150647687394e-01 7.251956477942516077e-01
2.296128645177674399e-01 7.265751178182658920e-01
2.305628743687661297e-01 7.279476197113273761e-01
2.315148446177649200e-01 7.293131793042225697e-01
2.324687752647637551e-01 7.306718224786122873e-01
2.334246663097626351e-01 7.320235751639514454e-01
2.343825177527615322e-01 7.333684633345798343e-01
2.353423295937605020e-01 7.347065130068510808e-01
2.363041018327595444e-01 7.360377502361218349e-01
2.372678344697586317e-01 7.373622011141125476e-01
2.382335275047577638e-01 7.386798917661101527e-01
2.392011809377569131e-01 7.399908483480538424e-01
2.401707947687561351e-01 7.412950970441465337e-01
2.411423689977554297e-01 7.425926640640447829e-01
2.421159036247547691e-01 7.438835756403077148e-01
2.430913986497540979e-01 7.451678580258548346e-01
2.440688540727535549e-01 7.464455374914170660e-01
2.450482698937530290e-01 7.477166403230443015e-01
2.460296461127525758e-01 7.489811928196582480e-01
2.470129827297521674e-01 7.502392212904236413e-01
2.479982797447517484e-01 7.514907520521277862e-01
2.489855371577514298e-01 7.527358114262162614e-01
2.499747549687511561e-01 7.539744257344533906e-01
2.509659331777509550e-01 7.552037534663271767e-01
2.519590717847506878e-01 7.564294863509165578e-01
2.529541707897505765e-01 7.576488518376007786e-01
2.539512301927505100e-01 7.588618762372575377e-01
2.549502499937504885e-01 7.600685858511149195e-01
2.559512301927505673e-01 7.612690069702575668e-01
2.569541707897506355e-01 7.624631658745196772e-01
2.579590717847507486e-01 7.636510888307010969e-01
2.589659331777509621e-01 7.648328020910377667e-01
2.599747549687512205e-01 7.660083318912708217e-01
2.609855371577514682e-01 7.671777044490187825e-01
2.619982797447518164e-01 7.683409459620611504e-01
2.630129827297520984e-01 7.694980826064772295e-01
2.640296461127525363e-01 7.706491405352222657e-01
2.650482698937530190e-01 7.717941458761805595e-01
2.660688540727535467e-01 7.729331247308250941e-01
2.670913986497541748e-01 7.740661031723790053e-01
2.681159036247547922e-01 7.751931072445380488e-01
2.691423689977554545e-01 7.763141629596379545e-01
2.701707947687562172e-01 7.774292962973734511e-01
2.712011809377570248e-01 7.785385332032770389e-01
2.722335275047577108e-01 7.796418995872271829e-01
2.732678344697586081e-01 7.807394213220829604e-01
2.743041018327595504e-01 7.818311242423559015e-01
2.753423295937605375e-01 7.829170341427273971e-01
2.763825177527615695e-01 7.839971767768155742e-01
2.774246663097627019e-01 7.850715778559381741e-01
2.784687752647638237e-01 7.861402630476884701e-01
2.795148446177649904e-01 7.872032579748027281e-01
2.805628743687662574e-01 7.882605882139522846e-01
2.816128645177674028e-01 7.893122792944897714e-01
2.826648150647687596e-01 7.903583566973436669e-01
2.837187260097701613e-01 7.913988458538645521e-01
2.847745973527716079e-01 7.924337721446950145e-01
2.858324290937730994e-01 7.934631608987650075e-01
2.868922212327746357e-01 7.944870373920374096e-01
2.879539737697762170e-01 7.955054268467669498e-01
2.890176867047778431e-01 7.965183544301885910e-01
2.900833600377795141e-01 7.975258452537026255e-01
2.911509937687811744e-01 7.985279243719257680e-01
2.922205878977829352e-01 7.995246167815548421e-01
2.932921424247847964e-01 8.005159474207329540e-01
2.943656573497866469e-01 8.015019411678505623e-01
2.954411326727885978e-01 8.024826228408953321e-01
2.965185683937905936e-01 8.034580171964949002e-01
2.975979645127926343e-01 8.044281489290606713e-01
2.986793210297947199e-01 8.053930426700381950e-01
2.997626379447967393e-01 8.063527229870980362e-01
3.008479152577989146e-01 8.073072143832714653e-01
3.019351529688011904e-01 8.082565412963343965e-01
3.030243510778034555e-01 8.092007280979978123e-01
3.041155095848058210e-01 8.101397990931562543e-01
3.052086284898081758e-01 8.110737785192719818e-01
3.063037077928106311e-01 8.120026905456440014e-01
3.074007474938131312e-01 8.129265592727575873e-01
3.084997475928156763e-01 8.138454087315788454e-01
3.096007080898180996e-01 8.147592628831336059e-01
3.107036289848207899e-01 8.156681456175961520e-01
3.118085102778234696e-01 8.165720807539841308e-01
3.129153519688261942e-01 8.174710920394073765e-01
3.140241540578289636e-01 8.183652031485457723e-01
3.151349165448318335e-01 8.192544376831468744e-01
3.162476394298346927e-01 8.201388191714663600e-01
3.173623227128376523e-01 8.210183710677984026e-01
3.184789663938406568e-01 8.218931167518745973e-01
3.195975704728435396e-01 8.227630795285473253e-01
3.207181349498466338e-01 8.236282826272350865e-01
3.218406598248497730e-01 8.244887492013999175e-01
3.229651450978529570e-01 8.253445023282597326e-01
3.240915907688562414e-01 8.261955650082866143e-01
3.252199968378595152e-01 8.270419601648416608e-01
3.263503633048628338e-01 8.278837106436306437e-01
3.274826901698662529e-01 8.287208392125813283e-01
3.286169774328696613e-01 8.295533685612846986e-01
3.297532250938730591e-01 8.303813213007016358e-01
3.308914331528765573e-01 8.312047199627865535e-01
3.320316016098801559e-01 8.320235870002746781e-01
3.331737304648837994e-01 8.328379447861876672e-01
3.343178197178874878e-01 8.336478156136420958e-01
3.354638693688912210e-01 8.344532216955627968e-01
3.366118794178950546e-01 8.352541851643053850e-01
3.377618498648988776e-01 8.360507280715168132e-01
3.389137807099027455e-01 8.368428723876725206e-01
3.400676719529066028e-01 8.376306400019306597e-01
3.412235235939105604e-01 8.384140527216475958e-01
3.423813356329146185e-01 8.391923319241477719e-01
3.435411080699187214e-01 8.399670707440336503e-01
3.447028409049228137e-01 8.407375188539732980e-01
3.458665341379270064e-01 8.415036977198576684e-01
3.470321877689312440e-01 8.422656287248463380e-01
3.481998017979355819e-01 8.430233331692107424e-01
3.493693762249399093e-01 8.437768322702597912e-01
3.505409110499441705e-01 8.445261471622562688e-01
3.517144062729485876e-01 8.452712988961403884e-01
3.528898618939531051e-01 8.460123084396826698e-01
3.540672779129576120e-01 8.467491966770264167e-01
3.552466543299622193e-01 8.474819844087485565e-01
3.564279911449668714e-01 8.482106923518175634e-01
3.576112883579715684e-01 8.489353411393202320e-01
3.587965459689763104e-01 8.496559513205231839e-01
3.599837639779809306e-01 8.503725433606612594e-01
3.611729423849858178e-01 8.510851376410405456e-01
3.623640811899906944e-01 8.517937544587417253e-01
3.635571803929956158e-01 8.524984140268015986e-01
3.647522399940006377e-01 8.531991364739435202e-01
3.659492599930056489e-01 8.538959418446400162e-01
3.671482403900107605e-01 8.545888500991288828e-01
3.683491811850159170e-01 8.552778811133051606e-01
3.695520823780210629e-01 8.559630546786813898e-01
3.707569439690261981e-01 8.566443905024592187e-01
3.719637659580314892e-01 8.573219082074080566e-01
3.731725483450368253e-01 8.579956273319602200e-01
3.743832911300422062e-01 8.586655673301472058e-01
3.755959943130476320e-01 8.593317475717160425e-01
3.768106578940531581e-01 8.599941873419705285e-01
3.780272818730586737e-01 8.606529058419665201e-01
3.792458662500642896e-01 8.613079221884298864e-01
3.804664110250698950e-01 8.619592554138421070e-01
3.816889161980754896e-01 8.626069244664659186e-01
3.829133817690812402e-01 8.632509482104077092e-01
3.841398077380869802e-01 8.638913454256342828e-01
3.853681941050928206e-01 8.645281348080686712e-01
3.865985408700987613e-01 8.651613349695934652e-01
3.878308480331046915e-01 8.657909644382488779e-01
3.890651155941106665e-01 8.664170416581077339e-01
3.903013435531166864e-01 8.670395849895250473e-01
3.915395319101228067e-01 8.676586127091748812e-01
3.927796806651288053e-01 8.682741430100170410e-01
3.940217898181350153e-01 8.688861940016614493e-01
3.952658593691412148e-01 8.694947837101184573e-01
3.965118893181475146e-01 8.700999300782074064e-01
3.977598796651538593e-01 8.707016509654511571e-01
3.990098304101602489e-01 8.712999641482671587e-01
4.002617415531666833e-01 8.718948873201616268e-01
4.015156130941732182e-01 8.724864380916742546e-01
4.027714450331797424e-01 8.730746339906566567e-01
4.040292373701862005e-01 8.736594924622577141e-01
4.052889901051928145e-01 8.742410308692030174e-01
4.065507032381995289e-01 8.748192664918410522e-01
4.078143767692062882e-01 8.753942165282273535e-01
4.090800106982130369e-01 8.759658980944433626e-01
4.103476050252198859e-01 8.765343282244990597e-01
4.116171597502267798e-01 8.770995238707212094e-01
4.128886748732337186e-01 8.776615019037545817e-01
4.141621503942407023e-01 8.782202791127080577e-01
4.154375863132476199e-01 8.787758722054364036e-01
4.167149826302546933e-01 8.793282978085490420e-01
4.179943393452618672e-01 8.798775724677395660e-01
4.192756564582690304e-01 8.804237126477469921e-01
4.205589339692762940e-01 8.809667347327057030e-01
4.218441718782836025e-01 8.815066550262704581e-01
4.231313701852909004e-01 8.820434897516439277e-01
4.244205288902982987e-01 8.825772550520694093e-01
4.257116479933056308e-01 8.831079669906914953e-01
4.270047274943131188e-01 8.836356415508797024e-01
4.282997673933206517e-01 8.841602946364188753e-01
4.295967676903282295e-01 8.846819420717165761e-01
4.308957283853359077e-01 8.852005996018773581e-01
4.321966494783435753e-01 8.857162828930212894e-01
4.334995309693513432e-01 8.862290075324590344e-01
4.348043728583591006e-01 8.867387890287753427e-01
4.361111751453669583e-01 8.872456428121662242e-01
4.374199378303746943e-01 8.877495842345660693e-01
4.387306609133826418e-01 8.882506285698649195e-01
4.400433443943906342e-01 8.887487910141214087e-01
4.413579882733986715e-01 8.892440866857083126e-01
4.426745925504067536e-01 8.897365306256372897e-01
4.439931572254149361e-01 8.902261377976468104e-01
4.453136822984231080e-01 8.907129230884701654e-01
4.466361677694313248e-01 8.911969013079835689e-01
4.479606136384396420e-01 8.916780871895046978e-01
4.492870199054478375e-01 8.921564953898331041e-01
4.506153865704562445e-01 8.926316349259590943e-01
4.519457136334646408e-01 8.931045138867651501e-01
4.532780010944731375e-01 8.935746582731334264e-01
4.546122489534816791e-01 8.940420824323039861e-01
4.559484572104903211e-01 8.945068006361538426e-01
4.572866258654989524e-01 8.949688270814712965e-01
4.586267549185076287e-01 8.954281758902153943e-01
4.599688443695163498e-01 8.958848611097594006e-01
4.613128942185250048e-01 8.963388967130908602e-01
4.626589044655338712e-01 8.967902965990701691e-01
4.640068751105427269e-01 8.972390745926178690e-01
4.653568061535516831e-01 8.976852444449928692e-01
4.667086975945606842e-01 8.981288198340210416e-01
4.680625494335697301e-01 8.985698143642937286e-01
4.694183616705788209e-01 8.990082415674521821e-01
4.707761343055879566e-01 8.994441149022753823e-01
4.721358673385971372e-01 8.998774477552100581e-01
4.734975607696062516e-01 9.003082534402442327e-01
4.748612145986155220e-01 9.007365451994129302e-01
4.762268288256248927e-01 9.011623362029392847e-01
4.775944034506342528e-01 9.015856395494297182e-01
4.789639384736437133e-01 9.020064682661410593e-01
4.803354338946532187e-01 9.024248353092961805e-01
4.817088897136627690e-01 9.028407535642027915e-01
4.830843059306723641e-01 9.032542358455194487e-01
4.844616825456818376e-01 9.036652948975552047e-01
4.858410195586915226e-01 9.040739433944829928e-01
4.872223169697012524e-01 9.044801939405174851e-01
4.886055747787110826e-01 9.048840590702162956e-01
4.899907929857209021e-01 9.052855512487147926e-01
4.913779715907308221e-01 9.056846828719334885e-01
4.927671105937407314e-01 9.060814662668665864e-01
4.941582099947507412e-01 9.064759136917560634e-01
4.955512697937607958e-01 9.068680373363767755e-01
4.969462899907707287e-01 9.072578493222931417e-01
4.983432705857808731e-01 9.076453617030521004e-01
4.997422115787910624e-01 9.080305864644819813e-01
5.011431129698012965e-01 9.084135355248350585e-01
5.025459747588115755e-01 9.087942207351321633e-01
5.039507969458218994e-01 9.091726538793186707e-01
5.053575795308323793e-01 9.095488466746003420e-01
5.067663225138427929e-01 9.099228107715765512e-01
5.081770258948532515e-01 9.102945577545632494e-01
5.095896896738636439e-01 9.106640991417929154e-01
5.110043138508743032e-01 9.110314463856163947e-01
5.124208984258848965e-01 9.113966108728328575e-01
5.138394433988955345e-01 9.117596039249276085e-01
5.152599487699063285e-01 9.121204367981065042e-01
5.166824145389171674e-01 9.124791206838989144e-01
5.181068407059279401e-01 9.128356667090050669e-01
5.195332272709388688e-01 9.131900859358462741e-01
5.209615742339498423e-01 9.135423893625898017e-01
5.223918815949606387e-01 9.138925879235187955e-01
5.238241493539717020e-01 9.142406924891796072e-01
5.252583775109828101e-01 9.145867138667069796e-01
5.266945660659939632e-01 9.149306627999522767e-01
5.281327150190051611e-01 9.152725499698283196e-01
5.295728243700164040e-01 9.156123859944655941e-01
5.310148941190276917e-01 9.159501814294845889e-01
5.324589242660390243e-01 9.162859467681863102e-01
5.339049148110504017e-01 9.166196924418531511e-01
5.353528657540617131e-01 9.169514288199526186e-01
5.368027770950731803e-01 9.172811662103026453e-01
5.382546488340846924e-01 9.176089148594261946e-01
5.397084809710962494e-01 9.179346849526967000e-01
5.411642735061079623e-01 9.182584866145536706e-01
5.426220264391196091e-01 9.185803299088024509e-01
5.440817397701314118e-01 9.189002248388310479e-01
5.455434134991431483e-01 9.192181813477763308e-01
5.470070476261550407e-01 9.195342093187980348e-01
5.484726421511667560e-01 9.198483185753092428e-01
5.499401970741787382e-01 9.201605188811696756e-01
5.514097123951906543e-01 9.204708199409394886e-01
5.528811881142027262e-01 9.207792314001218559e-01
5.543546242312148431e-01 9.210857628453401613e-01
5.558300207462270048e-01 9.213904238045436124e-01
5.573073776592392115e-01 9.216932237473329792e-01
5.587866949702514630e-01 9.219941720850856059e-01
5.602679726792635373e-01 9.222932781712198658e-01
5.617512107862758786e-01 9.225905513013786807e-01
5.632364092912882647e-01 9.228860007136596710e-01
5.647235681943006957e-01 9.231796355889002603e-01
5.662126874953131717e-01 9.234714650507914735e-01
5.677037671943258035e-01 9.237614981661314006e-01
5.691968072913383692e-01 9.240497439450682249e-01
5.706918077863509797e-01 9.243362113412799674e-01
5.721887686793637462e-01 9.246209092522658102e-01
5.736876899703762245e-01 9.249038465193731851e-01
5.751885716593890807e-01 9.251850319282626245e-01
5.766914137464018708e-01 9.254644742088831144e-01
5.781962162314148168e-01 9.257421820358722186e-01
5.797029791144278077e-01 9.260181640285374272e-01
5.812117023954407324e-01 9.262924287513650823e-01
5.827223860744538131e-01 9.265649847139334483e-01
5.842350301514669386e-01 9.268358403713423677e-01
5.857496346264799980e-01 9.271050041242516748e-01
5.872661994994931023e-01 9.273724843191833989e-01
5.887847247705062514e-01 9.276382892486697562e-01
5.903052104395195565e-01 9.279024271515057265e-01
5.918276565065329065e-01 9.281649062128908279e-01
5.933520629715463013e-01 9.284257345647077830e-01
5.948784298345597410e-01 9.286849202856264363e-01
5.964067570955732256e-01 9.289424714012901596e-01
5.979370447545868661e-01 9.291983958846465885e-01
5.994692928116004405e-01 9.294527016560018007e-01
6.010035012666138377e-01 9.297053965832954292e-01
6.025396701196276128e-01 9.299564884822240085e-01
6.040777993706413218e-01 9.302059851165107585e-01
6.056178890196550757e-01 9.304538941979411115e-01
6.071599390666689855e-01 9.307002233867603946e-01
6.087039495116828292e-01 9.309449802916702765e-01
6.102499203546968287e-01 9.311881724699965224e-01
6.117978515957107621e-01 9.314293479378744633e-01
6.133477432347248515e-01 9.316694217357575081e-01
6.148995952717387636e-01 9.319079530083318463e-01
6.164534077067529427e-01 9.321449491092070883e-01
6.180091805397671667e-01 9.323804173415750629e-01
6.195669137707813245e-01 9.326143649584429651e-01
6.211266073997956383e-01 9.328467991628278666e-01
6.226882614268099969e-01 9.330777271079024882e-01
6.242518758518244004e-01 9.333071558972656501e-01
6.258174506748388488e-01 9.335350925850024462e-01
6.273849858958533421e-01 9.337615441759080648e-01
6.289544815148676582e-01 9.339865176256918478e-01
6.305259375318823523e-01 9.342100198410806522e-01
6.320993539468969802e-01 9.344320576799983735e-01
6.336747307599116530e-01 9.346526379518297345e-01
6.352520679709263707e-01 9.348717674174324976e-01
6.368313655799411332e-01 9.350894527893813812e-01
6.384126235869560517e-01 9.353057007321227134e-01
6.399958419919709041e-01 9.355205178621573969e-01
6.415810207949856903e-01 9.357339107481306151e-01
6.431681599960007434e-01 9.359458859110899587e-01
6.447572595950157304e-01 9.361564498245199539e-01
6.463483195920308733e-01 9.363656089145797612e-01
6.479413399870459500e-01 9.365733695602003195e-01
6.495363207800611827e-01 9.367797380933544638e-01
6.511332619710764602e-01 9.369847207990260607e-01
6.527321635600916716e-01 9.371883239154989997e-01
6.543330255471070389e-01 9.373905536344404599e-01
6.559358479321222291e-01 9.375914161010188153e-01
6.575406307151376861e-01 9.377909174141625392e-01
6.591473738961531881e-01 9.379890636265842963e-01
6.607560774751687349e-01 9.381858607449552467e-01
6.623667414521843266e-01 9.383813147300715807e-01
6.639793658271999632e-01 9.385754314969362300e-01
6.655939506002157557e-01 9.387682169149460520e-01
6.672104957712314821e-01 9.389596768080444855e-01
6.688290013402472534e-01 9.391498169547485286e-01
6.704494673072629585e-01 9.393386430883905458e-01
6.720718936722788195e-01 9.395261608971570144e-01
6.736962804352947254e-01 9.397123760243281110e-01
6.753226275963107872e-01 9.398972940682744914e-01
6.769509351553267829e-01 9.400809205826965442e-01
6.785812031123429344e-01 9.402632610766189503e-01
6.802134314673590199e-01 9.404443210146385956e-01
6.818476202203752612e-01 9.406241058169999558e-01
6.834837693713914364e-01 9.408026208596345086e-01
6.851218789204075454e-01 9.409798714743918824e-01
6.867619488674239214e-01 9.411558629491123540e-01
6.884039792124403423e-01 9.413306005276996791e-01
6.900479699554568080e-01 9.415040894102379987e-01
6.916939210964733187e-01 9.416763347532015604e-01
6.933418326354898742e-01 9.418473416694093103e-01
6.949917045725064746e-01 9.420171152282204030e-01
6.966435369075231199e-01 9.421856604556367865e-01
6.982973296405398100e-01 9.423529823343793632e-01
6.999530827715563230e-01 9.425190858039694808e-01
7.016107963005731030e-01 9.426839757608685977e-01
7.032704702275899278e-01 9.428476570585956340e-01
7.049321045526069085e-01 9.430101345077039898e-01
7.065956992756238231e-01 9.431714128760307903e-01
7.082612543966407825e-01 9.433314968886294949e-01
7.099287699156578979e-01 9.434903912279927196e-01
7.115982458326749471e-01 9.436481005340615624e-01
7.132696821476921523e-01 9.438046294043246354e-01
7.149430788607090692e-01 9.439599823939035517e-01
7.166184359717263641e-01 9.441141640156576198e-01
7.182957534807437039e-01 9.442671787401982764e-01
7.199750313877609775e-01 9.444190309960706076e-01
7.216562696927784071e-01 9.445697251697011687e-01
7.233394683957958815e-01 9.447192656055659610e-01
7.250246274968132898e-01 9.448676566062180759e-01
7.267117469958308540e-01 9.450149024323870606e-01
7.284008268928482410e-01 9.451610073029934611e-01
7.300918671878658950e-01 9.453059753952800515e-01
7.317848678808835938e-01 9.454498108448070592e-01
7.334798289719013376e-01 9.455925177455637431e-01
7.351767504609192372e-01 9.457341001500400024e-01
7.368756323479370707e-01 9.458745620691694223e-01
7.385764746329549491e-01 9.460139074725381070e-01
7.402792773159728723e-01 9.461521402882758780e-01
7.419840403969908404e-01 9.462892644033763512e-01
7.436907638760087425e-01 9.464252836633224586e-01
7.453994477530268004e-01 9.465602018725571831e-01
7.471100920280450142e-01 9.466940227942565178e-01
7.488226967010631618e-01 9.468267501504269434e-01
7.505372617720814654e-01 9.469583876220679652e-01
7.522537872410997029e-01 9.470889388490625338e-01
7.539722731081180962e-01 9.472184074302183454e-01
7.556927193731364234e-01 9.473467969234076191e-01
7.574151260361549065e-01 9.474741108455164706e-01
7.591394930971732125e-01 9.476003526724294801e-01
7.608658205561917853e-01 9.477255258392340842e-01
7.625941084132104031e-01 9.478496337400500460e-01
7.643243566682289547e-01 9.479726797280462192e-01
7.660565653212476622e-01 9.480946671156753602e-01
7.677907343722664146e-01 9.482155991744527501e-01
7.695268638212852119e-01 9.483354791351605861e-01
7.712649536683040541e-01 9.484543101876221627e-01
7.730050039133229411e-01 9.485720954809867544e-01
7.747470145563417621e-01 9.486888381235176748e-01
7.764909855973607389e-01 9.488045411827276121e-01
7.782369170363797606e-01 9.489192076852891455e-01
7.799848088733989382e-01 9.490328406170575049e-01
7.817346611084180497e-01 9.491454429231801493e-01
7.834864737414372060e-01 9.492570175078507422e-01
7.852402467724565183e-01 9.493675672345890382e-01
7.869959802014757644e-01 9.494770949259386805e-01
7.887536740284951664e-01 9.495856033636920213e-01
7.905133282535142802e-01 9.496930952886950550e-01
7.922749428765337720e-01 9.497995734010106217e-01
7.940385178975533087e-01 9.499050403596662751e-01
7.958040533165727792e-01 9.500094987828284765e-01
7.975715491335924057e-01 9.501129512476980121e-01
7.993410053486120770e-01 9.502154002904064090e-01
8.011124219616317932e-01 9.503168484061502719e-01
8.028857989726515543e-01 9.504172980489646871e-01
8.046611363816711382e-01 9.505167516318211440e-01
8.064384341886909890e-01 9.506152115265213975e-01
8.082176923937108848e-01 9.507126800637134556e-01
8.099989109967308254e-01 9.508091595326699785e-01
8.117820899977508109e-01 9.509046521815418540e-01
8.135672293967708413e-01 9.509991602169549640e-01
8.153543291937909165e-01 9.510926858042014764e-01
8.171433893888111477e-01 9.511852310671111699e-01
8.189344099818313127e-01 9.512767980878807927e-01
8.207273909728513006e-01 9.513673889072072898e-01
8.225223323618716664e-01 9.514570055240320068e-01
8.243192341488919661e-01 9.515456498955894293e-01
8.261180963339124217e-01 9.516333239372067876e-01
8.279189189169328111e-01 9.517200295223752216e-01
8.297217018979533565e-01 9.518057684825476095e-01
8.315264452769738357e-01 9.518905426071080367e-01
8.333331490539944708e-01 9.519743536432186959e-01
8.351418132290151508e-01 9.520572032958092290e-01
8.369524378020356536e-01 9.521390932274581553e-01
8.387650227730564234e-01 9.522200250582379955e-01
8.405795681420771270e-01 9.523000003656301171e-01
8.423960739090979866e-01 9.523790206844426898e-01
8.442145400741188910e-01 9.524570875067174258e-01
8.460349666371398403e-01 9.525342022815098675e-01
8.478573535981608345e-01 9.526103664149372374e-01
8.496817009571818735e-01 9.526855812698868942e-01
8.515080087142030685e-01 9.527598481659915741e-01
8.533362768692239753e-01 9.528331683793923590e-01
8.551665054222451490e-01 9.529055431427805312e-01
8.569986943732663676e-01 9.529769736451311202e-01
8.588328437222877421e-01 9.530474610315260442e-01
8.606689534693090504e-01 9.531170064031191380e-01
8.625070236143304037e-01 9.531856108169056707e-01
8.643470541573519128e-01 9.532532752856022196e-01
8.661890450983733558e-01 9.533200007774685902e-01
8.680329964373949547e-01 9.533857882161579367e-01
8.698789081744163765e-01 9.534506384805188084e-01
8.717267803094379541e-01 9.535145524044671417e-01
8.735766128424596877e-01 9.535775307767806463e-01
8.754284057734814661e-01 9.536395743409157300e-01
8.772821591025032895e-01 9.537006837948438509e-01
8.791378728295250466e-01 9.537608597908288077e-01
8.809955469545469597e-01 9.538201029352545435e-01
8.828551814775689177e-01 9.538784137884307457e-01
8.847167763985909206e-01 9.539357928643492635e-01
8.865803317176127463e-01 9.539922406305503255e-01
8.884458474346348389e-01 9.540477575077834782e-01
8.903133235496569764e-01 9.541023438699418602e-01
8.921827600626792698e-01 9.541560000436880573e-01
8.940541569737014971e-01 9.542087263083690596e-01
8.959275142827237692e-01 9.542605228956635433e-01
8.978028319897460863e-01 9.543113899894001273e-01
8.996801100947685592e-01 9.543613277252795957e-01
9.015593485977907440e-01 9.544103361907010363e-01
9.034405474988133067e-01 9.544584154243765939e-01
9.053237067978358033e-01 9.545055654162092340e-01
9.072088264948584557e-01 9.545517861068821830e-01
9.090959065898810421e-01 9.545970773877759941e-01
9.109849470829037843e-01 9.546414391004927058e-01
9.128759479739264604e-01 9.546848710366816482e-01
9.147689092629492924e-01 9.547273729377292462e-01
9.166638309499721693e-01 9.547689444944931214e-01
9.185607130349948690e-01 9.548095853468981931e-01
9.204595555180178357e-01 9.548492950837399462e-01
9.223603583990407362e-01 9.548880732423515871e-01
9.242631216780637926e-01 9.549259193082136887e-01
9.261678453550868939e-01 9.549628327147415829e-01
9.280745294301100401e-01 9.549988128428174017e-01
9.299831739031333422e-01 9.550338590205698086e-01
9.318937787741565781e-01 9.550679705229667693e-01
9.338063440431798590e-01 9.551011465714370763e-01
9.357208697102029626e-01 9.551333863335981222e-01
9.376373557752263332e-01 9.551646889228433412e-01
9.395558022382498597e-01 9.551950533979072233e-01
9.414762090992733201e-01 9.552244787625989719e-01
9.433985763582968254e-01 9.552529639653472016e-01
9.453229040153204865e-01 9.552805078987750553e-01
9.472491920703440815e-01 9.553071093994104368e-01
9.491774405233678324e-01 9.553327672471252363e-01
9.511076493743915172e-01 9.553574801648844206e-01
9.530398186234151359e-01 9.553812468181548390e-01
9.549739482704390214e-01 9.554040658145698250e-01
9.569100383154629519e-01 9.554259357035148614e-01
9.588480887584868162e-01 9.554468549755467111e-01
9.607880995995108364e-01 9.554668220621065355e-01
9.627300708385349015e-01 9.554858353349038325e-01
9.646740024755590115e-01 9.555038931055168661e-01
9.666198945105831664e-01 9.555209936249489111e-01
9.685677469436073661e-01 9.555371350830234034e-01
9.705175597746313887e-01 9.555523156079971381e-01
9.724693330036556782e-01 9.555665332659545319e-01
9.744230666306800126e-01 9.555797860603586491e-01
9.763787606557043919e-01 9.555920719314707767e-01
9.783364150787289271e-01 9.556033887559000073e-01
9.802960298997533961e-01 9.556137343459308875e-01
9.822576051187779100e-01 9.556231064491079730e-01
9.842211407358025799e-01 9.556315027474880930e-01
9.861866367508271836e-01 9.556389208572364513e-01
9.881540931638517211e-01 9.556453583280146713e-01
9.901235099748764146e-01 9.556508126422524896e-01
9.920948871839012639e-01 9.556552812146945630e-01
9.940682247909260472e-01 9.556587613916677215e-01
9.960435227959509863e-01 9.556612504505387351e-01
9.980207811989759703e-01 9.556627455990186482e-01
1.000000000000000666e+00 9.556632439745451624e-01
