0.000000000000000000e+00 -4.940656458412465442e-324
2.078119897502626434e-05 -4.940656458412465442e-324
4.352279595010249372e-05 4.940656458412465442e-324
6.822479092522875592e-05 -8.227502427860092391e-33
9.488718390040502381e-05 0.000000000000000000e+00
1.235099748756312839e-04 0.000000000000000000e+00
1.540931638509075632e-04 0.000000000000000000e+00
1.866367508262337669e-04 0.000000000000000000e+00
2.211407358016100034e-04 0.000000000000000000e+00
2.576051187770363269e-04 0.000000000000000000e+00
2.960298997525126832e-04 0.000000000000000000e+00
3.364150787280388555e-04 0.000000000000000000e+00
3.787606557036150606e-04 0.000000000000000000e+00
4.230666306792412444e-04 0.000000000000000000e+00
4.693330036549174067e-04 0.000000000000000000e+00
5.175597746306437102e-04 0.000000000000000000e+00
5.677469436064200466e-04 0.000000000000000000e+00
6.198945105822462531e-04 0.000000000000000000e+00
6.740024755581224382e-04 0.000000000000000000e+00
7.300708385340486020e-04 0.000000000000000000e+00
7.880995995100251780e-04 0.000000000000000000e+00
8.480887584860512989e-04 0.000000000000000000e+00
9.100383154621275068e-04 0.000000000000000000e+00
9.739482704382536934e-04 0.000000000000000000e+00
1.039818623414429750e-03 0.000000000000000000e+00
1.107649374390655894e-03 0.000000000000000000e+00
1.177440523366932558e-03 0.000000000000000000e+00
1.249192070343258659e-03 0.000000000000000000e+00
1.322904015319634847e-03 0.000000000000000000e+00
1.398576358296060905e-03 0.000000000000000000e+00
1.476209099272537051e-03 0.000000000000000000e+00
1.555802238249063716e-03 0.000000000000000000e+00
1.637355775225640036e-03 0.000000000000000000e+00
1.720869710202266008e-03 0.000000000000000000e+00
1.806344043178942285e-03 0.000000000000000000e+00
1.893778774155669082e-03 0.000000000000000000e+00
1.983173903132445098e-03 0.000000000000000000e+00
2.074529430109271419e-03 0.000000000000000000e+00
2.167845355086147393e-03 0.000000000000000000e+00
2.263121678063073454e-03 0.000000000000000000e+00
2.360358399040050469e-03 0.000000000000000000e+00
2.459555518017076271e-03 0.000000000000000000e+00
2.560713034994152593e-03 0.000000000000000000e+00
2.663830949971278568e-03 0.000000000000000000e+00
2.768909262948454630e-03 0.000000000000000000e+00
2.875947973925680780e-03 0.000000000000000000e+00
2.984947082902957450e-03 0.000000000000000000e+00
3.095906589880283773e-03 0.000000000000000000e+00
3.208826494857659750e-03 0.000000000000000000e+00
3.323706797835085814e-03 0.000000000000000000e+00
3.440547498812561965e-03 0.000000000000000000e+00
3.559348597790088636e-03 0.000000000000000000e+00
3.680110094767664961e-03 0.000000000000000000e+00
3.802831989745290939e-03 0.000000000000000000e+00
3.927514282722965704e-03 0.000000000000000000e+00
4.054156973700691856e-03 0.000000000000000000e+00
4.182760062678468095e-03 0.000000000000000000e+00
4.313323549656295289e-03 0.000000000000000000e+00
4.445847434634171702e-03 0.000000000000000000e+00
4.580331717612097335e-03 0.000000000000000000e+00
4.716776398590073922e-03 0.000000000000000000e+00
4.855181477568099729e-03 0.000000000000000000e+00
4.995546954546175623e-03 0.000000000000000000e+00
5.137872829524301604e-03 0.000000000000000000e+00
5.282159102502477672e-03 0.000000000000000000e+00
5.428405773480703828e-03 0.000000000000000000e+00
5.576612842458980070e-03 0.000000000000000000e+00
5.726780309437305531e-03 0.000000000000000000e+00
5.878908174415681948e-03 0.000000000000000000e+00
6.032996437394107583e-03 0.000000000000000000e+00
6.189045098372585908e-03 0.000000000000000000e+00
6.347054157351111718e-03 0.000000000000000000e+00
6.507023614329687615e-03 0.000000000000000000e+00
6.668953469308313599e-03 0.000000000000000000e+00
6.832843722286989670e-03 0.000000000000000000e+00
6.998694373265715828e-03 0.000000000000000000e+00
7.166505422244492073e-03 0.000000000000000000e+00
7.336276869223317537e-03 0.000000000000000000e+00
7.508008714202193956e-03 0.000000000000000000e+00
7.681700957181119595e-03 0.000000000000000000e+00
7.857353598160098790e-03 0.000000000000000000e+00
8.034966637139125470e-03 0.000000000000000000e+00
8.214540074118200502e-03 0.000000000000000000e+00
8.396073909097327356e-03 0.000000000000000000e+00
8.579568142076502563e-03 0.000000000000000000e+00
8.765022773055727856e-03 0.000000000000000000e+00
8.952437802035004971e-03 0.000000000000000000e+00
9.141813229014330439e-03 0.000000000000000000e+00
9.333149053993705993e-03 0.000000000000000000e+00
9.526445276973131635e-03 0.000000000000000000e+00
9.721701897952607363e-03 0.000000000000000000e+00
9.918918916932136648e-03 4.940656458412465442e-324
1.011809633391171255e-02 4.940656458412465442e-324
1.031923414889133854e-02 4.940656458412465442e-324
1.052233236187101462e-02 4.940656458412465442e-324
1.072739097285074078e-02 9.881312916824930884e-324
1.093440998183051703e-02 1.482196937523739633e-323
1.114338938881034163e-02 1.160737781892766124e-203
1.135432919379021806e-02 1.629853621914592620e-104
1.156722939677014457e-02 1.057377330143694894e-47
1.178208999775011943e-02 3.364962952874130015e-19
1.199891099673014612e-02 1.203722932764262558e-07
1.221769239371022463e-02 2.285031810836877489e-04
1.243843418869035149e-02 1.791120634169310159e-03
1.266113638167052670e-02 4.494749485108491711e-03
1.288579897265075200e-02 7.923842796455270177e-03
1.311242196163102738e-02 1.189239823826534689e-02
1.334100534861135459e-02 1.630052503955189275e-02
1.357154913359173015e-02 2.108434031972773390e-02
1.380405331657215580e-02 2.619817677304813602e-02
1.403851789755263153e-02 3.160690158884420231e-02
1.427494287653315735e-02 3.728207369413662903e-02
1.451332825351373326e-02 4.319980575205889517e-02
1.475367402849436273e-02 4.933947725500451020e-02
1.499598020147503881e-02 5.568291183592823101e-02
1.524024677245576498e-02 6.221382578872272640e-02
1.548647374143653950e-02 6.891744393742461894e-02
1.573466110841736931e-02 7.578022345485566080e-02
1.598480887339824227e-02 8.278964991705931031e-02
1.623691703637917053e-02 8.993408320619293572e-02
1.649098559736014366e-02 9.720263872401418981e-02
1.674701455634117209e-02 1.045850941859311489e-01
1.700500391332224540e-02 1.120718153110426968e-01
1.726495366830337400e-02 1.196536957101305559e-01
1.752686382128455442e-02 1.273221076030613408e-01
1.779073437226577625e-02 1.350688609070732904e-01
1.805656532124705685e-02 1.428861688735446056e-01
1.832435666822837886e-02 1.507666189028618042e-01
1.859410841320975616e-02 1.587031474943334797e-01
1.886582055619118528e-02 1.666890185278339931e-01
1.913949309717265929e-02 1.747178042523212516e-01
1.941512603615418858e-02 1.827833684903205080e-01
1.969271937313575929e-02 1.908796542111586003e-01
1.997227310811738876e-02 1.990014470798448232e-01
2.025378724109906312e-02 2.071432159364312853e-01
2.053726177208079276e-02 2.152998551429425034e-01
2.082269670106256382e-02 2.234664887275432388e-01
2.111009202804439364e-02 2.316384609542908590e-01
2.139944775302626487e-02 2.398113275550301793e-01
2.169076387600819486e-02 2.479808475332798690e-01
2.198404039699017321e-02 2.561429754653783974e-01
2.227927731597219643e-02 2.642938542366929378e-01
2.257647463295427495e-02 2.724298081608554911e-01
2.287563234793639835e-02 2.805473364388315072e-01
2.317675046091857705e-02 2.886431069209722811e-01
2.347982897190080062e-02 2.967139501416349301e-01
2.378486788088307949e-02 3.047568536000583306e-01
2.409186718786539977e-02 3.127689562658049760e-01
2.440082689284778228e-02 3.207475432896356171e-01
2.471174699583020273e-02 3.286900409041529358e-01
2.502462749681268195e-02 3.365940115003812627e-01
2.533946839579521298e-02 3.444571488684710636e-01
2.565626969277778543e-02 3.522772735925594478e-01
2.597503138776041318e-02 3.600523285907810123e-01
2.629575348074308580e-02 3.677803747929960787e-01
2.661843597172581372e-02 3.754595869493969618e-01
2.694307886070858651e-02 3.830882495642164987e-01
2.726968214769141807e-02 3.906647529492995874e-01
2.759824583267428758e-02 3.981875893930213461e-01
2.792876991565721931e-02 4.056553494401356486e-01
2.826125439664019939e-02 4.130667182791556979e-01
2.859569927562322089e-02 4.204203569179836286e-01
2.893210455260630115e-02 4.277153464640273683e-01
2.927047022758941935e-02 4.349505322611698088e-01
2.961079630057259979e-02 4.421249438587454561e-01
2.995308277155582163e-02 4.492376888829925363e-01
3.029732964053910224e-02 4.562879500066550631e-01
3.064353690752242426e-02 4.632749820071711544e-01
3.099170457250580504e-02 4.701981089112965417e-01
3.134183263548922377e-02 4.770567212239308352e-01
3.169392109647270472e-02 4.838502732396472439e-01
3.204796995545623056e-02 4.905782804346895398e-01
3.240397921243980128e-02 4.972403169377845322e-01
3.276194886742343076e-02 5.038360130781133206e-01
3.312187892040710513e-02 5.103650530083336800e-01
3.348376937139083825e-02 5.168271724014578128e-01
3.384762022037460932e-02 5.232221297588137698e-01
3.421343146735843915e-02 5.295498043462670834e-01
3.458120311234230693e-02 5.358100516365680299e-01
3.495093515532624040e-02 5.420027916433580728e-01
3.532262759631021182e-02 5.481279854251015493e-01
3.569628043529424199e-02 5.541856331896063415e-01
3.607189367227831706e-02 5.601757724605338495e-01
3.644946730726244394e-02 5.660984763051853941e-01
3.682900134024662264e-02 5.719538516217124169e-01
3.721049577123083929e-02 5.777420374841726325e-01
3.759395060021512164e-02 5.834631944141616122e-01
3.797936582719944193e-02 5.891175363787768404e-01
3.836674145218382098e-02 5.947052827624746962e-01
3.875607747516824492e-02 6.002266857848346238e-01
3.914737389615272761e-02 6.056820223809008530e-01
3.954063071513724825e-02 6.110715928644951944e-01
3.993584793212182765e-02 6.163957196392608751e-01
4.033302554710645887e-02 6.216547459570849199e-01
4.073216356009112804e-02 6.268490295385937827e-01
4.113326197107585597e-02 6.319789600432907939e-01
4.153632078006062878e-02 6.370449325935286788e-01
4.194133998704546035e-02 6.420473621910096629e-01
4.234831959203032986e-02 6.469866791296955411e-01
4.275725959501525814e-02 6.518633280088630411e-01
4.316815999600023129e-02 6.566777643919611274e-01
4.358102079498526321e-02 6.614304621735075385e-01
4.399584199197033307e-02 6.661219017575247259e-01
4.441262358695546170e-02 6.707525757296531888e-01
4.483136557994064214e-02 6.753229865916431374e-01
4.525206797092586747e-02 6.798336459870010229e-01
4.567473075991114462e-02 6.842850720160928990e-01
4.609935394689646665e-02 6.886777951539720943e-01
4.652593753188184744e-02 6.930123488888028094e-01
4.695448151486726618e-02 6.972892741972429587e-01
4.738498589585275061e-02 7.015091177776848763e-01
4.781745067483826606e-02 7.056724301838993574e-01
4.825187585182384720e-02 7.097797694485559195e-01
4.868826142680946628e-02 7.138316951618043360e-01
4.912660739979515107e-02 7.178287710717802250e-01
4.956691377078088073e-02 7.217715639026038854e-01
5.000918053976664834e-02 7.256606416646472768e-01
5.045340770675248165e-02 7.294965771948936917e-01
5.089959527173835291e-02 7.332799426204869020e-01
5.134774323472428292e-02 7.370113119103878230e-01
5.179785159571025088e-02 7.406912590728066403e-01
5.224992035469628454e-02 7.443203601856340779e-01
5.270394951168235614e-02 7.478991900487119704e-01
5.315993906666848651e-02 7.514283235487221324e-01
5.361788901965465481e-02 7.549083343737538199e-01
5.407779937064088882e-02 7.583397965708655875e-01
5.453967011962716771e-02 7.617232819711509118e-01
5.500350126661349148e-02 7.650593612035413438e-01
5.546929281159986708e-02 7.683486026212655862e-01
5.593704475458628755e-02 7.715915737231301419e-01
5.640675709557277373e-02 7.747888388903370060e-01
5.687842983455929091e-02 7.779409603106247628e-01
5.735206297154587379e-02 7.810484969428991286e-01
5.782765650653248768e-02 7.841120061400428387e-01
5.830521043951917420e-02 7.871320412413779222e-01
5.878472477050590561e-02 7.901091523246251969e-01
5.926619949949267496e-02 7.930438867497887623e-01
5.974963462647950307e-02 7.959367878601681934e-01
6.023503015146637607e-02 7.987883954723057345e-01
6.072238607445330782e-02 8.015992451542812702e-01
6.121170239544027752e-02 8.043698695019997347e-01
6.170297911442730598e-02 8.071007963373507677e-01
6.219621623141437933e-02 8.097925492293025496e-01
6.269141374640151143e-02 8.124456481262143370e-01
6.318857165938866760e-02 8.150606081685337623e-01
6.368768997037589641e-02 8.176379399810824733e-01
6.418876867936318398e-02 8.201781501153802001e-01
6.469180778635051643e-02 8.226817402417684333e-01
6.519680729133789376e-02 8.251492074879899219e-01
6.570376719432530210e-02 8.275810438838530070e-01
6.621268749531278308e-02 8.299777375717326544e-01
6.672356819430030894e-02 8.323397712469461363e-01
6.723640929128789356e-02 8.346676226164980728e-01
6.775121078627552307e-02 8.369617652148384490e-01
6.826797267926318358e-02 8.392226671492519774e-01
6.878669497025091673e-02 8.414507914473662309e-01
6.930737765923869476e-02 8.436465967941065847e-01
6.983002074622653155e-02 8.458105364501157242e-01
7.035462423121441322e-02 8.479430585517587771e-01
7.088118811420231202e-02 8.500446067811309181e-01
7.140971239519029734e-02 8.521156194181986887e-01
7.194019707417832754e-02 8.541565295969145710e-01
7.247264215116641650e-02 8.561677659567809018e-01
7.300704762615452259e-02 8.581497517569153244e-01
7.354341349914270132e-02 8.601029051233729517e-01
7.408173977013092493e-02 8.620276396812911468e-01
7.462202643911922118e-02 8.639243637190769931e-01
7.516427350610754843e-02 8.657934804214622027e-01
7.570848097109590669e-02 8.676353885137649824e-01
7.625464883408433758e-02 8.694504814312252750e-01
7.680277709507281336e-02 8.712391475595762103e-01
7.735286575406134790e-02 8.730017708887651828e-01
7.790491481104989957e-02 8.747387301827304062e-01
7.845892426603853775e-02 8.764503992218581896e-01
7.901489411902722082e-02 8.781371474874247740e-01
7.957282437001594877e-02 8.797993391919212147e-01
8.013271501900470772e-02 8.814373340846801685e-01
8.069456606599353932e-02 8.830514870719520237e-01
8.125837751098241579e-02 8.846421482995556751e-01
8.182414935397135103e-02 8.862096634627782965e-01
8.239188159496033115e-02 8.877543735020593241e-01
8.296157423394934227e-02 8.892766147000125132e-01
8.353322727093842603e-02 8.907767190158593085e-01
8.410684070592755468e-02 8.922550137509002166e-01
8.468241453891674209e-02 8.937118216581568797e-01
8.525994876990593274e-02 8.951474613061364272e-01
8.583944339889522379e-02 8.965622467064070511e-01
8.642089842588455972e-02 8.979564874386293249e-01
8.700431385087394054e-02 8.993304890437069377e-01
8.758968967386336624e-02 9.006845526114469758e-01
8.817702589485282294e-02 9.020189749202205398e-01
8.876632251384235228e-02 9.033340488620635877e-01
8.935757953083194038e-02 9.046300629859291842e-01
8.995079694582157337e-02 9.059073016532976919e-01
9.054597475881122348e-02 9.071660454960530640e-01
9.114311296980096011e-02 9.084065709124681254e-01
9.174221157879074162e-02 9.096291502402303886e-01
9.234327058578056802e-02 9.108340522459241750e-01
9.294628999077042542e-02 9.120215414973983359e-01
9.355126979376035545e-02 9.131918789342364784e-01
9.415820999475034425e-02 9.143453216283806695e-01
9.476711059374037793e-02 9.154821228621786711e-01
9.537797159073045650e-02 9.166025323676357806e-01
9.599079298572055219e-02 9.177067961304936627e-01
9.660557477871074827e-02 9.187951564772627311e-01
9.722231696970097536e-02 9.198678523314557376e-01
9.784101955869126122e-02 9.209251189908298496e-01
9.846168254568156419e-02 9.219671882241328165e-01
9.908430593067193981e-02 9.229942885417053988e-01
9.970888971366237419e-02 9.240066449487488454e-01
1.003354338946528534e-01 9.250044790498176406e-01
1.009639384736433915e-01 9.259880093339744045e-01
1.015944034506339466e-01 9.269574509038990273e-01
1.022268288256245744e-01 9.279130155891507359e-01
1.028612145986152610e-01 9.288549122421861926e-01
1.034975607696059924e-01 9.297833464474188903e-01
1.041358673385967409e-01 9.306985206413027623e-01
1.047761343055875760e-01 9.316006344181920751e-01
1.054183616705784560e-01 9.324898842207639538e-01
1.060625494335693947e-01 9.333664634674010419e-01
1.067086975945603783e-01 9.342305628634665071e-01
1.073568061535513790e-01 9.350823700786357051e-01
1.080068751105424663e-01 9.359220698790289283e-01
1.086589044655335984e-01 9.367498444421268333e-01
1.093128942185247754e-01 9.375658730239972982e-01
1.099688443695159834e-01 9.383703320955002480e-01
1.106267549185072641e-01 9.391633956571638908e-01
1.112866258654986035e-01 9.399452349012330510e-01
1.119484572104899878e-01 9.407160183505154372e-01
1.126122489534813753e-01 9.414759121697545696e-01
1.132780010944728633e-01 9.422250798272522321e-01
1.139457136334643961e-01 9.429636822346709746e-01
1.146153865704559877e-01 9.436918780516195815e-01
1.152870199054476102e-01 9.444098233518458674e-01
1.159606136384392638e-01 9.451176717623575030e-01
1.166361677694310039e-01 9.458155747578934625e-01
1.173136822984227889e-01 9.465036813364965385e-01
1.179931572254146188e-01 9.471821381561429387e-01
1.186745925504064658e-01 9.478510898163883258e-01
1.193579882733983993e-01 9.485106785475320157e-01
1.200433443943903777e-01 9.491610443434400635e-01
1.207306609133824149e-01 9.498023252273845030e-01
1.214199378303744969e-01 9.504346569592954097e-01
1.221111751453665961e-01 9.510581731627870683e-01
1.228043728583587818e-01 9.516730055733314542e-01
1.234995309693510124e-01 9.522792837668445642e-01
1.241966494783433017e-01 9.528771352797459349e-01
1.248957283853355943e-01 9.534666858377192078e-01
1.255967676903279873e-01 9.540480591082646233e-01
1.262997673933204390e-01 9.546213768129511168e-01
1.270047274943129079e-01 9.551867589351787924e-01
1.277116479933054216e-01 9.557443234991395142e-01
1.284205288902980080e-01 9.562941866731905494e-01
1.291313701852906393e-01 9.568364629557788437e-01
1.298441718782833154e-01 9.573712649824385190e-01
1.305589339692760642e-01 9.578987036192730953e-01
1.312756564582688024e-01 9.584188881274070537e-01
1.319943393452616409e-01 9.589319259978998922e-01
1.327149826302545244e-01 9.594379230355059018e-01
1.334375863132474527e-01 9.599369835015986174e-01
1.341621503942403981e-01 9.604292099771243318e-01
1.348886748732334440e-01 9.609147034361666950e-01
1.356171597502265069e-01 9.613935633684855819e-01
1.363476050252196425e-01 9.618658876693718662e-01
1.370800106982128508e-01 9.623317727033122715e-01
1.378143767692060206e-01 9.627913134071605095e-01
1.385507032381993187e-01 9.632446032055401730e-01
1.392889901051926616e-01 9.636917340924470166e-01
1.400292373701860493e-01 9.641327965786742338e-01
1.407714450331794265e-01 9.645678799067498588e-01
1.415156130941729040e-01 9.649970718413389825e-01
1.422617415531664542e-01 9.654204587687866823e-01
1.430098304101600493e-01 9.658381258454709073e-01
1.437598796651536337e-01 9.662501568344588065e-01
1.445118893181473185e-01 9.666566341878901625e-01
1.452658593691410482e-01 9.670576391661512838e-01
1.460217898181348506e-01 9.674532517157956590e-01
1.467796806651286701e-01 9.678435505363099933e-01
1.475395319101225067e-01 9.682286131740642787e-01
1.483013435531164437e-01 9.686085159359092422e-01
1.490651155941104256e-01 9.689833339661133582e-01
1.498308480331044801e-01 9.693531411991762603e-01
1.505985408700985240e-01 9.697180105429982211e-01
1.513681941050926405e-01 9.700780136976244750e-01
1.521398077380868297e-01 9.704332212440955896e-01
1.529133817690810637e-01 9.707837027603832825e-01
1.536889161980753704e-01 9.711295266925332736e-01
1.544664110250696387e-01 9.714707604230657934e-01
1.552458662500640352e-01 9.718074703576942142e-01
1.560272818730584765e-01 9.721397218395173567e-01
1.568106578940529627e-01 9.724675792216334047e-01
1.575959943130474383e-01 9.727911058241580644e-01
1.583832911300420421e-01 9.731103640952261102e-01
1.591725483450366629e-01 9.734254154500392442e-01
1.599637659580313565e-01 9.737363203515607690e-01
1.607569439690260948e-01 9.740431384055409092e-01
1.615520823780208504e-01 9.743459282539985722e-01
1.623491811850156785e-01 9.746447476344325400e-01
1.631482403900105516e-01 9.749396534462633213e-01
1.639492599930054972e-01 9.752307016872331369e-01
1.647522399940004323e-01 9.755179475097761621e-01
1.655571803929954677e-01 9.758014451914733822e-01
1.663640811899905481e-01 9.760812482536230794e-01
1.671729423849857010e-01 9.763574093474631788e-01
1.679837639779808434e-01 9.766299803154884218e-01
1.687965459689760583e-01 9.768990122559679801e-01
1.696112883579713460e-01 9.771645554567321978e-01
1.704279911449667062e-01 9.774266594510370165e-01
1.712466543299620836e-01 9.776853729883820954e-01
1.720672779129574781e-01 9.779407441453724648e-01
1.728898618939529452e-01 9.781928202178105103e-01
1.737144062729484850e-01 9.784416477790770506e-01
1.745409110499440697e-01 9.786872727372593062e-01
1.753693762249396715e-01 9.789297402755000599e-01
1.761998017979353459e-01 9.791690949021045753e-01
1.770321877689310930e-01 9.794053804261386720e-01
1.778665341379268849e-01 9.796386400514763837e-01
1.787028409049227218e-01 9.798689162864201441e-01
1.795411080699185480e-01 9.800962510107725789e-01
1.803813356329145023e-01 9.803206854390625891e-01
1.812235235939104738e-01 9.805422602400004628e-01
1.820676719529065180e-01 9.807610154115972145e-01
1.829137807099025514e-01 9.809769903462829399e-01
1.837618498648986853e-01 9.811902238874470328e-01
1.846118794178948919e-01 9.814007542626582703e-01
1.854638693688911155e-01 9.816086191353157187e-01
1.863178197178873563e-01 9.818138555791022792e-01
1.871737304648836975e-01 9.820165001668713645e-01
1.880316016098800835e-01 9.822165888817260271e-01
1.888914331528765145e-01 9.824141571809194007e-01
1.897532250938729903e-01 9.826092399622561313e-01
1.906169774328694833e-01 9.828018716681253819e-01
1.914826901698660766e-01 9.829920861753856931e-01
1.923503633048627148e-01 9.831799168537577183e-01
1.932199968378593979e-01 9.833653966107329669e-01
1.940915907688560982e-01 9.835485578376942373e-01
1.949651450978528711e-01 9.837294324519273436e-01
1.958406598248497166e-01 9.839080518777830742e-01
1.967181349498466070e-01 9.840844471135702376e-01
1.975975704728435423e-01 9.842586486666674572e-01
1.984789663938404669e-01 9.844306866013706747e-01
1.993623227128375197e-01 9.846005905164078031e-01
2.002476394298345896e-01 9.847683896174962426e-01
2.011349165448317322e-01 9.849341126437445304e-01
2.020241540578288642e-01 9.850977879199022125e-01
2.029153519688260965e-01 9.852594433313041078e-01
2.038085102778234015e-01 9.854191064001966982e-01
2.047036289848207236e-01 9.855768042057647671e-01
2.056007080898180628e-01 9.857325634396705283e-01
2.064997475928155024e-01 9.858864103789818367e-01
2.074007474938129869e-01 9.860383709645749173e-01
2.083037077928105441e-01 9.861884707172777764e-01
2.092086284898081183e-01 9.863367347952786135e-01
2.101155095848057097e-01 9.864831879661104530e-01
2.110243510778034015e-01 9.866278546846203312e-01
2.119351529688011382e-01 9.867707590086983727e-01
2.128479152577989197e-01 9.869119246561823822e-01
2.137626379447967184e-01 9.870513749775999823e-01
2.146793210297945897e-01 9.871891330312088098e-01
2.155979645127925337e-01 9.873252215010709376e-01
2.165185683937905226e-01 9.874596627522942427e-01
2.174411326727885563e-01 9.875924788048148217e-01
2.183656573497865794e-01 9.877236914041583882e-01
2.192921424247847306e-01 9.878533219441169022e-01
2.202205878977829268e-01 9.879813915189816775e-01
2.211509937687811678e-01 9.881079208991552232e-01
2.220833600377793982e-01 9.882329305959856036e-01
2.230176867047777289e-01 9.883564407914048333e-01
2.239539737697761046e-01 9.884784713854798399e-01
2.248922212327745529e-01 9.885990419750149139e-01
2.258324290937730461e-01 9.887181719109484623e-01
2.267745973527715286e-01 9.888358802366113975e-01
2.277187260097701116e-01 9.889521857297691732e-01
2.286648150647687394e-01 9.890671068846446090e-01
2.296128645177674399e-01 9.891806619609747608e-01
2.305628743687661297e-01 9.892928689321720537e-01
2.315148446177649200e-01 9.894037455211422971e-01
2.324687752647637551e-01 9.895133091857838403e-01
2.334246663097626351e-01 9.896215771598307898e-01
2.343825177527615322e-01 9.897285664109080061e-01
2.353423295937605020e-01 9.898342936703844464e-01
2.363041018327595444e-01 9.899387754312654053e-01
2.372678344697586317e-01 9.900420279342291296e-01
2.382335275047577638e-01 9.901440672296266676e-01
2.392011809377569131e-01 9.902449091067956344e-01
2.401707947687561351e-01 9.903445691405488027e-01
2.411423689977554297e-01 9.904430626709167518e-01
2.421159036247547691e-01 9.905404048522706839e-01
2.430913986497540979e-01 9.906366105992242543e-01
2.440688540727535549e-01 9.907316946227303633e-01
2.450482698937530290e-01 9.908256714158211187e-01
2.460296461127525758e-01 9.909185552902047833e-01
2.470129827297521674e-01 9.910103603374773584e-01
2.479982797447517484e-01 9.911011004561898208e-01
2.489855371577514298e-01 9.911907893496637589e-01
2.499747549687511561e-01 9.912794405143580123e-01
2.509659331777509550e-01 9.913670672904532077e-01
2.519590717847506878e-01 9.914536828042211924e-01
2.529541707897505765e-01 9.915393000059674611e-01
2.539512301927505100e-01 9.916239316546762161e-01
2.549502499937504885e-01 9.917075903538911108e-01
2.559512301927505673e-01 9.917902885129991075e-01
2.569541707897506355e-01 9.918720383735294410e-01
2.579590717847507486e-01 9.919528520066392963e-01
2.589659331777509621e-01 9.920327413028705577e-01
2.599747549687512205e-01 9.921117180169010119e-01
2.609855371577514682e-01 9.921897937162599268e-01
2.619982797447518164e-01 9.922669798148896492e-01
2.630129827297520984e-01 9.923432875602973269e-01
2.640296461127525363e-01 9.924187280630367702e-01
2.650482698937530190e-01 9.924933122651493633e-01
2.660688540727535467e-01 9.925670509618008674e-01
2.670913986497541748e-01 9.926399547992762473e-01
2.681159036247547922e-01 9.927120342673345643e-01
2.691423689977554545e-01 9.927832997340035881e-01
2.701707947687562172e-01 9.928537614063565053e-01
2.712011809377570248e-01 9.929234293565440961e-01
2.722335275047577108e-01 9.929923135185600991e-01
2.732678344697586081e-01 9.930604236793314499e-01
2.743041018327595504e-01 9.931277695173508224e-01
2.753423295937605375e-01 9.931943605577947531e-01
2.763825177527615695e-01 9.932602062017228395e-01
2.774246663097627019e-01 9.933253157219236185e-01
2.784687752647638237e-01 9.933896982532318676e-01
2.795148446177649904e-01 9.934533628335865396e-01
2.805628743687662574e-01 9.935163183552134791e-01
2.816128645177674028e-01 9.935785735960771525e-01
2.826648150647687596e-01 9.936401372151225653e-01
2.837187260097701613e-01 9.937010177418970081e-01
2.847745973527716079e-01 9.937612236189268256e-01
2.858324290937730994e-01 9.938207631508285678e-01
2.868922212327746357e-01 9.938796445368911492e-01
2.879539737697762170e-01 9.939378758657314572e-01
2.890176867047778431e-01 9.939954651052645973e-01
2.900833600377795141e-01 9.940524201440554819e-01
2.911509937687811744e-01 9.941087487410893431e-01
2.922205878977829352e-01 9.941644585580380333e-01
2.932921424247847964e-01 9.942195571535609178e-01
2.943656573497866469e-01 9.942740519740587146e-01
2.954411326727885978e-01 9.943279503925628315e-01
2.965185683937905936e-01 9.943812596614346466e-01
2.975979645127926343e-01 9.944339869423562961e-01
2.986793210297947199e-01 9.944861393015723694e-01
2.997626379447967393e-01 9.945377237011084892e-01
3.008479152577989146e-01 9.945887470340167846e-01
3.019351529688011904e-01 9.946392160817935091e-01
3.030243510778034555e-01 9.946891375414663727e-01
3.041155095848058210e-01 9.947385180213228484e-01
3.052086284898081758e-01 9.947873640331332812e-01
3.063037077928106311e-01 9.948356820232322484e-01
3.074007474938131312e-01 9.948834783353629474e-01
3.084997475928156763e-01 9.949307592343655804e-01
3.096007080898180996e-01 9.949775309023841663e-01
3.107036289848207899e-01 9.950237994328733349e-01
3.118085102778234696e-01 9.950695708559225139e-01
3.129153519688261942e-01 9.951148511082690273e-01
3.140241540578289636e-01 9.951596460525775623e-01
3.151349165448318335e-01 9.952039614745474827e-01
3.162476394298346927e-01 9.952478030840747891e-01
3.173623227128376523e-01 9.952911765066638772e-01
3.184789663938406568e-01 9.953340873173472936e-01
3.195975704728435396e-01 9.953765409988338808e-01
3.207181349498466338e-01 9.954185429676697394e-01
3.218406598248497730e-01 9.954600985700292615e-01
3.229651450978529570e-01 9.955012130749829602e-01
3.240915907688562414e-01 9.955418917005280921e-01
3.252199968378595152e-01 9.955821395822399555e-01
3.263503633048628338e-01 9.956219617931805210e-01
3.274826901698662529e-01 9.956613633405616559e-01
3.286169774328696613e-01 9.957003491668093842e-01
3.297532250938730591e-01 9.957389241416439996e-01
3.308914331528765573e-01 9.957770930931262310e-01
3.320316016098801559e-01 9.958148607689103482e-01
3.331737304648837994e-01 9.958522318606028989e-01
3.343178197178874878e-01 9.958892109994667008e-01
3.354638693688912210e-01 9.959258027509362288e-01
3.366118794178950546e-01 9.959620116364408249e-01
3.377618498648988776e-01 9.959978421070624366e-01
3.389137807099027455e-01 9.960332985603276290e-01
3.400676719529066028e-01 9.960683853373658581e-01
3.412235235939105604e-01 9.961031067237947623e-01
3.423813356329146185e-01 9.961374669437899065e-01
3.435411080699187214e-01 9.961714701836681396e-01
3.447028409049228137e-01 9.962051205627526773e-01
3.458665341379270064e-01 9.962384221517847083e-01
3.470321877689312440e-01 9.962713789696669986e-01
3.481998017979355819e-01 9.963039949842855680e-01
3.493693762249399093e-01 9.963362741062252725e-01
3.505409110499441705e-01 9.963682202132257970e-01
3.517144062729485876e-01 9.963998371195910142e-01
3.528898618939531051e-01 9.964311285955782527e-01
3.540672779129576120e-01 9.964620983637005880e-01
3.552466543299622193e-01 9.964927500994421594e-01
3.564279911449668714e-01 9.965230874253379056e-01
3.576112883579715684e-01 9.965531139345178424e-01
3.587965459689763104e-01 9.965828331610577795e-01
3.599837639779809306e-01 9.966122485984912904e-01
3.611729423849858178e-01 9.966413636965678613e-01
3.623640811899906944e-01 9.966701818617861308e-01
3.635571803929956158e-01 9.966987064517142114e-01
3.647522399940006377e-01 9.967269407970301698e-01
3.659492599930056489e-01 9.967548881739025646e-01
3.671482403900107605e-01 9.967825518212480862e-01
3.683491811850159170e-01 9.968099349375643126e-01
3.695520823780210629e-01 9.968370406815787454e-01
3.707569439690261981e-01 9.968638721673027669e-01
3.719637659580314892e-01 9.968904324830408781e-01
3.731725483450368253e-01 9.969167246676767791e-01
3.743832911300422062e-01 9.969427517255063931e-01
3.755959943130476320e-01 9.969685166236157414e-01
3.768106578940531581e-01 9.969940222924493778e-01
3.780272818730586737e-01 9.970192716260666277e-01
3.792458662500642896e-01 9.970442674760595647e-01
3.804664110250698950e-01 9.970690126758109395e-01
3.816889161980754896e-01 9.970935100091137260e-01
3.829133817690812402e-01 9.971177622296683030e-01
3.841398077380869802e-01 9.971417720574187182e-01
3.853681941050928206e-01 9.971655421788302442e-01
3.865985408700987613e-01 9.971890752421366244e-01
3.878308480331046915e-01 9.972123738761975442e-01
3.890651155941106665e-01 9.972354406664190041e-01
3.903013435531166864e-01 9.972582781697781895e-01
3.915395319101228067e-01 9.972808889121309583e-01
3.927796806651288053e-01 9.973032753883965817e-01
3.940217898181350153e-01 9.973254400630694461e-01
3.952658593691412148e-01 9.973473853647525367e-01
3.965118893181475146e-01 9.973691137073823487e-01
3.977598796651538593e-01 9.973906274625948809e-01
3.990098304101602489e-01 9.974119289770838614e-01
4.002617415531666833e-01 9.974330205689764250e-01
4.015156130941732182e-01 9.974539045283983274e-01
4.027714450331797424e-01 9.974745831136351271e-01
4.040292373701862005e-01 9.974950585658118873e-01
4.052889901051928145e-01 9.975153330902625237e-01
4.065507032381995289e-01 9.975354088683046072e-01
4.078143767692062882e-01 9.975552880548335111e-01
4.090800106982130369e-01 9.975749727789148258e-01
4.103476050252198859e-01 9.975944651439450084e-01
4.116171597502267798e-01 9.976137672240700249e-01
4.128886748732337186e-01 9.976328810785812795e-01
4.141621503942407023e-01 9.976518087334171891e-01
4.154375863132476199e-01 9.976705521927569098e-01
4.167149826302546933e-01 9.976891134367785741e-01
4.179943393452618672e-01 9.977074944221182573e-01
4.192756564582690304e-01 9.977256970818876303e-01
4.205589339692762940e-01 9.977437233262554939e-01
4.218441718782836025e-01 9.977615750370458780e-01
4.231313701852909004e-01 9.977792540879254490e-01
4.244205288902982987e-01 9.977967623178428669e-01
4.257116479933056308e-01 9.978141015475250342e-01
4.270047274943131188e-01 9.978312735761156738e-01
4.282997673933206517e-01 9.978482801815645731e-01
4.295967676903282295e-01 9.978651231205944994e-01
4.308957283853359077e-01 9.978818041245112180e-01
4.321966494783435753e-01 9.978983249162888258e-01
4.334995309693513432e-01 9.979146871879618352e-01
4.348043728583591006e-01 9.979308926146613912e-01
4.361111751453669583e-01 9.979469428519375240e-01
4.374199378303746943e-01 9.979628395357457160e-01
4.387306609133826418e-01 9.979785842828808873e-01
4.400433443943906342e-01 9.979941786873447462e-01
4.413579882733986715e-01 9.980096243340662587e-01
4.426745925504067536e-01 9.980249227810052970e-01
4.439931572254149361e-01 9.980400755704145199e-01
4.453136822984231080e-01 9.980550842264268585e-01
4.466361677694313248e-01 9.980699502554536418e-01
4.479606136384396420e-01 9.980846751462388866e-01
4.492870199054478375e-01 9.980992603702792954e-01
4.506153865704562445e-01 9.981137073777841540e-01
4.519457136334646408e-01 9.981280176125940651e-01
4.532780010944731375e-01 9.981421924925680811e-01
4.546122489534816791e-01 9.981562334218575527e-01
4.559484572104903211e-01 9.981701417882899996e-01
4.572866258654989524e-01 9.981839189635742793e-01
4.586267549185076287e-01 9.981975663036857238e-01
4.599688443695163498e-01 9.982110851487532299e-01
4.613128942185250048e-01 9.982244768194764584e-01
4.626589044655338712e-01 9.982377426317766700e-01
4.640068751105427269e-01 9.982508838771863013e-01
4.653568061535516831e-01 9.982639018350095705e-01
4.667086975945606842e-01 9.982767977699776862e-01
4.680625494335697301e-01 9.982895729321298317e-01
4.694183616705788209e-01 9.983022285572977772e-01
4.707761343055879566e-01 9.983147658670146196e-01
4.721358673385971372e-01 9.983271860652146446e-01
4.734975607696062516e-01 9.983394903515857566e-01
4.748612145986155220e-01 9.983516799036141753e-01
4.762268288256248927e-01 9.983637558878930562e-01
4.775944034506342528e-01 9.983757194576264871e-01
4.789639384736437133e-01 9.983875717529765437e-01
4.803354338946532187e-01 9.983993139009882389e-01
4.817088897136627690e-01 9.984109470160144051e-01
4.830843059306723641e-01 9.984224721995522689e-01
4.844616825456818376e-01 9.984338905364799066e-01
4.858410195586915226e-01 9.984452031105703895e-01
4.872223169697012524e-01 9.984564109832044787e-01
4.886055747787110826e-01 9.984675152068063220e-01
4.899907929857209021e-01 9.984785168218671680e-01
4.913779715907308221e-01 9.984894168571204487e-01
4.927671105937407314e-01 9.985002163296694544e-01
4.941582099947507412e-01 9.985109162451503151e-01
4.955512697937607958e-01 9.985215175945975075e-01
4.969462899907707287e-01 9.985320213663857469e-01
4.983432705857808731e-01 9.985424285302074709e-01
4.997422115787910624e-01 9.985527400471292392e-01
5.011431129698012965e-01 9.985629568673936030e-01
5.025459747588115755e-01 9.985730799305867489e-01
5.039507969458218994e-01 9.985831101657374198e-01
5.053575795308323793e-01 9.985930484915088723e-01
5.067663225138427929e-01 9.986028958162239677e-01
5.081770258948532515e-01 9.986126530349126451e-01
5.095896896738636439e-01 9.986223210409530537e-01
5.110043138508743032e-01 9.986319007102499867e-01
5.124208984258848965e-01 9.986413929112238907e-01
5.138394433988955345e-01 9.986507985026296108e-01
5.152599487699063285e-01 9.986601183335459542e-01
5.166824145389171674e-01 9.986693532437270759e-01
5.181068407059279401e-01 9.986785040635886013e-01
5.195332272709388688e-01 9.986875716142190607e-01
5.209615742339498423e-01 9.986965567076957484e-01
5.223918815949606387e-01 9.987054601432824308e-01
5.238241493539717020e-01 9.987142827213751906e-01
5.252583775109828101e-01 9.987230252245594686e-01
5.266945660659939632e-01 9.987316884294731301e-01
5.281327150190051611e-01 9.987402731040986303e-01
5.295728243700164040e-01 9.987487800080482314e-01
5.310148941190276917e-01 9.987572098924600850e-01
5.324589242660390243e-01 9.987655635001900789e-01
5.339049148110504017e-01 9.987738415660442071e-01
5.353528657540617131e-01 9.987820448165938281e-01
5.368027770950731803e-01 9.987901739665099310e-01
5.382546488340846924e-01 9.987982297332010928e-01
5.397084809710962494e-01 9.988062128166150799e-01
5.411642735061079623e-01 9.988141239119083803e-01
5.426220264391196091e-01 9.988219637066674261e-01
5.440817397701314118e-01 9.988297328808968256e-01
5.455434134991431483e-01 9.988374321071665785e-01
5.470070476261550407e-01 9.988450620506716948e-01
5.484726421511667560e-01 9.988526233693976186e-01
5.499401970741787382e-01 9.988601167140722659e-01
5.514097123951906543e-01 9.988675427246638261e-01
5.528811881142027262e-01 9.988749020440451654e-01
5.543546242312148431e-01 9.988821952990727393e-01
5.558300207462270048e-01 9.988894231126098644e-01
5.573073776592392115e-01 9.988965861005951741e-01
5.587866949702514630e-01 9.989036848723805706e-01
5.602679726792635373e-01 9.989107200306099887e-01
5.617512107862758786e-01 9.989176921714811863e-01
5.632364092912882647e-01 9.989246018846169584e-01
5.647235681943006957e-01 9.989314497532625348e-01
5.662126874953131717e-01 9.989382363513281682e-01
5.677037671943258035e-01 9.989449622546817675e-01
5.691968072913383692e-01 9.989516280254527869e-01
5.706918077863509797e-01 9.989582342220583167e-01
5.721887686793637462e-01 9.989647813967825751e-01
5.736876899703762245e-01 9.989712700959962888e-01
5.751885716593890807e-01 9.989777008601330444e-01
5.766914137464018708e-01 9.989840742238013105e-01
5.781962162314148168e-01 9.989903907158195207e-01
5.797029791144278077e-01 9.989966508593470795e-01
5.812117023954407324e-01 9.990028551718176386e-01
5.827223860744538131e-01 9.990090041623481687e-01
5.842350301514669386e-01 9.990150983421360875e-01
5.857496346264799980e-01 9.990211382099766224e-01
5.872661994994931023e-01 9.990271242613758540e-01
5.887847247705062514e-01 9.990330569865277788e-01
5.903052104395195565e-01 9.990389368703975759e-01
5.918276565065329065e-01 9.990447643926426702e-01
5.933520629715463013e-01 9.990505400278196779e-01
5.948784298345597410e-01 9.990562642454309250e-01
5.964067570955732256e-01 9.990619375098280797e-01
5.979370447545868661e-01 9.990675602804849342e-01
5.994692928116004405e-01 9.990731330119070330e-01
6.010035012666138377e-01 9.990786561507183361e-01
6.025396701196276128e-01 9.990841301469037816e-01
6.040777993706413218e-01 9.990895554381549193e-01
6.056178890196550757e-01 9.990949324598267234e-01
6.071599390666689855e-01 9.991002616425277427e-01
6.087039495116828292e-01 9.991055434123154999e-01
6.102499203546968287e-01 9.991107781906585217e-01
6.117978515957107621e-01 9.991159663945011760e-01
6.133477432347248515e-01 9.991211084363681438e-01
6.148995952717387636e-01 9.991262047243124611e-01
6.164534077067529427e-01 9.991312556620703944e-01
6.180091805397671667e-01 9.991362616490522264e-01
6.195669137707813245e-01 9.991412230803741190e-01
6.211266073997956383e-01 9.991461403436464606e-01
6.226882614268099969e-01 9.991510138314039224e-01
6.242518758518244004e-01 9.991558439236574163e-01
6.258174506748388488e-01 9.991606309988100287e-01
6.273849858958533421e-01 9.991653754313702951e-01
6.289544815148676582e-01 9.991700775917253807e-01
6.305259375318823523e-01 9.991747378464289620e-01
6.320993539468969802e-01 9.991793565579587533e-01
6.336747307599116530e-01 9.991839340850824369e-01
6.352520679709263707e-01 9.991884707826160783e-01
6.368313655799411332e-01 9.991929670015992082e-01
6.384126235869560517e-01 9.991974230893931885e-01
6.399958419919709041e-01 9.992018393895450989e-01
6.415810207949856903e-01 9.992062162389212521e-01
6.431681599960007434e-01 9.992105539792413005e-01
6.447572595950157304e-01 9.992148529407183233e-01
6.463483195920308733e-01 9.992191134524597285e-01
6.479413399870459500e-01 9.992233358400566257e-01
6.495363207800611827e-01 9.992275204256145793e-01
6.511332619710764602e-01 9.992316675277689297e-01
6.527321635600916716e-01 9.992357774617800503e-01
6.543330255471070389e-01 9.992398505394906039e-01
6.559358479321222291e-01 9.992438870694142494e-01
6.575406307151376861e-01 9.992478873567601783e-01
6.591473738961531881e-01 9.992518517034738590e-01
6.607560774751687349e-01 9.992557804081974027e-01
6.623667414521843266e-01 9.992596737664449780e-01
6.639793658271999632e-01 9.992635320675876676e-01
6.655939506002157557e-01 9.992673556059737949e-01
6.672104957712314821e-01 9.992711446652816631e-01
6.688290013402472534e-01 9.992748995284467250e-01
6.704494673072629585e-01 9.992786204753966173e-01
6.720718936722788195e-01 9.992823077829866563e-01
6.736962804352947254e-01 9.992859617251155235e-01
6.753226275963107872e-01 9.992895825727513559e-01
6.769509351553267829e-01 9.992931705938039588e-01
6.785812031123429344e-01 9.992967260534508789e-01
6.802134314673590199e-01 9.993002492139421156e-01
6.818476202203752612e-01 9.993037403345913505e-01
6.834837693713914364e-01 9.993071996720159778e-01
6.851218789204075454e-01 9.993106274799886668e-01
6.867619488674239214e-01 9.993140240095215177e-01
6.884039792124403423e-01 9.993173895062520407e-01
6.900479699554568080e-01 9.993207242205250918e-01
6.916939210964733187e-01 9.993240283930556744e-01
6.933418326354898742e-01 9.993273022640360992e-01
6.949917045725064746e-01 9.993305460711139343e-01
6.966435369075231199e-01 9.993337600492592232e-01
6.982973296405398100e-01 9.993369444308912719e-01
6.999530827715563230e-01 9.993400994458584430e-01
7.016107963005731030e-01 9.993432253215136507e-01
7.032704702275899278e-01 9.993463222826770576e-01
7.049321045526069085e-01 9.993493905516419584e-01
7.065956992756238231e-01 9.993524303482962390e-01
7.082612543966407825e-01 9.993554418900990610e-01
7.099287699156578979e-01 9.993584253920358984e-01
7.115982458326749471e-01 9.993613810667472119e-01
7.132696821476921523e-01 9.993643091244666099e-01
7.149430788607090692e-01 9.993672097731186588e-01
7.166184359717263641e-01 9.993700832156025005e-01
7.182957534807437039e-01 9.993729296600140088e-01
7.199750313877609775e-01 9.993757493050878793e-01
7.216562696927784071e-01 9.993785423495362696e-01
7.233394683957958815e-01 9.993813089897971569e-01
7.250246274968132898e-01 9.993840494201180480e-01
7.267117469958308540e-01 9.993867638325285574e-01
7.284008268928482410e-01 9.993894524168348559e-01
7.300918671878658950e-01 9.993921153607304708e-01
7.317848678808835938e-01 9.993947528497608701e-01
7.334798289719013376e-01 9.993973650672125508e-01
7.351767504609192372e-01 9.993999521944704201e-01
7.368756323479370707e-01 9.994025144105835867e-01
7.385764746329549491e-01 9.994050518927661830e-01
7.402792773159728723e-01 9.994075648160096748e-01
7.419840403969908404e-01 9.994100533532732644e-01
7.436907638760087425e-01 9.994125176755790374e-01
7.453994477530268004e-01 9.994149579518806226e-01
7.471100920280450142e-01 9.994173743490949446e-01
7.488226967010631618e-01 9.994197670296931513e-01
7.505372617720814654e-01 9.994221361614313848e-01
7.522537872410997029e-01 9.994244819031797844e-01
7.539722731081180962e-01 9.994268044140585117e-01
7.556927193731364234e-01 9.994291038513821723e-01
7.574151260361549065e-01 9.994313803704162336e-01
7.591394930971732125e-01 9.994336341246491395e-01
7.608658205561917853e-01 9.994358652656536446e-01
7.625941084132104031e-01 9.994380739431707461e-01
7.643243566682289547e-01 9.994402603050623890e-01
7.660565653212476622e-01 9.994424244973708626e-01
7.677907343722664146e-01 9.994445666643984039e-01
7.695268638212852119e-01 9.994466869485443272e-01
7.712649536683040541e-01 9.994487854904733348e-01
7.730050039133229411e-01 9.994508624290691090e-01
7.747470145563417621e-01 9.994529179014820519e-01
7.764909855973607389e-01 9.994549520429814038e-01
7.782369170363797606e-01 9.994569649873068506e-01
7.799848088733989382e-01 9.994589568662942680e-01
7.817346611084180497e-01 9.994609278101751482e-01
7.834864737414372060e-01 9.994628779474525881e-01
7.852402467724565183e-01 9.994648074048455566e-01
7.869959802014757644e-01 9.994667163050171554e-01
7.887536740284951664e-01 9.994686047761630610e-01
7.905133282535142802e-01 9.994704729377904551e-01
7.922749428765337720e-01 9.994723209100605521e-01
7.940385178975533087e-01 9.994741488114894379e-01
7.958040533165727792e-01 9.994759567589682758e-01
7.975715491335924057e-01 9.994777448677687470e-01
7.993410053486120770e-01 9.994795132515130742e-01
8.011124219616317932e-01 9.994812620223109123e-01
8.028857989726515543e-01 9.994829912905999203e-01
8.046611363816711382e-01 9.994847011653029689e-01
8.064384341886909890e-01 9.994863917537155640e-01
8.082176923937108848e-01 9.994880631616220867e-01
8.099989109967308254e-01 9.994897154932433914e-01
8.117820899977508109e-01 9.994913488511963928e-01
8.135672293967708413e-01 9.994929633366769206e-01
8.153543291937909165e-01 9.994945590492347876e-01
8.171433893888111477e-01 9.994961360869880629e-01
8.189344099818313127e-01 9.994976945464882911e-01
8.207273909728513006e-01 9.994992345228197461e-01
8.225223323618716664e-01 9.995007561095208271e-01
8.243192341488919661e-01 9.995022593986661041e-01
8.261180963339124217e-01 9.995037444808525517e-01
8.279189189169328111e-01 9.995052114452408487e-01
8.297217018979533565e-01 9.995066603793839599e-01
8.315264452769738357e-01 9.995080913695134628e-01
8.333331490539944708e-01 9.995095045003106193e-01
8.351418132290151508e-01 9.995108998525882305e-01
8.369524378020356536e-01 9.995122775128642001e-01
8.387650227730564234e-01 9.995136375592476030e-01
8.405795681420771270e-01 9.995149800706460974e-01
8.423960739090979866e-01 9.995163051246012120e-01
8.442145400741188910e-01 9.995176127971830971e-01
8.460349666371398403e-01 9.995189031630001830e-01
8.478573535981608345e-01 9.995201762953384028e-01
8.496817009571818735e-01 9.995214322659947692e-01
8.515080087142030685e-01 9.995226711453490953e-01
8.533362768692239753e-01 9.995238930024173962e-01
8.551665054222451490e-01 9.995250979048353468e-01
8.569986943732663676e-01 9.995262859187266091e-01
8.588328437222877421e-01 9.995274571089202142e-01
8.606689534693090504e-01 9.995286115388675174e-01
8.625070236143304037e-01 9.995297492705428333e-01
8.643470541573519128e-01 9.995308703645955362e-01
8.661890450983733558e-01 9.995319748802611315e-01
8.680329964373949547e-01 9.995330628754126590e-01
8.698789081744163765e-01 9.995341344065168387e-01
8.717267803094379541e-01 9.995351895286939126e-01
8.735766128424596877e-01 9.995362282957084288e-01
8.754284057734814661e-01 9.995372507598504486e-01
8.772821591025032895e-01 9.995382569721819044e-01
8.791378728295250466e-01 9.995392469822067527e-01
8.809955469545469597e-01 9.995402208382341280e-01
8.828551814775689177e-01 9.995411785870839116e-01
8.847167763985909206e-01 9.995421202742962308e-01
8.865803317176127463e-01 9.995430459439774706e-01
8.884458474346348389e-01 9.995439556388360236e-01
8.903133235496569764e-01 9.995448494003404960e-01
8.921827600626792698e-01 9.995457272684298289e-01
8.940541569737014971e-01 9.995465892817517739e-01
8.959275142827237692e-01 9.995474354775983894e-01
8.978028319897460863e-01 9.995482658918484198e-01
8.996801100947685592e-01 9.995490805590583339e-01
9.015593485977907440e-01 9.995498795123363145e-01
9.034405474988133067e-01 9.995506627834291891e-01
9.053237067978358033e-01 9.995514304027655061e-01
9.072088264948584557e-01 9.995521823993227528e-01
9.090959065898810421e-01 9.995529187983174246e-01
9.109849470829037843e-01 9.995536396307213023e-01
9.128759479739264604e-01 9.995543449190501528e-01
9.147689092629492924e-01 9.995550346867431157e-01
9.166638309499721693e-01 9.995557089559105046e-01
9.185607130349948690e-01 9.995563677471699382e-01
9.204595555180178357e-01 9.995570110798078778e-01
9.223603583990407362e-01 9.995576389716478438e-01
9.242631216780637926e-01 9.995582514391992968e-01
9.261678453550868939e-01 9.995588484973809695e-01
9.280745294301100401e-01 9.995594301598796916e-01
9.299831739031333422e-01 9.995599964388882652e-01
9.318937787741565781e-01 9.995605473450667189e-01
9.338063440431798590e-01 9.995610828877955489e-01
9.357208697102029626e-01 9.995616030749616687e-01
9.376373557752263332e-01 9.995621079129385356e-01
9.395558022382498597e-01 9.995625974067722241e-01
9.414762090992733201e-01 9.995630715599240768e-01
9.433985763582968254e-01 9.995635303744236921e-01
9.453229040153204865e-01 9.995639738509305428e-01
9.472491920703440815e-01 9.995644019884319942e-01
9.491774405233678324e-01 9.995648147846194487e-01
9.511076493743915172e-01 9.995652122355320746e-01
9.530398186234151359e-01 9.995655943358413564e-01
9.549739482704390214e-01 9.995659610785923022e-01
9.569100383154629519e-01 9.995663124553411105e-01
9.588480887584868162e-01 9.995666484561845921e-01
9.607880995995108364e-01 9.995669690695495602e-01
9.627300708385349015e-01 9.995672742824259771e-01
9.646740024755590115e-01 9.995675640801742201e-01
9.666198945105831664e-01 9.995678384466141209e-01
9.685677469436073661e-01 9.995680973639878841e-01
9.705175597746313887e-01 9.995683408129411029e-01
9.724693330036556782e-01 9.995685687724971125e-01
9.744230666306800126e-01 9.995687812200805267e-01
9.763787606557043919e-01 9.995689781315011402e-01
9.783364150787289271e-01 9.995691594809004155e-01
9.802960298997533961e-01 9.995693252407756857e-01
9.822576051187779100e-01 9.995694753819539535e-01
9.842211407358025799e-01 9.995696098736174262e-01
9.861866367508271836e-01 9.995697286832265771e-01
9.881540931638517211e-01 9.995698317765344676e-01
9.901235099748764146e-01 9.995699191175846376e-01
9.920948871839012639e-01 9.995699906686718039e-01
9.940682247909260472e-01 9.995700463903227639e-01
9.960435227959509863e-01 9.995700862413116061e-01
9.980207811989759703e-01 9.995701101786934606e-01
1.000000000000000666e+00 9.995701181576580607e-01
