0.000000000000000000e+00 0.000000000000000000e+00
2.078119897502626434e-05 0.000000000000000000e+00
4.352279595010249372e-05 0.000000000000000000e+00
6.822479092522875592e-05 1.922093130826151907e-32
9.488718390040502381e-05 0.000000000000000000e+00
1.235099748756312839e-04 0.000000000000000000e+00
1.540931638509075632e-04 0.000000000000000000e+00
1.866367508262337669e-04 0.000000000000000000e+00
2.211407358016100034e-04 0.000000000000000000e+00
2.576051187770363269e-04 0.000000000000000000e+00
2.960298997525126832e-04 0.000000000000000000e+00
3.364150787280388555e-04 0.000000000000000000e+00
3.787606557036150606e-04 0.000000000000000000e+00
4.230666306792412444e-04 0.000000000000000000e+00
4.693330036549174067e-04 0.000000000000000000e+00
5.175597746306437102e-04 0.000000000000000000e+00
5.677469436064200466e-04 0.000000000000000000e+00
6.198945105822462531e-04 0.000000000000000000e+00
6.740024755581224382e-04 0.000000000000000000e+00
7.300708385340486020e-04 0.000000000000000000e+00
7.880995995100251780e-04 0.000000000000000000e+00
8.480887584860512989e-04 0.000000000000000000e+00
9.100383154621275068e-04 0.000000000000000000e+00
9.739482704382536934e-04 0.000000000000000000e+00
1.039818623414429750e-03 0.000000000000000000e+00
1.107649374390655894e-03 0.000000000000000000e+00
1.177440523366932558e-03 0.000000000000000000e+00
1.249192070343258659e-03 0.000000000000000000e+00
1.322904015319634847e-03 0.000000000000000000e+00
1.398576358296060905e-03 0.000000000000000000e+00
1.476209099272537051e-03 0.000000000000000000e+00
1.555802238249063716e-03 0.000000000000000000e+00
1.637355775225640036e-03 0.000000000000000000e+00
1.720869710202266008e-03 0.000000000000000000e+00
1.806344043178942285e-03 0.000000000000000000e+00
1.893778774155669082e-03 0.000000000000000000e+00
1.983173903132445098e-03 0.000000000000000000e+00
2.074529430109271419e-03 0.000000000000000000e+00
2.167845355086147393e-03 0.000000000000000000e+00
2.263121678063073454e-03 0.000000000000000000e+00
2.360358399040050469e-03 0.000000000000000000e+00
2.459555518017076271e-03 0.000000000000000000e+00
2.560713034994152593e-03 0.000000000000000000e+00
2.663830949971278568e-03 0.000000000000000000e+00
2.768909262948454630e-03 0.000000000000000000e+00
2.875947973925680780e-03 0.000000000000000000e+00
2.984947082902957450e-03 0.000000000000000000e+00
3.095906589880283773e-03 0.000000000000000000e+00
3.208826494857659750e-03 0.000000000000000000e+00
3.323706797835085814e-03 0.000000000000000000e+00
3.440547498812561965e-03 4.940656458412465442e-324
3.559348597790088636e-03 4.940656458412465442e-324
3.680110094767664961e-03 4.940656458412465442e-324
3.802831989745290939e-03 4.940656458412465442e-324
3.927514282722965704e-03 2.308469828346979537e-256
4.054156973700691856e-03 5.533633763262081901e-181
4.182760062678468095e-03 1.794331482951108455e-123
4.313323549656295289e-03 6.076476370738588142e-81
4.445847434634171702e-03 1.068438584855464715e-50
4.580331717612097335e-03 3.068715969035263390e-30
4.716776398590073922e-03 2.749205237216327950e-17
4.855181477568099729e-03 8.399104782688579223e-10
4.995546954546175623e-03 5.125789744421664198e-06
5.137872829524301604e-03 2.096257368076226044e-04
5.282159102502477672e-03 1.015021107700600240e-03
5.428405773480703828e-03 2.364331419024775279e-03
5.576612842458980070e-03 4.111633136360144485e-03
5.726780309437305531e-03 6.175575046536502938e-03
5.878908174415681948e-03 8.509984587218414470e-03
6.032996437394107583e-03 1.108545715056937810e-02
6.189045098372585908e-03 1.388139960322754517e-02
6.347054157351111718e-03 1.688231842715032932e-02
6.507023614329687615e-03 2.007590331394003627e-02
6.668953469308313599e-03 2.345194937120358841e-02
6.832843722286989670e-03 2.700163306520295126e-02
6.998694373265715828e-03 3.071739952386136688e-02
7.166505422244492073e-03 3.459224103280297835e-02
7.336276869223317537e-03 3.861980629444017321e-02
7.508008714202193956e-03 4.279419353048636437e-02
7.681700957181119595e-03 4.710985427801987757e-02
7.857353598160098790e-03 5.156152243557826642e-02
8.034966637139125470e-03 5.614416111223165251e-02
8.214540074118200502e-03 6.085292230903694560e-02
8.396073909097327356e-03 6.568311602814573547e-02
8.579568142076502563e-03 7.063018642351434617e-02
8.765022773055727856e-03 7.568969328678476494e-02
8.952437802035004971e-03 8.085729762564317080e-02
9.141813229014330439e-03 8.612875041487340344e-02
9.333149053993705993e-03 9.149988382934549913e-02
9.526445276973131635e-03 9.696660443322165090e-02
9.721701897952607363e-03 1.025248879205063191e-01
9.918918916932136648e-03 1.081707750917375449e-01
1.011809633391171255e-02 1.139003688189731134e-01
1.031923414889133854e-02 1.197098318025019426e-01
1.052233236187101462e-02 1.255953849620574658e-01
1.072739097285074078e-02 1.315533063359474730e-01
1.093440998183051703e-02 1.375799303854713940e-01
1.114338938881034163e-02 1.436716476209480564e-01
1.135432919379021806e-02 1.498249044808308839e-01
1.156722939677014457e-02 1.560362034075302162e-01
1.178208999775011943e-02 1.623021030733854397e-01
1.199891099673014612e-02 1.686192187182823932e-01
1.221769239371022463e-02 1.749842225669223372e-01
1.243843418869035149e-02 1.813938442992900357e-01
1.266113638167052670e-02 1.878448715522199053e-01
1.288579897265075200e-02 1.943341504338622072e-01
1.311242196163102738e-02 2.008585860358695629e-01
1.334100534861135459e-02 2.074151429308893069e-01
1.357154913359173015e-02 2.140008456450714358e-01
1.380405331657215580e-02 2.206127790972855773e-01
1.403851789755263153e-02 2.272480889983006791e-01
1.427494287653315735e-02 2.339039822045931305e-01
1.451332825351373326e-02 2.405777270225988029e-01
1.475367402849436273e-02 2.472666534602066812e-01
1.499598020147503881e-02 2.539681534232569038e-01
1.524024677245576498e-02 2.606796808554079359e-01
1.548647374143653950e-02 2.673987518204492542e-01
1.573466110841736931e-02 2.741229445267183151e-01
1.598480887339824227e-02 2.808498992936211969e-01
1.623691703637917053e-02 2.875773184607937627e-01
1.649098559736014366e-02 2.943029662406991265e-01
1.674701455634117209e-02 3.010246685157031421e-01
1.700500391332224540e-02 3.077403125810890816e-01
1.726495366830337400e-02 3.144478468354142131e-01
1.752686382128455442e-02 3.211452804200556344e-01
1.779073437226577625e-02 3.278306828097044545e-01
1.805656532124705685e-02 3.345021833557805246e-01
1.832435666822837886e-02 3.411579707849097254e-01
1.859410841320975616e-02 3.477962926544300726e-01
1.886582055619118528e-02 3.544154547672417888e-01
1.913949309717265929e-02 3.610138205480950546e-01
1.941512603615418858e-02 3.675898103835784636e-01
1.969271937313575929e-02 3.741419009280353980e-01
1.997227310811738876e-02 3.806686243776050693e-01
2.025378724109906312e-02 3.871685677145812465e-01
2.053726177208079276e-02 3.936403719243122268e-01
2.082269670106256382e-02 4.000827311866977931e-01
2.111009202804439364e-02 4.064943920445392433e-01
2.139944775302626487e-02 4.128741525506346988e-01
2.169076387600819486e-02 4.192208613957670305e-01
2.198404039699017321e-02 4.255334170194745025e-01
2.227927731597219643e-02 4.318107667055701149e-01
2.257647463295427495e-02 4.380519056642071529e-01
2.287563234793639835e-02 4.442558761023395197e-01
2.317675046091857705e-02 4.504217662841991099e-01
2.347982897190080062e-02 4.565487095836669451e-01
2.378486788088307949e-02 4.626358835298623462e-01
2.409186718786539977e-02 4.686825088477050150e-01
2.440082689284778228e-02 4.746878484948102161e-01
2.471174699583020273e-02 4.806512066961842744e-01
2.502462749681268195e-02 4.865719279780068018e-01
2.533946839579521298e-02 4.924493962017836290e-01
2.565626969277778543e-02 4.982830336001281002e-01
2.597503138776041318e-02 5.040722998152785683e-01
2.629575348074308580e-02 5.098166909414176828e-01
2.661843597172581372e-02 5.155157385718498464e-01
2.694307886070858651e-02 5.211690088520223307e-01
2.726968214769141807e-02 5.267761015392040669e-01
2.759824583267428758e-02 5.323366490698522302e-01
2.792876991565721931e-02 5.378503156351546188e-01
2.826125439664019939e-02 5.433167962658457251e-01
2.859569927562322089e-02 5.487358159266784163e-01
2.893210455260630115e-02 5.541071286213933300e-01
2.927047022758941935e-02 5.594305165086257414e-01
2.961079630057259979e-02 5.647057890293942783e-01
2.995308277155582163e-02 5.699327820465780459e-01
3.029732964053910224e-02 5.751113569969018569e-01
3.064353690752242426e-02 5.802414000557544194e-01
3.099170457250580504e-02 5.853228213152971149e-01
3.134183263548922377e-02 5.903555539761121684e-01
3.169392109647270472e-02 5.953395535526395665e-01
3.204796995545623056e-02 6.002747970928483667e-01
3.240397921243980128e-02 6.051612824120866652e-01
3.276194886742343076e-02 6.099990273414948039e-01
3.312187892040710513e-02 6.147880689910242280e-01
3.348376937139083825e-02 6.195284630272547277e-01
3.384762022037460932e-02 6.242202829659515562e-01
3.421343146735843915e-02 6.288636194795090839e-01
3.458120311234230693e-02 6.334585797191850665e-01
3.495093515532624040e-02 6.380052866516817689e-01
3.532262759631021182e-02 6.425038784074174059e-01
3.569628043529424199e-02 6.469532145918257537e-01
3.607189367227831706e-02 6.513559977652784161e-01
3.644946730726244394e-02 6.557111630045830974e-01
3.682900134024662264e-02 6.600189028964188465e-01
3.721049577123083929e-02 6.642794221774523944e-01
3.759395060021512164e-02 6.684929371798506992e-01
3.797936582719944193e-02 6.726596752883142738e-01
3.836674145218382098e-02 6.767798744111137577e-01
3.875607747516824492e-02 6.808537824649363301e-01
3.914737389615272761e-02 6.848816568739418686e-01
3.954063071513724825e-02 6.888637640825319153e-01
3.993584793212182765e-02 6.928003790818922925e-01
4.033302554710645887e-02 6.966917849499262294e-01
4.073216356009112804e-02 7.005382724047142240e-01
4.113326197107585597e-02 7.043401393709636249e-01
4.153632078006062878e-02 7.080976905593934223e-01
4.194133998704546035e-02 7.118112370590136129e-01
4.234831959203032986e-02 7.154810959417376992e-01
4.275725959501525814e-02 7.191075898793704013e-01
4.316815999600023129e-02 7.226910467727025722e-01
4.358102079498526321e-02 7.262317993924112258e-01
4.399584199197033307e-02 7.297301850316608718e-01
4.441262358695546170e-02 7.331865451699673963e-01
4.483136557994064214e-02 7.366012251484167495e-01
4.525206797092586747e-02 7.399745738556886554e-01
4.567473075991114462e-02 7.433069434248376073e-01
4.609935394689646665e-02 7.465986889405454852e-01
4.652593753188184744e-02 7.498501681566434041e-01
4.695448151486726618e-02 7.530617412235890429e-01
4.738498589585275061e-02 7.562337704258277338e-01
4.781745067483826606e-02 7.593666199285844520e-01
4.825187585182384720e-02 7.624606555340895930e-01
4.868826142680946628e-02 7.655162444468409655e-01
4.912660739979515107e-02 7.685337550477833179e-01
4.956691377078088073e-02 7.715135566770831010e-01
5.000918053976664834e-02 7.744560194254273000e-01
5.045340770675248165e-02 7.773615139333956980e-01
5.089959527173835291e-02 7.802304111990244762e-01
5.134774323472428292e-02 7.830630823928996787e-01
5.179785159571025088e-02 7.858598986811350384e-01
5.224992035469628454e-02 7.886212310553768479e-01
5.270394951168235614e-02 7.913474501702529862e-01
5.315993906666848651e-02 7.940389261875789861e-01
5.361788901965465481e-02 7.966960286274709091e-01
5.407779937064088882e-02 7.993191262258125818e-01
5.453967011962716771e-02 8.019085867981810001e-01
5.500350126661349148e-02 8.044647771095377875e-01
5.546929281159986708e-02 8.069875844079109628e-01
5.593704475458628755e-02 8.094782958340063228e-01
5.640675709557277373e-02 8.119368279307895842e-01
5.687842983455929091e-02 8.143635419926580354e-01
5.735206297154587379e-02 8.167587976986713239e-01
5.782765650653248768e-02 8.191229530164375605e-01
5.830521043951917420e-02 8.214563641107873737e-01
5.878472477050590561e-02 8.237593852570709307e-01
5.926619949949267496e-02 8.260323687590905850e-01
5.974963462647950307e-02 8.282756648717188863e-01
6.023503015146637607e-02 8.304896217275460346e-01
6.072238607445330782e-02 8.326745852680209614e-01
6.121170239544027752e-02 8.348308991785027278e-01
6.170297911442730598e-02 8.369589048272286780e-01
6.219621623141437933e-02 8.390589412081210785e-01
6.269141374640151143e-02 8.411313448872894671e-01
6.318857165938866760e-02 8.431764499529421641e-01
6.368768997037589641e-02 8.451945879688053109e-01
6.418876867936318398e-02 8.471860879307606673e-01
6.469180778635051643e-02 8.491512762267113823e-01
6.519680729133789376e-02 8.510904765994365961e-01
6.570376719432530210e-02 8.530040101123876894e-01
6.621268749531278308e-02 8.548921951183433565e-01
6.672356819430030894e-02 8.567553472307588569e-01
6.723640929128789356e-02 8.585937792976806593e-01
6.775121078627552307e-02 8.604077026318246446e-01
6.826797267926318358e-02 8.621976094884690189e-01
6.878669497025091673e-02 8.639637168990901284e-01
6.930737765923869476e-02 8.657063263536503017e-01
6.983002074622653155e-02 8.674257364804510706e-01
7.035462423121441322e-02 8.691222430338493288e-01
7.088118811420231202e-02 8.707961388838083572e-01
7.140971239519029734e-02 8.724477140074283765e-01
7.194019707417832754e-02 8.740772554822009432e-01
7.247264215116641650e-02 8.756850474811168628e-01
7.300704762615452259e-02 8.772713712693001042e-01
7.354341349914270132e-02 8.788365052023178192e-01
7.408173977013092493e-02 8.803807247259655133e-01
7.462202643911922118e-02 8.819043023775167134e-01
7.516427350610754843e-02 8.834075077883747351e-01
7.570848097109590669e-02 8.848906076879795579e-01
7.625464883408433758e-02 8.863538659090828276e-01
7.680277709507281336e-02 8.877975130917489244e-01
7.735286575406134790e-02 8.892218622296311770e-01
7.790491481104989957e-02 8.906271431382739578e-01
7.845892426603853775e-02 8.920136080629409436e-01
7.901489411902722082e-02 8.933815063934703593e-01
7.957282437001594877e-02 8.947310846758836922e-01
8.013271501900470772e-02 8.960625866248798088e-01
8.069456606599353932e-02 8.973762531370982343e-01
8.125837751098241579e-02 8.986723223052976994e-01
8.182414935397135103e-02 8.999510294331404259e-01
8.239188159496033115e-02 9.012126070508074127e-01
8.296157423394934227e-02 9.024572849311843781e-01
8.353322727093842603e-02 9.036852901068228583e-01
8.410684070592755468e-02 9.048968468872751192e-01
8.468241453891674209e-02 9.060921608431308227e-01
8.525994876990593274e-02 9.072714792910805404e-01
8.583944339889522379e-02 9.084350055335727037e-01
8.642089842588455972e-02 9.095829531043913008e-01
8.700431385087394054e-02 9.107155329079564821e-01
8.758968967386336624e-02 9.118329532396043380e-01
8.817702589485282294e-02 9.129354198061992998e-01
8.876632251384235228e-02 9.140231357472562435e-01
8.935757953083194038e-02 9.150963016561495245e-01
8.995079694582157337e-02 9.161551156017632147e-01
9.054597475881122348e-02 9.171997731503686024e-01
9.114311296980096011e-02 9.182304593053585151e-01
9.174221157879074162e-02 9.192473785766430705e-01
9.234327058578056802e-02 9.202507129222508020e-01
9.294628999077042542e-02 9.212406480589713231e-01
9.355126979376035545e-02 9.222173673121861759e-01
9.415820999475034425e-02 9.231810516389865606e-01
9.476711059374037793e-02 9.241318796511968081e-01
9.537797159073045650e-02 9.250700276386242260e-01
9.599079298572055219e-02 9.259956695923455827e-01
9.660557477871074827e-02 9.269089772280518780e-01
9.722231696970097536e-02 9.278101200094879264e-01
9.784101955869126122e-02 9.286992588009359562e-01
9.846168254568156419e-02 9.295765694549833480e-01
9.908430593067193981e-02 9.304422099721111339e-01
9.970888971366237419e-02 9.312963409855156138e-01
1.003354338946528534e-01 9.321391209926775945e-01
1.009639384736433915e-01 9.329707063789419719e-01
1.015944034506339466e-01 9.337912514407900044e-01
1.022268288256245744e-01 9.346009084093396257e-01
1.028612145986152610e-01 9.353998274735637608e-01
1.034975607696059924e-01 9.361881528687591159e-01
1.041358673385967409e-01 9.369660372801518200e-01
1.047761343055875760e-01 9.377336220213483564e-01
1.054183616705784560e-01 9.384910492926147318e-01
1.060625494335693947e-01 9.392384593665189518e-01
1.067086975945603783e-01 9.399759906108288154e-01
1.073568061535513790e-01 9.407037795110594347e-01
1.080068751105424663e-01 9.414219606931586437e-01
1.086589044655335984e-01 9.421306669458594518e-01
1.093128942185247754e-01 9.428300262463271686e-01
1.099688443695159834e-01 9.435201726605263461e-01
1.106267549185072641e-01 9.442012314392678185e-01
1.112866258654986035e-01 9.448733281967162112e-01
1.119484572104899878e-01 9.455365868191186740e-01
1.126122489534813753e-01 9.461911294864363553e-01
1.132780010944728633e-01 9.468370766937058702e-01
1.139457136334643961e-01 9.474745472722766459e-01
1.146153865704559877e-01 9.481036584109741039e-01
1.152870199054476102e-01 9.487245229278329361e-01
1.159606136384392638e-01 9.493372592644999663e-01
1.166361677694310039e-01 9.499419778251602109e-01
1.173136822984227889e-01 9.505387893922546683e-01
1.179931572254146188e-01 9.511278032077328248e-01
1.186745925504064658e-01 9.517091269932035358e-01
1.193579882733983993e-01 9.522828669697247506e-01
1.200433443943903777e-01 9.528491278775136353e-01
1.207306609133824149e-01 9.534080109866346353e-01
1.214199378303744969e-01 9.539596213440342254e-01
1.221111751453665961e-01 9.545040579489487698e-01
1.228043728583587818e-01 9.550414197716531328e-01
1.234995309693510124e-01 9.555718043964758213e-01
1.241966494783433017e-01 9.560953080403433724e-01
1.248957283853355943e-01 9.566120255711509923e-01
1.255967676903279873e-01 9.571220505259206979e-01
1.262997673933204390e-01 9.576254751287863742e-01
1.270047274943129079e-01 9.581223880243632252e-01
1.277116479933054216e-01 9.586128825728288394e-01
1.284205288902980080e-01 9.590970455214290480e-01
1.291313701852906393e-01 9.595749639821016252e-01
1.298441718782833154e-01 9.600467238402404790e-01
1.305589339692760642e-01 9.605124097716412068e-01
1.312756564582688024e-01 9.609721052589829116e-01
1.319943393452616409e-01 9.614258926083627532e-01
1.327149826302545244e-01 9.618738510290841814e-01
1.334375863132474527e-01 9.623160636478238494e-01
1.341621503942403981e-01 9.627526079537817028e-01
1.348886748732334440e-01 9.631835616741655226e-01
1.356171597502265069e-01 9.636090014384331992e-01
1.363476050252196425e-01 9.640290027936374573e-01
1.370800106982128508e-01 9.644436402194709324e-01
1.378143767692060206e-01 9.648529871433267902e-01
1.385507032381993187e-01 9.652571142453985065e-01
1.392889901051926616e-01 9.656560956450379596e-01
1.400292373701860493e-01 9.660500004820679054e-01
1.407714450331794265e-01 9.664388980902052229e-01
1.415156130941729040e-01 9.668228568223804498e-01
1.422617415531664542e-01 9.672019440645567290e-01
1.430098304101600493e-01 9.675762262494292942e-01
1.437598796651536337e-01 9.679457688699556472e-01
1.445118893181473185e-01 9.683106349586468875e-01
1.452658593691410482e-01 9.686708906364004390e-01
1.460217898181348506e-01 9.690265975643688190e-01
1.467796806651286701e-01 9.693778175810967568e-01
1.475395319101225067e-01 9.697246116499776969e-01
1.483013435531164437e-01 9.700670398718125309e-01
1.490651155941104256e-01 9.704051614970122808e-01
1.498308480331044801e-01 9.707390349379243499e-01
1.505985408700985240e-01 9.710687163926492449e-01
1.513681941050926405e-01 9.713942648661150203e-01
1.521398077380868297e-01 9.717157353395593500e-01
1.529133817690810637e-01 9.720331829667562262e-01
1.536889161980753704e-01 9.723466621214377215e-01
1.544664110250696387e-01 9.726562264085754084e-01
1.552458662500640352e-01 9.729619286753913299e-01
1.560272818730584765e-01 9.732638210222970265e-01
1.568106578940529627e-01 9.735619535603909913e-01
1.575959943130474383e-01 9.738563789453937858e-01
1.583832911300420421e-01 9.741471462091486622e-01
1.591725483450366629e-01 9.744343045490926336e-01
1.599637659580313565e-01 9.747179024680185933e-01
1.607569439690260948e-01 9.749979877840347919e-01
1.615520823780208504e-01 9.752746076405475195e-01
1.623491811850156785e-01 9.755478085159993151e-01
1.631482403900105516e-01 9.758176351161254036e-01
1.639492599930054972e-01 9.760841344156044874e-01
1.647522399940004323e-01 9.763473501604842397e-01
1.655571803929954677e-01 9.766073262447556580e-01
1.663640811899905481e-01 9.768641059440333896e-01
1.671729423849857010e-01 9.771177319246038273e-01
1.679837639779808434e-01 9.773682462522423897e-01
1.687965459689760583e-01 9.776156904009541959e-01
1.696112883579713460e-01 9.778601042806489563e-01
1.704279911449667062e-01 9.781015297833581812e-01
1.712466543299620836e-01 9.783400059626434775e-01
1.720672779129574781e-01 9.785755719926274576e-01
1.728898618939529452e-01 9.788082664972926894e-01
1.737144062729484850e-01 9.790381275584830734e-01
1.745409110499440697e-01 9.792651927237437937e-01
1.753693762249396715e-01 9.794894990142133384e-01
1.761998017979353459e-01 9.797110820937128262e-01
1.770321877689310930e-01 9.799299792959058619e-01
1.778665341379268849e-01 9.801462255158088777e-01
1.787028409049227218e-01 9.803598557285150283e-01
1.795411080699185480e-01 9.805709044197301605e-01
1.803813356329145023e-01 9.807794055929155430e-01
1.812235235939104738e-01 9.809853927763059200e-01
1.820676719529065180e-01 9.811888990297965574e-01
1.829137807099025514e-01 9.813899562553346501e-01
1.837618498648986853e-01 9.815885977058421696e-01
1.846118794178948919e-01 9.817848545890673906e-01
1.854638693688911155e-01 9.819787581450566405e-01
1.863178197178873563e-01 9.821703391785561177e-01
1.871737304648836975e-01 9.823596280653698054e-01
1.880316016098800835e-01 9.825466547586035881e-01
1.888914331528765145e-01 9.827314487948248800e-01
1.897532250938729903e-01 9.829140393001351006e-01
1.906169774328694833e-01 9.830944542050205071e-01
1.914826901698660766e-01 9.832727231169452464e-01
1.923503633048627148e-01 9.834488733977747588e-01
1.932199968378593979e-01 9.836229325781540300e-01
1.940915907688560982e-01 9.837949278072121162e-01
1.949651450978528711e-01 9.839648858580234414e-01
1.958406598248497166e-01 9.841328331332060975e-01
1.967181349498466070e-01 9.842987956701828578e-01
1.975975704728435423e-01 9.844627985335457909e-01
1.984789663938404669e-01 9.846248680319152902e-01
1.993623227128375197e-01 9.847850287047427154e-01
2.002476394298345896e-01 9.849433051702531916e-01
2.011349165448317322e-01 9.850997217072285927e-01
2.020241540578288642e-01 9.852543022599369316e-01
2.029153519688260965e-01 9.854070704429608307e-01
2.038085102778234015e-01 9.855580495460698476e-01
2.047036289848207236e-01 9.857072625388492160e-01
2.056007080898180628e-01 9.858547314362429148e-01
2.064997475928155024e-01 9.860004796221624179e-01
2.074007474938129869e-01 9.861445286730632365e-01
2.083037077928105441e-01 9.862869003139126400e-01
2.092086284898081183e-01 9.864276159719695958e-01
2.101155095848057097e-01 9.865666967811742571e-01
2.110243510778034015e-01 9.867041635863245119e-01
2.119351529688011382e-01 9.868400369472724032e-01
2.128479152577989197e-01 9.869743371430828027e-01
2.137626379447967184e-01 9.871070835435604707e-01
2.146793210297945897e-01 9.872382969169585243e-01
2.155979645127925337e-01 9.873679962635333318e-01
2.165185683937905226e-01 9.874962007704688460e-01
2.174411326727885563e-01 9.876229293637562856e-01
2.183656573497865794e-01 9.877482007120139684e-01
2.192921424247847306e-01 9.878720332301392792e-01
2.202205878977829268e-01 9.879944450830476788e-01
2.211509937687811678e-01 9.881154541892268606e-01
2.220833600377793982e-01 9.882350776297057493e-01
2.230176867047777289e-01 9.883533338219586684e-01
2.239539737697761046e-01 9.884702395307949363e-01
2.248922212327745529e-01 9.885858117163981440e-01
2.258324290937730461e-01 9.887000671096589643e-01
2.267745973527715286e-01 9.888130222155457894e-01
2.277187260097701116e-01 9.889246933163126085e-01
2.286648150647687394e-01 9.890350964746894569e-01
2.296128645177674399e-01 9.891442475370784138e-01
2.305628743687661297e-01 9.892521616066733969e-01
2.315148446177649200e-01 9.893588549822840417e-01
2.324687752647637551e-01 9.894643424910264384e-01
2.334246663097626351e-01 9.895686391377307434e-01
2.343825177527615322e-01 9.896717597258865018e-01
2.353423295937605020e-01 9.897737188604993630e-01
2.363041018327595444e-01 9.898745309509680013e-01
2.372678344697586317e-01 9.899742102138580080e-01
2.382335275047577638e-01 9.900727706756435875e-01
2.392011809377569131e-01 9.901702257288266251e-01
2.401707947687561351e-01 9.902665897644035153e-01
2.411423689977554297e-01 9.903618759285366391e-01
2.421159036247547691e-01 9.904560975082503660e-01
2.430913986497540979e-01 9.905492676135854158e-01
2.440688540727535549e-01 9.906413991801795715e-01
2.450482698937530290e-01 9.907325049716628751e-01
2.460296461127525758e-01 9.908225975821961518e-01
2.470129827297521674e-01 9.909116894388035890e-01
2.479982797447517484e-01 9.909997928037796999e-01
2.489855371577514298e-01 9.910869192959391727e-01
2.499747549687511561e-01 9.911730816596997506e-01
2.509659331777509550e-01 9.912582913187530931e-01
2.519590717847506878e-01 9.913425598943148565e-01
2.529541707897505765e-01 9.914258988541594375e-01
2.539512301927505100e-01 9.915083195147917916e-01
2.549502499937504885e-01 9.915898330436009322e-01
2.559512301927505673e-01 9.916704504609344939e-01
2.569541707897506355e-01 9.917501826422135958e-01
2.579590717847507486e-01 9.918290399610530939e-01
2.589659331777509621e-01 9.919070336035962221e-01
2.599747549687512205e-01 9.919841737593956266e-01
2.609855371577514682e-01 9.920604707396891708e-01
2.619982797447518164e-01 9.921359347206982759e-01
2.630129827297520984e-01 9.922105757454871000e-01
2.640296461127525363e-01 9.922844037258057304e-01
2.650482698937530190e-01 9.923574284439378168e-01
2.660688540727535467e-01 9.924296595545575306e-01
2.670913986497541748e-01 9.925011065864816073e-01
2.681159036247547922e-01 9.925717786062884240e-01
2.691423689977554545e-01 9.926416854598197892e-01
2.701707947687562172e-01 9.927108360589100844e-01
2.712011809377570248e-01 9.927792394424734823e-01
2.722335275047577108e-01 9.928469045320528208e-01
2.732678344697586081e-01 9.929138401335013686e-01
2.743041018327595504e-01 9.929800549386312847e-01
2.753423295937605375e-01 9.930455575266988744e-01
2.763825177527615695e-01 9.931103563660999001e-01
2.774246663097627019e-01 9.931744598158428472e-01
2.784687752647638237e-01 9.932378761270257428e-01
2.795148446177649904e-01 9.933006130509159926e-01
2.805628743687662574e-01 9.933626792953517137e-01
2.816128645177674028e-01 9.934240824980060669e-01
2.826648150647687596e-01 9.934848304899521754e-01
2.837187260097701613e-01 9.935449310016252200e-01
2.847745973527716079e-01 9.936043916642258722e-01
2.858324290937730994e-01 9.936632200111435997e-01
2.868922212327746357e-01 9.937214234792308698e-01
2.879539737697762170e-01 9.937790094101922600e-01
2.890176867047778431e-01 9.938359850518793115e-01
2.900833600377795141e-01 9.938923572406409557e-01
2.911509937687811744e-01 9.939481335801760853e-01
2.922205878977829352e-01 9.940033208036733736e-01
2.932921424247847964e-01 9.940579257933680468e-01
2.943656573497866469e-01 9.941119553439141665e-01
2.954411326727885978e-01 9.941654161635550269e-01
2.965185683937905936e-01 9.942183148753196420e-01
2.975979645127926343e-01 9.942706580181919218e-01
2.986793210297947199e-01 9.943224520482929485e-01
2.997626379447967393e-01 9.943737033399324687e-01
3.008479152577989146e-01 9.944244181867935017e-01
3.019351529688011904e-01 9.944746024890056546e-01
3.030243510778034555e-01 9.945242629180749416e-01
3.041155095848058210e-01 9.945734052924372071e-01
3.052086284898081758e-01 9.946220355915357247e-01
3.063037077928106311e-01 9.946701597195058975e-01
3.074007474938131312e-01 9.947177835062079865e-01
3.084997475928156763e-01 9.947649127082044407e-01
3.096007080898180996e-01 9.948115530097834114e-01
3.107036289848207899e-01 9.948577100239226478e-01
3.118085102778234696e-01 9.949033892932556133e-01
3.129153519688261942e-01 9.949485962910329384e-01
3.140241540578289636e-01 9.949933361388192399e-01
3.151349165448318335e-01 9.950376146588018056e-01
3.162476394298346927e-01 9.950814369044016505e-01
3.173623227128376523e-01 9.951248080784171890e-01
3.184789663938406568e-01 9.951677333188100327e-01
3.195975704728435396e-01 9.952102176995718530e-01
3.207181349498466338e-01 9.952522662315925750e-01
3.218406598248497730e-01 9.952938838634896035e-01
3.229651450978529570e-01 9.953350754824955571e-01
3.240915907688562414e-01 9.953758459151982319e-01
3.252199968378595152e-01 9.954161999284115714e-01
3.263503633048628338e-01 9.954561422299877949e-01
3.274826901698662529e-01 9.954956771684505545e-01
3.286169774328696613e-01 9.955348098576705107e-01
3.297532250938730591e-01 9.955735445980996579e-01
3.308914331528765573e-01 9.956118858675768735e-01
3.320316016098801559e-01 9.956498380887771615e-01
3.331737304648837994e-01 9.956874056299874765e-01
3.343178197178874878e-01 9.957245928057381068e-01
3.354638693688912210e-01 9.957614038776207988e-01
3.366118794178950546e-01 9.957978430549134785e-01
3.377618498648988776e-01 9.958339144953334277e-01
3.389137807099027455e-01 9.958696223056884289e-01
3.400676719529066028e-01 9.959049705425275789e-01
3.412235235939105604e-01 9.959399629238500085e-01
3.423813356329146185e-01 9.959746039117242100e-01
3.435411080699187214e-01 9.960088971881532194e-01
3.447028409049228137e-01 9.960428466138082637e-01
3.458665341379270064e-01 9.960764560023606107e-01
3.470321877689312440e-01 9.961097291210625482e-01
3.481998017979355819e-01 9.961426696914410517e-01
3.493693762249399093e-01 9.961752813898101522e-01
3.505409110499441705e-01 9.962075678479446195e-01
3.517144062729485876e-01 9.962395326535945506e-01
3.528898618939531051e-01 9.962711793511059843e-01
3.540672779129576120e-01 9.963025114419840067e-01
3.552466543299622193e-01 9.963335321342936535e-01
3.564279911449668714e-01 9.963642452843266550e-01
3.576112883579715684e-01 9.963946540699528676e-01
3.587965459689763104e-01 9.964247618255207550e-01
3.599837639779809306e-01 9.964545718452767487e-01
3.611729423849858178e-01 9.964840873837879087e-01
3.623640811899906944e-01 9.965133116566560201e-01
3.635571803929956158e-01 9.965422478408301199e-01
3.647522399940006377e-01 9.965708990751784846e-01
3.659492599930056489e-01 9.965992684610592844e-01
3.671482403900107605e-01 9.966273590626359979e-01
3.683491811850159170e-01 9.966551739075588667e-01
3.695520823780210629e-01 9.966827159872813091e-01
3.707569439690261981e-01 9.967099880106168319e-01
3.719637659580314892e-01 9.967369933329812692e-01
3.731725483450368253e-01 9.967637346428088740e-01
3.743832911300422062e-01 9.967902147905433052e-01
3.755959943130476320e-01 9.968164365927528747e-01
3.768106578940531581e-01 9.968424028325778563e-01
3.780272818730586737e-01 9.968681162601678025e-01
3.792458662500642896e-01 9.968935795930626842e-01
3.804664110250698950e-01 9.969187955166863846e-01
3.816889161980754896e-01 9.969437666846882040e-01
3.829133817690812402e-01 9.969684957194053787e-01
3.841398077380869802e-01 9.969929852122130232e-01
3.853681941050928206e-01 9.970172377239518990e-01
3.865985408700987613e-01 9.970412555688014100e-01
3.878308480331046915e-01 9.970650416298835195e-01
3.890651155941106665e-01 9.970885982050824436e-01
3.903013435531166864e-01 9.971119277359972166e-01
3.915395319101228067e-01 9.971350326356008820e-01
3.927796806651288053e-01 9.971579152885822195e-01
3.940217898181350153e-01 9.971805780516997952e-01
3.952658593691412148e-01 9.972030232541758688e-01
3.965118893181475146e-01 9.972252531979478585e-01
3.977598796651538593e-01 9.972472701581511778e-01
3.990098304101602489e-01 9.972690763833815808e-01
4.002617415531666833e-01 9.972906740959665006e-01
4.015156130941732182e-01 9.973120654924499950e-01
4.027714450331797424e-01 9.973332527437983597e-01
4.040292373701862005e-01 9.973542377875103115e-01
4.052889901051928145e-01 9.973750231145714906e-01
4.065507032381995289e-01 9.973956106524252130e-01
4.078143767692062882e-01 9.974160024723273121e-01
4.090800106982130369e-01 9.974362006215469201e-01
4.103476050252198859e-01 9.974562071236376948e-01
4.116171597502267798e-01 9.974760239788710292e-01
4.128886748732337186e-01 9.974956531643268676e-01
4.141621503942407023e-01 9.975150966343520054e-01
4.154375863132476199e-01 9.975343563207845765e-01
4.167149826302546933e-01 9.975534341332045196e-01
4.179943393452618672e-01 9.975723319592578742e-01
4.192756564582690304e-01 9.975910516649175719e-01
4.205589339692762940e-01 9.976095950947333479e-01
4.218441718782836025e-01 9.976279638966685237e-01
4.231313701852909004e-01 9.976461601855595163e-01
4.244205288902982987e-01 9.976641856008785503e-01
4.257116479933056308e-01 9.976820419035857812e-01
4.270047274943131188e-01 9.976997308344818238e-01
4.282997673933206517e-01 9.977172541145251650e-01
4.295967676903282295e-01 9.977346134450700843e-01
4.308957283853359077e-01 9.977518105080582789e-01
4.321966494783435753e-01 9.977688469663421600e-01
4.334995309693513432e-01 9.977857244638412837e-01
4.348043728583591006e-01 9.978024446257801605e-01
4.361111751453669583e-01 9.978190090590187689e-01
4.374199378303746943e-01 9.978354193521132842e-01
4.387306609133826418e-01 9.978516770757184240e-01
4.400433443943906342e-01 9.978677837826724906e-01
4.413579882733986715e-01 9.978837410082688208e-01
4.426745925504067536e-01 9.978995500801528529e-01
4.439931572254149361e-01 9.979152128418310452e-01
4.453136822984231080e-01 9.979307306197866545e-01
4.466361677694313248e-01 9.979461048807239942e-01
4.479606136384396420e-01 9.979613370748674495e-01
4.492870199054478375e-01 9.979764286361205716e-01
4.506153865704562445e-01 9.979913809822851256e-01
4.519457136334646408e-01 9.980061955152503828e-01
4.532780010944731375e-01 9.980208736212157206e-01
4.546122489534816791e-01 9.980354166708265140e-01
4.559484572104903211e-01 9.980498260193767512e-01
4.572866258654989524e-01 9.980641030070596109e-01
4.586267549185076287e-01 9.980782489590408479e-01
4.599688443695163498e-01 9.980922651857515593e-01
4.613128942185250048e-01 9.981061529829727830e-01
4.626589044655338712e-01 9.981199136320725307e-01
4.640068751105427269e-01 9.981335482252690072e-01
4.653568061535516831e-01 9.981470583321055967e-01
4.667086975945606842e-01 9.981604450458249067e-01
4.680625494335697301e-01 9.981737095913545410e-01
4.694183616705788209e-01 9.981868531800548450e-01
4.707761343055879566e-01 9.981998770098605700e-01
4.721358673385971372e-01 9.982127822654524030e-01
4.734975607696062516e-01 9.982255701183924135e-01
4.748612145986155220e-01 9.982382417272938069e-01
4.762268288256248927e-01 9.982507982380157685e-01
4.775944034506342528e-01 9.982632407836931066e-01
4.789639384736437133e-01 9.982755704850559964e-01
4.803354338946532187e-01 9.982877884504385291e-01
4.817088897136627690e-01 9.982998957760040870e-01
4.830843059306723641e-01 9.983118935458439314e-01
4.844616825456818376e-01 9.983237828321643859e-01
4.858410195586915226e-01 9.983355646953858686e-01
4.872223169697012524e-01 9.983472400225240628e-01
4.886055747787110826e-01 9.983588101454056174e-01
4.899907929857209021e-01 9.983702759537599336e-01
4.913779715907308221e-01 9.983816384620234352e-01
4.927671105937407314e-01 9.983928986735227662e-01
4.941582099947507412e-01 9.984040575806371054e-01
4.955512697937607958e-01 9.984151161649051920e-01
4.969462899907707287e-01 9.984260753971714308e-01
4.983432705857808731e-01 9.984369362376873669e-01
4.997422115787910624e-01 9.984476996362837697e-01
5.011431129698012965e-01 9.984583665324242574e-01
5.025459747588115755e-01 9.984689378553764927e-01
5.039507969458218994e-01 9.984794145243194308e-01
5.053575795308323793e-01 9.984897974484655547e-01
5.067663225138427929e-01 9.985000875271612397e-01
5.081770258948532515e-01 9.985102856500076562e-01
5.095896896738636439e-01 9.985203926969754562e-01
5.110043138508743032e-01 9.985304095385234557e-01
5.124208984258848965e-01 9.985403368891969667e-01
5.138394433988955345e-01 9.985501758688486440e-01
5.152599487699063285e-01 9.985599271956547840e-01
5.166824145389171674e-01 9.985695917028396540e-01
5.181068407059279401e-01 9.985791702146663562e-01
5.195332272709388688e-01 9.985886635465417438e-01
5.209615742339498423e-01 9.985980725050372930e-01
5.223918815949606387e-01 9.986073978880962709e-01
5.238241493539717020e-01 9.986166404851033462e-01
5.252583775109828101e-01 9.986258010769231142e-01
5.266945660659939632e-01 9.986348804360692943e-01
5.281327150190051611e-01 9.986438793267752301e-01
5.295728243700164040e-01 9.986527985050918099e-01
5.310148941190276917e-01 9.986616387189274358e-01
5.324589242660390243e-01 9.986704007082766177e-01
5.339049148110504017e-01 9.986790852051445899e-01
5.353528657540617131e-01 9.986876929337487052e-01
5.368027770950731803e-01 9.986962246105905994e-01
5.382546488340846924e-01 9.987046809444823925e-01
5.397084809710962494e-01 9.987130626367385355e-01
5.411642735061079623e-01 9.987213702347821354e-01
5.426220264391196091e-01 9.987296046951590345e-01
5.440817397701314118e-01 9.987377665709288310e-01
5.455434134991431483e-01 9.987458565338234173e-01
5.470070476261550407e-01 9.987538752484094173e-01
5.484726421511667560e-01 9.987618233722079797e-01
5.499401970741787382e-01 9.987697015557710500e-01
5.514097123951906543e-01 9.987775104427308870e-01
5.528811881142027262e-01 9.987852506699393951e-01
5.543546242312148431e-01 9.987929228674443660e-01
5.558300207462270048e-01 9.988005276586441328e-01
5.573073776592392115e-01 9.988080656603334218e-01
5.587866949702514630e-01 9.988155374828248112e-01
5.602679726792635373e-01 9.988229437298981050e-01
5.617512107862758786e-01 9.988302849990405852e-01
5.632364092912882647e-01 9.988375618813601919e-01
5.647235681943006957e-01 9.988447749617729299e-01
5.662126874953131717e-01 9.988519248189976496e-01
5.677037671943258035e-01 9.988590120256686244e-01
5.691968072913383692e-01 9.988660371483668587e-01
5.706918077863509797e-01 9.988730007477308881e-01
5.721887686793637462e-01 9.988799032466104677e-01
5.736876899703762245e-01 9.988867454386605171e-01
5.751885716593890807e-01 9.988935277523252054e-01
5.766914137464018708e-01 9.989002507248627705e-01
5.781962162314148168e-01 9.989069148878997328e-01
5.797029791144278077e-01 9.989135207674803008e-01
5.812117023954407324e-01 9.989200688841364251e-01
5.827223860744538131e-01 9.989265597528904639e-01
5.842350301514669386e-01 9.989329938834259348e-01
5.857496346264799980e-01 9.989393717800384431e-01
5.872661994994931023e-01 9.989456939417193926e-01
5.887847247705062514e-01 9.989519608623047553e-01
5.903052104395195565e-01 9.989581730303620510e-01
5.918276565065329065e-01 9.989643309294135021e-01
5.933520629715463013e-01 9.989704350378816322e-01
5.948784298345597410e-01 9.989764858291678706e-01
5.964067570955732256e-01 9.989824837717788952e-01
5.979370447545868661e-01 9.989884293292702333e-01
5.994692928116004405e-01 9.989943229603487351e-01
6.010035012666138377e-01 9.990001651189497345e-01
6.025396701196276128e-01 9.990059562542407123e-01
6.040777993706413218e-01 9.990116968107053408e-01
6.056178890196550757e-01 9.990173872281772338e-01
6.071599390666689855e-01 9.990230279419066717e-01
6.087039495116828292e-01 9.990286192496874440e-01
6.102499203546968287e-01 9.990341618266497248e-01
6.117978515957107621e-01 9.990396559770862162e-01
6.133477432347248515e-01 9.990451021182312763e-01
6.148995952717387636e-01 9.990505006630225893e-01
6.164534077067529427e-01 9.990558520200075732e-01
6.180091805397671667e-01 9.990611565935010319e-01
6.195669137707813245e-01 9.990664147836196829e-01
6.211266073997956383e-01 9.990716269862361942e-01
6.226882614268099969e-01 9.990767935931779142e-01
6.242518758518244004e-01 9.990819149920820985e-01
6.258174506748388488e-01 9.990869915666528156e-01
6.273849858958533421e-01 9.990920236964665468e-01
6.289544815148676582e-01 9.990970117572142151e-01
6.305259375318823523e-01 9.991019561206374577e-01
6.320993539468969802e-01 9.991068571545976829e-01
6.336747307599116530e-01 9.991117152231138165e-01
6.352520679709263707e-01 9.991165306863815099e-01
6.368313655799411332e-01 9.991213039008687291e-01
6.384126235869560517e-01 9.991260352192704586e-01
6.399958419919709041e-01 9.991307249906302701e-01
6.415810207949856903e-01 9.991353735603081265e-01
6.431681599960007434e-01 9.991399812700749727e-01
6.447572595950157304e-01 9.991445484581292780e-01
6.463483195920308733e-01 9.991490754590601764e-01
6.479413399870459500e-01 9.991535626040672913e-01
6.495363207800611827e-01 9.991580101009929216e-01
6.511332619710764602e-01 9.991624185000452796e-01
6.527321635600916716e-01 9.991667880148531466e-01
6.543330255471070389e-01 9.991711189628618150e-01
6.559358479321222291e-01 9.991754116581100797e-01
6.575406307151376861e-01 9.991796664113713478e-01
6.591473738961531881e-01 9.991838835301390942e-01
6.607560774751687349e-01 9.991880633186916993e-01
6.623667414521843266e-01 9.991922060780693560e-01
6.639793658271999632e-01 9.991963121061763209e-01
6.655939506002157557e-01 9.992003816977470532e-01
6.672104957712314821e-01 9.992044151444244848e-01
6.688290013402472534e-01 9.992084127347456990e-01
6.704494673072629585e-01 9.992123747542235312e-01
6.720718936722788195e-01 9.992163014853534531e-01
6.736962804352947254e-01 9.992201932075940318e-01
6.753226275963107872e-01 9.992240501974991584e-01
6.769509351553267829e-01 9.992278727286326712e-01
6.785812031123429344e-01 9.992316610717043579e-01
6.802134314673590199e-01 9.992354154945012334e-01
6.818476202203752612e-01 9.992391362619775785e-01
6.834837693713914364e-01 9.992428236362603799e-01
6.851218789204075454e-01 9.992464778766854128e-01
6.867619488674239214e-01 9.992500992397969073e-01
6.884039792124403423e-01 9.992536879794226001e-01
6.900479699554568080e-01 9.992572443466325449e-01
6.916939210964733187e-01 9.992607685898277081e-01
6.933418326354898742e-01 9.992642609547380816e-01
6.949917045725064746e-01 9.992677216844345622e-01
6.966435369075231199e-01 9.992711510193709179e-01
6.982973296405398100e-01 9.992745491974118766e-01
6.999530827715563230e-01 9.992779163360746564e-01
7.016107963005731030e-01 9.992812528924848170e-01
7.032704702275899278e-01 9.992845589895570368e-01
7.049321045526069085e-01 9.992878348549656398e-01
7.065956992756238231e-01 9.992910807139334661e-01
7.082612543966407825e-01 9.992942967891658146e-01
7.099287699156578979e-01 9.992974833009575786e-01
7.115982458326749471e-01 9.993006404672173382e-01
7.132696821476921523e-01 9.993037685034075190e-01
7.149430788607090692e-01 9.993068676226317670e-01
7.166184359717263641e-01 9.993099380356749162e-01
7.182957534807437039e-01 9.993129799509442579e-01
7.199750313877609775e-01 9.993159935745591360e-01
7.216562696927784071e-01 9.993189791103347375e-01
7.233394683957958815e-01 9.993219367598175085e-01
7.250246274968132898e-01 9.993248667223053605e-01
7.267117469958308540e-01 9.993277691948592167e-01
7.284008268928482410e-01 9.993306443723216637e-01
7.300918671878658950e-01 9.993334924473330494e-01
7.317848678808835938e-01 9.993363136103390332e-01
7.334798289719013376e-01 9.993391080496787371e-01
7.351767504609192372e-01 9.993418759514941518e-01
7.368756323479370707e-01 9.993446174998131815e-01
7.385764746329549491e-01 9.993473328765789532e-01
7.402792773159728723e-01 9.993500222616076289e-01
7.419840403969908404e-01 9.993526858326503559e-01
7.436907638760087425e-01 9.993553237654269061e-01
7.453994477530268004e-01 9.993579362335808236e-01
7.471100920280450142e-01 9.993605234087274969e-01
7.488226967010631618e-01 9.993630854605130009e-01
7.505372617720814654e-01 9.993656225565359374e-01
7.522537872410997029e-01 9.993681348624409155e-01
7.539722731081180962e-01 9.993706225419032307e-01
7.556927193731364234e-01 9.993730857566655024e-01
7.574151260361549065e-01 9.993755246665109171e-01
7.591394930971732125e-01 9.993779394292806595e-01
7.608658205561917853e-01 9.993803302009629519e-01
7.625941084132104031e-01 9.993826971356334354e-01
7.643243566682289547e-01 9.993850402711764724e-01
7.660565653212476622e-01 9.993873599781184502e-01
7.677907343722664146e-01 9.993896562986555043e-01
7.695268638212852119e-01 9.993919293794064629e-01
7.712649536683040541e-01 9.993941793651506256e-01
7.730050039133229411e-01 9.993964063988769464e-01
7.747470145563417621e-01 9.993986106217448429e-01
7.764909855973607389e-01 9.994007921731576927e-01
7.782369170363797606e-01 9.994029511907026597e-01
7.799848088733989382e-01 9.994050878102316293e-01
7.817346611084180497e-01 9.994072021658175764e-01
7.834864737414372060e-01 9.994092943898030823e-01
7.852402467724565183e-01 9.994113646128002237e-01
7.869959802014757644e-01 9.994134129637051167e-01
7.887536740284951664e-01 9.994154395696595028e-01
7.905133282535142802e-01 9.994174445561636588e-01
7.922749428765337720e-01 9.994194280469890224e-01
7.940385178975533087e-01 9.994213901642227116e-01
7.958040533165727792e-01 9.994233310283265892e-01
7.975715491335924057e-01 9.994252507580554390e-01
7.993410053486120770e-01 9.994271494705090353e-01
8.011124219616317932e-01 9.994290272811932052e-01
8.028857989726515543e-01 9.994308843039262369e-01
8.046611363816711382e-01 9.994327206509396877e-01
8.064384341886909890e-01 9.994345364328174330e-01
8.082176923937108848e-01 9.994363317585658324e-01
8.099989109967308254e-01 9.994381067355763149e-01
8.117820899977508109e-01 9.994398614696349270e-01
8.135672293967708413e-01 9.994415960649800645e-01
8.153543291937909165e-01 9.994433106242255338e-01
8.171433893888111477e-01 9.994450052484714631e-01
8.189344099818313127e-01 9.994466800372028281e-01
8.207273909728513006e-01 9.994483350884076911e-01
8.225223323618716664e-01 9.994499704984702859e-01
8.243192341488919661e-01 9.994515863622640550e-01
8.261180963339124217e-01 9.994531827731286677e-01
8.279189189169328111e-01 9.994547598228467056e-01
8.297217018979533565e-01 9.994563176017292605e-01
8.315264452769738357e-01 9.994578561985459908e-01
8.333331490539944708e-01 9.994593757005172385e-01
8.351418132290151508e-01 9.994608761934115071e-01
8.369524378020356536e-01 9.994623577614861754e-01
8.387650227730564234e-01 9.994638204874951581e-01
8.405795681420771270e-01 9.994652644526956786e-01
8.423960739090979866e-01 9.994666897368733594e-01
8.442145400741188910e-01 9.994680964183375593e-01
8.460349666371398403e-01 9.994694845739007238e-01
8.478573535981608345e-01 9.994708542789104699e-01
8.496817009571818735e-01 9.994722056072661287e-01
8.515080087142030685e-01 9.994735386313720049e-01
8.533362768692239753e-01 9.994748534221894465e-01
8.551665054222451490e-01 9.994761500492173045e-01
8.569986943732663676e-01 9.994774285805055891e-01
8.588328437222877421e-01 9.994786890826447001e-01
8.606689534693090504e-01 9.994799316207755302e-01
8.625070236143304037e-01 9.994811561467364935e-01
8.643470541573519128e-01 9.994823629417942668e-01
8.661890450983733558e-01 9.994835519595206552e-01
8.680329964373949547e-01 9.994847232593332409e-01
8.698789081744163765e-01 9.994858768991421449e-01
8.717267803094379541e-01 9.994870129354485044e-01
8.735766128424596877e-01 9.994881314233249325e-01
8.754284057734814661e-01 9.994892324164006414e-01
8.772821591025032895e-01 9.994903159668724335e-01
8.791378728295250466e-01 9.994913821255099196e-01
8.809955469545469597e-01 9.994924309416539643e-01
8.828551814775689177e-01 9.994934624632030307e-01
8.847167763985909206e-01 9.994944767366302774e-01
8.865803317176127463e-01 9.994954738069773414e-01
8.884458474346348389e-01 9.994964537178407937e-01
8.903133235496569764e-01 9.994974165114234310e-01
8.921827600626792698e-01 9.994983622284562275e-01
8.940541569737014971e-01 9.994992909082274224e-01
8.959275142827237692e-01 9.995002025886563501e-01
8.978028319897460863e-01 9.995010973061559945e-01
8.996801100947685592e-01 9.995019750957269133e-01
9.015593485977907440e-01 9.995028359909196025e-01
9.034405474988133067e-01 9.995036800238769059e-01
9.053237067978358033e-01 9.995045072252608520e-01
9.072088264948584557e-01 9.995053176242929549e-01
9.090959065898810421e-01 9.995061112487546584e-01
9.109849470829037843e-01 9.995068881249604686e-01
9.128759479739264604e-01 9.995076482777955906e-01
9.147689092629492924e-01 9.995083917306614163e-01
9.166638309499721693e-01 9.995091185054904015e-01
9.185607130349948690e-01 9.995098286227895867e-01
9.204595555180178357e-01 9.995105221015283536e-01
9.223603583990407362e-01 9.995111989592738722e-01
9.242631216780637926e-01 9.995118592120461054e-01
9.261678453550868939e-01 9.995125028744329398e-01
9.280745294301100401e-01 9.995131299594965935e-01
9.299831739031333422e-01 9.995137404788275726e-01
9.318937787741565781e-01 9.995143344424907150e-01
9.338063440431798590e-01 9.995149118590492821e-01
9.357208697102029626e-01 9.995154727355783919e-01
9.376373557752263332e-01 9.995160170775908570e-01
9.395558022382498597e-01 9.995165448891007998e-01
9.414762090992733201e-01 9.995170561725819081e-01
9.433985763582968254e-01 9.995175509289696558e-01
9.453229040153204865e-01 9.995180291576230003e-01
9.472491920703440815e-01 9.995184908564004322e-01
9.491774405233678324e-01 9.995189360215133156e-01
9.511076493743915172e-01 9.995193646476911997e-01
9.530398186234151359e-01 9.995197767279957457e-01
9.549739482704390214e-01 9.995201722539631684e-01
9.569100383154629519e-01 9.995205512154682337e-01
9.588480887584868162e-01 9.995209136008343931e-01
9.607880995995108364e-01 9.995212593967257586e-01
9.627300708385349015e-01 9.995215885881775231e-01
9.646740024755590115e-01 9.995219011585920743e-01
9.666198945105831664e-01 9.995221970897213426e-01
9.685677469436073661e-01 9.995224763616354924e-01
9.705175597746313887e-01 9.995227389527381323e-01
9.724693330036556782e-01 9.995229848397625405e-01
9.744230666306800126e-01 9.995232139976847341e-01
9.763787606557043919e-01 9.995234263998307167e-01
9.783364150787289271e-01 9.995236220177821096e-01
9.802960298997533961e-01 9.995238008213455094e-01
9.822576051187779100e-01 9.995239627786111081e-01
9.842211407358025799e-01 9.995241078558827486e-01
9.861866367508271836e-01 9.995242360176983532e-01
9.881540931638517211e-01 9.995243472267829610e-01
9.901235099748764146e-01 9.995244414440227487e-01
9.920948871839012639e-01 9.995245186285259820e-01
9.940682247909260472e-01 9.995245787375393043e-01
9.960435227959509863e-01 9.995246217264199817e-01
9.980207811989759703e-01 9.995246475486468940e-01
1.000000000000000666e+00 9.995246561558552845e-01
