0.000000000000000000e+00 1.035270941295939446e-49
2.078119897502626434e-05 1.091950294560676332e-49
4.352279595010249372e-05 1.157511701768474044e-49
6.822479092522875592e-05 1.233158402633211992e-49
9.488718390040502381e-05 1.320323482726060597e-49
1.235099748756312839e-04 1.420713966564041679e-49
1.540931638509075632e-04 1.536364836312586603e-49
1.866367508262337669e-04 1.669705308256183283e-49
2.211407358016100034e-04 1.823640300315785280e-49
2.576051187770363269e-04 2.001650787759643939e-49
2.960298997525126832e-04 2.207917717827430628e-49
3.364150787280388555e-04 2.447475398398530074e-49
3.787606557036150606e-04 2.726401870914983659e-49
4.230666306792412444e-04 3.052055828017014101e-49
4.693330036549174067e-04 3.433372278936453185e-49
5.175597746306437102e-04 3.881232581141064955e-49
5.677469436064200466e-04 4.408928883236468092e-49
6.198945105822462531e-04 5.032748776848331563e-49
6.740024755581224382e-04 5.772713452173685356e-49
7.300708385340486020e-04 6.653512449088255761e-49
7.880995995100251780e-04 7.705690934589283859e-49
8.480887584860512989e-04 8.967162309342760322e-49
9.100383154621275068e-04 1.048514118033838073e-48
9.739482704382536934e-04 1.231862111994078906e-48
1.039818623414429750e-03 1.454156057233337269e-48
1.107649374390655894e-03 1.724699202155684577e-48
1.177440523366932558e-03 2.055233851226523506e-48
1.249192070343258659e-03 2.460631380922123957e-48
1.322904015319634847e-03 2.959790606192820391e-48
1.398576358296060905e-03 3.576811096557005563e-48
1.476209099272537051e-03 4.342530436607978950e-48
1.555802238249063716e-03 5.296544704619984129e-48
1.637355775225640036e-03 6.489872497836675235e-48
1.720869710202266008e-03 7.988478659416179537e-48
1.806344043178942285e-03 9.877949993659601137e-48
1.893778774155669082e-03 1.226971937819503468e-47
1.983173903132445098e-03 1.530937749631322075e-47
2.074529430109271419e-03 1.918780786371763307e-47
2.167845355086147393e-03 2.415615183596480923e-47
2.263121678063073454e-03 3.054598523360692764e-47
2.360358399040050469e-03 3.879660847027126097e-47
2.459555518017076271e-03 4.949207599860787390e-47
2.560713034994152593e-03 6.341160114195735683e-47
2.663830949971278568e-03 8.159838625066850016e-47
2.768909262948454630e-03 1.054539125407445117e-46
2.875947973925680780e-03 1.368675171468806759e-46
2.984947082902957450e-03 1.783950276894035142e-46
3.095906589880283773e-03 2.335058060067640616e-46
3.208826494857659750e-03 3.069254760641985111e-46
3.323706797835085814e-03 4.051128909949681456e-46
3.440547498812561965e-03 5.369259980286785953e-46
3.559348597790088636e-03 7.145543152523583734e-46
3.680110094767664961e-03 9.548288338049305137e-46
3.802831989745290939e-03 1.281067811790681984e-45
3.927514282722965704e-03 1.725685720909400026e-45
4.054156973700691856e-03 2.333892197948339890e-45
4.182760062678468095e-03 3.168952423347822076e-45
4.313323549656295289e-03 4.319690785823788794e-45
4.445847434634171702e-03 5.911226837304306010e-45
4.580331717612097335e-03 8.120382051066981905e-45
4.716776398590073922e-03 1.119785552079555241e-44
4.855181477568099729e-03 1.550023727767131841e-44
4.995546954546175623e-03 2.153635969067504153e-44
5.137872829524301604e-03 3.003460521842638590e-44
5.282159102502477672e-03 4.204091857573390484e-44
5.428405773480703828e-03 5.906201278278923430e-44
5.576612842458980070e-03 8.327501614119648575e-44
5.726780309437305531e-03 1.178355319070302222e-43
5.878908174415681948e-03 1.673313618041626429e-43
6.032996437394107583e-03 2.384527305177014414e-43
6.189045098372585908e-03 3.409850414196012141e-43
6.347054157351111718e-03 4.892834076831729920e-43
6.507023614329687615e-03 7.044687093719974576e-43
6.668953469308313599e-03 1.017707035105712249e-42
6.832843722286989670e-03 1.475120015694399999e-42
6.998694373265715828e-03 2.145156476802463558e-42
7.166505422244492073e-03 3.129687998887808667e-42
7.336276869223317537e-03 4.580752622579483982e-42
7.508008714202193956e-03 6.725886247748146967e-42
7.681700957181119595e-03 9.906542785055206767e-42
7.857353598160098790e-03 1.463651099916623396e-41
8.034966637139125470e-03 2.169095402980251703e-41
8.214540074118200502e-03 3.224245347603145187e-41
8.396073909097327356e-03 4.806936961961425776e-41
8.579568142076502563e-03 7.187571197856763824e-41
8.765022773055727856e-03 1.077833417865905006e-40
8.952437802035004971e-03 1.620910895220747920e-40
9.141813229014330439e-03 2.444481799242254121e-40
9.333149053993705993e-03 3.696721236380659561e-40
9.526445276973131635e-03 5.605712046796599581e-40
9.721701897952607363e-03 8.523361767503992873e-40
9.918918916932136648e-03 1.299388102119821712e-39
1.011809633391171255e-02 1.986078264838560612e-39
1.031923414889133854e-02 3.043441334663392924e-39
1.052233236187101462e-02 4.675479127216592563e-39
1.072739097285074078e-02 7.200478318101236399e-39
1.093440998183051703e-02 1.111608738198640225e-38
1.114338938881034163e-02 1.720201028024340414e-38
1.135432919379021806e-02 2.668236300490298534e-38
1.156722939677014457e-02 4.148282488859400930e-38
1.178208999775011943e-02 6.463866092302026516e-38
1.199891099673014612e-02 1.009432644094169488e-37
1.221769239371022463e-02 1.579807654454275798e-37
1.243843418869035149e-02 2.477728971369847229e-37
1.266113638167052670e-02 3.894098042698831301e-37
1.288579897265075200e-02 6.132593565307303275e-37
1.311242196163102738e-02 9.677125353139332370e-37
1.334100534861135459e-02 1.530009198935509187e-36
1.357154913359173015e-02 2.423638067266054217e-36
1.380405331657215580e-02 3.846343291732902023e-36
1.403851789755263153e-02 6.115265745013000422e-36
1.427494287653315735e-02 9.739800320262391031e-36
1.451332825351373326e-02 1.553934005222480466e-35
1.475367402849436273e-02 2.483380216450467053e-35
1.499598020147503881e-02 3.975230221878060707e-35
1.524024677245576498e-02 6.373383230263800897e-35
1.548647374143653950e-02 1.023402997810677546e-34
1.573466110841736931e-02 1.645782475878878472e-34
1.598480887339824227e-02 2.650497784420660333e-34
1.623691703637917053e-02 4.274564357205605669e-34
1.649098559736014366e-02 6.903125897899394037e-34
1.674701455634117209e-02 1.116270230730115271e-33
1.700500391332224540e-02 1.807351334036870579e-33
1.726495366830337400e-02 2.929851297404773728e-33
1.752686382128455442e-02 4.755085983698257173e-33
1.779073437226577625e-02 7.726112155666732887e-33
1.805656532124705685e-02 1.256705477571471574e-32
1.832435666822837886e-02 2.046236822318856605e-32
1.859410841320975616e-02 3.335094844253532494e-32
1.886582055619118528e-02 5.440895753912817901e-32
1.913949309717265929e-02 8.884286629254619732e-32
1.941512603615418858e-02 1.451926660717889097e-31
1.969271937313575929e-02 2.374743938412229572e-31
1.997227310811738876e-02 3.887039204632350627e-31
2.025378724109906312e-02 6.366945409148371022e-31
2.053726177208079276e-02 1.043598542017613259e-30
2.082269670106256382e-02 1.711614706346084381e-30
2.111009202804439364e-02 2.808852004038840424e-30
2.139944775302626487e-02 4.611923789107745729e-30
2.169076387600819486e-02 7.576104243775786291e-30
2.198404039699017321e-02 1.245089238573774305e-29
2.227927731597219643e-02 2.047038103003458509e-29
2.257647463295427495e-02 3.366685159299956006e-29
2.287563234793639835e-02 5.538733481861538277e-29
2.317675046091857705e-02 9.114442426142713643e-29
2.347982897190080062e-02 1.500174385936906338e-28
2.378486788088307949e-02 2.469595102815775676e-28
2.409186718786539977e-02 4.065954771086270240e-28
2.440082689284778228e-02 6.694722263396904332e-28
2.471174699583020273e-02 1.102341914309472479e-27
2.502462749681268195e-02 1.815074115748056522e-27
2.533946839579521298e-02 2.988458957619468807e-27
2.565626969277778543e-02 4.919894336185316484e-27
2.597503138776041318e-02 8.098424124540893862e-27
2.629575348074308580e-02 1.332791749245102525e-26
2.661843597172581372e-02 2.192915740530863858e-26
2.694307886070858651e-02 3.607118127123353201e-26
2.726968214769141807e-02 5.931417872213392410e-26
2.759824583267428758e-02 9.749839098442835208e-26
2.792876991565721931e-02 1.601984286197020620e-25
2.826125439664019939e-02 2.631007643137112860e-25
2.859569927562322089e-02 4.318871442250567526e-25
2.893210455260630115e-02 7.085721611754882602e-25
2.927047022758941935e-02 1.161836319625850065e-24
2.961079630057259979e-02 1.903857160443045371e-24
2.995308277155582163e-02 3.117697001514749486e-24
3.029732964053910224e-02 5.101821353194694291e-24
3.064353690752242426e-02 8.342383390045666543e-24
3.099170457250580504e-02 1.363045795646388562e-23
3.134183263548922377e-02 2.225195120048019254e-23
3.169392109647270472e-02 3.629486110294580585e-23
3.204796995545623056e-02 5.914577214809310300e-23
3.240397921243980128e-02 9.629107604022244393e-23
3.276194886742343076e-02 1.566081948596425877e-22
3.312187892040710513e-02 2.544435730407944525e-22
3.348376937139083825e-02 4.129520262699437427e-22
3.384762022037460932e-02 6.694551660128399485e-22
3.421343146735843915e-02 1.084026629468381037e-21
3.458120311234230693e-02 1.753225806942762844e-21
3.495093515532624040e-02 2.832032398191234167e-21
3.532262759631021182e-02 4.568821239980987376e-21
3.569628043529424199e-02 7.361036128990462544e-21
3.607189367227831706e-02 1.184366017642063665e-20
3.644946730726244394e-02 1.902955022886573193e-20
3.682900134024662264e-02 3.053166832302967927e-20
3.721049577123083929e-02 4.891427553776712679e-20
3.759395060021512164e-02 7.824699668052408895e-20
3.797936582719944193e-02 1.249771763096733804e-19
3.836674145218382098e-02 1.993007218201582731e-19
3.875607747516824492e-02 3.173119722234951306e-19
3.914737389615272761e-02 5.043684346878021523e-19
3.954063071513724825e-02 8.003459753117762436e-19
3.993584793212182765e-02 1.267829268495763437e-18
4.033302554710645887e-02 2.004849537925130912e-18
4.073216356009112804e-02 3.164650896615023098e-18
4.113326197107585597e-02 4.986295398217263381e-18
4.153632078006062878e-02 7.841942976031887011e-18
4.194133998704546035e-02 1.230972361378103388e-17
4.234831959203032986e-02 1.928579245900769130e-17
4.275725959501525814e-02 3.015622793610447150e-17
4.316815999600023129e-02 4.706009754887717008e-17
4.358102079498526321e-02 7.329106005160625509e-17
4.399584199197033307e-02 1.139089418383176270e-16
4.441262358695546170e-02 1.766687313940301018e-16
4.483136557994064214e-02 2.734281432844901986e-16
4.525206797092586747e-02 4.222747812012534088e-16
4.567473075991114462e-02 6.507323786523031178e-16
4.609935394689646665e-02 1.000580714186439712e-15
4.652593753188184744e-02 1.535081910949532090e-15
4.695448151486726618e-02 2.349785100839148779e-15
4.738498589585275061e-02 3.588636995121062165e-15
4.781745067483826606e-02 5.467937129780082920e-15
4.825187585182384720e-02 8.311857313313106766e-15
4.868826142680946628e-02 1.260495786649690539e-14
4.912660739979515107e-02 1.906961043594570477e-14
4.956691377078088073e-02 2.877980745938704701e-14
5.000918053976664834e-02 4.332796684867037972e-14
5.045340770675248165e-02 6.506868217592190593e-14
5.089959527173835291e-02 9.747384263968839618e-14
5.134774323472428292e-02 1.456484377934243460e-13
5.179785159571025088e-02 2.170774575051621305e-13
5.224992035469628454e-02 3.227040771247794129e-13
5.270394951168235614e-02 4.784812050606261449e-13
5.315993906666848651e-02 7.075971734813959750e-13
5.361788901965465481e-02 1.043658321403338988e-12
5.407779937064088882e-02 1.535225247821506157e-12
5.453967011962716771e-02 2.252257543954345048e-12
5.500350126661349148e-02 3.295239996283473471e-12
5.546929281159986708e-02 4.808063323556111725e-12
5.593704475458628755e-02 6.996143602438371101e-12
5.640675709557277373e-02 1.015182551032413069e-11
5.687842983455929091e-02 1.468987697501276705e-11
5.735206297154587379e-02 2.119691497498470245e-11
5.782765650653248768e-02 3.049999379748871939e-11
5.830521043951917420e-02 4.376145547551988970e-11
5.878472477050590561e-02 6.260964036412103125e-11
5.926619949949267496e-02 8.931838214252004458e-11
5.974963462647950307e-02 1.270526215812390312e-10
6.023503015146637607e-02 1.802032950982658039e-10
6.072238607445330782e-02 2.548423058078261905e-10
6.121170239544027752e-02 3.593383973086962521e-10
6.170297911442730598e-02 5.051877937525606509e-10
6.219621623141437933e-02 7.081303842704345297e-10
6.269141374640151143e-02 9.896440640080209385e-10
6.318857165938866760e-02 1.378937897698854414e-09
6.368768997037589641e-02 1.915600646610043950e-09
6.418876867936318398e-02 2.653106856942459033e-09
6.469180778635051643e-02 3.663440532706791804e-09
6.519680729133789376e-02 5.043168365828503816e-09
6.570376719432530210e-02 6.921391947382378289e-09
6.621268749531278308e-02 9.470105206117298627e-09
6.672356819430030894e-02 1.291765192253030065e-08
6.723640929128789356e-02 1.756612705712048476e-08
6.775121078627552307e-02 2.381379483800479153e-08
6.826797267926318358e-02 3.218385374020461096e-08
6.878669497025091673e-02 4.336119711997460714e-08
6.930737765923869476e-02 5.823920215569995635e-08
6.983002074622653155e-02 7.797904045411657034e-08
7.035462423121441322e-02 1.040845532229994378e-07
7.088118811420231202e-02 1.384963853224055867e-07
7.140971239519029734e-02 1.837098396894942624e-07
7.194019707417832754e-02 2.429218111327711562e-07
7.247264215116641650e-02 3.202132011731692666e-07
7.300704762615452259e-02 4.207744182138965853e-07
7.354341349914270132e-02 5.511829439062337456e-07
7.408173977013092493e-02 7.197435098107819836e-07
7.462202643911922118e-02 9.369031887529647527e-07
7.516427350610754843e-02 1.215755669797877602e-06
7.570848097109590669e-02 1.572651157250975179e-06
7.625464883408433758e-02 2.027930709502009752e-06
7.680277709507281336e-02 2.606806402636082679e-06
7.735286575406134790e-02 3.340411447524403120e-06
7.790491481104989957e-02 4.267047278162074410e-06
7.845892426603853775e-02 5.433657621848353119e-06
7.901489411902722082e-02 6.897562603268150948e-06
7.957282437001594877e-02 8.728488954329180621e-06
8.013271501900470772e-02 1.101093531306944610e-05
8.069456606599353932e-02 1.384691429408558666e-05
8.125837751098241579e-02 1.735911537799360156e-05
8.182414935397135103e-02 2.169453455900394726e-05
8.239188159496033115e-02 2.702861795152053338e-05
8.296157423394934227e-02 3.356996701728168984e-05
8.353322727093842603e-02 4.156565254986539293e-05
8.410684070592755468e-02 5.130718285027769304e-05
8.468241453891674209e-02 6.313716844844985236e-05
8.525994876990593274e-02 7.745672107499491888e-05
8.583944339889522379e-02 9.473361817819488800e-05
8.642089842588455972e-02 1.155112559424626844e-04
8.700431385087394054e-02 1.404184033512123847e-04
8.758968967386336624e-02 1.701797572397205111e-04
8.817702589485282294e-02 2.056272834381125275e-04
8.876632251384235228e-02 2.477123120026845145e-04
8.935757953083194038e-02 2.975183054050027534e-04
8.995079694582157337e-02 3.562743978119858380e-04
9.054597475881122348e-02 4.253692009838435403e-04
9.114311296980096011e-02 5.063652786752891651e-04
9.174221157879074162e-02 6.010137664071475575e-04
9.234327058578056802e-02 7.112691085992769741e-04
9.294628999077042542e-02 8.393036901360958514e-04
9.355126979376035545e-02 9.875221368009004779e-04
9.415820999475034425e-02 1.158575034460157180e-03
9.476711059374037793e-02 1.355371794531583501e-03
9.537797159073045650e-02 1.581092373993994715e-03
9.599079298572055219e-02 1.839197542879950293e-03
9.660557477871074827e-02 2.133437381708746389e-03
9.722231696970097536e-02 2.467857686514656704e-03
9.784101955869126122e-02 2.846803960770044432e-03
9.846168254568156419e-02 3.274922682267616524e-03
9.908430593067193981e-02 3.757159549437811153e-03
9.970888971366237419e-02 4.298754435991694253e-03
1.003354338946528534e-01 4.905232815356500888e-03
1.009639384736433915e-01 5.582393457025964546e-03
1.015944034506339466e-01 6.336292245371793509e-03
1.022268288256245744e-01 7.173222027058048442e-03
1.028612145986152610e-01 8.099688455133669321e-03
1.034975607696059924e-01 9.122381865029741133e-03
1.041358673385967409e-01 1.024814528873663547e-02
1.047761343055875760e-01 1.148393878680224571e-02
1.054183616705784560e-01 1.283680035176828528e-02
1.060625494335693947e-01 1.431380370939143269e-02
1.067086975945603783e-01 1.592201341356443492e-02
1.073568061535513790e-01 1.766843769533402858e-02
1.080068751105424663e-01 1.955997958396663711e-02
1.086589044655335984e-01 2.160338686689354873e-02
1.093128942185247754e-01 2.380520038224345769e-02
1.099688443695159834e-01 2.617170772635404874e-02
1.106267549185072641e-01 2.870888741595963023e-02
1.112866258654986035e-01 3.142236432068345325e-02
1.119484572104899878e-01 3.431736233220767512e-02
1.126122489534813753e-01 3.739866058129670545e-02
1.132780010944728633e-01 4.067055285572371282e-02
1.139457136334643961e-01 4.413681074613577671e-02
1.146153865704559877e-01 4.780065098760977876e-02
1.152870199054476102e-01 5.166470739646853577e-02
1.159606136384392638e-01 5.573100772669822150e-02
1.166361677694310039e-01 6.000095568989000094e-02
1.173136822984227889e-01 6.447531829917643731e-02
1.179931572254146188e-01 6.915421861310203089e-02
1.186745925504064658e-01 7.403713387188280703e-02
1.193579882733983993e-01 7.912289893796045637e-02
1.200433443943903777e-01 8.440971487681896146e-02
1.207306609133824149e-01 8.989516244435666326e-02
1.214199378303744969e-01 9.557622018490632976e-02
1.221111751453665961e-01 1.014492867902043460e-01
1.228043728583587818e-01 1.075102073250449319e-01
1.234995309693510124e-01 1.137543028903879316e-01
1.241966494783433017e-01 1.201764032692802381e-01
1.248957283853355943e-01 1.267708796291396878e-01
1.255967676903279873e-01 1.335316910798536594e-01
1.262997673933204390e-01 1.404524100057487623e-01
1.270047274943129079e-01 1.475262704858085194e-01
1.277116479933054216e-01 1.547462067355904469e-01
1.284205288902980080e-01 1.621048938266594908e-01
1.291313701852906393e-01 1.695947882301564735e-01
1.298441718782833154e-01 1.772081678186177844e-01
1.305589339692760642e-01 1.849371709947733033e-01
1.312756564582688024e-01 1.927738346527499147e-01
1.319943393452616409e-01 2.007101307149538050e-01
1.327149826302545244e-01 2.087380010256913998e-01
1.334375863132474527e-01 2.168493904203515898e-01
1.341621503942403981e-01 2.250362778252559537e-01
1.348886748732334440e-01 2.332907052780656409e-01
1.356171597502265069e-01 2.416048047914191310e-01
1.363476050252196425e-01 2.499708230127413444e-01
1.370800106982128508e-01 2.583811436610483625e-01
1.378143767692060206e-01 2.668283077462699771e-01
1.385507032381993187e-01 2.753050288845575455e-01
1.392889901051926616e-01 2.838042195052093986e-01
1.400292373701860493e-01 2.923189899073498910e-01
1.407714450331794265e-01 3.008426694596141315e-01
1.415156130941729040e-01 3.093688142474664282e-01
1.422617415531664542e-01 3.178912151520945084e-01
1.430098304101600493e-01 3.264039042183279338e-01
1.437598796651536337e-01 3.349011594202747077e-01
1.445118893181473185e-01 3.433775079365599670e-01
1.452658593691410482e-01 3.518277280479401026e-01
1.460217898181348506e-01 3.602468497701181160e-01
1.467796806651286701e-01 3.686301543330875452e-01
1.475395319101225067e-01 3.769731726159779583e-01
1.483013435531164437e-01 3.852716826430878649e-01
1.490651155941104256e-01 3.935217062428696955e-01
1.498308480331044801e-01 4.017195049670805318e-01
1.505985408700985240e-01 4.098615753624489932e-01
1.513681941050926405e-01 4.179446408972763982e-01
1.521398077380868297e-01 4.259656567543123606e-01
1.529133817690810637e-01 4.339217886011608738e-01
1.536889161980753704e-01 4.418104156574932384e-01
1.544664110250696387e-01 4.496291216434651905e-01
1.552458662500640352e-01 4.573756878059624942e-01
1.560272818730584765e-01 4.650480857930835987e-01
1.568106578940529627e-01 4.726444704267169783e-01
1.575959943130474383e-01 4.801631724179463157e-01
1.583832911300420421e-01 4.876026910654988056e-01
1.591725483450366629e-01 4.949616869733492464e-01
1.599637659580313565e-01 5.022389748190646541e-01
1.607569439690260948e-01 5.094335162010843465e-01
1.615520823780208504e-01 5.165444125892476590e-01
1.623491811850156785e-01 5.235708962840134317e-01
1.631482403900105516e-01 5.305123316066855388e-01
1.639492599930054972e-01 5.373681969707778672e-01
1.647522399940004323e-01 5.441380855703357167e-01
1.655571803929954677e-01 5.508216974107705832e-01
1.663640811899905481e-01 5.574188332247390631e-01
1.671729423849857010e-01 5.639293885836081932e-01
1.679837639779808434e-01 5.703533482089711004e-01
1.687965459689760583e-01 5.766907804875924803e-01
1.696112883579713460e-01 5.829418321911246093e-01
1.704279911449667062e-01 5.891067234015172627e-01
1.712466543299620836e-01 5.951857426412593410e-01
1.720672779129574781e-01 6.011792422070934006e-01
1.728898618939529452e-01 6.070876320687507155e-01
1.737144062729484850e-01 6.129113817314347790e-01
1.745409110499440697e-01 6.186510075203804915e-01
1.753693762249396715e-01 6.243070741322498396e-01
1.761998017979353459e-01 6.298801896558847702e-01
1.770321877689310930e-01 6.353710020577686413e-01
1.778665341379268849e-01 6.407801958434532485e-01
1.787028409049227218e-01 6.461084888897387080e-01
1.795411080699185480e-01 6.513566294420692904e-01
1.803813356329145023e-01 6.565253932714321117e-01
1.812235235939104738e-01 6.616155809854306069e-01
1.820676719529065180e-01 6.666280154872343822e-01
1.829137807099025514e-01 6.715635395773764671e-01
1.837618498648986853e-01 6.764230121543763907e-01
1.846118794178948919e-01 6.812073118369350588e-01
1.854638693688911155e-01 6.859173268576227445e-01
1.863178197178873563e-01 6.905539582664265152e-01
1.871737304648836975e-01 6.951181169603557475e-01
1.880316016098800835e-01 6.996107220237218760e-01
1.888914331528765145e-01 7.040326991730303519e-01
1.897532250938729903e-01 7.083849793015456475e-01
1.906169774328694833e-01 7.126684971186593165e-01
1.914826901698660766e-01 7.168841898794943157e-01
1.923503633048627148e-01 7.210329962003426685e-01
1.932199968378593979e-01 7.251158549552396693e-01
1.940915907688560982e-01 7.291337029370218437e-01
1.949651450978528711e-01 7.330874788011245702e-01
1.958406598248497166e-01 7.369781153040668720e-01
1.967181349498466070e-01 7.408065427940041525e-01
1.975975704728435423e-01 7.445736874402405503e-01
1.984789663938404669e-01 7.482804705360950326e-01
1.993623227128375197e-01 7.519278078568822909e-01
2.002476394298345896e-01 7.555166090704165116e-01
2.011349165448317322e-01 7.590477771967579779e-01
2.020241540578288642e-01 7.625222081143445685e-01
2.029153519688260965e-01 7.659407901098904681e-01
2.038085102778234015e-01 7.693044034696506772e-01
2.047036289848207236e-01 7.726139188707583649e-01
2.056007080898180628e-01 7.758702016645961930e-01
2.064997475928155024e-01 7.790741050939773427e-01
2.074007474938129869e-01 7.822264740863992261e-01
2.083037077928105441e-01 7.853281440604942265e-01
2.092086284898081183e-01 7.883799407169862494e-01
2.101155095848057097e-01 7.913826798559401299e-01
2.110243510778034015e-01 7.943371672187663490e-01
2.119351529688011382e-01 7.972441983532273513e-01
2.128479152577989197e-01 8.001045585001742566e-01
2.137626379447967184e-01 8.029190225002221792e-01
2.146793210297945897e-01 8.056883537534292872e-01
2.155979645127925337e-01 8.084133077473402151e-01
2.165185683937905226e-01 8.110946270029443239e-01
2.174411326727885563e-01 8.137330441762625766e-01
2.183656573497865794e-01 8.163292813134801484e-01
2.192921424247847306e-01 8.188840498524236899e-01
2.202205878977829268e-01 8.213980506359626066e-01
2.211509937687811678e-01 8.238719739365566452e-01
2.220833600377793982e-01 8.263064994911353267e-01
2.230176867047777289e-01 8.287022965453924028e-01
2.239539737697761046e-01 8.310600239067816863e-01
2.248922212327745529e-01 8.333803300056324970e-01
2.258324290937730461e-01 8.356638519516846886e-01
2.267745973527715286e-01 8.379112193752603632e-01
2.277187260097701116e-01 8.401230492275341133e-01
2.286648150647687394e-01 8.422999491705462916e-01
2.296128645177674399e-01 8.444425168921468883e-01
2.305628743687661297e-01 8.465513402023331357e-01
2.315148446177649200e-01 8.486269971337142559e-01
2.324687752647637551e-01 8.506700560455826565e-01
2.334246663097626351e-01 8.526810757313157962e-01
2.343825177527615322e-01 8.546606055286155579e-01
2.353423295937605020e-01 8.566091854323035770e-01
2.363041018327595444e-01 8.585273453797468424e-01
2.372678344697586317e-01 8.604156084479318567e-01
2.382335275047577638e-01 8.622744866639563410e-01
2.392011809377569131e-01 8.641044838128774108e-01
2.401707947687561351e-01 8.659060949283491349e-01
2.411423689977554297e-01 8.676798064147652756e-01
2.421159036247547691e-01 8.694260961697454215e-01
2.430913986497540979e-01 8.711454337073966103e-01
2.440688540727535549e-01 8.728382802816564423e-01
2.450482698937530290e-01 8.745050890099039798e-01
2.460296461127525758e-01 8.761463049965168004e-01
2.470129827297521674e-01 8.777623654561647060e-01
2.479982797447517484e-01 8.793536989599730624e-01
2.489855371577514298e-01 8.809207288255525015e-01
2.499747549687511561e-01 8.824638686537403798e-01
2.509659331777509550e-01 8.839835253202319443e-01
2.519590717847506878e-01 8.854800984209577619e-01
2.529541707897505765e-01 8.869539803917797505e-01
2.539512301927505100e-01 8.884055566276208848e-01
2.549502499937504885e-01 8.898352056002397648e-01
2.559512301927505673e-01 8.912432989753078516e-01
2.569541707897506355e-01 8.926302017281427803e-01
2.579590717847507486e-01 8.939962722583948418e-01
2.589659331777509621e-01 8.953418617999170381e-01
2.599747549687512205e-01 8.966673171471380988e-01
2.609855371577514682e-01 8.979729771070712463e-01
2.619982797447518164e-01 8.992591748929593676e-01
2.630129827297520984e-01 9.005262376966524096e-01
2.640296461127525363e-01 9.017744867954124999e-01
2.650482698937530190e-01 9.030042376573178542e-01
2.660688540727535467e-01 9.042158000453741629e-01
2.670913986497541748e-01 9.054094781200189290e-01
2.681159036247547922e-01 9.065855705402513509e-01
2.691423689977554545e-01 9.077443705634081761e-01
2.701707947687562172e-01 9.088861661432658945e-01
2.712011809377570248e-01 9.100112393205708194e-01
2.722335275047577108e-01 9.111198689500301651e-01
2.732678344697586081e-01 9.122123271011143286e-01
2.743041018327595504e-01 9.132888814614834594e-01
2.753423295937605375e-01 9.143497948842990164e-01
2.763825177527615695e-01 9.153953254775678561e-01
2.774246663097627019e-01 9.164257266920584621e-01
2.784687752647638237e-01 9.174412474078658120e-01
2.795148446177649904e-01 9.184421320193992822e-01
2.805628743687662574e-01 9.194286205190057570e-01
2.816128645177674028e-01 9.204009485792056244e-01
2.826648150647687596e-01 9.213593476334202004e-01
2.837187260097701613e-01 9.223040442777949988e-01
2.847745973527716079e-01 9.232352628787394710e-01
2.858324290937730994e-01 9.241532220940259501e-01
2.868922212327746357e-01 9.250581371766832817e-01
2.879539737697762170e-01 9.259502195237612199e-01
2.890176867047778431e-01 9.268296767491160937e-01
2.900833600377795141e-01 9.276967127545676650e-01
2.911509937687811744e-01 9.285515278000074924e-01
2.922205878977829352e-01 9.293943185720419109e-01
2.932921424247847964e-01 9.302252782515411100e-01
2.943656573497866469e-01 9.310445965797912171e-01
2.954411326727885978e-01 9.318524599235691319e-01
2.965185683937905936e-01 9.326490507219888926e-01
2.975979645127926343e-01 9.334345498537447439e-01
2.986793210297947199e-01 9.342091334571810401e-01
2.997626379447967393e-01 9.349729750231555725e-01
3.008479152577989146e-01 9.357262449752068445e-01
3.019351529688011904e-01 9.364691107275623372e-01
3.030243510778034555e-01 9.372017367419686051e-01
3.041155095848058210e-01 9.379242845836532894e-01
3.052086284898081758e-01 9.386369129759696284e-01
3.063037077928106311e-01 9.393397778542200705e-01
3.074007474938131312e-01 9.400330324182337716e-01
3.084997475928156763e-01 9.407168271842113461e-01
3.096007080898180996e-01 9.413913100352157004e-01
3.107036289848207899e-01 9.420566256021125628e-01
3.118085102778234696e-01 9.427129178229064488e-01
3.129153519688261942e-01 9.433603264441968728e-01
3.140241540578289636e-01 9.439989893011012656e-01
3.151349165448318335e-01 9.446290418347175200e-01
3.162476394298346927e-01 9.452506171372123678e-01
3.173623227128376523e-01 9.458638459960518885e-01
3.184789663938406568e-01 9.464688569372731175e-01
3.195975704728435396e-01 9.470657762679460800e-01
3.207181349498466338e-01 9.476547281178980819e-01
3.218406598248497730e-01 9.482358344805290606e-01
3.229651450978529570e-01 9.488092152527981549e-01
3.240915907688562414e-01 9.493749877380762703e-01
3.252199968378595152e-01 9.499332686950474613e-01
3.263503633048628338e-01 9.504841715401122215e-01
3.274826901698662529e-01 9.510278081667236094e-01
3.286169774328696613e-01 9.515642885606176993e-01
3.297532250938730591e-01 9.520937208353875691e-01
3.308914331528765573e-01 9.526162112673302040e-01
3.320316016098801559e-01 9.531318643296307069e-01
3.331737304648837994e-01 9.536407827258522873e-01
3.343178197178874878e-01 9.541430674227716624e-01
3.354638693688912210e-01 9.546388176825706395e-01
3.366118794178950546e-01 9.551281310944217395e-01
3.377618498648988776e-01 9.556111036053960284e-01
3.389137807099027455e-01 9.560878290489887021e-01
3.400676719529066028e-01 9.565584010588982222e-01
3.412235235939105604e-01 9.570229104369200046e-01
3.423813356329146185e-01 9.574814468568135783e-01
3.435411080699187214e-01 9.579340984959953120e-01
3.447028409049228137e-01 9.583809520631677570e-01
3.458665341379270064e-01 9.588220928251117714e-01
3.470321877689312440e-01 9.592576046332078610e-01
3.481998017979355819e-01 9.596875699492106726e-01
3.493693762249399093e-01 9.601120698707090728e-01
3.505409110499441705e-01 9.605311841560105757e-01
3.517144062729485876e-01 9.609449912484846479e-01
3.528898618939531051e-01 9.613535683005081101e-01
3.540672779129576120e-01 9.617569911969485741e-01
3.552466543299622193e-01 9.621553340418685929e-01
3.564279911449668714e-01 9.625486712034028169e-01
3.576112883579715684e-01 9.629370744673190208e-01
3.587965459689763104e-01 9.633206148717380346e-01
3.599837639779809306e-01 9.636993622977172436e-01
3.611729423849858178e-01 9.640733854902417965e-01
3.623640811899906944e-01 9.644427520785663344e-01
3.635571803929956158e-01 9.648075285962957048e-01
3.647522399940006377e-01 9.651677805009734046e-01
3.659492599930056489e-01 9.655235721934906090e-01
3.671482403900107605e-01 9.658749670368078633e-01
3.683491811850159170e-01 9.662220273745617538e-01
3.695520823780210629e-01 9.665648145492888865e-01
3.707569439690261981e-01 9.669033889201372745e-01
3.719637659580314892e-01 9.672378093625109141e-01
3.731725483450368253e-01 9.675681352432827786e-01
3.743832911300422062e-01 9.678944236538408186e-01
3.755959943130476320e-01 9.682167311896305861e-01
3.768106578940531581e-01 9.685351135468361905e-01
3.780272818730586737e-01 9.688496255382417210e-01
3.792458662500642896e-01 9.691603211087971292e-01
3.804664110250698950e-01 9.694672533508049694e-01
3.816889161980754896e-01 9.697704745190123266e-01
3.829133817690812402e-01 9.700700360451467441e-01
3.841398077380869802e-01 9.703659885524101858e-01
3.853681941050928206e-01 9.706583818696243871e-01
3.865985408700987613e-01 9.709472650449576525e-01
3.878308480331046915e-01 9.712326863596848492e-01
3.890651155941106665e-01 9.715146928895328493e-01
3.903013435531166864e-01 9.717933322273984986e-01
3.915395319101228067e-01 9.720686500643354044e-01
3.927796806651288053e-01 9.723406917429711083e-01
3.940217898181350153e-01 9.726095019031125721e-01
3.952658593691412148e-01 9.728751244939102261e-01
3.965118893181475146e-01 9.731376027857572275e-01
3.977598796651538593e-01 9.733969793818703087e-01
3.990098304101602489e-01 9.736532962298690697e-01
4.002617415531666833e-01 9.739065946328748780e-01
4.015156130941732182e-01 9.741569152606314175e-01
4.027714450331797424e-01 9.744042981602544229e-01
4.040292373701862005e-01 9.746487827669250148e-01
4.052889901051928145e-01 9.748904079142021173e-01
4.065507032381995289e-01 9.751292118443202206e-01
4.078143767692062882e-01 9.753652317877822275e-01
4.090800106982130369e-01 9.755985056057423499e-01
4.103476050252198859e-01 9.758290694721825087e-01
4.116171597502267798e-01 9.760569593610690653e-01
4.128886748732337186e-01 9.762822107034178076e-01
4.141621503942407023e-01 9.765048583963908957e-01
4.154375863132476199e-01 9.767249368121123654e-01
4.167149826302546933e-01 9.769424798066572713e-01
4.179943393452618672e-01 9.771575207286324893e-01
4.192756564582690304e-01 9.773700924275825486e-01
4.205589339692762940e-01 9.775802272624029010e-01
4.218441718782836025e-01 9.777879571094876265e-01
4.231313701852909004e-01 9.779933133707213733e-01
4.244205288902982987e-01 9.781963269813815920e-01
4.257116479933056308e-01 9.783970284179031029e-01
4.270047274943131188e-01 9.785954477053642186e-01
4.282997673933206517e-01 9.787916139884095257e-01
4.295967676903282295e-01 9.789855572006137541e-01
4.308957283853359077e-01 9.791773056941373010e-01
4.321966494783435753e-01 9.793668877610659518e-01
4.334995309693513432e-01 9.795543312781185286e-01
4.348043728583591006e-01 9.797396637134793140e-01
4.361111751453669583e-01 9.799229121334184223e-01
4.374199378303746943e-01 9.801041032089291560e-01
4.387306609133826418e-01 9.802832632221255560e-01
4.400433443943906342e-01 9.804604180725575713e-01
4.413579882733986715e-01 9.806355932833732414e-01
4.426745925504067536e-01 9.808088140075953421e-01
4.439931572254149361e-01 9.809801050339234108e-01
4.453136822984231080e-01 9.811494907926897602e-01
4.466361677694313248e-01 9.813169953616628360e-01
4.479606136384396420e-01 9.814826424717011388e-01
4.492870199054478375e-01 9.816464551265948746e-01
4.506153865704562445e-01 9.818084570789008536e-01
4.519457136334646408e-01 9.819686707295186556e-01
4.532780010944731375e-01 9.821271184755437922e-01
4.546122489534816791e-01 9.822838223941281477e-01
4.559484572104903211e-01 9.824388042474891947e-01
4.572866258654989524e-01 9.825920854879586219e-01
4.586267549185076287e-01 9.827436872628900755e-01
4.599688443695163498e-01 9.828936304195476925e-01
4.613128942185250048e-01 9.830419355097507195e-01
4.626589044655338712e-01 9.831886227946322609e-01
4.640068751105427269e-01 9.833337122491719873e-01
4.653568061535516831e-01 9.834772235667967877e-01
4.667086975945606842e-01 9.836191761636192687e-01
4.680625494335697301e-01 9.837595891830110961e-01
4.694183616705788209e-01 9.838984814997194794e-01
4.707761343055879566e-01 9.840358717241378672e-01
4.721358673385971372e-01 9.841717778565218788e-01
4.734975607696062516e-01 9.843062186274567082e-01
4.748612145986155220e-01 9.844392115844372571e-01
4.762268288256248927e-01 9.845707743202117834e-01
4.775944034506342528e-01 9.847009241831924387e-01
4.789639384736437133e-01 9.848296782810638250e-01
4.803354338946532187e-01 9.849570534846464609e-01
4.817088897136627690e-01 9.850830664314615959e-01
4.830843059306723641e-01 9.852077335293385474e-01
4.844616825456818376e-01 9.853310709600283657e-01
4.858410195586915226e-01 9.854530946824958670e-01
4.872223169697012524e-01 9.855738204365850352e-01
4.886055747787110826e-01 9.856932637461396363e-01
4.899907929857209021e-01 9.858114399224113811e-01
4.913779715907308221e-01 9.859283640673317528e-01
4.927671105937407314e-01 9.860440510766049771e-01
4.941582099947507412e-01 9.861585156429375498e-01
4.955512697937607958e-01 9.862717722589985359e-01
4.969462899907707287e-01 9.863838349034814712e-01
4.983432705857808731e-01 9.864947182577968876e-01
4.997422115787910624e-01 9.866044359640916417e-01
5.011431129698012965e-01 9.867130017444990520e-01
5.025459747588115755e-01 9.868204291357793867e-01
5.039507969458218994e-01 9.869267314921501555e-01
5.053575795308323793e-01 9.870319219880731021e-01
5.067663225138427929e-01 9.871360136208741087e-01
5.081770258948532515e-01 9.872390192134316012e-01
5.095896896738636439e-01 9.873409514167461598e-01
5.110043138508743032e-01 9.874418227125216774e-01
5.124208984258848965e-01 9.875416454156701329e-01
5.138394433988955345e-01 9.876404316768063740e-01
5.152599487699063285e-01 9.877381934846609646e-01
5.166824145389171674e-01 9.878349426684961410e-01
5.181068407059279401e-01 9.879306909004216264e-01
5.195332272709388688e-01 9.880254496977702861e-01
5.209615742339498423e-01 9.881192304252962577e-01
5.223918815949606387e-01 9.882120442974969832e-01
5.238241493539717020e-01 9.883039023807640433e-01
5.252583775109828101e-01 9.883948152709002288e-01
5.266945660659939632e-01 9.884847943430673523e-01
5.281327150190051611e-01 9.885738499531651069e-01
5.295728243700164040e-01 9.886619925961876998e-01
5.310148941190276917e-01 9.887492326294324840e-01
5.324589242660390243e-01 9.888355802747023082e-01
5.339049148110504017e-01 9.889210456201092958e-01
5.353528657540617131e-01 9.890056386220548168e-01
5.368027770950731803e-01 9.890893691071845906e-01
5.382546488340846924e-01 9.891722467741566049e-01
5.397084809710962494e-01 9.892542811956025472e-01
5.411642735061079623e-01 9.893354818198679679e-01
5.426220264391196091e-01 9.894158579727484470e-01
5.440817397701314118e-01 9.894954188593736433e-01
5.455434134991431483e-01 9.895741735658193372e-01
5.470070476261550407e-01 9.896521310608178412e-01
5.484726421511667560e-01 9.897293001975092652e-01
5.499401970741787382e-01 9.898056897150249167e-01
5.514097123951906543e-01 9.898813082400780283e-01
5.528811881142027262e-01 9.899561642886047785e-01
5.543546242312148431e-01 9.900302662673139409e-01
5.558300207462270048e-01 9.901036221689019090e-01
5.573073776592392115e-01 9.901762407545183775e-01
5.587866949702514630e-01 9.902481298462081361e-01
5.602679726792635373e-01 9.903192974286655348e-01
5.617512107862758786e-01 9.903897513847975675e-01
5.632364092912882647e-01 9.904594994972363287e-01
5.647235681943006957e-01 9.905285494496672838e-01
5.662126874953131717e-01 9.905969088281960655e-01
5.677037671943258035e-01 9.906645851227935395e-01
5.691968072913383692e-01 9.907315857285287075e-01
5.706918077863509797e-01 9.907979179469966757e-01
5.721887686793637462e-01 9.908635889874849445e-01
5.736876899703762245e-01 9.909286059683392045e-01
5.751885716593890807e-01 9.909929759182357634e-01
5.766914137464018708e-01 9.910567057773074229e-01
5.781962162314148168e-01 9.911198023984756356e-01
5.797029791144278077e-01 9.911822725485819330e-01
5.812117023954407324e-01 9.912441229095950712e-01
5.827223860744538131e-01 9.913053600797406828e-01
5.842350301514669386e-01 9.913659905746874390e-01
5.857496346264799980e-01 9.914260208286511666e-01
5.872661994994931023e-01 9.914854571954857532e-01
5.887847247705062514e-01 9.915443059498200151e-01
5.903052104395195565e-01 9.916025729950419532e-01
5.918276565065329065e-01 9.916602649978510930e-01
5.933520629715463013e-01 9.917173877437733820e-01
5.948784298345597410e-01 9.917739472007326418e-01
5.964067570955732256e-01 9.918299492626451164e-01
5.979370447545868661e-01 9.918853997503335185e-01
5.994692928116004405e-01 9.919403044125887359e-01
6.010035012666138377e-01 9.919946689270551232e-01
6.025396701196276128e-01 9.920484989012354760e-01
6.040777993706413218e-01 9.921017998733938636e-01
6.056178890196550757e-01 9.921545773134974322e-01
6.071599390666689855e-01 9.922068366241213466e-01
6.087039495116828292e-01 9.922585831413325286e-01
6.102499203546968287e-01 9.923098221355285409e-01
6.117978515957107621e-01 9.923605588124082555e-01
6.133477432347248515e-01 9.924107983137258060e-01
6.148995952717387636e-01 9.924605457181833179e-01
6.164534077067529427e-01 9.925098060421946311e-01
6.180091805397671667e-01 9.925585842408286563e-01
6.195669137707813245e-01 9.926068852084526384e-01
6.211266073997956383e-01 9.926547137796184472e-01
6.226882614268099969e-01 9.927020747298521686e-01
6.242518758518244004e-01 9.927489727763568750e-01
6.258174506748388488e-01 9.927954125788300832e-01
6.273849858958533421e-01 9.928413987401246699e-01
6.289544815148676582e-01 9.928869358070857576e-01
6.305259375318823523e-01 9.929320279753427458e-01
6.320993539468969802e-01 9.929766802393912295e-01
6.336747307599116530e-01 9.930208967178379975e-01
6.352520679709263707e-01 9.930646817402570825e-01
6.368313655799411332e-01 9.931080395836522356e-01
6.384126235869560517e-01 9.931509744731542577e-01
6.399958419919709041e-01 9.931934905826410587e-01
6.415810207949856903e-01 9.932355920354629664e-01
6.431681599960007434e-01 9.932772829049594243e-01
6.447572595950157304e-01 9.933185672152420320e-01
6.463483195920308733e-01 9.933594489417026940e-01
6.479413399870459500e-01 9.933999320116390086e-01
6.495363207800611827e-01 9.934400203048828759e-01
6.511332619710764602e-01 9.934797176544513109e-01
6.527321635600916716e-01 9.935190278469705483e-01
6.543330255471070389e-01 9.935579546234225568e-01
6.559358479321222291e-01 9.935965016796222127e-01
6.575406307151376861e-01 9.936346726667685259e-01
6.591473738961531881e-01 9.936724711920660313e-01
6.607560774751687349e-01 9.937099008191546679e-01
6.623667414521843266e-01 9.937469650687952294e-01
6.639793658271999632e-01 9.937836674192501718e-01
6.655939506002157557e-01 9.938200113069080022e-01
6.672104957712314821e-01 9.938560001267107147e-01
6.688290013402472534e-01 9.938916372327275539e-01
6.704494673072629585e-01 9.939269259386351862e-01
6.720718936722788195e-01 9.939618695181499097e-01
6.736962804352947254e-01 9.939964712055969764e-01
6.753226275963107872e-01 9.940307341963169341e-01
6.769509351553267829e-01 9.940646613671451082e-01
6.785812031123429344e-01 9.940982563689862994e-01
6.802134314673590199e-01 9.941315220292293864e-01
6.818476202203752612e-01 9.941644613919365936e-01
6.834837693713914364e-01 9.941970774644632858e-01
6.851218789204075454e-01 9.942293732178597576e-01
6.867619488674239214e-01 9.942613515874326735e-01
6.884039792124403423e-01 9.942930154730316161e-01
6.900479699554568080e-01 9.943243677395008362e-01
6.916939210964733187e-01 9.943554112171806292e-01
6.933418326354898742e-01 9.943861487021175005e-01
6.949917045725064746e-01 9.944165829566565806e-01
6.966435369075231199e-01 9.944467167097635896e-01
6.982973296405398100e-01 9.944765526573112746e-01
6.999530827715563230e-01 9.945060934626364091e-01
7.016107963005731030e-01 9.945353417567639465e-01
7.032704702275899278e-01 9.945643001388787541e-01
7.049321045526069085e-01 9.945929711765822967e-01
7.065956992756238231e-01 9.946213574063781371e-01
7.082612543966407825e-01 9.946494613339215141e-01
7.099287699156578979e-01 9.946772854343750581e-01
7.115982458326749471e-01 9.947048321528333403e-01
7.132696821476921523e-01 9.947321039045554647e-01
7.149430788607090692e-01 9.947591030753687447e-01
7.166184359717263641e-01 9.947858320219494788e-01
7.182957534807437039e-01 9.948122930721607915e-01
7.199750313877609775e-01 9.948384885254195620e-01
7.216562696927784071e-01 9.948644206528778344e-01
7.233394683957958815e-01 9.948900916979073195e-01
7.250246274968132898e-01 9.949155038762048653e-01
7.267117469958308540e-01 9.949406593762810669e-01
7.284008268928482410e-01 9.949655603595928266e-01
7.300918671878658950e-01 9.949902089609776734e-01
7.317848678808835938e-01 9.950146072887733339e-01
7.334798289719013376e-01 9.950387574253037881e-01
7.351767504609192372e-01 9.950626611507690233e-01
7.368756323479370707e-01 9.950863210260941782e-01
7.385764746329549491e-01 9.951097388017482448e-01
7.402792773159728723e-01 9.951329164581715903e-01
7.419840403969908404e-01 9.951558559509787738e-01
7.436907638760087425e-01 9.951785592112556422e-01
7.453994477530268004e-01 9.952010281458205654e-01
7.471100920280450142e-01 9.952232646374273850e-01
7.488226967010631618e-01 9.952452705450267612e-01
7.505372617720814654e-01 9.952670477040448382e-01
7.522537872410997029e-01 9.952885979265742034e-01
7.539722731081180962e-01 9.953099230016011489e-01
7.556927193731364234e-01 9.953310246952793428e-01
7.574151260361549065e-01 9.953519047510714923e-01
7.591394930971732125e-01 9.953725648900918488e-01
7.608658205561917853e-01 9.953930068111903617e-01
7.625941084132104031e-01 9.954132321912706471e-01
7.643243566682289547e-01 9.954332426854501925e-01
7.660565653212476622e-01 9.954530399272452090e-01
7.677907343722664146e-01 9.954726255288474102e-01
7.695268638212852119e-01 9.954920010812678965e-01
7.712649536683040541e-01 9.955111681545342206e-01
7.730050039133229411e-01 9.955301282978794575e-01
7.747470145563417621e-01 9.955488830399896738e-01
7.764909855973607389e-01 9.955674338891152830e-01
7.782369170363797606e-01 9.955857823333040812e-01
7.799848088733989382e-01 9.956039298405213733e-01
7.817346611084180497e-01 9.956218778589625007e-01
7.834864737414372060e-01 9.956396278170300818e-01
7.852402467724565183e-01 9.956571811236588632e-01
7.869959802014757644e-01 9.956745391684197477e-01
7.887536740284951664e-01 9.956917033217148605e-01
7.905133282535142802e-01 9.957086749349051136e-01
7.922749428765337720e-01 9.957254553404651931e-01
7.940385178975533087e-01 9.957420458521929474e-01
7.958040533165727792e-01 9.957584477653069754e-01
7.975715491335924057e-01 9.957746623566371413e-01
7.993410053486120770e-01 9.957906908847281580e-01
8.011124219616317932e-01 9.958065345900016796e-01
8.028857989726515543e-01 9.958221946949487036e-01
8.046611363816711382e-01 9.958376724041493322e-01
8.064384341886909890e-01 9.958529689045269029e-01
8.082176923937108848e-01 9.958680853654339193e-01
8.099989109967308254e-01 9.958830229387775068e-01
8.117820899977508109e-01 9.958977827591440901e-01
8.135672293967708413e-01 9.959123656869546259e-01
8.153543291937909165e-01 9.959267733218742924e-01
8.171433893888111477e-01 9.959410065045252169e-01
8.189344099818313127e-01 9.959550663014344885e-01
8.207273909728513006e-01 9.959689537624589750e-01
8.225223323618716664e-01 9.959826699208326195e-01
8.243192341488919661e-01 9.959962157932857885e-01
8.261180963339124217e-01 9.960095923801712825e-01
8.279189189169328111e-01 9.960228006655572619e-01
8.297217018979533565e-01 9.960358416173193952e-01
8.315264452769738357e-01 9.960487161872515482e-01
8.333331490539944708e-01 9.960614253111343963e-01
8.351418132290151508e-01 9.960739699088941856e-01
8.369524378020356536e-01 9.960863508846321546e-01
8.387650227730564234e-01 9.960985691267110198e-01
8.405795681420771270e-01 9.961106255078985283e-01
8.423960739090979866e-01 9.961225208853735635e-01
8.442145400741188910e-01 9.961342561008809104e-01
8.460349666371398403e-01 9.961458319807940942e-01
8.478573535981608345e-01 9.961572493360847380e-01
8.496817009571818735e-01 9.961685089625897938e-01
8.515080087142030685e-01 9.961796116409223911e-01
8.533362768692239753e-01 9.961905581366213847e-01
8.551665054222451490e-01 9.962013492001563497e-01
8.569986943732663676e-01 9.962119855670693580e-01
8.588328437222877421e-01 9.962224679579804176e-01
8.606689534693090504e-01 9.962327970786406528e-01
8.625070236143304037e-01 9.962429736200411057e-01
8.643470541573519128e-01 9.962529982584172883e-01
8.661890450983733558e-01 9.962628716553211250e-01
8.680329964373949547e-01 9.962725944576877879e-01
8.698789081744163765e-01 9.962821672978159349e-01
8.717267803094379541e-01 9.962915907935043780e-01
8.735766128424596877e-01 9.963008655480211084e-01
8.754284057734814661e-01 9.963099921501913370e-01
8.772821591025032895e-01 9.963189711744077082e-01
8.791378728295250466e-01 9.963278031806622748e-01
8.809955469545469597e-01 9.963364887146007876e-01
8.828551814775689177e-01 9.963450283075129255e-01
8.847167763985909206e-01 9.963534224764288849e-01
8.865803317176127463e-01 9.963616717240623144e-01
8.884458474346348389e-01 9.963697765389081251e-01
8.903133235496569764e-01 9.963777373951957506e-01
8.921827600626792698e-01 9.963855547529709700e-01
8.940541569737014971e-01 9.963932290580257423e-01
8.959275142827237692e-01 9.964007607420234391e-01
8.978028319897460863e-01 9.964081502224148013e-01
8.996801100947685592e-01 9.964153979024922281e-01
9.015593485977907440e-01 9.964225041713680175e-01
9.034405474988133067e-01 9.964294694039952383e-01
9.053237067978358033e-01 9.964362939611802750e-01
9.072088264948584557e-01 9.964429781895454141e-01
9.090959065898810421e-01 9.964495224215397240e-01
9.109849470829037843e-01 9.964559269754724724e-01
9.128759479739264604e-01 9.964621921553665773e-01
9.147689092629492924e-01 9.964683182511578918e-01
9.166638309499721693e-01 9.964743055385031356e-01
9.185607130349948690e-01 9.964801542787949939e-01
9.204595555180178357e-01 9.964858647192444963e-01
9.223603583990407362e-01 9.964914370927383525e-01
9.242631216780637926e-01 9.964968716178167485e-01
9.261678453550868939e-01 9.965021684987536155e-01
9.280745294301100401e-01 9.965073279253988670e-01
9.299831739031333422e-01 9.965123500732232520e-01
9.318937787741565781e-01 9.965172351032358655e-01
9.338063440431798590e-01 9.965219831619920310e-01
9.357208697102029626e-01 9.965265943814947125e-01
9.376373557752263332e-01 9.965310688791555460e-01
9.395558022382498597e-01 9.965354067577965047e-01
9.414762090992733201e-01 9.965396081055274413e-01
9.433985763582968254e-01 9.965436729957787287e-01
9.453229040153204865e-01 9.965476014871288424e-01
9.472491920703440815e-01 9.965513936233496572e-01
9.491774405233678324e-01 9.965550494332482412e-01
9.511076493743915172e-01 9.965585689307067119e-01
9.530398186234151359e-01 9.965619521144655213e-01
9.549739482704390214e-01 9.965651989682402512e-01
9.569100383154629519e-01 9.965683094604390613e-01
9.588480887584868162e-01 9.965712835442289697e-01
9.607880995995108364e-01 9.965741211573786451e-01
9.627300708385349015e-01 9.965768222221940142e-01
9.646740024755590115e-01 9.965793866454460970e-01
9.666198945105831664e-01 9.965818143182352262e-01
9.685677469436073661e-01 9.965841051159198827e-01
9.705175597746313887e-01 9.965862588979919057e-01
9.724693330036556782e-01 9.965882755079904509e-01
9.744230666306800126e-01 9.965901547734042909e-01
9.763787606557043919e-01 9.965918965055083900e-01
9.783364150787289271e-01 9.965935004993001778e-01
9.802960298997533961e-01 9.965949665333722063e-01
9.822576051187779100e-01 9.965962943697175280e-01
9.842211407358025799e-01 9.965974837537000530e-01
9.861866367508271836e-01 9.965985344138500457e-01
9.881540931638517211e-01 9.965994460617776385e-01
9.901235099748764146e-01 9.966002183919739910e-01
9.920948871839012639e-01 9.966008510816949384e-01
9.940682247909260472e-01 9.966013437908279871e-01
9.960435227959509863e-01 9.966016961617181202e-01
9.980207811989759703e-01 9.966019078190232472e-01
1.000000000000000666e+00 9.966019783695061474e-01
