0.000000000000000000e+00 7.030955899714082073e-03
2.078119897502626434e-05 7.370245605435112729e-03
4.352279595010249372e-05 7.746376070814005831e-03
6.822479092522875592e-05 8.160476245820722993e-03
9.488718390040502381e-05 8.613709709019760213e-03
1.235099748756312839e-04 9.107265278745654835e-03
1.540931638509075632e-04 9.642348362128159295e-03
1.866367508262337669e-04 1.022017307247695579e-02
2.211407358016100034e-04 1.084195511427256745e-02
2.576051187770363269e-04 1.150890541152407159e-02
2.960298997525126832e-04 1.222222443887500780e-02
3.364150787280388555e-04 1.298309720453173256e-02
3.787606557036150606e-04 1.379268882869289121e-02
4.230666306792412444e-04 1.465214065953272977e-02
4.693330036549174067e-04 1.556256686988063791e-02
5.175597746306437102e-04 1.652505148068621893e-02
5.677469436064200466e-04 1.754064576142666185e-02
6.198945105822462531e-04 1.861036596229119489e-02
6.740024755581224382e-04 1.973519133783958879e-02
7.300708385340486020e-04 2.091606242662364182e-02
7.880995995100251780e-04 2.215387955580177398e-02
8.480887584860512989e-04 2.344950154395048642e-02
9.100383154621275068e-04 2.480374457904559529e-02
9.739482704382536934e-04 2.621738125192768845e-02
1.039818623414429750e-03 2.769113972849278696e-02
1.107649374390655894e-03 2.922570304637445854e-02
1.177440523366932558e-03 3.082170852407100856e-02
1.249192070343258659e-03 3.247974727230786701e-02
1.322904015319634847e-03 3.420036379900628920e-02
1.398576358296060905e-03 3.598405570054255542e-02
1.476209099272537051e-03 3.783127343308165941e-02
1.555802238249063716e-03 3.974242015869921402e-02
1.637355775225640036e-03 4.171785166175528969e-02
1.720869710202266008e-03 4.375787633162166179e-02
1.806344043178942285e-03 4.586275520837284486e-02
1.893778774155669082e-03 4.803270208847098405e-02
1.983173903132445098e-03 5.026788368781910654e-02
2.074529430109271419e-03 5.256841985982985826e-02
2.167845355086147393e-03 5.493438386636281812e-02
2.263121678063073454e-03 5.736580269957990141e-02
2.360358399040050469e-03 5.986265745287000506e-02
2.459555518017076271e-03 6.242488373912520594e-02
2.560713034994152593e-03 6.505237215471272594e-02
2.663830949971278568e-03 6.774496878753549778e-02
2.768909262948454630e-03 7.050247576762677659e-02
2.875947973925680780e-03 7.332465185874681435e-02
2.984947082902957450e-03 7.621121308945298656e-02
3.095906589880283773e-03 7.916183342212701479e-02
3.208826494857659750e-03 8.217614545844892371e-02
3.323706797835085814e-03 8.525374117978655464e-02
3.440547498812561965e-03 8.839417272097888079e-02
3.559348597790088636e-03 9.159695317596244779e-02
3.680110094767664961e-03 9.486155743369086013e-02
3.802831989745290939e-03 9.818742304278793576e-02
3.927514282722965704e-03 1.015739511033451614e-01
4.054156973700691856e-03 1.050205071842882504e-01
4.182760062678468095e-03 1.085264222647003562e-01
4.313323549656295289e-03 1.120909936975097582e-01
4.445847434634171702e-03 1.157134861939363019e-01
4.580331717612097335e-03 1.193931328270521341e-01
4.716776398590073922e-03 1.231291360528807555e-01
4.855181477568099729e-03 1.269206687474017659e-01
4.995546954546175623e-03 1.307668752578462767e-01
5.137872829524301604e-03 1.346668724666904016e-01
5.282159102502477672e-03 1.386197154029392420e-01
5.428405773480703828e-03 1.426245396869527393e-01
5.576612842458980070e-03 1.466803513064669495e-01
5.726780309437305531e-03 1.507861681224288708e-01
5.878908174415681948e-03 1.549409859862488914e-01
6.032996437394107583e-03 1.591437798471054543e-01
6.189045098372585908e-03 1.633935048611570018e-01
6.347054157351111718e-03 1.676890975012038931e-01
6.507023614329687615e-03 1.720294766654187346e-01
6.668953469308313599e-03 1.764135447837165138e-01
6.832843722286989670e-03 1.808401889204352131e-01
6.998694373265715828e-03 1.853082818720069858e-01
7.166505422244492073e-03 1.898166832583225994e-01
7.336276869223317537e-03 1.943642406065901607e-01
7.508008714202193956e-03 1.989497904264268535e-01
7.681700957181119595e-03 2.035721592750906195e-01
7.857353598160098790e-03 2.082301648116759440e-01
8.034966637139125470e-03 2.129226168392624186e-01
8.214540074118200502e-03 2.176483183339334160e-01
8.396073909097327356e-03 2.224060664597254378e-01
8.579568142076502563e-03 2.271946535685591129e-01
8.765022773055727856e-03 2.320128681842524021e-01
8.952437802035004971e-03 2.368594959698162028e-01
9.141813229014330439e-03 2.417333206771744847e-01
9.333149053993705993e-03 2.466331250786399643e-01
9.526445276973131635e-03 2.515576918793875350e-01
9.721701897952607363e-03 2.565058046103150247e-01
9.918918916932136648e-03 2.614762485006670301e-01
1.011809633391171255e-02 2.664678113298685758e-01
1.031923414889133854e-02 2.714792842580843746e-01
1.052233236187101462e-02 2.765094626350104168e-01
1.072739097285074078e-02 2.815571467865054522e-01
1.093440998183051703e-02 2.866211427786666266e-01
1.114338938881034163e-02 2.917002631590650541e-01
1.135432919379021806e-02 2.967933276747990456e-01
1.156722939677014457e-02 3.018991639671903537e-01
1.178208999775011943e-02 3.070166082428472110e-01
1.199891099673014612e-02 3.121445059210348760e-01
1.221769239371022463e-02 3.172817122571287562e-01
1.243843418869035149e-02 3.224270929421540477e-01
1.266113638167052670e-02 3.275795246783091419e-01
1.288579897265075200e-02 3.327378957305281437e-01
1.311242196163102738e-02 3.379011064540327625e-01
1.334100534861135459e-02 3.430680697980165172e-01
1.357154913359173015e-02 3.482377117854918436e-01
1.380405331657215580e-02 3.534089719694681331e-01
1.403851789755263153e-02 3.585808038655820540e-01
1.427494287653315735e-02 3.637521753614075259e-01
1.451332825351373326e-02 3.689220691026123267e-01
1.475367402849436273e-02 3.740894828561948660e-01
1.499598020147503881e-02 3.792534298511571755e-01
1.524024677245576498e-02 3.844129390967407356e-01
1.548647374143653950e-02 3.895670556786763883e-01
1.573466110841736931e-02 3.947148410336989155e-01
1.598480887339824227e-02 3.998553732026714491e-01
1.623691703637917053e-02 4.049877470627435416e-01
1.649098559736014366e-02 4.101110745388550360e-01
1.674701455634117209e-02 4.152244847949994599e-01
1.700500391332224540e-02 4.203271244057140699e-01
1.726495366830337400e-02 4.254181575081356637e-01
1.752686382128455442e-02 4.304967659350883991e-01
1.779073437226577625e-02 4.355621493297139879e-01
1.805656532124705685e-02 4.406135252419715598e-01
1.832435666822837886e-02 4.456501292075890630e-01
1.859410841320975616e-02 4.506712148098764303e-01
1.886582055619118528e-02 4.556760537248821796e-01
1.913949309717265929e-02 4.606639357503923282e-01
1.941512603615418858e-02 4.656341688192570660e-01
1.969271937313575929e-02 4.705860789974958824e-01
1.997227310811738876e-02 4.755190104677437524e-01
2.025378724109906312e-02 4.804323254984549374e-01
2.053726177208079276e-02 4.853254043994149614e-01
2.082269670106256382e-02 4.901976454640566416e-01
2.111009202804439364e-02 4.950484648989595393e-01
2.139944775302626487e-02 4.998772967412485335e-01
2.169076387600819486e-02 5.046835927641146746e-01
2.198404039699017321e-02 5.094668223711721344e-01
2.227927731597219643e-02 5.142264724799668896e-01
2.257647463295427495e-02 5.189620473952329949e-01
2.287563234793639835e-02 5.236730686722814720e-01
2.317675046091857705e-02 5.283590749710453949e-01
2.347982897190080062e-02 5.330196219012093284e-01
2.378486788088307949e-02 5.376542818589125083e-01
2.409186718786539977e-02 5.422626438554247752e-01
2.440082689284778228e-02 5.468443133382777654e-01
2.471174699583020273e-02 5.513989120052915638e-01
2.502462749681268195e-02 5.559260776118444269e-01
2.533946839579521298e-02 5.604254637719239263e-01
2.565626969277778543e-02 5.648967397532648205e-01
2.597503138776041318e-02 5.693395902670190800e-01
2.629575348074308580e-02 5.737537152523776163e-01
2.661843597172581372e-02 5.781388296564228257e-01
2.694307886070858651e-02 5.824946632097200983e-01
2.726968214769141807e-02 5.868209601979220702e-01
2.759824583267428758e-02 5.911174792297569924e-01
2.792876991565721931e-02 5.953839930017615911e-01
2.826125439664019939e-02 5.996202880600903784e-01
2.859569927562322089e-02 6.038261645596852967e-01
2.893210455260630115e-02 6.080014360211987157e-01
2.927047022758941935e-02 6.121459290859325719e-01
2.961079630057259979e-02 6.162594832690216906e-01
2.995308277155582163e-02 6.203419507113103748e-01
3.029732964053910224e-02 6.243931959300325074e-01
3.064353690752242426e-02 6.284130955686524356e-01
3.099170457250580504e-02 6.324015381460948992e-01
3.134183263548922377e-02 6.363584238056454456e-01
3.169392109647270472e-02 6.402836640636848653e-01
3.204796995545623056e-02 6.441771815585590755e-01
3.240397921243980128e-02 6.480389097997900638e-01
3.276194886742343076e-02 6.518687929177821028e-01
3.312187892040710513e-02 6.556667854142934626e-01
3.348376937139083825e-02 6.594328519138269451e-01
3.384762022037460932e-02 6.631669669161375236e-01
3.421343146735843915e-02 6.668691145500244000e-01
3.458120311234230693e-02 6.705392883285566930e-01
3.495093515532624040e-02 6.741774909059137233e-01
3.532262759631021182e-02 6.777837338360014341e-01
3.569628043529424199e-02 6.813580373329425344e-01
3.607189367227831706e-02 6.849004300335660433e-01
3.644946730726244394e-02 6.884107830641681414e-01
3.682900134024662264e-02 6.918894666007533445e-01
3.721049577123083929e-02 6.953363732423394339e-01
3.759395060021512164e-02 6.987515629800435946e-01
3.797936582719944193e-02 7.021351030747694510e-01
3.836674145218382098e-02 7.054870678343849733e-01
3.875607747516824492e-02 7.088075383935491525e-01
3.914737389615272761e-02 7.120966024964177077e-01
3.954063071513724825e-02 7.153543542822506929e-01
3.993584793212182765e-02 7.185808940740271433e-01
4.033302554710645887e-02 7.217763281700159128e-01
4.073216356009112804e-02 7.249407686385131999e-01
4.113326197107585597e-02 7.280743331156793730e-01
4.153632078006062878e-02 7.311771446065764568e-01
4.194133998704546035e-02 7.342493312894022850e-01
4.234831959203032986e-02 7.372910263229938144e-01
4.275725959501525814e-02 7.403023676576301337e-01
4.316815999600023129e-02 7.432834978491040800e-01
4.358102079498526321e-02 7.462345638761318511e-01
4.399584199197033307e-02 7.491557169611865463e-01
4.441262358695546170e-02 7.520471123945341452e-01
4.483136557994064214e-02 7.549089093617836754e-01
4.525206797092586747e-02 7.577412707747213094e-01
4.567473075991114462e-02 7.605443631055724962e-01
4.609935394689646665e-02 7.633183562245703380e-01
4.652593753188184744e-02 7.660634232409588851e-01
4.695448151486726618e-02 7.687797403472967916e-01
4.738498589585275061e-02 7.714674866671779041e-01
4.781745067483826606e-02 7.741268441061989192e-01
4.825187585182384720e-02 7.767579972063262117e-01
4.868826142680946628e-02 7.793611330035141727e-01
4.912660739979515107e-02 7.819364408886286810e-01
4.956691377078088073e-02 7.844841124716066538e-01
5.000918053976664834e-02 7.870043414488799849e-01
5.045340770675248165e-02 7.894973234739817158e-01
5.089959527173835291e-02 7.919632560313520919e-01
5.134774323472428292e-02 7.944023383132362559e-01
5.179785159571025088e-02 7.968147710997885991e-01
5.224992035469628454e-02 7.992007566421874820e-01
5.270394951168235614e-02 8.015604985488404832e-01
5.315993906666848651e-02 8.038942016745825869e-01
5.361788901965465481e-02 8.062020720128418860e-01
5.407779937064088882e-02 8.084843165907988904e-01
5.453967011962716771e-02 8.107411433673780143e-01
5.500350126661349148e-02 8.129727611341281968e-01
5.546929281159986708e-02 8.151793794189653442e-01
5.593704475458628755e-02 8.173612083926024008e-01
5.640675709557277373e-02 8.195184587778122642e-01
5.687842983455929091e-02 8.216513417613329207e-01
5.735206297154587379e-02 8.237600689084260130e-01
5.782765650653248768e-02 8.258448520800500958e-01
5.830521043951917420e-02 8.279059033526635636e-01
5.878472477050590561e-02 8.299434349403930211e-01
5.926619949949267496e-02 8.319576591198603044e-01
5.974963462647950307e-02 8.339487881573148798e-01
6.023503015146637607e-02 8.359170342382259422e-01
6.072238607445330782e-02 8.378626093991751178e-01
6.121170239544027752e-02 8.397857254620696432e-01
6.170297911442730598e-02 8.416865939706014155e-01
6.219621623141437933e-02 8.435654261289317057e-01
6.269141374640151143e-02 8.454224327425408081e-01
6.318857165938866760e-02 8.472578241611514738e-01
6.368768997037589641e-02 8.490718102238219434e-01
6.418876867936318398e-02 8.508646002059737645e-01
6.469180778635051643e-02 8.526364027684661950e-01
6.519680729133789376e-02 8.543872688559074335e-01
6.570376719432530210e-02 8.561177116746462312e-01
6.621268749531278308e-02 8.578277885577121342e-01
6.672356819430030894e-02 8.595177052234718174e-01
6.723640929128789356e-02 8.611876665491539073e-01
6.775121078627552307e-02 8.628378765309675513e-01
6.826797267926318358e-02 8.644685382459077472e-01
6.878669497025091673e-02 8.660798538152094661e-01
6.930737765923869476e-02 8.676720243694135970e-01
6.983002074622653155e-02 8.692452500150102956e-01
7.035462423121441322e-02 8.707997298025973443e-01
7.088118811420231202e-02 8.723356616965607380e-01
7.140971239519029734e-02 8.738532425462098852e-01
7.194019707417832754e-02 8.753526680582992547e-01
7.247264215116641650e-02 8.768341327709554545e-01
7.300704762615452259e-02 8.782978300289749907e-01
7.354341349914270132e-02 8.797439519603734714e-01
7.408173977013092493e-02 8.811726894542628585e-01
7.462202643911922118e-02 8.825842321399285373e-01
7.516427350610754843e-02 8.839787683671284091e-01
7.570848097109590669e-02 8.853564851875701525e-01
7.625464883408433758e-02 8.867175683375053685e-01
7.680277709507281336e-02 8.880622022214545996e-01
7.735286575406134790e-02 8.893905698969519769e-01
7.790491481104989957e-02 8.907028530604234051e-01
7.845892426603853775e-02 8.919992320339582559e-01
7.901489411902722082e-02 8.932798857531829562e-01
7.957282437001594877e-02 8.945449917559675779e-01
8.013271501900470772e-02 8.957947261721713739e-01
8.069456606599353932e-02 8.970292637141311642e-01
8.125837751098241579e-02 8.982487776681982172e-01
8.182414935397135103e-02 8.994534398869502567e-01
8.239188159496033115e-02 9.006434207823140747e-01
8.296157423394934227e-02 9.018188893194061251e-01
8.353322727093842603e-02 9.029800130111829137e-01
8.410684070592755468e-02 9.041269579138062618e-01
8.468241453891674209e-02 9.052598886227074537e-01
8.525994876990593274e-02 9.063789682693328409e-01
8.583944339889522379e-02 9.074843585185717876e-01
8.642089842588455972e-02 9.085762195668146690e-01
8.700431385087394054e-02 9.096547101405949576e-01
8.758968967386336624e-02 9.107199874958994412e-01
8.817702589485282294e-02 9.117722074179501757e-01
8.876632251384235228e-02 9.128115242216179315e-01
8.935757953083194038e-02 9.138379987942479854e-01
8.995079694582157337e-02 9.148519597213700116e-01
9.054597475881122348e-02 9.158534713121988524e-01
9.114311296980096011e-02 9.168426819969578423e-01
9.174221157879074162e-02 9.178197387447548650e-01
9.234327058578056802e-02 9.187847870668599537e-01
9.294628999077042542e-02 9.197379710204103276e-01
9.355126979376035545e-02 9.206794332125264324e-01
9.415820999475034425e-02 9.216093148047730388e-01
9.476711059374037793e-02 9.225277555180321221e-01
9.537797159073045650e-02 9.234348936377201333e-01
9.599079298572055219e-02 9.243308660193165771e-01
9.660557477871074827e-02 9.252158080942686214e-01
9.722231696970097536e-02 9.260898538761100918e-01
9.784101955869126122e-02 9.269531359670181159e-01
9.846168254568156419e-02 9.278057855644916696e-01
9.908430593067193981e-02 9.286479324684366876e-01
9.970888971366237419e-02 9.294797050884088252e-01
1.003354338946528534e-01 9.303012304511210084e-01
1.009639384736433915e-01 9.311126342082625129e-01
1.015944034506339466e-01 9.319140406443755520e-01
1.022268288256245744e-01 9.327055726851025685e-01
1.028612145986152610e-01 9.334873519055481017e-01
1.034975607696059924e-01 9.342594985387817630e-01
1.041358673385967409e-01 9.350221314846574039e-01
1.047761343055875760e-01 9.357753683186244009e-01
1.054183616705784560e-01 9.365193253008371466e-01
1.060625494335693947e-01 9.372541173853303764e-01
1.067086975945603783e-01 9.379798582293500386e-01
1.073568061535513790e-01 9.386966602028041784e-01
1.080068751105424663e-01 9.394046343978665892e-01
1.086589044655335984e-01 9.401038906386498528e-01
1.093128942185247754e-01 9.407944933722351966e-01
1.099688443695159834e-01 9.414766337419168130e-01
1.106267549185072641e-01 9.421503778084079350e-01
1.112866258654986035e-01 9.428158304033699144e-01
1.119484572104899878e-01 9.434730951399203924e-01
1.126122489534813753e-01 9.441222744228896513e-01
1.132780010944728633e-01 9.447634694590176796e-01
1.139457136334643961e-01 9.453967802672603726e-01
1.146153865704559877e-01 9.460223056891746696e-01
1.152870199054476102e-01 9.466401433992461811e-01
1.159606136384392638e-01 9.472503899153483786e-01
1.166361677694310039e-01 9.478531406091971201e-01
1.173136822984227889e-01 9.484484897167670958e-01
1.179931572254146188e-01 9.490365303488758064e-01
1.186745925504064658e-01 9.496173545016082240e-01
1.193579882733983993e-01 9.501910530668707944e-01
1.200433443943903777e-01 9.507577158429275643e-01
1.207306609133824149e-01 9.513174315448628127e-01
1.214199378303744969e-01 9.518702878151726887e-01
1.221111751453665961e-01 9.524163712342247345e-01
1.228043728583587818e-01 9.529557673307665899e-01
1.234995309693510124e-01 9.534885605924290353e-01
1.241966494783433017e-01 9.540148344761580912e-01
1.248957283853355943e-01 9.545346528562886901e-01
1.255967676903279873e-01 9.550481317656269731e-01
1.262997673933204390e-01 9.555553353539689709e-01
1.270047274943129079e-01 9.560563430412822861e-01
1.277116479933054216e-01 9.565512332685793817e-01
1.284205288902980080e-01 9.570400835081448454e-01
1.291313701852906393e-01 9.575229702738049520e-01
1.298441718782833154e-01 9.579999691311343879e-01
1.305589339692760642e-01 9.584711547076102400e-01
1.312756564582688024e-01 9.589366007027237959e-01
1.319943393452616409e-01 9.593963798980328361e-01
1.327149826302545244e-01 9.598505641671788435e-01
1.334375863132474527e-01 9.602992244858492565e-01
1.341621503942403981e-01 9.607424309416692232e-01
1.348886748732334440e-01 9.611802527440580501e-01
1.356171597502265069e-01 9.616127582339991653e-01
1.363476050252196425e-01 9.620400148937918727e-01
1.370800106982128508e-01 9.624620893567017443e-01
1.378143767692060206e-01 9.628790474165714874e-01
1.385507032381993187e-01 9.632909445120447778e-01
1.392889901051926616e-01 9.636978622298932873e-01
1.400292373701860493e-01 9.640998558006619312e-01
1.407714450331794265e-01 9.644969877379184764e-01
1.415156130941729040e-01 9.648893197626406959e-01
1.422617415531664542e-01 9.652769128123668274e-01
1.430098304101600493e-01 9.656598270503743420e-01
1.437598796651536337e-01 9.660381218747261522e-01
1.445118893181473185e-01 9.664118559272651954e-01
1.452658593691410482e-01 9.667810871025296349e-01
1.460217898181348506e-01 9.671458725565821313e-01
1.467796806651286701e-01 9.675062687157914842e-01
1.475395319101225067e-01 9.678623312855513250e-01
1.483013435531164437e-01 9.682141152588680244e-01
1.490651155941104256e-01 9.685616749249185142e-01
1.498308480331044801e-01 9.689050638775339452e-01
1.505985408700985240e-01 9.692443350235664390e-01
1.513681941050926405e-01 9.695795341170100334e-01
1.521398077380868297e-01 9.699107244350266832e-01
1.529133817690810637e-01 9.702379514667612836e-01
1.536889161980753704e-01 9.705612654375446180e-01
1.544664110250696387e-01 9.708807159263816988e-01
1.552458662500640352e-01 9.711963518738900847e-01
1.560272818730584765e-01 9.715082215901719165e-01
1.568106578940529627e-01 9.718163727625684922e-01
1.575959943130474383e-01 9.721208524634056269e-01
1.583832911300420421e-01 9.724217071575746996e-01
1.591725483450366629e-01 9.727189827101647701e-01
1.599637659580313565e-01 9.730127243938307968e-01
1.607569439690260948e-01 9.733029768962919714e-01
1.615520823780208504e-01 9.735897843275976848e-01
1.623491811850156785e-01 9.738731862853773347e-01
1.631482403900105516e-01 9.741532327659868651e-01
1.639492599930054972e-01 9.744299629834638488e-01
1.647522399940004323e-01 9.747034187942749117e-01
1.655571803929954677e-01 9.749736415125307420e-01
1.663640811899905481e-01 9.752406719168920102e-01
1.671729423849857010e-01 9.755045502573357341e-01
1.679837639779808434e-01 9.757653162619014386e-01
1.687965459689760583e-01 9.760230091433148569e-01
1.696112883579713460e-01 9.762776676055885394e-01
1.704279911449667062e-01 9.765293298505108854e-01
1.712466543299620836e-01 9.767780335840673400e-01
1.720672779129574781e-01 9.770238160228449376e-01
1.728898618939529452e-01 9.772667112627152486e-01
1.737144062729484850e-01 9.775067601895511826e-01
1.745409110499440697e-01 9.777439964921547100e-01
1.753693762249396715e-01 9.779784554781167927e-01
1.761998017979353459e-01 9.782101719961937558e-01
1.770321877689310930e-01 9.784391804421932459e-01
1.778665341379268849e-01 9.786655147648752884e-01
1.787028409049227218e-01 9.788892084717424336e-01
1.795411080699185480e-01 9.791102946347383096e-01
1.803813356329145023e-01 9.793288058959737086e-01
1.812235235939104738e-01 9.795447744732397322e-01
1.820676719529065180e-01 9.797582321656185256e-01
1.829137807099025514e-01 9.799692103588713010e-01
1.837618498648986853e-01 9.801777377999744134e-01
1.846118794178948919e-01 9.803838489624083774e-01
1.854638693688911155e-01 9.805875722608764500e-01
1.863178197178873563e-01 9.807889374690860196e-01
1.871737304648836975e-01 9.809879739736847570e-01
1.880316016098800835e-01 9.811847107793090217e-01
1.888914331528765145e-01 9.813791765136432588e-01
1.897532250938729903e-01 9.815713994323206348e-01
1.906169774328694833e-01 9.817614074238595334e-01
1.914826901698660766e-01 9.819492280144966889e-01
1.923503633048627148e-01 9.821348883729271728e-01
1.932199968378593979e-01 9.823184153150555931e-01
1.940915907688560982e-01 9.824998335376698977e-01
1.949651450978528711e-01 9.826791722370120663e-01
1.958406598248497166e-01 9.828564558135443052e-01
1.967181349498466070e-01 9.830317097068348442e-01
1.975975704728435423e-01 9.832049590262464944e-01
1.984789663938404669e-01 9.833762285552936078e-01
1.993623227128375197e-01 9.835455427559900432e-01
2.002476394298345896e-01 9.837129257730711229e-01
2.011349165448317322e-01 9.838784014382430110e-01
2.020241540578288642e-01 9.840419932742968667e-01
2.029153519688260965e-01 9.842037244992588585e-01
2.038085102778234015e-01 9.843636180303845240e-01
2.047036289848207236e-01 9.845216949086875724e-01
2.056007080898180628e-01 9.846779801978721158e-01
2.064997475928155024e-01 9.848324947036155574e-01
2.074007474938129869e-01 9.849852601695964216e-01
2.083037077928105441e-01 9.851362980581507278e-01
2.092086284898081183e-01 9.852856295539880183e-01
2.101155095848057097e-01 9.854332755679099387e-01
2.110243510778034015e-01 9.855792567404624283e-01
2.119351529688011382e-01 9.857235934455138571e-01
2.128479152577989197e-01 9.858663057938567009e-01
2.137626379447967184e-01 9.860074136366617781e-01
2.146793210297945897e-01 9.861469353857343911e-01
2.155979645127925337e-01 9.862848924125818817e-01
2.165185683937905226e-01 9.864213029009252232e-01
2.174411326727885563e-01 9.865561856887113956e-01
2.183656573497865794e-01 9.866895593711093593e-01
2.192921424247847306e-01 9.868214423037083849e-01
2.202205878977829268e-01 9.869518526057523555e-01
2.211509937687811678e-01 9.870808081632768127e-01
2.220833600377793982e-01 9.872083266322192463e-01
2.230176867047777289e-01 9.873344254415310495e-01
2.239539737697761046e-01 9.874591217961699030e-01
2.248922212327745529e-01 9.875824326801231345e-01
2.258324290937730461e-01 9.877043736625564785e-01
2.267745973527715286e-01 9.878249633587918854e-01
2.277187260097701116e-01 9.879442171786827487e-01
2.286648150647687394e-01 9.880621512432903319e-01
2.296128645177674399e-01 9.881787814669826808e-01
2.305628743687661297e-01 9.882941235602791252e-01
2.315148446177649200e-01 9.884081930324578602e-01
2.324687752647637551e-01 9.885210051943755794e-01
2.334246663097626351e-01 9.886325751610107737e-01
2.343825177527615322e-01 9.887429178541515817e-01
2.353423295937605020e-01 9.888520480049516337e-01
2.363041018327595444e-01 9.889599791998961997e-01
2.372678344697586317e-01 9.890667274366519157e-01
2.382335275047577638e-01 9.891723061545287798e-01
2.392011809377569131e-01 9.892767293400521744e-01
2.401707947687561351e-01 9.893800108014344508e-01
2.411423689977554297e-01 9.894821641710203064e-01
2.421159036247547691e-01 9.895832029075845027e-01
2.430913986497540979e-01 9.896831402986779880e-01
2.440688540727535549e-01 9.897819894629059645e-01
2.450482698937530290e-01 9.898797633521912998e-01
2.460296461127525758e-01 9.899764747540036325e-01
2.470129827297521674e-01 9.900721362935447356e-01
2.479982797447517484e-01 9.901667594475778156e-01
2.489855371577514298e-01 9.902603582306707120e-01
2.499747549687511561e-01 9.903529440254248417e-01
2.509659331777509550e-01 9.904445288228361788e-01
2.519590717847506878e-01 9.905351244621438678e-01
2.529541707897505765e-01 9.906247426328202987e-01
2.539512301927505100e-01 9.907133948765849407e-01
2.549502499937504885e-01 9.908010925893844245e-01
2.559512301927505673e-01 9.908878470233146718e-01
2.569541707897506355e-01 9.909736692885707798e-01
2.579590717847507486e-01 9.910585703552751147e-01
2.589659331777509621e-01 9.911425602758493492e-01
2.599747549687512205e-01 9.912256510845723900e-01
2.609855371577514682e-01 9.913078527424060704e-01
2.619982797447518164e-01 9.913891756719861448e-01
2.630129827297520984e-01 9.914696301649426058e-01
2.640296461127525363e-01 9.915492263836760412e-01
2.650482698937530190e-01 9.916279743630067589e-01
2.660688540727535467e-01 9.917058840119028496e-01
2.670913986497541748e-01 9.917829651151887083e-01
2.681159036247547922e-01 9.918592273351187760e-01
2.691423689977554545e-01 9.919346802130619700e-01
2.701707947687562172e-01 9.920093331710859719e-01
2.712011809377570248e-01 9.920831947428189190e-01
2.722335275047577108e-01 9.921562754477875057e-01
2.732678344697586081e-01 9.922285837606960035e-01
2.743041018327595504e-01 9.923001286368954288e-01
2.753423295937605375e-01 9.923709189201220804e-01
2.763825177527615695e-01 9.924409633439306155e-01
2.774246663097627019e-01 9.925102705331817488e-01
2.784687752647638237e-01 9.925788490054728852e-01
2.795148446177649904e-01 9.926467071725294522e-01
2.805628743687662574e-01 9.927138533416426380e-01
2.816128645177674028e-01 9.927802957170346332e-01
2.826648150647687596e-01 9.928460424011988916e-01
2.837187260097701613e-01 9.929111006660716887e-01
2.847745973527716079e-01 9.929754796809583395e-01
2.858324290937730994e-01 9.930391866805594603e-01
2.868922212327746357e-01 9.931022293692748359e-01
2.879539737697762170e-01 9.931646153562848633e-01
2.890176867047778431e-01 9.932263521568226450e-01
2.900833600377795141e-01 9.932874471933880178e-01
2.911509937687811744e-01 9.933479077969823434e-01
2.922205878977829352e-01 9.934077412082916725e-01
2.932921424247847964e-01 9.934669545788873402e-01
2.943656573497866469e-01 9.935255549724089086e-01
2.954411326727885978e-01 9.935835493657035888e-01
2.965185683937905936e-01 9.936409439920622644e-01
2.975979645127926343e-01 9.936977468007985870e-01
2.986793210297947199e-01 9.937539639999609653e-01
2.997626379447967393e-01 9.938096022265351381e-01
3.008479152577989146e-01 9.938646680362034358e-01
3.019351529688011904e-01 9.939191679044321326e-01
3.030243510778034555e-01 9.939731082275184981e-01
3.041155095848058210e-01 9.940264953236415124e-01
3.052086284898081758e-01 9.940793354338421928e-01
3.063037077928106311e-01 9.941316347230664263e-01
3.074007474938131312e-01 9.941833992811566212e-01
3.084997475928156763e-01 9.942346351237887347e-01
3.096007080898180996e-01 9.942853481935028936e-01
3.107036289848207899e-01 9.943355436538195979e-01
3.118085102778234696e-01 9.943852285435492711e-01
3.129153519688261942e-01 9.944344080292453203e-01
3.140241540578289636e-01 9.944830877667066860e-01
3.151349165448318335e-01 9.945312733431824759e-01
3.162476394298346927e-01 9.945789702782503738e-01
3.173623227128376523e-01 9.946261840247134778e-01
3.184789663938406568e-01 9.946729199694432921e-01
3.195975704728435396e-01 9.947191834342283823e-01
3.207181349498466338e-01 9.947649796766497854e-01
3.218406598248497730e-01 9.948103138908955811e-01
3.229651450978529570e-01 9.948551912085624727e-01
3.240915907688562414e-01 9.948996161366193691e-01
3.252199968378595152e-01 9.949435946679205944e-01
3.263503633048628338e-01 9.949871313062924605e-01
3.274826901698662529e-01 9.950302309380697485e-01
3.286169774328696613e-01 9.950728983908920799e-01
3.297532250938730591e-01 9.951151384345185980e-01
3.308914331528765573e-01 9.951569557815511669e-01
3.320316016098801559e-01 9.951983550881664531e-01
3.331737304648837994e-01 9.952393409548444536e-01
3.343178197178874878e-01 9.952799179270827024e-01
3.354638693688912210e-01 9.953200904961142514e-01
3.366118794178950546e-01 9.953598630995753593e-01
3.377618498648988776e-01 9.953992401222112596e-01
3.389137807099027455e-01 9.954382253734125330e-01
3.400676719529066028e-01 9.954768240521884026e-01
3.412235235939105604e-01 9.955150399728819322e-01
3.423813356329146185e-01 9.955528773128173858e-01
3.435411080699187214e-01 9.955903401997019397e-01
3.447028409049228137e-01 9.956274327122733858e-01
3.458665341379270064e-01 9.956641588808938792e-01
3.470321877689312440e-01 9.957005226882241766e-01
3.481998017979355819e-01 9.957365280697880738e-01
3.493693762249399093e-01 9.957721789145747016e-01
3.505409110499441705e-01 9.958074790656451514e-01
3.517144062729485876e-01 9.958424323207087925e-01
3.528898618939531051e-01 9.958770424326964799e-01
3.540672779129576120e-01 9.959113131103447536e-01
3.552466543299622193e-01 9.959452474629939545e-01
3.564279911449668714e-01 9.959788500972082126e-01
3.576112883579715684e-01 9.960121241439414685e-01
3.587965459689763104e-01 9.960450731384653533e-01
3.599837639779809306e-01 9.960777005745236057e-01
3.611729423849858178e-01 9.961100099048920686e-01
3.623640811899906944e-01 9.961420045419291380e-01
3.635571803929956158e-01 9.961736878580521592e-01
3.647522399940006377e-01 9.962050631862313654e-01
3.659492599930056489e-01 9.962361338204910322e-01
3.671482403900107605e-01 9.962669030164523765e-01
3.683491811850159170e-01 9.962973739917131422e-01
3.695520823780210629e-01 9.963275499264453439e-01
3.707569439690261981e-01 9.963574339637493171e-01
3.719637659580314892e-01 9.963870286760361239e-01
3.731725483450368253e-01 9.964163380852031349e-01
3.743832911300422062e-01 9.964453647914647272e-01
3.755959943130476320e-01 9.964741117926104730e-01
3.768106578940531581e-01 9.965025820516714150e-01
3.780272818730586737e-01 9.965307784973526095e-01
3.792458662500642896e-01 9.965587040244588968e-01
3.804664110250698950e-01 9.965863614943223370e-01
3.816889161980754896e-01 9.966137537352096620e-01
3.829133817690812402e-01 9.966408835427572610e-01
3.841398077380869802e-01 9.966677536803411064e-01
3.853681941050928206e-01 9.966943668795158473e-01
3.865985408700987613e-01 9.967207258403788517e-01
3.878308480331046915e-01 9.967468332319808777e-01
3.890651155941106665e-01 9.967726912285205243e-01
3.903013435531166864e-01 9.967983032661708043e-01
3.915395319101228067e-01 9.968236715446768814e-01
3.927796806651288053e-01 9.968487986111321808e-01
3.940217898181350153e-01 9.968736869834173842e-01
3.952658593691412148e-01 9.968983391506257563e-01
3.965118893181475146e-01 9.969227575733590196e-01
3.977598796651538593e-01 9.969469446841169313e-01
3.990098304101602489e-01 9.969709028876344581e-01
4.002617415531666833e-01 9.969946345612096250e-01
4.015156130941732182e-01 9.970181420550560114e-01
4.027714450331797424e-01 9.970414276926438113e-01
4.040292373701862005e-01 9.970644937709889355e-01
4.052889901051928145e-01 9.970873425610301544e-01
4.065507032381995289e-01 9.971099763079260825e-01
4.078143767692062882e-01 9.971323967907140817e-01
4.090800106982130369e-01 9.971546069940754320e-01
4.103476050252198859e-01 9.971766087255320432e-01
4.116171597502267798e-01 9.971984041289182477e-01
4.128886748732337186e-01 9.972199953238147785e-01
4.141621503942407023e-01 9.972413844058656274e-01
4.154375863132476199e-01 9.972625734470504932e-01
4.167149826302546933e-01 9.972835644959681112e-01
4.179943393452618672e-01 9.973043595781554416e-01
4.192756564582690304e-01 9.973249606963180414e-01
4.205589339692762940e-01 9.973453698306413706e-01
4.218441718782836025e-01 9.973655889390685703e-01
4.231313701852909004e-01 9.973856199575444892e-01
4.244205288902982987e-01 9.974054648002861345e-01
4.257116479933056308e-01 9.974251253600644462e-01
4.270047274943131188e-01 9.974446035084583162e-01
4.282997673933206517e-01 9.974639006505099381e-01
4.295967676903282295e-01 9.974830194212430667e-01
4.308957283853359077e-01 9.975019612593919449e-01
4.321966494783435753e-01 9.975207279532078974e-01
4.334995309693513432e-01 9.975393212709656732e-01
4.348043728583591006e-01 9.975577429612678682e-01
4.361111751453669583e-01 9.975759947532070182e-01
4.374199378303746943e-01 9.975940783566563663e-01
4.387306609133826418e-01 9.976119954624700359e-01
4.400433443943906342e-01 9.976297477427377158e-01
4.413579882733986715e-01 9.976473368509648498e-01
4.426745925504067536e-01 9.976647644223534117e-01
4.439931572254149361e-01 9.976820320739686609e-01
4.453136822984231080e-01 9.976991414049795059e-01
4.466361677694313248e-01 9.977160939968757747e-01
4.479606136384396420e-01 9.977328914136770477e-01
4.492870199054478375e-01 9.977495348095046790e-01
4.506153865704562445e-01 9.977660264255211464e-01
4.519457136334646408e-01 9.977823674464217918e-01
4.532780010944731375e-01 9.977985593675028353e-01
4.546122489534816791e-01 9.978146036676091013e-01
4.559484572104903211e-01 9.978305018093054368e-01
4.572866258654989524e-01 9.978462552390889861e-01
4.586267549185076287e-01 9.978618653875858113e-01
4.599688443695163498e-01 9.978773336696982188e-01
4.613128942185250048e-01 9.978926614848565579e-01
4.626589044655338712e-01 9.979078502171379039e-01
4.640068751105427269e-01 9.979229012354825512e-01
4.653568061535516831e-01 9.979378158938538856e-01
4.667086975945606842e-01 9.979525955314471064e-01
4.680625494335697301e-01 9.979672414728109064e-01
4.694183616705788209e-01 9.979817550280570826e-01
4.707761343055879566e-01 9.979961374930389484e-01
4.721358673385971372e-01 9.980103897941312585e-01
4.734975607696062516e-01 9.980245138457412013e-01
4.748612145986155220e-01 9.980385106029285858e-01
4.762268288256248927e-01 9.980523813053969739e-01
4.775944034506342528e-01 9.980661271793709322e-01
4.789639384736437133e-01 9.980797494377579016e-01
4.803354338946532187e-01 9.980932492803438194e-01
4.817088897136627690e-01 9.981066278938853786e-01
4.830843059306723641e-01 9.981198864523367353e-01
4.844616825456818376e-01 9.981330261169262252e-01
4.858410195586915226e-01 9.981460480363357757e-01
4.872223169697012524e-01 9.981589533468583353e-01
4.886055747787110826e-01 9.981717431725188883e-01
4.899907929857209021e-01 9.981844186252285533e-01
4.913779715907308221e-01 9.981969808049094839e-01
4.927671105937407314e-01 9.982094307996616234e-01
4.941582099947507412e-01 9.982217696858914913e-01
4.955512697937607958e-01 9.982339985283977812e-01
4.969462899907707287e-01 9.982461180591492012e-01
4.983432705857808731e-01 9.982581299077605275e-01
4.997422115787910624e-01 9.982700348328202855e-01
5.011431129698012965e-01 9.982818338536381120e-01
5.025459747588115755e-01 9.982935279786195881e-01
5.039507969458218994e-01 9.983051182053888084e-01
5.053575795308323793e-01 9.983166055208653189e-01
5.067663225138427929e-01 9.983279909014430853e-01
5.081770258948532515e-01 9.983392753131032915e-01
5.095896896738636439e-01 9.983504597115060442e-01
5.110043138508743032e-01 9.983615450421062798e-01
5.124208984258848965e-01 9.983725322403143032e-01
5.138394433988955345e-01 9.983834222315550733e-01
5.152599487699063285e-01 9.983942159314236342e-01
5.166824145389171674e-01 9.984049142457738224e-01
5.181068407059279401e-01 9.984155180708336186e-01
5.195332272709388688e-01 9.984260282933096198e-01
5.209615742339498423e-01 9.984364457905181567e-01
5.223918815949606387e-01 9.984467714304496866e-01
5.238241493539717020e-01 9.984570060719221152e-01
5.252583775109828101e-01 9.984671502361565087e-01
5.266945660659939632e-01 9.984772053694032090e-01
5.281327150190051611e-01 9.984871720211144774e-01
5.295728243700164040e-01 9.984970510139146160e-01
5.310148941190276917e-01 9.985068431617227791e-01
5.324589242660390243e-01 9.985165492698819811e-01
5.339049148110504017e-01 9.985261701352285968e-01
5.353528657540617131e-01 9.985357065461945014e-01
5.368027770950731803e-01 9.985451592829175382e-01
5.382546488340846924e-01 9.985545291173092419e-01
5.397084809710962494e-01 9.985638168131376613e-01
5.411642735061079623e-01 9.985730231261850109e-01
5.426220264391196091e-01 9.985821488042472271e-01
5.440817397701314118e-01 9.985911945872828488e-01
5.455434134991431483e-01 9.986001612074740796e-01
5.470070476261550407e-01 9.986090493893284847e-01
5.484726421511667560e-01 9.986178598497357228e-01
5.499401970741787382e-01 9.986265932980940008e-01
5.514097123951906543e-01 9.986352504363638083e-01
5.528811881142027262e-01 9.986438319591356416e-01
5.543546242312148431e-01 9.986523385537562358e-01
5.558300207462270048e-01 9.986607705908555621e-01
5.573073776592392115e-01 9.986691293176555018e-01
5.587866949702514630e-01 9.986774151312349801e-01
5.602679726792635373e-01 9.986856286903180724e-01
5.617512107862758786e-01 9.986937706467683418e-01
5.632364092912882647e-01 9.987018416456563408e-01
5.647235681943006957e-01 9.987098423252979140e-01
5.662126874953131717e-01 9.987177733173717709e-01
5.677037671943258035e-01 9.987256352469787712e-01
5.691968072913383692e-01 9.987334287326881110e-01
5.706918077863509797e-01 9.987411543866463459e-01
5.721887686793637462e-01 9.987488128146211341e-01
5.736876899703762245e-01 9.987564046160744002e-01
5.751885716593890807e-01 9.987639303842514860e-01
5.766914137464018708e-01 9.987713907062074625e-01
5.781962162314148168e-01 9.987787861629091601e-01
5.797029791144278077e-01 9.987861173292816863e-01
5.812117023954407324e-01 9.987933847743061255e-01
5.827223860744538131e-01 9.988005890610195392e-01
5.842350301514669386e-01 9.988077307466206589e-01
5.857496346264799980e-01 9.988148103825568169e-01
5.872661994994931023e-01 9.988218285145339381e-01
5.887847247705062514e-01 9.988287856825998068e-01
5.903052104395195565e-01 9.988356821256406670e-01
5.918276565065329065e-01 9.988425189247889247e-01
5.933520629715463013e-01 9.988492963434877359e-01
5.948784298345597410e-01 9.988560148995420107e-01
5.964067570955732256e-01 9.988626751053807373e-01
5.979370447545868661e-01 9.988692774681364739e-01
5.994692928116004405e-01 9.988758224896810978e-01
6.010035012666138377e-01 9.988823106666938623e-01
6.025396701196276128e-01 9.988887424907172408e-01
6.040777993706413218e-01 9.988951184482234291e-01
6.056178890196550757e-01 9.989014390206224503e-01
6.071599390666689855e-01 9.989077046843672925e-01
6.087039495116828292e-01 9.989139159109552413e-01
6.102499203546968287e-01 9.989200731670409006e-01
6.117978515957107621e-01 9.989261769144314185e-01
6.133477432347248515e-01 9.989322276101569864e-01
6.148995952717387636e-01 9.989382257065299031e-01
6.164534077067529427e-01 9.989441716511798797e-01
6.180091805397671667e-01 9.989500658871123262e-01
6.195669137707813245e-01 9.989559088527406594e-01
6.211266073997956383e-01 9.989617009819450333e-01
6.226882614268099969e-01 9.989674427041294047e-01
6.242518758518244004e-01 9.989731344442258631e-01
6.258174506748388488e-01 9.989787766228166443e-01
6.273849858958533421e-01 9.989843696560791741e-01
6.289544815148676582e-01 9.989899139559260677e-01
6.305259375318823523e-01 9.989954096318430787e-01
6.320993539468969802e-01 9.990008576491639092e-01
6.336747307599116530e-01 9.990062581407622710e-01
6.352520679709263707e-01 9.990116115015746923e-01
6.368313655799411332e-01 9.990169181224765049e-01
6.384126235869560517e-01 9.990221783902745178e-01
6.399958419919709041e-01 9.990273926877604183e-01
6.415810207949856903e-01 9.990325613937646176e-01
6.431681599960007434e-01 9.990376848831868939e-01
6.447572595950157304e-01 9.990427635270191509e-01
6.463483195920308733e-01 9.990477976924306835e-01
6.479413399870459500e-01 9.990527877427444192e-01
6.495363207800611827e-01 9.990577340375288440e-01
6.511332619710764602e-01 9.990626369325964484e-01
6.527321635600916716e-01 9.990674967800605710e-01
6.543330255471070389e-01 9.990723139283774756e-01
6.559358479321222291e-01 9.990770887223638930e-01
6.575406307151376861e-01 9.990818215032352123e-01
6.591473738961531881e-01 9.990865126086739822e-01
6.607560774751687349e-01 9.990911623727946056e-01
6.623667414521843266e-01 9.990957711262478114e-01
6.639793658271999632e-01 9.991003391962233193e-01
6.655939506002157557e-01 9.991048669064827026e-01
6.672104957712314821e-01 9.991093545773963580e-01
6.688290013402472534e-01 9.991138025259765909e-01
6.704494673072629585e-01 9.991182110658984872e-01
6.720718936722788195e-01 9.991225805075560906e-01
6.736962804352947254e-01 9.991269111580698414e-01
6.753226275963107872e-01 9.991312033213389787e-01
6.769509351553267829e-01 9.991354570161562476e-01
6.785812031123429344e-01 9.991396730756656464e-01
6.802134314673590199e-01 9.991438515386950048e-01
6.818476202203752612e-01 9.991479926964377256e-01
6.834837693713914364e-01 9.991520968369853595e-01
6.851218789204075454e-01 9.991561642453694603e-01
6.867619488674239214e-01 9.991601952036099910e-01
6.884039792124403423e-01 9.991641899907091062e-01
6.900479699554568080e-01 9.991681488827198754e-01
6.916939210964733187e-01 9.991720721527298510e-01
6.933418326354898742e-01 9.991759600709376743e-01
6.949917045725064746e-01 9.991798129046328691e-01
6.966435369075231199e-01 9.991836309182264841e-01
6.982973296405398100e-01 9.991874143733240343e-01
6.999530827715563230e-01 9.991911635287038518e-01
7.016107963005731030e-01 9.991948786403417326e-01
7.032704702275899278e-01 9.991985599614684466e-01
7.049321045526069085e-01 9.992022077425787296e-01
7.065956992756238231e-01 9.992058222314409432e-01
7.082612543966407825e-01 9.992094036731368201e-01
7.099287699156578979e-01 9.992129523100798938e-01
7.115982458326749471e-01 9.992164683820431437e-01
7.132696821476921523e-01 9.992199521261743156e-01
7.149430788607090692e-01 9.992234037770248989e-01
7.166184359717263641e-01 9.992268235665801024e-01
7.182957534807437039e-01 9.992302117242424231e-01
7.199750313877609775e-01 9.992335684769110271e-01
7.216562696927784071e-01 9.992368940489705365e-01
7.233394683957958815e-01 9.992401886622871432e-01
7.250246274968132898e-01 9.992434525363041997e-01
7.267117469958308540e-01 9.992466858879629488e-01
7.284008268928482410e-01 9.992498889318268684e-01
7.300918671878658950e-01 9.992530618800087305e-01
7.317848678808835938e-01 9.992562049422676340e-01
7.334798289719013376e-01 9.992593183259591560e-01
7.351767504609192372e-01 9.992624019583806749e-01
7.368756323479370707e-01 9.992654565753830154e-01
7.385764746329549491e-01 9.992684821208083212e-01
7.402792773159728723e-01 9.992714787927181597e-01
7.419840403969908404e-01 9.992744467868839298e-01
7.436907638760087425e-01 9.992773862968200582e-01
7.453994477530268004e-01 9.992802975137901056e-01
7.471100920280450142e-01 9.992831806268557271e-01
7.488226967010631618e-01 9.992860358228626838e-01
7.505372617720814654e-01 9.992888632864590504e-01
7.522537872410997029e-01 9.992916632001256350e-01
7.539722731081180962e-01 9.992944357441896353e-01
7.556927193731364234e-01 9.992971810968283020e-01
7.574151260361549065e-01 9.992998994341210084e-01
7.591394930971732125e-01 9.993025909299942944e-01
7.608658205561917853e-01 9.993052557563097960e-01
7.625941084132104031e-01 9.993078940828532541e-01
7.643243566682289547e-01 9.993105060773187498e-01
7.660565653212476622e-01 9.993130919053679895e-01
7.677907343722664146e-01 9.993156517306392983e-01
7.695268638212852119e-01 9.993181857147123148e-01
7.712649536683040541e-01 9.993206940171942554e-01
7.730050039133229411e-01 9.993231767956768374e-01
7.747470145563417621e-01 9.993256342057810215e-01
7.764909855973607389e-01 9.993280664011449099e-01
7.782369170363797606e-01 9.993304735334687106e-01
7.799848088733989382e-01 9.993328557524967515e-01
7.817346611084180497e-01 9.993352132060444593e-01
7.834864737414372060e-01 9.993375460400159005e-01
7.852402467724565183e-01 9.993398543983998961e-01
7.869959802014757644e-01 9.993421384232884508e-01
7.887536740284951664e-01 9.993443982548968485e-01
7.905133282535142802e-01 9.993466340315764196e-01
7.922749428765337720e-01 9.993488458897844540e-01
7.940385178975533087e-01 9.993510339641782370e-01
7.958040533165727792e-01 9.993531983875137970e-01
7.975715491335924057e-01 9.993553392907700283e-01
7.993410053486120770e-01 9.993574568030832994e-01
8.011124219616317932e-01 9.993595510517847558e-01
8.028857989726515543e-01 9.993616221623944362e-01
8.046611363816711382e-01 9.993636702586655707e-01
8.064384341886909890e-01 9.993656954625379507e-01
8.082176923937108848e-01 9.993676978942157563e-01
8.099989109967308254e-01 9.993696776721062713e-01
8.117820899977508109e-01 9.993716349128863863e-01
8.135672293967708413e-01 9.993735694731947783e-01
8.153543291937909165e-01 9.993754819680814583e-01
8.171433893888111477e-01 9.993773722649845759e-01
8.189344099818313127e-01 9.993792404736291379e-01
8.207273909728513006e-01 9.993810867020259670e-01
8.225223323618716664e-01 9.993829110564903528e-01
8.243192341488919661e-01 9.993847136416200705e-01
8.261180963339124217e-01 9.993864945603376793e-01
8.279189189169328111e-01 9.993882539138735366e-01
8.297217018979533565e-01 9.993899918017702388e-01
8.315264452769738357e-01 9.993917083219091557e-01
8.333331490539944708e-01 9.993934035704987728e-01
8.351418132290151508e-01 9.993950776420905679e-01
8.369524378020356536e-01 9.993967306295794550e-01
8.387650227730564234e-01 9.993983626242066709e-01
8.405795681420771270e-01 9.993999737155656593e-01
8.423960739090979866e-01 9.994015639916180582e-01
8.442145400741188910e-01 9.994031335386853732e-01
8.460349666371398403e-01 9.994046824414670738e-01
8.478573535981608345e-01 9.994062107830192776e-01
8.496817009571818735e-01 9.994077186447969385e-01
8.515080087142030685e-01 9.994092061066254251e-01
8.533362768692239753e-01 9.994106732467161747e-01
8.551665054222451490e-01 9.994121201416649170e-01
8.569986943732663676e-01 9.994135468664762101e-01
8.588328437222877421e-01 9.994149534945293567e-01
8.606689534693090504e-01 9.994163400976250333e-01
8.625070236143304037e-01 9.994177067459467656e-01
8.643470541573519128e-01 9.994190535080897941e-01
8.661890450983733558e-01 9.994203804510541911e-01
8.680329964373949547e-01 9.994216876402476357e-01
8.698789081744163765e-01 9.994229751394807515e-01
8.717267803094379541e-01 9.994242430109915309e-01
8.735766128424596877e-01 9.994254913154144715e-01
8.754284057734814661e-01 9.994267201118106625e-01
8.772821591025032895e-01 9.994279294576340344e-01
8.791378728295250466e-01 9.994291194087895347e-01
8.809955469545469597e-01 9.994302900195687345e-01
8.828551814775689177e-01 9.994314413426865773e-01
8.847167763985909206e-01 9.994325734292589525e-01
8.865803317176127463e-01 9.994336863288628692e-01
8.884458474346348389e-01 9.994347800894387568e-01
8.903133235496569764e-01 9.994358547573735096e-01
8.921827600626792698e-01 9.994369103774563001e-01
8.940541569737014971e-01 9.994379469928887927e-01
8.959275142827237692e-01 9.994389646452719322e-01
8.978028319897460863e-01 9.994399633746408051e-01
8.996801100947685592e-01 9.994409432194302223e-01
9.015593485977907440e-01 9.994419042164565115e-01
9.034405474988133067e-01 9.994428464009658120e-01
9.053237067978358033e-01 9.994437698065987696e-01
9.072088264948584557e-01 9.994446744653876502e-01
9.090959065898810421e-01 9.994455604077451261e-01
9.109849470829037843e-01 9.994464276625094623e-01
9.128759479739264604e-01 9.994472762568656909e-01
9.147689092629492924e-01 9.994481062164186635e-01
9.166638309499721693e-01 9.994489175651147805e-01
9.185607130349948690e-01 9.994497103253118242e-01
9.204595555180178357e-01 9.994504845177132335e-01
9.223603583990407362e-01 9.994512401613848684e-01
9.242631216780637926e-01 9.994519772737540109e-01
9.261678453550868939e-01 9.994526958706259068e-01
9.280745294301100401e-01 9.994533959661251465e-01
9.299831739031333422e-01 9.994540775727116522e-01
9.318937787741565781e-01 9.994547407012041029e-01
9.338063440431798590e-01 9.994553853607439642e-01
9.357208697102029626e-01 9.994560115587833860e-01
9.376373557752263332e-01 9.994566193010889776e-01
9.395558022382498597e-01 9.994572085917466930e-01
9.414762090992733201e-01 9.994577794331316323e-01
9.433985763582968254e-01 9.994583318259142590e-01
9.453229040153204865e-01 9.994588657690368638e-01
9.472491920703440815e-01 9.994593812597154514e-01
9.491774405233678324e-01 9.994598782934368542e-01
9.511076493743915172e-01 9.994603568639400804e-01
9.530398186234151359e-01 9.994608169632143158e-01
9.549739482704390214e-01 9.994612585814616201e-01
9.569100383154629519e-01 9.994616817071239057e-01
9.588480887584868162e-01 9.994620863268539601e-01
9.607880995995108364e-01 9.994624724255021242e-01
9.627300708385349015e-01 9.994628399861226198e-01
9.646740024755590115e-01 9.994631889899204813e-01
9.666198945105831664e-01 9.994635194162870828e-01
9.685677469436073661e-01 9.994638312427545079e-01
9.705175597746313887e-01 9.994641244450165329e-01
9.724693330036556782e-01 9.994643989968529096e-01
9.744230666306800126e-01 9.994646548702009747e-01
9.763787606557043919e-01 9.994648920350606147e-01
9.783364150787289271e-01 9.994651104595462243e-01
9.802960298997533961e-01 9.994653101098142089e-01
9.822576051187779100e-01 9.994654909500861883e-01
9.842211407358025799e-01 9.994656529426176883e-01
9.861866367508271836e-01 9.994657960476971414e-01
9.881540931638517211e-01 9.994659202236010342e-01
9.901235099748764146e-01 9.994660254265943511e-01
9.920948871839012639e-01 9.994661116109329058e-01
9.940682247909260472e-01 9.994661787287968391e-01
9.960435227959509863e-01 9.994662267303114911e-01
9.980207811989759703e-01 9.994662555635236423e-01
1.000000000000000666e+00 9.994662651743657644e-01
