0.000000000000000000e+00 0.000000000000000000e+00
2.078119897502626434e-05 0.000000000000000000e+00
4.352279595010249372e-05 0.000000000000000000e+00
6.822479092522875592e-05 -8.077932268993102829e-28
9.488718390040502381e-05 0.000000000000000000e+00
1.235099748756312839e-04 0.000000000000000000e+00
1.540931638509075632e-04 0.000000000000000000e+00
1.866367508262337669e-04 0.000000000000000000e+00
2.211407358016100034e-04 0.000000000000000000e+00
2.576051187770363269e-04 0.000000000000000000e+00
2.960298997525126832e-04 0.000000000000000000e+00
3.364150787280388555e-04 0.000000000000000000e+00
3.787606557036150606e-04 0.000000000000000000e+00
4.230666306792412444e-04 0.000000000000000000e+00
4.693330036549174067e-04 0.000000000000000000e+00
5.175597746306437102e-04 0.000000000000000000e+00
5.677469436064200466e-04 0.000000000000000000e+00
6.198945105822462531e-04 0.000000000000000000e+00
6.740024755581224382e-04 0.000000000000000000e+00
7.300708385340486020e-04 0.000000000000000000e+00
7.880995995100251780e-04 0.000000000000000000e+00
8.480887584860512989e-04 0.000000000000000000e+00
9.100383154621275068e-04 0.000000000000000000e+00
9.739482704382536934e-04 0.000000000000000000e+00
1.039818623414429750e-03 0.000000000000000000e+00
1.107649374390655894e-03 0.000000000000000000e+00
1.177440523366932558e-03 0.000000000000000000e+00
1.249192070343258659e-03 0.000000000000000000e+00
1.322904015319634847e-03 0.000000000000000000e+00
1.398576358296060905e-03 0.000000000000000000e+00
1.476209099272537051e-03 0.000000000000000000e+00
1.555802238249063716e-03 0.000000000000000000e+00
1.637355775225640036e-03 0.000000000000000000e+00
1.720869710202266008e-03 0.000000000000000000e+00
1.806344043178942285e-03 0.000000000000000000e+00
1.893778774155669082e-03 0.000000000000000000e+00
1.983173903132445098e-03 0.000000000000000000e+00
2.074529430109271419e-03 0.000000000000000000e+00
2.167845355086147393e-03 0.000000000000000000e+00
2.263121678063073454e-03 0.000000000000000000e+00
2.360358399040050469e-03 0.000000000000000000e+00
2.459555518017076271e-03 0.000000000000000000e+00
2.560713034994152593e-03 0.000000000000000000e+00
2.663830949971278568e-03 0.000000000000000000e+00
2.768909262948454630e-03 0.000000000000000000e+00
2.875947973925680780e-03 0.000000000000000000e+00
2.984947082902957450e-03 0.000000000000000000e+00
3.095906589880283773e-03 0.000000000000000000e+00
3.208826494857659750e-03 0.000000000000000000e+00
3.323706797835085814e-03 0.000000000000000000e+00
3.440547498812561965e-03 0.000000000000000000e+00
3.559348597790088636e-03 0.000000000000000000e+00
3.680110094767664961e-03 0.000000000000000000e+00
3.802831989745290939e-03 0.000000000000000000e+00
3.927514282722965704e-03 0.000000000000000000e+00
4.054156973700691856e-03 0.000000000000000000e+00
4.182760062678468095e-03 0.000000000000000000e+00
4.313323549656295289e-03 0.000000000000000000e+00
4.445847434634171702e-03 0.000000000000000000e+00
4.580331717612097335e-03 0.000000000000000000e+00
4.716776398590073922e-03 0.000000000000000000e+00
4.855181477568099729e-03 4.940656458412465442e-324
4.995546954546175623e-03 4.940656458412465442e-324
5.137872829524301604e-03 4.940656458412465442e-324
5.282159102502477672e-03 4.940656458412465442e-324
5.428405773480703828e-03 9.881312916824930884e-324
5.576612842458980070e-03 9.881312916824930884e-324
5.726780309437305531e-03 1.433200015842886848e-240
5.878908174415681948e-03 2.924892780747484939e-167
6.032996437394107583e-03 3.966292036393519821e-112
6.189045098372585908e-03 4.733480374910941164e-72
6.347054157351111718e-03 3.889104610047345749e-44
6.507023614329687615e-03 9.776100876382259244e-26
6.668953469308313599e-03 1.803688213957194923e-14
6.832843722286989670e-03 2.981154859835717388e-08
6.998694373265715828e-03 2.616439184496945823e-05
7.166505422244492073e-03 4.127885409118645403e-04
7.336276869223317537e-03 1.432470972407861622e-03
7.508008714202193956e-03 2.939886477556672220e-03
7.681700957181119595e-03 4.808862512914728604e-03
7.857353598160098790e-03 6.971243207057854600e-03
8.034966637139125470e-03 9.386734756086697468e-03
8.214540074118200502e-03 1.202869802669575758e-02
8.396073909097327356e-03 1.487793826767701451e-02
8.579568142076502563e-03 1.791970674246374032e-02
8.765022773055727856e-03 2.114210347707338317e-02
8.952437802035004971e-03 2.453515549996654332e-02
9.141813229014330439e-03 2.809025006674296596e-02
9.333149053993705993e-03 3.179976810761820510e-02
9.526445276973131635e-03 3.565683733093923807e-02
9.721701897952607363e-03 3.965516032775830840e-02
9.918918916932136648e-03 4.378889159386907537e-02
1.011809633391171255e-02 4.805254754340218537e-02
1.031923414889133854e-02 5.244093941568222367e-02
1.052233236187101462e-02 5.694912246046512916e-02
1.072739097285074078e-02 6.157235694425263611e-02
1.093440998183051703e-02 6.630607789895962001e-02
1.114338938881034163e-02 7.114587143940319380e-02
1.135432919379021806e-02 7.608745608515746217e-02
1.156722939677014457e-02 8.112666794102227352e-02
1.178208999775011943e-02 8.625944888386716247e-02
1.199891099673014612e-02 9.148183711305947485e-02
1.221769239371022463e-02 9.678995957344992129e-02
1.243843418869035149e-02 1.021800258715946513e-01
1.266113638167052670e-02 1.076483233890384306e-01
1.288579897265075200e-02 1.131912133593790670e-01
1.311242196163102738e-02 1.188051277236084058e-01
1.334100534861135459e-02 1.244865666153426448e-01
1.357154913359173015e-02 1.302320963561290901e-01
1.380405331657215580e-02 1.360383478637832155e-01
1.403851789755263153e-02 1.419020153944889895e-01
1.427494287653315735e-02 1.478198555537557912e-01
1.451332825351373326e-02 1.537886865227828248e-01
1.475367402849436273e-02 1.598053874560879384e-01
1.499598020147503881e-02 1.658668980138875149e-01
1.524024677245576498e-02 1.719702179988565061e-01
1.548647374143653950e-02 1.781124070720438435e-01
1.573466110841736931e-02 1.842905845270423060e-01
1.598480887339824227e-02 1.905019291048610230e-01
1.623691703637917053e-02 1.967436788351168142e-01
1.649098559736014366e-02 2.030131308914739918e-01
1.674701455634117209e-02 2.093076414513865280e-01
1.700500391332224540e-02 2.156246255520231359e-01
1.726495366830337400e-02 2.219615569356544194e-01
1.752686382128455442e-02 2.283159678791304437e-01
1.779073437226577625e-02 2.346854490030782781e-01
1.805656532124705685e-02 2.410676490573896713e-01
1.832435666822837886e-02 2.474602746804739628e-01
1.859410841320975616e-02 2.538610901301286971e-01
1.886582055619118528e-02 2.602679169848258200e-01
1.913949309717265929e-02 2.666786338143763424e-01
1.941512603615418858e-02 2.730911758195095351e-01
1.969271937313575929e-02 2.795035344402576061e-01
1.997227310811738876e-02 2.859137569333200513e-01
2.025378724109906312e-02 2.923199459187044158e-01
2.053726177208079276e-02 2.987202588964071870e-01
2.082269670106256382e-02 3.051129077338740614e-01
2.111009202804439364e-02 3.114961581251961542e-01
2.139944775302626487e-02 3.178683290230978620e-01
2.169076387600819486e-02 3.242277920449310180e-01
2.198404039699017321e-02 3.305729708538460709e-01
2.227927731597219643e-02 3.369023405165600393e-01
2.257647463295427495e-02 3.432144268389575870e-01
2.287563234793639835e-02 3.495078056810138056e-01
2.317675046091857705e-02 3.557811022523059696e-01
2.347982897190080062e-02 3.620329903897281931e-01
2.378486788088307949e-02 3.682621918186309573e-01
2.409186718786539977e-02 3.744674753988688209e-01
2.440082689284778228e-02 3.806476563571894456e-01
2.471174699583020273e-02 3.868015955072826584e-01
2.502462749681268195e-02 3.929281984588584020e-01
2.533946839579521298e-02 3.990264148170428182e-01
2.565626969277778543e-02 4.050952373734708623e-01
2.597503138776041318e-02 4.111337012902445687e-01
2.629575348074308580e-02 4.171408832779616715e-01
2.661843597172581372e-02 4.231159007690845075e-01
2.694307886070858651e-02 4.290579110877112967e-01
2.726968214769141807e-02 4.349661106168268843e-01
2.759824583267428758e-02 4.408397339642429746e-01
2.792876991565721931e-02 4.466780531279193611e-01
2.826125439664019939e-02 4.524803766620126844e-01
2.859569927562322089e-02 4.582460488442333113e-01
2.893210455260630115e-02 4.639744488456606919e-01
2.927047022758941935e-02 4.696649899036071663e-01
2.961079630057259979e-02 4.753171184985109377e-01
2.995308277155582163e-02 4.809303135354890957e-01
3.029732964053910224e-02 4.865040855312751655e-01
3.064353690752242426e-02 4.920379758072159215e-01
3.099170457250580504e-02 4.975315556890171353e-01
3.134183263548922377e-02 5.029844257135934749e-01
3.169392109647270472e-02 5.083962148438162520e-01
3.204796995545623056e-02 5.137665796915836802e-01
3.240397921243980128e-02 5.190952037495504268e-01
3.276194886742343076e-02 5.243817966321167034e-01
3.312187892040710513e-02 5.296260933259678838e-01
3.348376937139083825e-02 5.348278534505700454e-01
3.384762022037460932e-02 5.399868605288634660e-01
3.421343146735843915e-02 5.451029212684562753e-01
3.458120311234230693e-02 5.501758648533662255e-01
3.495093515532624040e-02 5.552055422464465817e-01
3.532262759631021182e-02 5.601918255010835956e-01
3.569628043529424199e-02 5.651334786219744943e-01
3.607189367227831706e-02 5.700326269369727639e-01
3.644946730726244394e-02 5.748881154099780844e-01
3.682900134024662264e-02 5.796998938047740468e-01
3.721049577123083929e-02 5.844679297235383375e-01
3.759395060021512164e-02 5.891922079949802882e-01
3.797936582719944193e-02 5.938727300729224057e-01
3.836674145218382098e-02 5.985095134468636502e-01
3.875607747516824492e-02 6.031025910643000865e-01
3.914737389615272761e-02 6.076520107654272973e-01
3.954063071513724825e-02 6.121578347297464973e-01
3.993584793212182765e-02 6.166201389350405293e-01
4.033302554710645887e-02 6.210390126282174794e-01
4.073216356009112804e-02 6.254145578084915336e-01
4.113326197107585597e-02 6.297468887223597322e-01
4.153632078006062878e-02 6.340361313705229485e-01
4.194133998704546035e-02 6.382824230268171473e-01
4.234831959203032986e-02 6.424859117686615440e-01
4.275725959501525814e-02 6.466467560192253883e-01
4.316815999600023129e-02 6.507651241011682686e-01
4.358102079498526321e-02 6.548411938016840406e-01
4.399584199197033307e-02 6.588751519488885711e-01
4.441262358695546170e-02 6.628671939992295536e-01
4.483136557994064214e-02 6.668175236360048830e-01
4.525206797092586747e-02 6.707263523785923498e-01
4.567473075991114462e-02 6.745938992025133363e-01
4.609935394689646665e-02 6.784203901698020456e-01
4.652593753188184744e-02 6.822060580700161081e-01
4.695448151486726618e-02 6.859511420711680296e-01
4.738498589585275061e-02 6.896558873809524037e-01
4.781745067483826606e-02 6.933205449175834367e-01
4.825187585182384720e-02 6.969453709905599759e-01
4.868826142680946628e-02 7.005306269907678463e-01
4.912660739979515107e-02 7.040765790900155308e-01
4.956691377078088073e-02 7.075834979497044319e-01
5.000918053976664834e-02 7.110516584385507821e-01
5.045340770675248165e-02 7.144813393589398709e-01
5.089959527173835291e-02 7.178728231822261163e-01
5.134774323472428292e-02 7.212263957920818092e-01
5.179785159571025088e-02 7.245423462365504497e-01
5.224992035469628454e-02 7.278209664877911544e-01
5.270394951168235614e-02 7.310625512100986656e-01
5.315993906666848651e-02 7.342673975353531945e-01
5.361788901965465481e-02 7.374358048463436344e-01
5.407779937064088882e-02 7.405680745671243681e-01
5.453967011962716771e-02 7.436645099607464005e-01
5.500350126661349148e-02 7.467254159337414210e-01
5.546929281159986708e-02 7.497506546345450440e-01
5.593704475458628755e-02 7.527413906690848533e-01
5.640675709557277373e-02 7.556975182651489709e-01
5.687842983455929091e-02 7.586193470027071672e-01
5.735206297154587379e-02 7.615071872273008191e-01
5.782765650653248768e-02 7.643613498939915152e-01
5.830521043951917420e-02 7.671821464170724969e-01
5.878472477050590561e-02 7.699698885254573355e-01
5.926619949949267496e-02 7.727248881235392330e-01
5.974963462647950307e-02 7.754474571577683051e-01
6.023503015146637607e-02 7.781379074881720204e-01
6.072238607445330782e-02 7.807965507653703563e-01
6.121170239544027752e-02 7.834236983123706866e-01
6.170297911442730598e-02 7.860196610113229232e-01
6.219621623141437933e-02 7.885847491950110921e-01
6.269141374640151143e-02 7.911192725430360451e-01
6.318857165938866760e-02 7.936235399822639813e-01
6.368768997037589641e-02 7.960978595918245526e-01
6.418876867936318398e-02 7.985425385122038033e-01
6.469180778635051643e-02 8.009578828584831278e-01
6.519680729133789376e-02 8.033441976375393923e-01
6.570376719432530210e-02 8.057017866690382446e-01
6.621268749531278308e-02 8.080309525102420398e-01
6.672356819430030894e-02 8.103319963844333174e-01
6.723640929128789356e-02 8.126052181126801610e-01
6.775121078627552307e-02 8.148508225614597977e-01
6.826797267926318358e-02 8.170692817028913923e-01
6.878669497025091673e-02 8.192608080401176940e-01
6.930737765923869476e-02 8.214256950889970987e-01
6.983002074622653155e-02 8.235642346695841720e-01
7.035462423121441322e-02 8.256767168569391080e-01
7.088118811420231202e-02 8.277634299345745239e-01
7.140971239519029734e-02 8.298246603506972408e-01
7.194019707417832754e-02 8.318606926769397392e-01
7.247264215116641650e-02 8.338718095698330890e-01
7.300704762615452259e-02 8.358582917343897467e-01
7.354341349914270132e-02 8.378204178904110622e-01
7.408173977013092493e-02 8.397584647407283498e-01
7.462202643911922118e-02 8.416727069418750151e-01
7.516427350610754843e-02 8.435634170767551954e-01
7.570848097109590669e-02 8.454308656293905155e-01
7.625464883408433758e-02 8.472753209616427084e-01
7.680277709507281336e-02 8.490970203178686004e-01
7.735286575406134790e-02 8.508962802761352862e-01
7.790491481104989957e-02 8.526733384521633097e-01
7.845892426603853775e-02 8.544284544497847689e-01
7.901489411902722082e-02 8.561618856596342475e-01
7.957282437001594877e-02 8.578738872462240428e-01
8.013271501900470772e-02 8.595647121365802557e-01
8.069456606599353932e-02 8.612346110102654384e-01
8.125837751098241579e-02 8.628838322908628511e-01
8.182414935397135103e-02 8.645126221386987275e-01
8.239188159496033115e-02 8.661212244449580933e-01
8.296157423394934227e-02 8.677098808270160557e-01
8.353322727093842603e-02 8.692788306249373820e-01
8.410684070592755468e-02 8.708283108990865218e-01
8.468241453891674209e-02 8.723585409950919134e-01
8.525994876990593274e-02 8.738697807449109511e-01
8.583944339889522379e-02 8.753622479022661329e-01
8.642089842588455972e-02 8.768361703391953643e-01
8.700431385087394054e-02 8.782917736503127459e-01
8.758968967386336624e-02 8.797292811563739434e-01
8.817702589485282294e-02 8.811489139085357802e-01
8.876632251384235228e-02 8.825508906936905262e-01
8.935757953083194038e-02 8.839354280402734743e-01
8.995079694582157337e-02 8.853027402249774580e-01
9.054597475881122348e-02 8.866530392801139637e-01
9.114311296980096011e-02 8.879865271869721299e-01
9.174221157879074162e-02 8.893034249354945242e-01
9.234327058578056802e-02 8.906039318477679823e-01
9.294628999077042542e-02 8.918882510045013090e-01
9.355126979376035545e-02 8.931565832867846000e-01
9.415820999475034425e-02 8.944091273871586090e-01
9.476711059374037793e-02 8.956460798208275564e-01
9.537797159073045650e-02 8.968676349375801493e-01
9.599079298572055219e-02 8.980739849339876013e-01
9.660557477871074827e-02 8.992653198660903735e-01
9.722231696970097536e-02 9.004418276624486239e-01
9.784101955869126122e-02 9.016036879534962134e-01
9.846168254568156419e-02 9.027510949577232102e-01
9.908430593067193981e-02 9.038842255968914108e-01
9.970888971366237419e-02 9.050032593711349049e-01
1.003354338946528534e-01 9.061083737222175305e-01
1.009639384736433915e-01 9.071997440486624376e-01
1.015944034506339466e-01 9.082775437207454283e-01
1.022268288256245744e-01 9.093419440960558431e-01
1.028612145986152610e-01 9.103931145349832832e-01
1.034975607696059924e-01 9.114312185863822080e-01
1.041358673385967409e-01 9.124564280012722461e-01
1.047761343055875760e-01 9.134689034325548240e-01
1.054183616705784560e-01 9.144688063610534323e-01
1.060625494335693947e-01 9.154562963500738615e-01
1.067086975945603783e-01 9.164315310621491406e-01
1.073568061535513790e-01 9.173946662755050330e-01
1.080068751105424663e-01 9.183458559009920474e-01
1.086589044655335984e-01 9.192852519987927407e-01
1.093128942185247754e-01 9.202130018710491521e-01
1.099688443695159834e-01 9.211292586943076177e-01
1.106267549185072641e-01 9.220341669710789834e-01
1.112866258654986035e-01 9.229278714824556973e-01
1.119484572104899878e-01 9.238105152432432021e-01
1.126122489534813753e-01 9.246822395191093280e-01
1.132780010944728633e-01 9.255431838437179204e-01
1.139457136334643961e-01 9.263934860358532530e-01
1.146153865704559877e-01 9.272332822166428068e-01
1.152870199054476102e-01 9.280627041377503827e-01
1.159606136384392638e-01 9.288818889535267465e-01
1.166361677694310039e-01 9.296909658563903278e-01
1.173136822984227889e-01 9.304900643052702591e-01
1.179931572254146188e-01 9.312793121461399037e-01
1.186745925504064658e-01 9.320588356291202858e-01
1.193579882733983993e-01 9.328287594253937831e-01
1.200433443943903777e-01 9.335892066440931725e-01
1.207306609133824149e-01 9.343402968807845710e-01
1.214199378303744969e-01 9.350821533164684896e-01
1.221111751453665961e-01 9.358148930887464356e-01
1.228043728583587818e-01 9.365386331875503734e-01
1.234995309693510124e-01 9.372534891236659060e-01
1.241966494783433017e-01 9.379595749451913322e-01
1.248957283853355943e-01 9.386570032539236497e-01
1.255967676903279873e-01 9.393458852217073662e-01
1.262997673933204390e-01 9.400263306066281022e-01
1.270047274943129079e-01 9.406984455265117173e-01
1.277116479933054216e-01 9.413623406009159478e-01
1.284205288902980080e-01 9.420181198288404278e-01
1.291313701852906393e-01 9.426658874376246944e-01
1.298441718782833154e-01 9.433057463197782599e-01
1.305589339692760642e-01 9.439377980487465569e-01
1.312756564582688024e-01 9.445621428941985975e-01
1.319943393452616409e-01 9.451788798375093670e-01
1.327149826302545244e-01 9.457881046831612126e-01
1.334375863132474527e-01 9.463899169541618583e-01
1.341621503942403981e-01 9.469844104974203258e-01
1.348886748732334440e-01 9.475716792599342408e-01
1.356171597502265069e-01 9.481518159749351415e-01
1.363476050252196425e-01 9.487249121766743176e-01
1.370800106982128508e-01 9.492910582148087473e-01
1.378143767692060206e-01 9.498503432689644477e-01
1.385507032381993187e-01 9.504028536797977100e-01
1.392889901051926616e-01 9.509486790393169020e-01
1.400292373701860493e-01 9.514879039025117002e-01
1.407714450331794265e-01 9.520206128805414059e-01
1.415156130941729040e-01 9.525468894841552236e-01
1.422617415531664542e-01 9.530668161373370140e-01
1.430098304101600493e-01 9.535804741908300297e-01
1.437598796651536337e-01 9.540879439354923441e-01
1.445118893181473185e-01 9.545893031034036191e-01
1.452658593691410482e-01 9.550846323376970259e-01
1.460217898181348506e-01 9.555740077522301146e-01
1.467796806651286701e-01 9.560575055028988078e-01
1.475395319101225067e-01 9.565352007502635479e-01
1.483013435531164437e-01 9.570071676722543552e-01
1.490651155941104256e-01 9.574734794765075163e-01
1.498308480331044801e-01 9.579342084128738000e-01
1.505985408700985240e-01 9.583894244156525577e-01
1.513681941050926405e-01 9.588392000590370001e-01
1.521398077380868297e-01 9.592836038168841561e-01
1.529133817690810637e-01 9.597227042041271972e-01
1.536889161980753704e-01 9.601565688372967200e-01
1.544664110250696387e-01 9.605852644460327605e-01
1.552458662500640352e-01 9.610088568845683854e-01
1.560272818730584765e-01 9.614274111429798042e-01
1.568106578940529627e-01 9.618409901202925605e-01
1.575959943130474383e-01 9.622496591041131975e-01
1.583832911300420421e-01 9.626534796773278391e-01
1.591725483450366629e-01 9.630525134623998396e-01
1.599637659580313565e-01 9.634468212720940228e-01
1.607569439690260948e-01 9.638364631199912713e-01
1.615520823780208504e-01 9.642214982309719185e-01
1.623491811850156785e-01 9.646019850514944149e-01
1.631482403900105516e-01 9.649779801549202007e-01
1.639492599930054972e-01 9.653495422386660918e-01
1.647522399940004323e-01 9.657167266887818347e-01
1.655571803929954677e-01 9.660795889194937480e-01
1.663640811899905481e-01 9.664381836161497485e-01
1.671729423849857010e-01 9.667925647449270299e-01
1.679837639779808434e-01 9.671427855622601877e-01
1.687965459689760583e-01 9.674888986242718980e-01
1.696112883579713460e-01 9.678309548251615713e-01
1.704279911449667062e-01 9.681690069076516192e-01
1.712466543299620836e-01 9.685031046928690435e-01
1.720672779129574781e-01 9.688332980096536762e-01
1.728898618939529452e-01 9.691596360315136716e-01
1.737144062729484850e-01 9.694821672853429773e-01
1.745409110499440697e-01 9.698009396600066889e-01
1.753693762249396715e-01 9.701160004149024241e-01
1.761998017979353459e-01 9.704273953577731149e-01
1.770321877689310930e-01 9.707351718438235189e-01
1.778665341379268849e-01 9.710393747071781601e-01
1.787028409049227218e-01 9.713400487564303187e-01
1.795411080699185480e-01 9.716372382113921402e-01
1.803813356329145023e-01 9.719309867109958700e-01
1.812235235939104738e-01 9.722213373210520926e-01
1.820676719529065180e-01 9.725083325418795166e-01
1.829137807099025514e-01 9.727920136256307249e-01
1.837618498648986853e-01 9.730724230638125860e-01
1.846118794178948919e-01 9.733496012220159699e-01
1.854638693688911155e-01 9.736235883997937934e-01
1.863178197178873563e-01 9.738944243680700552e-01
1.871737304648836975e-01 9.741621483762142875e-01
1.880316016098800835e-01 9.744267991590452871e-01
1.888914331528765145e-01 9.746884149438009848e-01
1.897532250938729903e-01 9.749470334569152463e-01
1.906169774328694833e-01 9.752026911460583980e-01
1.914826901698660766e-01 9.754554260303077706e-01
1.923503633048627148e-01 9.757052738100749911e-01
1.932199968378593979e-01 9.759522702628203872e-01
1.940915907688560982e-01 9.761964506979313727e-01
1.949651450978528711e-01 9.764378499630658181e-01
1.958406598248497166e-01 9.766765024503591963e-01
1.967181349498466070e-01 9.769124421025372484e-01
1.975975704728435423e-01 9.771457018106005643e-01
1.984789663938404669e-01 9.773763156148786990e-01
1.993623227128375197e-01 9.776043157151613761e-01
2.002476394298345896e-01 9.778297343055915025e-01
2.011349165448317322e-01 9.780526031604208637e-01
2.020241540578288642e-01 9.782729536395768921e-01
2.029153519688260965e-01 9.784908166943100394e-01
2.038085102778234015e-01 9.787062228728042879e-01
2.047036289848207236e-01 9.789192023254759123e-01
2.056007080898180628e-01 9.791297841756724241e-01
2.064997475928155024e-01 9.793379988280852544e-01
2.074007474938129869e-01 9.795438748149121189e-01
2.083037077928105441e-01 9.797474407390878159e-01
2.092086284898081183e-01 9.799487248319094235e-01
2.101155095848057097e-01 9.801477549581483206e-01
2.110243510778034015e-01 9.803445586209327267e-01
2.119351529688011382e-01 9.805391629665973774e-01
2.128479152577989197e-01 9.807315947896082520e-01
2.137626379447967184e-01 9.809218799087505714e-01
2.146793210297945897e-01 9.811100454609770205e-01
2.155979645127925337e-01 9.812961167556834008e-01
2.165185683937905226e-01 9.814801192179971601e-01
2.174411326727885563e-01 9.816620779441647127e-01
2.183656573497865794e-01 9.818420177060931398e-01
2.192921424247847306e-01 9.820199629556239929e-01
2.202205878977829268e-01 9.821959378289956133e-01
2.211509937687811678e-01 9.823699661509704972e-01
2.220833600377793982e-01 9.825420708480094856e-01
2.230176867047777289e-01 9.827122761101912962e-01
2.239539737697761046e-01 9.828806044200685266e-01
2.248922212327745529e-01 9.830470783907400145e-01
2.258324290937730461e-01 9.832117203442276576e-01
2.267745973527715286e-01 9.833745523155268398e-01
2.277187260097701116e-01 9.835355960564203803e-01
2.286648150647687394e-01 9.836948730392994777e-01
2.296128645177674399e-01 9.838524044609895380e-01
2.305628743687661297e-01 9.840082107192897887e-01
2.315148446177649200e-01 9.841623133420821512e-01
2.324687752647637551e-01 9.843147323349138444e-01
2.334246663097626351e-01 9.844654878221595906e-01
2.343825177527615322e-01 9.846145996706429093e-01
2.353423295937605020e-01 9.847620874930607116e-01
2.363041018327595444e-01 9.849079706514735078e-01
2.372678344697586317e-01 9.850522682606351887e-01
2.382335275047577638e-01 9.851949991913060423e-01
2.392011809377569131e-01 9.853361816291572595e-01
2.401707947687561351e-01 9.854758346998034879e-01
2.411423689977554297e-01 9.856139762370063062e-01
2.421159036247547691e-01 9.857506241622197019e-01
2.430913986497540979e-01 9.858857961688184401e-01
2.440688540727535549e-01 9.860195097252048013e-01
2.450482698937530290e-01 9.861517820778314958e-01
2.460296461127525758e-01 9.862826302541762846e-01
2.470129827297521674e-01 9.864120710656599789e-01
2.479982797447517484e-01 9.865401211105780943e-01
2.489855371577514298e-01 9.866667962980030238e-01
2.499747549687511561e-01 9.867921136095113566e-01
2.509659331777509550e-01 9.869160886642777131e-01
2.519590717847506878e-01 9.870387372311204555e-01
2.529541707897505765e-01 9.871600748795343883e-01
2.539512301927505100e-01 9.872801169824104717e-01
2.549502499937504885e-01 9.873988787187041316e-01
2.559512301927505673e-01 9.875163750759481385e-01
2.569541707897506355e-01 9.876326208528424244e-01
2.579590717847507486e-01 9.877476303044289141e-01
2.589659331777509621e-01 9.878614184513657692e-01
2.599747549687512205e-01 9.879739992788306724e-01
2.609855371577514682e-01 9.880853868506404014e-01
2.619982797447518164e-01 9.881955950540534106e-01
2.630129827297520984e-01 9.883046376021248358e-01
2.640296461127525363e-01 9.884125280359514765e-01
2.650482698937530190e-01 9.885192797270160314e-01
2.660688540727535467e-01 9.886249058794692735e-01
2.670913986497541748e-01 9.887294195322933188e-01
2.681159036247547922e-01 9.888328332246799635e-01
2.691423689977554545e-01 9.889351602332422386e-01
2.701707947687562172e-01 9.890364128656775611e-01
2.712011809377570248e-01 9.891366035182260763e-01
2.722335275047577108e-01 9.892357444326297378e-01
2.732678344697586081e-01 9.893338476981828888e-01
2.743041018327595504e-01 9.894309252537933919e-01
2.753423295937605375e-01 9.895269888899073107e-01
2.763825177527615695e-01 9.896220502505239658e-01
2.774246663097627019e-01 9.897161208351621386e-01
2.784687752647638237e-01 9.898092120006881656e-01
2.795148446177649904e-01 9.899013345711026313e-01
2.805628743687662574e-01 9.899925002893555925e-01
2.816128645177674028e-01 9.900827197979876759e-01
2.826648150647687596e-01 9.901720038986807637e-01
2.837187260097701613e-01 9.902603632596262972e-01
2.847745973527716079e-01 9.903478084173399365e-01
2.858324290937730994e-01 9.904343497783597572e-01
2.868922212327746357e-01 9.905199976209632107e-01
2.879539737697762170e-01 9.906047620968734257e-01
2.890176867047778431e-01 9.906886532329162165e-01
2.900833600377795141e-01 9.907716806147078836e-01
2.911509937687811744e-01 9.908538545621784488e-01
2.922205878977829352e-01 9.909351844971581169e-01
2.932921424247847964e-01 9.910156799601302913e-01
2.943656573497866469e-01 9.910953503746560145e-01
2.954411326727885978e-01 9.911742050488550060e-01
2.965185683937905936e-01 9.912522531769601963e-01
2.975979645127926343e-01 9.913295038408005411e-01
2.986793210297947199e-01 9.914059660113043737e-01
2.997626379447967393e-01 9.914816485498414433e-01
3.008479152577989146e-01 9.915565602097780040e-01
3.019351529688011904e-01 9.916307093246767845e-01
3.030243510778034555e-01 9.917041049703001487e-01
3.041155095848058210e-01 9.917767553450188567e-01
3.052086284898081758e-01 9.918486687813659053e-01
3.063037077928106311e-01 9.919198535106480419e-01
3.074007474938131312e-01 9.919903176643007914e-01
3.084997475928156763e-01 9.920600692751547767e-01
3.096007080898180996e-01 9.921291162787062579e-01
3.107036289848207899e-01 9.921974665144273064e-01
3.118085102778234696e-01 9.922651277269494141e-01
3.129153519688261942e-01 9.923321075673307012e-01
3.140241540578289636e-01 9.923984133117922379e-01
3.151349165448318335e-01 9.924640529114974186e-01
3.162476394298346927e-01 9.925290335273211362e-01
3.173623227128376523e-01 9.925933624458106452e-01
3.184789663938406568e-01 9.926570468658518775e-01
3.195975704728435396e-01 9.927200938997449153e-01
3.207181349498466338e-01 9.927825105743660616e-01
3.218406598248497730e-01 9.928443038322366521e-01
3.229651450978529570e-01 9.929054805326260613e-01
3.240915907688562414e-01 9.929660474526169622e-01
3.252199968378595152e-01 9.930260112881549306e-01
3.263503633048628338e-01 9.930853786550987161e-01
3.274826901698662529e-01 9.931441557898803563e-01
3.286169774328696613e-01 9.932023496716698707e-01
3.297532250938730591e-01 9.932599664476066126e-01
3.308914331528765573e-01 9.933170124215535690e-01
3.320316016098801559e-01 9.933734938222258393e-01
3.331737304648837994e-01 9.934294168042810957e-01
3.343178197178874878e-01 9.934847874491110620e-01
3.354638693688912210e-01 9.935396117659301973e-01
3.366118794178950546e-01 9.935938956925661758e-01
3.377618498648988776e-01 9.936476450965058271e-01
3.389137807099027455e-01 9.937008657756614127e-01
3.400676719529066028e-01 9.937535634592929989e-01
3.412235235939105604e-01 9.938057435205703838e-01
3.423813356329146185e-01 9.938574120570095038e-01
3.435411080699187214e-01 9.939085743698541364e-01
3.447028409049228137e-01 9.939592359209248329e-01
3.458665341379270064e-01 9.940094021077133801e-01
3.470321877689312440e-01 9.940590782640537082e-01
3.481998017979355819e-01 9.941082696610779035e-01
3.493693762249399093e-01 9.941569815079014383e-01
3.505409110499441705e-01 9.942052189525135697e-01
3.517144062729485876e-01 9.942529870824093896e-01
3.528898618939531051e-01 9.943002909254928801e-01
3.540672779129576120e-01 9.943471354507323889e-01
3.552466543299622193e-01 9.943935253183031620e-01
3.564279911449668714e-01 9.944394658195516712e-01
3.576112883579715684e-01 9.944849615531431430e-01
3.587965459689763104e-01 9.945300172584971010e-01
3.599837639779809306e-01 9.945746376197581728e-01
3.611729423849858178e-01 9.946188272663926133e-01
3.623640811899906944e-01 9.946625907740908046e-01
3.635571803929956158e-01 9.947059326652316624e-01
3.647522399940006377e-01 9.947488574096134961e-01
3.659492599930056489e-01 9.947913694251978578e-01
3.671482403900107605e-01 9.948334730785828306e-01
3.683491811850159170e-01 9.948751726858592326e-01
3.695520823780210629e-01 9.949164725130479336e-01
3.707569439690261981e-01 9.949573765303144635e-01
3.719637659580314892e-01 9.949978893396165258e-01
3.731725483450368253e-01 9.950380148637466560e-01
3.743832911300422062e-01 9.950777571738678162e-01
3.755959943130476320e-01 9.951171202941926364e-01
3.768106578940531581e-01 9.951561082025697225e-01
3.780272818730586737e-01 9.951947248310760719e-01
3.792458662500642896e-01 9.952329740665105673e-01
3.804664110250698950e-01 9.952708597510788735e-01
3.816889161980754896e-01 9.953083856828002229e-01
3.829133817690812402e-01 9.953455556162071893e-01
3.841398077380869802e-01 9.953823732627479215e-01
3.853681941050928206e-01 9.954188422914022061e-01
3.865985408700987613e-01 9.954549661129905580e-01
3.878308480331046915e-01 9.954907486946630302e-01
3.890651155941106665e-01 9.955261934076327091e-01
3.903013435531166864e-01 9.955613037551657163e-01
3.915395319101228067e-01 9.955960832005691374e-01
3.927796806651288053e-01 9.956305351677108284e-01
3.940217898181350153e-01 9.956646630414859311e-01
3.952658593691412148e-01 9.956984701683200267e-01
3.965118893181475146e-01 9.957319598565727015e-01
3.977598796651538593e-01 9.957651353771050928e-01
3.990098304101602489e-01 9.957979999636831225e-01
4.002617415531666833e-01 9.958305568133729579e-01
4.015156130941732182e-01 9.958628090871272098e-01
4.027714450331797424e-01 9.958947599101128922e-01
4.040292373701862005e-01 9.959264121642282808e-01
4.052889901051928145e-01 9.959577692740556598e-01
4.065507032381995289e-01 9.959888340915267202e-01
4.078143767692062882e-01 9.960196096023921086e-01
4.090800106982130369e-01 9.960500987587709298e-01
4.103476050252198859e-01 9.960803044794988015e-01
4.116171597502267798e-01 9.961102296507190479e-01
4.128886748732337186e-01 9.961398771260308038e-01
4.141621503942407023e-01 9.961692497270865365e-01
4.154375863132476199e-01 9.961983502438725990e-01
4.167149826302546933e-01 9.962271814351386645e-01
4.179943393452618672e-01 9.962557460287481126e-01
4.192756564582690304e-01 9.962840467220629437e-01
4.205589339692762940e-01 9.963120861823065999e-01
4.218441718782836025e-01 9.963398668717077244e-01
4.231313701852909004e-01 9.963673917101896205e-01
4.244205288902982987e-01 9.963946631344996474e-01
4.257116479933056308e-01 9.964216836942901834e-01
4.270047274943131188e-01 9.964484559108319761e-01
4.282997673933206517e-01 9.964749822773767418e-01
4.295967676903282295e-01 9.965012652595133247e-01
4.308957283853359077e-01 9.965273072954360378e-01
4.321966494783435753e-01 9.965531107963109259e-01
4.334995309693513432e-01 9.965786781466366984e-01
4.348043728583591006e-01 9.966040117044300262e-01
4.361111751453669583e-01 9.966291138017462359e-01
4.374199378303746943e-01 9.966539867447580248e-01
4.387306609133826418e-01 9.966786328142839269e-01
4.400433443943906342e-01 9.967030542659409686e-01
4.413579882733986715e-01 9.967272533304742943e-01
4.426745925504067536e-01 9.967512320239899637e-01
4.439931572254149361e-01 9.967749928707010376e-01
4.453136822984231080e-01 9.967985378712956868e-01
4.466361677694313248e-01 9.968218691595194247e-01
4.479606136384396420e-01 9.968449888457077135e-01
4.492870199054478375e-01 9.968678990170543042e-01
4.506153865704562445e-01 9.968906017378896811e-01
4.519457136334646408e-01 9.969130990499310840e-01
4.532780010944731375e-01 9.969353929726079144e-01
4.546122489534816791e-01 9.969574855032246052e-01
4.559484572104903211e-01 9.969793786172927996e-01
4.572866258654989524e-01 9.970010742688071304e-01
4.586267549185076287e-01 9.970225743903898818e-01
4.599688443695163498e-01 9.970438808936999964e-01
4.613128942185250048e-01 9.970649956695264438e-01
4.626589044655338712e-01 9.970859205881346110e-01
4.640068751105427269e-01 9.971066573247560072e-01
4.653568061535516831e-01 9.971272080254276471e-01
4.667086975945606842e-01 9.971475743544654380e-01
4.680625494335697301e-01 9.971677581018424386e-01
4.694183616705788209e-01 9.971877610381617574e-01
4.707761343055879566e-01 9.972075849148620552e-01
4.721358673385971372e-01 9.972272314644499147e-01
4.734975607696062516e-01 9.972467024007309888e-01
4.748612145986155220e-01 9.972659994189533306e-01
4.762268288256248927e-01 9.972851241961649960e-01
4.775944034506342528e-01 9.973040783912415774e-01
4.789639384736437133e-01 9.973228636452700080e-01
4.803354338946532187e-01 9.973414815816252776e-01
4.817088897136627690e-01 9.973599338062820729e-01
4.830843059306723641e-01 9.973782219078914935e-01
4.844616825456818376e-01 9.973963474581076794e-01
4.858410195586915226e-01 9.974143120117049399e-01
4.872223169697012524e-01 9.974321169451511038e-01
4.886055747787110826e-01 9.974497640743265059e-01
4.899907929857209021e-01 9.974672547684957369e-01
4.913779715907308221e-01 9.974845905166006554e-01
4.927671105937407314e-01 9.975017727916768440e-01
4.941582099947507412e-01 9.975188030510349080e-01
4.955512697937607958e-01 9.975356827364215695e-01
4.969462899907707287e-01 9.975524132742054073e-01
4.983432705857808731e-01 9.975689960755604879e-01
4.997422115787910624e-01 9.975854325366542152e-01
5.011431129698012965e-01 9.976017240387902163e-01
5.025459747588115755e-01 9.976178719485603308e-01
5.039507969458218994e-01 9.976338776180836421e-01
5.053575795308323793e-01 9.976497423850902990e-01
5.067663225138427929e-01 9.976654675731543298e-01
5.081770258948532515e-01 9.976810544917811274e-01
5.095896896738636439e-01 9.976965044366358226e-01
5.110043138508743032e-01 9.977118186896519747e-01
5.124208984258848965e-01 9.977269983728271896e-01
5.138394433988955345e-01 9.977420450090235260e-01
5.152599487699063285e-01 9.977569597156710213e-01
5.166824145389171674e-01 9.977717437211273133e-01
5.181068407059279401e-01 9.977863982408244903e-01
5.195332272709388688e-01 9.978009244773786701e-01
5.209615742339498423e-01 9.978153236206944721e-01
5.223918815949606387e-01 9.978295968481838418e-01
5.238241493539717020e-01 9.978437453248868438e-01
5.252583775109828101e-01 9.978577702035483776e-01
5.266945660659939632e-01 9.978716726248409996e-01
5.281327150190051611e-01 9.978854537174406403e-01
5.295728243700164040e-01 9.978991145981978006e-01
5.310148941190276917e-01 9.979126563721926191e-01
5.324589242660390243e-01 9.979260801330338548e-01
5.339049148110504017e-01 9.979393869627702918e-01
5.353528657540617131e-01 9.979525779321678502e-01
5.368027770950731803e-01 9.979656541008083970e-01
5.382546488340846924e-01 9.979786165171644630e-01
5.397084809710962494e-01 9.979914662187804320e-01
5.411642735061079623e-01 9.980042040860920283e-01
5.426220264391196091e-01 9.980168314049882028e-01
5.440817397701314118e-01 9.980293490549158042e-01
5.455434134991431483e-01 9.980417580305859238e-01
5.470070476261550407e-01 9.980540593163670371e-01
5.484726421511667560e-01 9.980662538863687150e-01
5.499401970741787382e-01 9.980783427045752942e-01
5.514097123951906543e-01 9.980903267249223720e-01
5.528811881142027262e-01 9.981022068915020862e-01
5.543546242312148431e-01 9.981139841384804035e-01
5.558300207462270048e-01 9.981256593904159757e-01
5.573073776592392115e-01 9.981372335621943037e-01
5.587866949702514630e-01 9.981487075592847535e-01
5.602679726792635373e-01 9.981600822777060289e-01
5.617512107862758786e-01 9.981713586042362252e-01
5.632364092912882647e-01 9.981825374164287057e-01
5.647235681943006957e-01 9.981936195827711966e-01
5.662126874953131717e-01 9.982046059627525114e-01
5.677037671943258035e-01 9.982154974069683551e-01
5.691968072913383692e-01 9.982262947572158041e-01
5.706918077863509797e-01 9.982369988466058830e-01
5.721887686793637462e-01 9.982476103678421531e-01
5.736876899703762245e-01 9.982581303815070140e-01
5.751885716593890807e-01 9.982685595805664835e-01
5.766914137464018708e-01 9.982788987640671685e-01
5.781962162314148168e-01 9.982891487228718885e-01
5.797029791144278077e-01 9.982993102396486851e-01
5.812117023954407324e-01 9.983093840890290283e-01
5.827223860744538131e-01 9.983193710375968255e-01
5.842350301514669386e-01 9.983292718441232338e-01
5.857496346264799980e-01 9.983390872595024890e-01
5.872661994994931023e-01 9.983488180268939027e-01
5.887847247705062514e-01 9.983584648818565332e-01
5.903052104395195565e-01 9.983680285522986697e-01
5.918276565065329065e-01 9.983775097587194169e-01
5.933520629715463013e-01 9.983869092141505197e-01
5.948784298345597410e-01 9.983962276242770439e-01
5.964067570955732256e-01 9.984054656876092393e-01
5.979370447545868661e-01 9.984146240953905016e-01
5.994692928116004405e-01 9.984237035317842235e-01
6.010035012666138377e-01 9.984327046739450706e-01
6.025396701196276128e-01 9.984416281920173164e-01
6.040777993706413218e-01 9.984504747492960464e-01
6.056178890196550757e-01 9.984592450022677923e-01
6.071599390666689855e-01 9.984679396006660435e-01
6.087039495116828292e-01 9.984765590546997860e-01
6.102499203546968287e-01 9.984851042496267759e-01
6.117978515957107621e-01 9.984935756979594901e-01
6.133477432347248515e-01 9.985019740230443031e-01
6.148995952717387636e-01 9.985102998418569076e-01
6.164534077067529427e-01 9.985185537649837739e-01
6.180091805397671667e-01 9.985267363967550436e-01
6.195669137707813245e-01 9.985348483353121418e-01
6.211266073997956383e-01 9.985428901726010054e-01
6.226882614268099969e-01 9.985508624945528267e-01
6.242518758518244004e-01 9.985587658810081146e-01
6.258174506748388488e-01 9.985666009059285253e-01
6.273849858958533421e-01 9.985743681372779568e-01
6.289544815148676582e-01 9.985820681372377106e-01
6.305259375318823523e-01 9.985897014622113765e-01
6.320993539468969802e-01 9.985972686628595829e-01
6.336747307599116530e-01 9.986047702841880369e-01
6.352520679709263707e-01 9.986122068655760575e-01
6.368313655799411332e-01 9.986195789408719437e-01
6.384126235869560517e-01 9.986268870384050755e-01
6.399958419919709041e-01 9.986341316810720681e-01
6.415810207949856903e-01 9.986413133863555336e-01
6.431681599960007434e-01 9.986484326664559763e-01
6.447572595950157304e-01 9.986554900282483827e-01
6.463483195920308733e-01 9.986624859733570503e-01
6.479413399870459500e-01 9.986694209982905912e-01
6.495363207800611827e-01 9.986762954746561949e-01
6.511332619710764602e-01 9.986831101145638989e-01
6.527321635600916716e-01 9.986898652921144537e-01
6.543330255471070389e-01 9.986965614835532357e-01
6.559358479321222291e-01 9.987031991601068581e-01
6.575406307151376861e-01 9.987097787881733524e-01
6.591473738961531881e-01 9.987163008292643251e-01
6.607560774751687349e-01 9.987227657401905878e-01
6.623667414521843266e-01 9.987291739729057261e-01
6.639793658271999632e-01 9.987355259747606739e-01
6.655939506002157557e-01 9.987418221883850311e-01
6.672104957712314821e-01 9.987480630518420499e-01
6.688290013402472534e-01 9.987542489985888894e-01
6.704494673072629585e-01 9.987603804575955202e-01
6.720718936722788195e-01 9.987664578533529403e-01
6.736962804352947254e-01 9.987724816058622945e-01
6.753226275963107872e-01 9.987784521308143981e-01
6.769509351553267829e-01 9.987843698394264225e-01
6.785812031123429344e-01 9.987902351387286659e-01
6.802134314673590199e-01 9.987960484313918030e-01
6.818476202203752612e-01 9.988018101158556705e-01
6.834837693713914364e-01 9.988075205864116457e-01
6.851218789204075454e-01 9.988131802331449149e-01
6.867619488674239214e-01 9.988187894420456070e-01
6.884039792124403423e-01 9.988243485950207834e-01
6.900479699554568080e-01 9.988298580699199736e-01
6.916939210964733187e-01 9.988353182405809161e-01
6.933418326354898742e-01 9.988407294768937295e-01
6.949917045725064746e-01 9.988460921447818164e-01
6.966435369075231199e-01 9.988514066062835761e-01
6.982973296405398100e-01 9.988566732195705011e-01
6.999530827715563230e-01 9.988618922212622042e-01
7.016107963005731030e-01 9.988670641861865374e-01
7.032704702275899278e-01 9.988721893538630159e-01
7.049321045526069085e-01 9.988772680673152493e-01
7.065956992756238231e-01 9.988823006658644754e-01
7.082612543966407825e-01 9.988872874851474348e-01
7.099287699156578979e-01 9.988922288571681074e-01
7.115982458326749471e-01 9.988971251103394566e-01
7.132696821476921523e-01 9.989019765694886477e-01
7.149430788607090692e-01 9.989067835558849140e-01
7.166184359717263641e-01 9.989115463873325940e-01
7.182957534807437039e-01 9.989162653780995216e-01
7.199750313877609775e-01 9.989209408390340439e-01
7.216562696927784071e-01 9.989255730775513653e-01
7.233394683957958815e-01 9.989301623976409861e-01
7.250246274968132898e-01 9.989347090999748380e-01
7.267117469958308540e-01 9.989392134818531055e-01
7.284008268928482410e-01 9.989436758372509662e-01
7.300918671878658950e-01 9.989480964568827615e-01
7.317848678808835938e-01 9.989524756281783491e-01
7.334798289719013376e-01 9.989568136353544903e-01
7.351767504609192372e-01 9.989611107594046358e-01
7.368756323479370707e-01 9.989653672781311222e-01
7.385764746329549491e-01 9.989695834662202234e-01
7.402792773159728723e-01 9.989737595951716509e-01
7.419840403969908404e-01 9.989778959333773800e-01
7.436907638760087425e-01 9.989819927461995874e-01
7.453994477530268004e-01 9.989860502958783917e-01
7.471100920280450142e-01 9.989900688416299968e-01
7.488226967010631618e-01 9.989940486396976516e-01
7.505372617720814654e-01 9.989979899432511745e-01
7.522537872410997029e-01 9.990018930025504895e-01
7.539722731081180962e-01 9.990057580648795676e-01
7.556927193731364234e-01 9.990095853746221444e-01
7.574151260361549065e-01 9.990133751732285239e-01
7.591394930971732125e-01 9.990171276992356741e-01
7.608658205561917853e-01 9.990208431883709217e-01
7.625941084132104031e-01 9.990245218735199773e-01
7.643243566682289547e-01 9.990281638704295863e-01
7.660565653212476622e-01 9.990317696264636727e-01
7.677907343722664146e-01 9.990353392598230187e-01
7.695268638212852119e-01 9.990388729921663158e-01
7.712649536683040541e-01 9.990423710424033432e-01
7.730050039133229411e-01 9.990458336267126205e-01
7.747470145563417621e-01 9.990492609585517325e-01
7.764909855973607389e-01 9.990526532487059574e-01
7.782369170363797606e-01 9.990560107052631755e-01
7.799848088733989382e-01 9.990593335336409586e-01
7.817346611084180497e-01 9.990626219366331995e-01
7.834864737414372060e-01 9.990658761143949018e-01
7.852402467724565183e-01 9.990690962644531714e-01
7.869959802014757644e-01 9.990722825817847097e-01
7.887536740284951664e-01 9.990754352587160048e-01
7.905133282535142802e-01 9.990785544850814270e-01
7.922749428765337720e-01 9.990816404481008828e-01
7.940385178975533087e-01 9.990846933324714074e-01
7.958040533165727792e-01 9.990877133204068006e-01
7.975715491335924057e-01 9.990907005915775629e-01
7.993410053486120770e-01 9.990936553231403172e-01
8.011124219616317932e-01 9.990965776898226292e-01
8.028857989726515543e-01 9.990994678638398518e-01
8.046611363816711382e-01 9.991023260149544116e-01
8.064384341886909890e-01 9.991051523105118903e-01
8.082176923937108848e-01 9.991079469153949510e-01
8.099989109967308254e-01 9.991107099920825130e-01
8.117820899977508109e-01 9.991134417006367618e-01
8.135672293967708413e-01 9.991161421987400093e-01
8.153543291937909165e-01 9.991188116416563902e-01
8.171433893888111477e-01 9.991214501822999194e-01
8.189344099818313127e-01 9.991240579712039604e-01
8.207273909728513006e-01 9.991266351565817327e-01
8.225223323618716664e-01 9.991291818842519268e-01
8.243192341488919661e-01 9.991316982977148653e-01
8.261180963339124217e-01 9.991341845381694897e-01
8.279189189169328111e-01 9.991366407444451925e-01
8.297217018979533565e-01 9.991390670531133944e-01
8.315264452769738357e-01 9.991414635984424697e-01
8.333331490539944708e-01 9.991438305123426789e-01
8.351418132290151508e-01 9.991461679245077221e-01
8.369524378020356536e-01 9.991484759623304734e-01
8.387650227730564234e-01 9.991507547509497211e-01
8.405795681420771270e-01 9.991530044132012067e-01
8.423960739090979866e-01 9.991552250697073312e-01
8.442145400741188910e-01 9.991574168388202004e-01
8.460349666371398403e-01 9.991595798366494918e-01
8.478573535981608345e-01 9.991617141770388066e-01
8.496817009571818735e-01 9.991638199716711410e-01
8.515080087142030685e-01 9.991658973299257784e-01
8.533362768692239753e-01 9.991679463589945298e-01
8.551665054222451490e-01 9.991699671638502034e-01
8.569986943732663676e-01 9.991719598472353914e-01
8.588328437222877421e-01 9.991739245097102096e-01
8.606689534693090504e-01 9.991758612495968972e-01
8.625070236143304037e-01 9.991777700512121108e-01
8.643470541573519128e-01 9.991796512274153663e-01
8.661890450983733558e-01 9.991815047627605750e-01
8.680329964373949547e-01 9.991833307468179770e-01
8.698789081744163765e-01 9.991851292669273743e-01
8.717267803094379541e-01 9.991869004082358785e-01
8.735766128424596877e-01 9.991886442537308843e-01
8.754284057734814661e-01 9.991903608841994355e-01
8.772821591025032895e-01 9.991920503782347751e-01
8.791378728295250466e-01 9.991937128122533318e-01
8.809955469545469597e-01 9.991953482604873926e-01
8.828551814775689177e-01 9.991969567949834374e-01
8.847167763985909206e-01 9.991985384855883723e-01
8.865803317176127463e-01 9.992000933999830581e-01
8.884458474346348389e-01 9.992016216036385678e-01
8.903133235496569764e-01 9.992031231598683672e-01
8.921827600626792698e-01 9.992045981297695834e-01
8.940541569737014971e-01 9.992060465722433227e-01
8.959275142827237692e-01 9.992074685440459625e-01
8.978028319897460863e-01 9.992088640996756865e-01
8.996801100947685592e-01 9.992102332914548635e-01
9.015593485977907440e-01 9.992115761695059550e-01
9.034405474988133067e-01 9.992128927817616191e-01
9.053237067978358033e-01 9.992141831739151936e-01
9.072088264948584557e-01 9.992154473894602207e-01
9.090959065898810421e-01 9.992166854696765688e-01
9.109849470829037843e-01 9.992178974535886882e-01
9.128759479739264604e-01 9.992190833780505432e-01
9.147689092629492924e-01 9.992202432776190468e-01
9.166638309499721693e-01 9.992213771846517600e-01
9.185607130349948690e-01 9.992224851292617060e-01
9.204595555180178357e-01 9.992235671392455387e-01
9.223603583990407362e-01 9.992246232402337558e-01
9.242631216780637926e-01 9.992256534555162828e-01
9.261678453550868939e-01 9.992266578061410609e-01
9.280745294301100401e-01 9.992276363108428816e-01
9.299831739031333422e-01 9.992285889861053372e-01
9.318937787741565781e-01 9.992295158460651194e-01
9.338063440431798590e-01 9.992304169025651994e-01
9.357208697102029626e-01 9.992312921651579360e-01
9.376373557752263332e-01 9.992321416409963852e-01
9.395558022382498597e-01 9.992329653349529828e-01
9.414762090992733201e-01 9.992337632495158495e-01
9.433985763582968254e-01 9.992345353848032241e-01
9.453229040153204865e-01 9.992352817385852237e-01
9.472491920703440815e-01 9.992360023062275554e-01
9.491774405233678324e-01 9.992366970806465520e-01
9.511076493743915172e-01 9.992373660524425105e-01
9.530398186234151359e-01 9.992380092096839750e-01
9.549739482704390214e-01 9.992386265380758248e-01
9.569100383154629519e-01 9.992392180207887442e-01
9.588480887584868162e-01 9.992397836385905618e-01
9.607880995995108364e-01 9.992403233697328968e-01
9.627300708385349015e-01 9.992408371899327291e-01
9.646740024755590115e-01 9.992413250724264673e-01
9.666198945105831664e-01 9.992417869878992276e-01
9.685677469436073661e-01 9.992422229044688464e-01
9.705175597746313887e-01 9.992426327876738901e-01
9.724693330036556782e-01 9.992430166005086267e-01
9.744230666306800126e-01 9.992433743032599347e-01
9.763787606557043919e-01 9.992437058536703942e-01
9.783364150787289271e-01 9.992440112068161628e-01
9.802960298997533961e-01 9.992442903150428046e-01
9.822576051187779100e-01 9.992445431280525536e-01
9.842211407358025799e-01 9.992447695928304841e-01
9.861866367508271836e-01 9.992449696536079840e-01
9.881540931638517211e-01 9.992451432518409948e-01
9.901235099748764146e-01 9.992452903262009078e-01
9.920948871839012639e-01 9.992454108125867762e-01
9.940682247909260472e-01 9.992455046440464894e-01
9.960435227959509863e-01 9.992455717507233715e-01
9.980207811989759703e-01 9.992456120599003677e-01
1.000000000000000666e+00 9.992456254959832807e-01
