0.000000000000000000e+00 0.000000000000000000e+00
2.078119897502626434e-05 0.000000000000000000e+00
4.352279595010249372e-05 0.000000000000000000e+00
6.822479092522875592e-05 5.048743798115056142e-29
9.488718390040502381e-05 0.000000000000000000e+00
1.235099748756312839e-04 0.000000000000000000e+00
1.540931638509075632e-04 0.000000000000000000e+00
1.866367508262337669e-04 0.000000000000000000e+00
2.211407358016100034e-04 0.000000000000000000e+00
2.576051187770363269e-04 0.000000000000000000e+00
2.960298997525126832e-04 0.000000000000000000e+00
3.364150787280388555e-04 0.000000000000000000e+00
3.787606557036150606e-04 0.000000000000000000e+00
4.230666306792412444e-04 0.000000000000000000e+00
4.693330036549174067e-04 0.000000000000000000e+00
5.175597746306437102e-04 0.000000000000000000e+00
5.677469436064200466e-04 0.000000000000000000e+00
6.198945105822462531e-04 0.000000000000000000e+00
6.740024755581224382e-04 0.000000000000000000e+00
7.300708385340486020e-04 0.000000000000000000e+00
7.880995995100251780e-04 0.000000000000000000e+00
8.480887584860512989e-04 0.000000000000000000e+00
9.100383154621275068e-04 0.000000000000000000e+00
9.739482704382536934e-04 0.000000000000000000e+00
1.039818623414429750e-03 0.000000000000000000e+00
1.107649374390655894e-03 0.000000000000000000e+00
1.177440523366932558e-03 0.000000000000000000e+00
1.249192070343258659e-03 0.000000000000000000e+00
1.322904015319634847e-03 0.000000000000000000e+00
1.398576358296060905e-03 0.000000000000000000e+00
1.476209099272537051e-03 0.000000000000000000e+00
1.555802238249063716e-03 0.000000000000000000e+00
1.637355775225640036e-03 0.000000000000000000e+00
1.720869710202266008e-03 0.000000000000000000e+00
1.806344043178942285e-03 0.000000000000000000e+00
1.893778774155669082e-03 0.000000000000000000e+00
1.983173903132445098e-03 0.000000000000000000e+00
2.074529430109271419e-03 0.000000000000000000e+00
2.167845355086147393e-03 0.000000000000000000e+00
2.263121678063073454e-03 0.000000000000000000e+00
2.360358399040050469e-03 0.000000000000000000e+00
2.459555518017076271e-03 0.000000000000000000e+00
2.560713034994152593e-03 0.000000000000000000e+00
2.663830949971278568e-03 0.000000000000000000e+00
2.768909262948454630e-03 0.000000000000000000e+00
2.875947973925680780e-03 0.000000000000000000e+00
2.984947082902957450e-03 0.000000000000000000e+00
3.095906589880283773e-03 0.000000000000000000e+00
3.208826494857659750e-03 0.000000000000000000e+00
3.323706797835085814e-03 0.000000000000000000e+00
3.440547498812561965e-03 0.000000000000000000e+00
3.559348597790088636e-03 0.000000000000000000e+00
3.680110094767664961e-03 0.000000000000000000e+00
3.802831989745290939e-03 0.000000000000000000e+00
3.927514282722965704e-03 0.000000000000000000e+00
4.054156973700691856e-03 0.000000000000000000e+00
4.182760062678468095e-03 0.000000000000000000e+00
4.313323549656295289e-03 0.000000000000000000e+00
4.445847434634171702e-03 0.000000000000000000e+00
4.580331717612097335e-03 0.000000000000000000e+00
4.716776398590073922e-03 0.000000000000000000e+00
4.855181477568099729e-03 0.000000000000000000e+00
4.995546954546175623e-03 0.000000000000000000e+00
5.137872829524301604e-03 0.000000000000000000e+00
5.282159102502477672e-03 0.000000000000000000e+00
5.428405773480703828e-03 0.000000000000000000e+00
5.576612842458980070e-03 0.000000000000000000e+00
5.726780309437305531e-03 0.000000000000000000e+00
5.878908174415681948e-03 0.000000000000000000e+00
6.032996437394107583e-03 0.000000000000000000e+00
6.189045098372585908e-03 0.000000000000000000e+00
6.347054157351111718e-03 0.000000000000000000e+00
6.507023614329687615e-03 0.000000000000000000e+00
6.668953469308313599e-03 0.000000000000000000e+00
6.832843722286989670e-03 0.000000000000000000e+00
6.998694373265715828e-03 0.000000000000000000e+00
7.166505422244492073e-03 0.000000000000000000e+00
7.336276869223317537e-03 0.000000000000000000e+00
7.508008714202193956e-03 0.000000000000000000e+00
7.681700957181119595e-03 4.940656458412465442e-324
7.857353598160098790e-03 4.940656458412465442e-324
8.034966637139125470e-03 4.940656458412465442e-324
8.214540074118200502e-03 4.940656458412465442e-324
8.396073909097327356e-03 4.940656458412465442e-324
8.579568142076502563e-03 4.940656458412465442e-324
8.765022773055727856e-03 9.881312916824930884e-324
8.952437802035004971e-03 9.881312916824930884e-324
9.141813229014330439e-03 1.482196937523739633e-323
9.333149053993705993e-03 1.482196937523739633e-323
9.526445276973131635e-03 8.508943283059875710e-272
9.721701897952607363e-03 2.378168161016812008e-190
9.918918916932136648e-03 9.024369452484962429e-129
1.011809633391171255e-02 1.137195513112480814e-83
1.031923414889133854e-02 6.391215505758240995e-52
1.052233236187101462e-02 1.136555623962431026e-30
1.072739097285074078e-02 2.293886469188226476e-17
1.093440998183051703e-02 9.086959771392587749e-10
1.114338938881034163e-02 5.625079940013235964e-06
1.135432919379021806e-02 2.204176924652867585e-04
1.156722939677014457e-02 1.040554139893949464e-03
1.178208999775011943e-02 2.392341975643280660e-03
1.199891099673014612e-02 4.125170442306570762e-03
1.221769239371022463e-02 6.155626764068819479e-03
1.243843418869035149e-02 8.436037889371913318e-03
1.266113638167052670e-02 1.093581863520294746e-02
1.288579897265075200e-02 1.363343789653289652e-02
1.311242196163102738e-02 1.651265984482513591e-02
1.334100534861135459e-02 1.956059479769063983e-02
1.357154913359173015e-02 2.276659761602187887e-02
1.380405331657215580e-02 2.612160092152173568e-02
1.403851789755263153e-02 2.961768885551711167e-02
1.427494287653315735e-02 3.324781235412191394e-02
1.451332825351373326e-02 3.700559200395714399e-02
1.475367402849436273e-02 4.088517742779320535e-02
1.499598020147503881e-02 4.488114447102211496e-02
1.524024677245576498e-02 4.898841843517060674e-02
1.548647374143653950e-02 5.320221572695441742e-02
1.573466110841736931e-02 5.751799881971204204e-02
1.598480887339824227e-02 6.193144102579162952e-02
1.623691703637917053e-02 6.643839862256244178e-02
1.649098559736014366e-02 7.103488857239759202e-02
1.674701455634117209e-02 7.571707055405253739e-02
1.700500391332224540e-02 8.048123235541460030e-02
1.726495366830337400e-02 8.532377791375005127e-02
1.752686382128455442e-02 9.024121746012433998e-02
1.779073437226577625e-02 9.523015934946177374e-02
1.805656532124705685e-02 1.002873032504253969e-01
1.832435666822837886e-02 1.054094344391687255e-01
1.859410841320975616e-02 1.105934189937869960e-01
1.886582055619118528e-02 1.158361997272521898e-01
1.913949309717265929e-02 1.211347927281275494e-01
1.941512603615418858e-02 1.264862844031340583e-01
1.969271937313575929e-02 1.318878289352249378e-01
1.997227310811738876e-02 1.373366460863227612e-01
2.025378724109906312e-02 1.428300192864405682e-01
2.053726177208079276e-02 1.483652939608337551e-01
2.082269670106256382e-02 1.539398760551762835e-01
2.111009202804439364e-02 1.595512307252619222e-01
2.139944775302626487e-02 1.651968811633399148e-01
2.169076387600819486e-02 1.708744075376502913e-01
2.198404039699017321e-02 1.765814460254774287e-01
2.227927731597219643e-02 1.823156879232734895e-01
2.257647463295427495e-02 1.880748788198103039e-01
2.287563234793639835e-02 1.938568178207489279e-01
2.317675046091857705e-02 1.996593568146546871e-01
2.347982897190080062e-02 2.054803997722900732e-01
2.378486788088307949e-02 2.113179020719910817e-01
2.409186718786539977e-02 2.171698698454406495e-01
2.440082689284778228e-02 2.230343593388729451e-01
2.471174699583020273e-02 2.289094762855812537e-01
2.502462749681268195e-02 2.347933752863743395e-01
2.533946839579521298e-02 2.406842591951697252e-01
2.565626969277778543e-02 2.465803785074595633e-01
2.597503138776041318e-02 2.524800307497543361e-01
2.629575348074308580e-02 2.583815598685202941e-01
2.661843597172581372e-02 2.642833556175416820e-01
2.694307886070858651e-02 2.701838529427152413e-01
2.726968214769141807e-02 2.760815313636789115e-01
2.759824583267428758e-02 2.819749143518480716e-01
2.792876991565721931e-02 2.878625687045180959e-01
2.826125439664019939e-02 2.937431039149543399e-01
2.859569927562322089e-02 2.996151715384033354e-01
2.893210455260630115e-02 3.054774645542268074e-01
2.927047022758941935e-02 3.113287167241675646e-01
2.961079630057259979e-02 3.171677019471216274e-01
2.995308277155582163e-02 3.229932336106784430e-01
3.029732964053910224e-02 3.288041639398248672e-01
3.064353690752242426e-02 3.345993833431060160e-01
3.099170457250580504e-02 3.403778197567615682e-01
3.134183263548922377e-02 3.461384379872667894e-01
3.169392109647270472e-02 3.518802390526380441e-01
3.204796995545623056e-02 3.576022595231577172e-01
3.240397921243980128e-02 3.633035708617932680e-01
3.276194886742343076e-02 3.689832787649122703e-01
3.312187892040710513e-02 3.746405225037224840e-01
3.348376937139083825e-02 3.802744742669170730e-01
3.384762022037460932e-02 3.858843385049104402e-01
3.421343146735843915e-02 3.914693512761797667e-01
3.458120311234230693e-02 3.970287795959006050e-01
3.495093515532624040e-02 4.025619207871926064e-01
3.532262759631021182e-02 4.080681018342850463e-01
3.569628043529424199e-02 4.135458548453880279e-01
3.607189367227831706e-02 4.189961798778144564e-01
3.644946730726244394e-02 4.244176959075084410e-01
3.682900134024662264e-02 4.298098421679534265e-01
3.721049577123083929e-02 4.351720843945096062e-01
3.759395060021512164e-02 4.405039142097865179e-01
3.797936582719944193e-02 4.458048485139128325e-01
3.836674145218382098e-02 4.510744288806485813e-01
3.875607747516824492e-02 4.563122209594596135e-01
3.914737389615272761e-02 4.615178138844390765e-01
3.954063071513724825e-02 4.666908196900000361e-01
3.993584793212182765e-02 4.718308727335320807e-01
4.033302554710645887e-02 4.769376291254305289e-01
4.073216356009112804e-02 4.820107661665262722e-01
4.113326197107585597e-02 4.870499817931882580e-01
4.153632078006062878e-02 4.920549940300738556e-01
4.194133998704546035e-02 4.970255404509034691e-01
4.234831959203032986e-02 5.019613776471544275e-01
4.275725959501525814e-02 5.068622807049185663e-01
4.316815999600023129e-02 5.117280426899504242e-01
4.358102079498526321e-02 5.165584741409868785e-01
4.399584199197033307e-02 5.213534025714808839e-01
4.441262358695546170e-02 5.261126719797084572e-01
4.483136557994064214e-02 5.308361423672592894e-01
4.525206797092586747e-02 5.355236892661277004e-01
4.567473075991114462e-02 5.401752032742713761e-01
4.609935394689646665e-02 5.447905895995590608e-01
4.652593753188184744e-02 5.493697676125309792e-01
4.695448151486726618e-02 5.539126704072403484e-01
4.738498589585275061e-02 5.584192443711200049e-01
4.781745067483826606e-02 5.628894487627741361e-01
4.825187585182384720e-02 5.673232552986522403e-01
4.868826142680946628e-02 5.717206477479093163e-01
4.912660739979515107e-02 5.760816215356219239e-01
4.956691377078088073e-02 5.804061833544023052e-01
5.000918053976664834e-02 5.846943507843384014e-01
5.045340770675248165e-02 5.889461519207198625e-01
5.089959527173835291e-02 5.931616250105661292e-01
5.134774323472428292e-02 5.973408180964926428e-01
5.179785159571025088e-02 6.014837886690821422e-01
5.224992035469628454e-02 6.055906033268633193e-01
5.270394951168235614e-02 6.096613374441928190e-01
5.315993906666848651e-02 6.136960748468421878e-01
5.361788901965465481e-02 6.176949074952650109e-01
5.407779937064088882e-02 6.216579351751847504e-01
5.453967011962716771e-02 6.255852651957369837e-01
5.500350126661349148e-02 6.294770120946969749e-01
5.546929281159986708e-02 6.333329224994030948e-01
5.593704475458628755e-02 6.371538476566193099e-01
5.640675709557277373e-02 6.409395723069915007e-01
5.687842983455929091e-02 6.446902370247733494e-01
5.735206297154587379e-02 6.484059882448549583e-01
5.782765650653248768e-02 6.520869780103858426e-01
5.830521043951917420e-02 6.557333637268492055e-01
5.878472477050590561e-02 6.593453079225467528e-01
5.926619949949267496e-02 6.629229780153366169e-01
5.974963462647950307e-02 6.664665460859110491e-01
6.023503015146637607e-02 6.699761886568998959e-01
6.072238607445330782e-02 6.734520864782274074e-01
6.121170239544027752e-02 6.768944243183091514e-01
6.170297911442730598e-02 6.803033907610809283e-01
6.219621623141437933e-02 6.836791780087149162e-01
6.269141374640151143e-02 6.870219816900726695e-01
6.318857165938866760e-02 6.903320006744081416e-01
6.368768997037589641e-02 6.936094368905783014e-01
6.418876867936318398e-02 6.968544951516112418e-01
6.469180778635051643e-02 7.000673829842941620e-01
6.519680729133789376e-02 7.032483104637755611e-01
6.570376719432530210e-02 7.063974900533099843e-01
6.621268749531278308e-02 7.095151364486860235e-01
6.672356819430030894e-02 7.126014664274239463e-01
6.723640929128789356e-02 7.156566987025879678e-01
6.775121078627552307e-02 7.186809713868277383e-01
6.826797267926318358e-02 7.216746609918632815e-01
6.878669497025091673e-02 7.246379182840457789e-01
6.930737765923869476e-02 7.275709682711193338e-01
6.983002074622653155e-02 7.304740372294301620e-01
7.035462423121441322e-02 7.333473525835646489e-01
7.088118811420231202e-02 7.361911427897517290e-01
7.140971239519029734e-02 7.390056372231931237e-01
7.194019707417832754e-02 7.417910660690038016e-01
7.247264215116641650e-02 7.445476602170487679e-01
7.300704762615452259e-02 7.472756511601164053e-01
7.354341349914270132e-02 7.499752708957302394e-01
7.408173977013092493e-02 7.526467518312888183e-01
7.462202643911922118e-02 7.552903266925721226e-01
7.516427350610754843e-02 7.579062284354296519e-01
7.570848097109590669e-02 7.604946901606142173e-01
7.625464883408433758e-02 7.630559450317672132e-01
7.680277709507281336e-02 7.655902000870509205e-01
7.735286575406134790e-02 7.680977357056421040e-01
7.790491481104989957e-02 7.705787629153569851e-01
7.845892426603853775e-02 7.730335143014034349e-01
7.901489411902722082e-02 7.754622221429919859e-01
7.957282437001594877e-02 7.778651183481175568e-01
8.013271501900470772e-02 7.802424343907872206e-01
8.069456606599353932e-02 7.825944012507699554e-01
8.125837751098241579e-02 7.849212493557172765e-01
8.182414935397135103e-02 7.872232085256133383e-01
8.239188159496033115e-02 7.895005079195303033e-01
8.296157423394934227e-02 7.917533759846540065e-01
8.353322727093842603e-02 7.939820404072615023e-01
8.410684070592755468e-02 7.961867280660834822e-01
8.468241453891674209e-02 7.983676508695475293e-01
8.525994876990593274e-02 8.005250589487218349e-01
8.583944339889522379e-02 8.026591650962420221e-01
8.642089842588455972e-02 8.047701924694371511e-01
8.700431385087394054e-02 8.068583632117821702e-01
8.758968967386336624e-02 8.089238984174776936e-01
8.817702589485282294e-02 8.109670180976151777e-01
8.876632251384235228e-02 8.129879411481132356e-01
8.935757953083194038e-02 8.149868853191055695e-01
8.995079694582157337e-02 8.169640671860289860e-01
9.054597475881122348e-02 8.189197021221037431e-01
9.114311296980096011e-02 8.208539970515197348e-01
9.174221157879074162e-02 8.227671772664018057e-01
9.234327058578056802e-02 8.246594488125530420e-01
9.294628999077042542e-02 8.265310219514079293e-01
9.355126979376035545e-02 8.283821056243746428e-01
9.415820999475034425e-02 8.302129074336193071e-01
9.476711059374037793e-02 8.320236336237791797e-01
9.537797159073045650e-02 8.338144890649961116e-01
9.599079298572055219e-02 8.355856772369599783e-01
9.660557477871074827e-02 8.373374002141187322e-01
9.722231696970097536e-02 8.390698586519580449e-01
9.784101955869126122e-02 8.407832460094599725e-01
9.846168254568156419e-02 8.424777698576519924e-01
9.908430593067193981e-02 8.441536221349213998e-01
9.970888971366237419e-02 8.458109976503059846e-01
1.003354338946528534e-01 8.474500897384698028e-01
1.009639384736433915e-01 8.490710902517893954e-01
1.015944034506339466e-01 8.506741895528403541e-01
1.022268288256245744e-01 8.522595765081435459e-01
1.028612145986152610e-01 8.538274384821974428e-01
1.034975607696059924e-01 8.553779577391926736e-01
1.041358673385967409e-01 8.569113245703009474e-01
1.047761343055875760e-01 8.584277191691060960e-01
1.054183616705784560e-01 8.599273228015407167e-01
1.060625494335693947e-01 8.614103152126021401e-01
1.067086975945603783e-01 8.628768746248151045e-01
1.073568061535513790e-01 8.643271777369964104e-01
1.080068751105424663e-01 8.657613997239367309e-01
1.086589044655335984e-01 8.671797142363717459e-01
1.093128942185247754e-01 8.685822906421329925e-01
1.099688443695159834e-01 8.699693040435553248e-01
1.106267549185072641e-01 8.713409215358099980e-01
1.112866258654986035e-01 8.726973106402731162e-01
1.119484572104899878e-01 8.740386373614271731e-01
1.126122489534813753e-01 8.753650661896595908e-01
1.132780010944728633e-01 8.766767601047251723e-01
1.139457136334643961e-01 8.779738805794572443e-01
1.146153865704559877e-01 8.792565875839589706e-01
1.152870199054476102e-01 8.805250370395746318e-01
1.159606136384392638e-01 8.817793900761029535e-01
1.166361677694310039e-01 8.830198003448981314e-01
1.173136822984227889e-01 8.842464218127213949e-01
1.179931572254146188e-01 8.854594069686332336e-01
1.186745925504064658e-01 8.866589068302765941e-01
1.193579882733983993e-01 8.878450709501781724e-01
1.200433443943903777e-01 8.890180474223664531e-01
1.207306609133824149e-01 8.901779810144404559e-01
1.214199378303744969e-01 8.913250199201872004e-01
1.221111751453665961e-01 8.924593065800494607e-01
1.228043728583587818e-01 8.935809832883796489e-01
1.234995309693510124e-01 8.946901909172245704e-01
1.241966494783433017e-01 8.957870689241902440e-01
1.248957283853355943e-01 8.968717553607874482e-01
1.255967676903279873e-01 8.979443868806533668e-01
1.262997673933204390e-01 8.990050987481164046e-01
1.270047274943129079e-01 9.000540227015917383e-01
1.277116479933054216e-01 9.010912947351863433e-01
1.284205288902980080e-01 9.021170444535662192e-01
1.291313701852906393e-01 9.031314016172576897e-01
1.298441718782833154e-01 9.041344946414446859e-01
1.305589339692760642e-01 9.051264506054704784e-01
1.312756564582688024e-01 9.061073952620647409e-01
1.319943393452616409e-01 9.070774530468808106e-01
1.327149826302545244e-01 9.080367452607396306e-01
1.334375863132474527e-01 9.089853966831407117e-01
1.341621503942403981e-01 9.099235265503161640e-01
1.348886748732334440e-01 9.108512540950999270e-01
1.356171597502265069e-01 9.117686972814096347e-01
1.363476050252196425e-01 9.126759728143098993e-01
1.370800106982128508e-01 9.135731961498956277e-01
1.378143767692060206e-01 9.144604815054302449e-01
1.385507032381993187e-01 9.153379402486365723e-01
1.392889901051926616e-01 9.162056867584499331e-01
1.400292373701860493e-01 9.170638304409057806e-01
1.407714450331794265e-01 9.179124806301567352e-01
1.415156130941729040e-01 9.187517454716743748e-01
1.422617415531664542e-01 9.195817319324700589e-01
1.430098304101600493e-01 9.204025458113092029e-01
1.437598796651536337e-01 9.212142917488962413e-01
1.445118893181473185e-01 9.220170717778151115e-01
1.452658593691410482e-01 9.228109906020893760e-01
1.460217898181348506e-01 9.235961484101192775e-01
1.467796806651286701e-01 9.243726452866879439e-01
1.475395319101225067e-01 9.251405802092508290e-01
1.483013435531164437e-01 9.259000510580450705e-01
1.490651155941104256e-01 9.266511546263371812e-01
1.498308480331044801e-01 9.273939866305591639e-01
1.505985408700985240e-01 9.281286403939904561e-01
1.513681941050926405e-01 9.288552116432232664e-01
1.521398077380868297e-01 9.295737919804940574e-01
1.529133817690810637e-01 9.302844728922287088e-01
1.536889161980753704e-01 9.309873448380154848e-01
1.544664110250696387e-01 9.316824972605575184e-01
1.552458662500640352e-01 9.323700185956166342e-01
1.560272818730584765e-01 9.330499962818238346e-01
1.568106578940529627e-01 9.337225155689402589e-01
1.575959943130474383e-01 9.343876638646356758e-01
1.583832911300420421e-01 9.350455248197511171e-01
1.591725483450366629e-01 9.356961819615294829e-01
1.599637659580313565e-01 9.363397178687636879e-01
1.607569439690260948e-01 9.369762141812063572e-01
1.615520823780208504e-01 9.376057516093220245e-01
1.623491811850156785e-01 9.382284099436235536e-01
1.631482403900105516e-01 9.388442669893934944e-01
1.639492599930054972e-01 9.394534024545523332e-01
1.647522399940004323e-01 9.400558926618856059e-01
1.655571803929954677e-01 9.406518137974466676e-01
1.663640811899905481e-01 9.412412411738285689e-01
1.671729423849857010e-01 9.418242492393824605e-01
1.679837639779808434e-01 9.424009115873289710e-01
1.687965459689760583e-01 9.429713009648162947e-01
1.696112883579713460e-01 9.435354883354860611e-01
1.704279911449667062e-01 9.440935463013582218e-01
1.712466543299620836e-01 9.446455444530656997e-01
1.720672779129574781e-01 9.451915522254784596e-01
1.728898618939529452e-01 9.457316382513274444e-01
1.737144062729484850e-01 9.462658703700391749e-01
1.745409110499440697e-01 9.467943156361735557e-01
1.753693762249396715e-01 9.473170403280719576e-01
1.761998017979353459e-01 9.478341091451506495e-01
1.770321877689310930e-01 9.483455881370836948e-01
1.778665341379268849e-01 9.488515407308988348e-01
1.787028409049227218e-01 9.493520301684251761e-01
1.795411080699185480e-01 9.498471189566650708e-01
1.803813356329145023e-01 9.503368688758253580e-01
1.812235235939104738e-01 9.508213409875214683e-01
1.820676719529065180e-01 9.513005956425472087e-01
1.829137807099025514e-01 9.517746918135971956e-01
1.837618498648986853e-01 9.522436895292492043e-01
1.846118794178948919e-01 9.527076465823415274e-01
1.854638693688911155e-01 9.531666205457415275e-01
1.863178197178873563e-01 9.536206683202594903e-01
1.871737304648836975e-01 9.540698461423117172e-01
1.880316016098800835e-01 9.545142095913531355e-01
1.888914331528765145e-01 9.549538135972963637e-01
1.897532250938729903e-01 9.553887124479615300e-01
1.906169774328694833e-01 9.558189590271827241e-01
1.914826901698660766e-01 9.562446076087706137e-01
1.923503633048627148e-01 9.566657100448974216e-01
1.932199968378593979e-01 9.570823181147243286e-01
1.940915907688560982e-01 9.574944829908066390e-01
1.949651450978528711e-01 9.579022552461752271e-01
1.958406598248497166e-01 9.583056848611194445e-01
1.967181349498466070e-01 9.587048212300143257e-01
1.975975704728435423e-01 9.590997125708999871e-01
1.984789663938404669e-01 9.594904080865851448e-01
1.993623227128375197e-01 9.598769550309511622e-01
2.002476394298345896e-01 9.602594005107798480e-01
2.011349165448317322e-01 9.606377910798783448e-01
2.020241540578288642e-01 9.610121727454823404e-01
2.029153519688260965e-01 9.613825909746089859e-01
2.038085102778234015e-01 9.617490907004259126e-01
2.047036289848207236e-01 9.621117163283422480e-01
2.056007080898180628e-01 9.624705111182744188e-01
2.064997475928155024e-01 9.628255194545430884e-01
2.074007474938129869e-01 9.631767837467406501e-01
2.083037077928105441e-01 9.635243463407179298e-01
2.092086284898081183e-01 9.638682490846415263e-01
2.101155095848057097e-01 9.642085333348622278e-01
2.110243510778034015e-01 9.645452399616801786e-01
2.119351529688011382e-01 9.648784093549859220e-01
2.128479152577989197e-01 9.652080814299942579e-01
2.137626379447967184e-01 9.655342950141831970e-01
2.146793210297945897e-01 9.658570901059402303e-01
2.155979645127925337e-01 9.661765047792126859e-01
2.165185683937905226e-01 9.664925770972229158e-01
2.174411326727885563e-01 9.668053446756889047e-01
2.183656573497865794e-01 9.671148446882246175e-01
2.192921424247847306e-01 9.674211138714988722e-01
2.202205878977829268e-01 9.677241885305274405e-01
2.211509937687811678e-01 9.680241045436400738e-01
2.220833600377793982e-01 9.683208967851263393e-01
2.230176867047777289e-01 9.686146012565817198e-01
2.239539737697761046e-01 9.689052521599861301e-01
2.248922212327745529e-01 9.691928837098452432e-01
2.258324290937730461e-01 9.694775297187121499e-01
2.267745973527715286e-01 9.697592236020793344e-01
2.277187260097701116e-01 9.700379983829584551e-01
2.286648150647687394e-01 9.703138866966360965e-01
2.296128645177674399e-01 9.705869207954340716e-01
2.305628743687661297e-01 9.708571320329932863e-01
2.315148446177649200e-01 9.711245527685100631e-01
2.324687752647637551e-01 9.713892137507735836e-01
2.334246663097626351e-01 9.716511457383221195e-01
2.343825177527615322e-01 9.719103791288165040e-01
2.353423295937605020e-01 9.721669439635008958e-01
2.363041018327595444e-01 9.724208699313776627e-01
2.372678344697586317e-01 9.726721863735380280e-01
2.382335275047577638e-01 9.729209222871508800e-01
2.392011809377569131e-01 9.731671058908551997e-01
2.401707947687561351e-01 9.734107662304706254e-01
2.411423689977554297e-01 9.736519309756985763e-01
2.421159036247547691e-01 9.738906277835104319e-01
2.430913986497540979e-01 9.741268839871385365e-01
2.440688540727535549e-01 9.743607265999453260e-01
2.450482698937530290e-01 9.745921823193730571e-01
2.460296461127525758e-01 9.748212775306267508e-01
2.470129827297521674e-01 9.750480383105147864e-01
2.479982797447517484e-01 9.752724904310586806e-01
2.489855371577514298e-01 9.754946588898076865e-01
2.499747549687511561e-01 9.757145696522405709e-01
2.509659331777509550e-01 9.759322472454117214e-01
2.519590717847506878e-01 9.761477162536812413e-01
2.529541707897505765e-01 9.763610009744859708e-01
2.539512301927505100e-01 9.765721254218452385e-01
2.549502499937504885e-01 9.767811133298501813e-01
2.559512301927505673e-01 9.769879881559236923e-01
2.569541707897506355e-01 9.771927730841951654e-01
2.579590717847507486e-01 9.773954906752119198e-01
2.589659331777509621e-01 9.775961641621911946e-01
2.599747549687512205e-01 9.777948156697408022e-01
2.609855371577514682e-01 9.779914673169357586e-01
2.619982797447518164e-01 9.781861409656940065e-01
2.630129827297520984e-01 9.783788582237624709e-01
2.640296461127525363e-01 9.785696404478343435e-01
2.650482698937530190e-01 9.787585087465130451e-01
2.660688540727535467e-01 9.789454839833862110e-01
2.670913986497541748e-01 9.791305867799244833e-01
2.681159036247547922e-01 9.793138371848061352e-01
2.691423689977554545e-01 9.794952558999228120e-01
2.701707947687562172e-01 9.796748625912973241e-01
2.712011809377570248e-01 9.798526769369896305e-01
2.722335275047577108e-01 9.800287183872206098e-01
2.732678344697586081e-01 9.802030061670158334e-01
2.743041018327595504e-01 9.803755592790198703e-01
2.753423295937605375e-01 9.805463965061548270e-01
2.763825177527615695e-01 9.807155364141714182e-01
2.774246663097627019e-01 9.808829973544862524e-01
2.784687752647638237e-01 9.810487974665386135e-01
2.795148446177649904e-01 9.812129542917228386e-01
2.805628743687662574e-01 9.813754862131750523e-01
2.816128645177674028e-01 9.815364104547869006e-01
2.826648150647687596e-01 9.816957443303702124e-01
2.837187260097701613e-01 9.818535049542559401e-01
2.847745973527716079e-01 9.820097092438048181e-01
2.858324290937730994e-01 9.821643739216289193e-01
2.868922212327746357e-01 9.823175155180613460e-01
2.879539737697762170e-01 9.824691503734098719e-01
2.890176867047778431e-01 9.826192946403060624e-01
2.900833600377795141e-01 9.827679639704919312e-01
2.911509937687811744e-01 9.829151746815432134e-01
2.922205878977829352e-01 9.830609421382556778e-01
2.932921424247847964e-01 9.832052817617603635e-01
2.943656573497866469e-01 9.833482087964945384e-01
2.954411326727885978e-01 9.834897383123037962e-01
2.965185683937905936e-01 9.836298852064860876e-01
2.975979645127926343e-01 9.837686642059664255e-01
2.986793210297947199e-01 9.839060898693445800e-01
2.997626379447967393e-01 9.840421765887191752e-01
3.008479152577989146e-01 9.841769385920058344e-01
3.019351529688011904e-01 9.843103896338329939e-01
3.030243510778034555e-01 9.844425441495497919e-01
3.041155095848058210e-01 9.845734156482649491e-01
3.052086284898081758e-01 9.847030177174446175e-01
3.063037077928106311e-01 9.848313637897310180e-01
3.074007474938131312e-01 9.849584671449832518e-01
3.084997475928156763e-01 9.850843409119413030e-01
3.096007080898180996e-01 9.852089980701036476e-01
3.107036289848207899e-01 9.853324514515232613e-01
3.118085102778234696e-01 9.854547137425698766e-01
3.129153519688261942e-01 9.855757974856401704e-01
3.140241540578289636e-01 9.856957148003465674e-01
3.151349165448318335e-01 9.858144784267106608e-01
3.162476394298346927e-01 9.859321002703586023e-01
3.173623227128376523e-01 9.860485923127925156e-01
3.184789663938406568e-01 9.861639663999440808e-01
3.195975704728435396e-01 9.862782342438403127e-01
3.207181349498466338e-01 9.863914074241697527e-01
3.218406598248497730e-01 9.865034973898222370e-01
3.229651450978529570e-01 9.866145154605350243e-01
3.240915907688562414e-01 9.867244728283490751e-01
3.252199968378595152e-01 9.868333805592151009e-01
3.263503633048628338e-01 9.869412495943625796e-01
3.274826901698662529e-01 9.870480904534663091e-01
3.286169774328696613e-01 9.871539143501468772e-01
3.297532250938730591e-01 9.872587316274819003e-01
3.308914331528765573e-01 9.873625527411266090e-01
3.320316016098801559e-01 9.874653880292209029e-01
3.331737304648837994e-01 9.875672477139990635e-01
3.343178197178874878e-01 9.876681419029950115e-01
3.354638693688912210e-01 9.877680805905422190e-01
3.366118794178950546e-01 9.878670736589761914e-01
3.377618498648988776e-01 9.879651308801130627e-01
3.389137807099027455e-01 9.880622619164615150e-01
3.400676719529066028e-01 9.881584763224963153e-01
3.412235235939105604e-01 9.882537832592661609e-01
3.423813356329146185e-01 9.883481925692145786e-01
3.435411080699187214e-01 9.884417132644073289e-01
3.447028409049228137e-01 9.885343544785214487e-01
3.458665341379270064e-01 9.886261252434995761e-01
3.470321877689312440e-01 9.887170344906668351e-01
3.481998017979355819e-01 9.888070910521048473e-01
3.493693762249399093e-01 9.888963036615276980e-01
3.505409110499441705e-01 9.889846809558012763e-01
3.517144062729485876e-01 9.890722314758029210e-01
3.528898618939531051e-01 9.891589636676869635e-01
3.540672779129576120e-01 9.892448858839629766e-01
3.552466543299622193e-01 9.893300061352219288e-01
3.564279911449668714e-01 9.894143330256929270e-01
3.576112883579715684e-01 9.894978744365263701e-01
3.587965459689763104e-01 9.895806383552908647e-01
3.599837639779809306e-01 9.896626326813063868e-01
3.611729423849858178e-01 9.897438652265696524e-01
3.623640811899906944e-01 9.898243437170175518e-01
3.635571803929956158e-01 9.899040757933423862e-01
3.647522399940006377e-01 9.899830690120127175e-01
3.659492599930056489e-01 9.900613308463296347e-01
3.671482403900107605e-01 9.901388686873480172e-01
3.683491811850159170e-01 9.902156898448607469e-01
3.695520823780210629e-01 9.902918015483517244e-01
3.707569439690261981e-01 9.903672107025373039e-01
3.719637659580314892e-01 9.904419248110649665e-01
3.731725483450368253e-01 9.905159506719787288e-01
3.743832911300422062e-01 9.905892952016451813e-01
3.755959943130476320e-01 9.906619652407768761e-01
3.768106578940531581e-01 9.907339675551505298e-01
3.780272818730586737e-01 9.908053088366520766e-01
3.792458662500642896e-01 9.908759957039675603e-01
3.804664110250698950e-01 9.909460347035836669e-01
3.816889161980754896e-01 9.910154323104786167e-01
3.829133817690812402e-01 9.910841949291530062e-01
3.841398077380869802e-01 9.911523288942084564e-01
3.853681941050928206e-01 9.912198404713681299e-01
3.865985408700987613e-01 9.912867356428946009e-01
3.878308480331046915e-01 9.913530209189036491e-01
3.890651155941106665e-01 9.914187021903088093e-01
3.903013435531166864e-01 9.914837854539259032e-01
3.915395319101228067e-01 9.915482766415110172e-01
3.927796806651288053e-01 9.916121816205432093e-01
3.940217898181350153e-01 9.916755061948654415e-01
3.952658593691412148e-01 9.917382561055808621e-01
3.965118893181475146e-01 9.918004370315705032e-01
3.977598796651538593e-01 9.918620545904369701e-01
3.990098304101602489e-01 9.919231143390518923e-01
4.002617415531666833e-01 9.919836217742643569e-01
4.015156130941732182e-01 9.920435823337079295e-01
4.027714450331797424e-01 9.921030013963466621e-01
4.040292373701862005e-01 9.921618840760703106e-01
4.052889901051928145e-01 9.922202360048518743e-01
4.065507032381995289e-01 9.922780622219042890e-01
4.078143767692062882e-01 9.923353678777216968e-01
4.090800106982130369e-01 9.923921580674508469e-01
4.103476050252198859e-01 9.924484378314420985e-01
4.116171597502267798e-01 9.925042121562045461e-01
4.128886748732337186e-01 9.925594859745960896e-01
4.141621503942407023e-01 9.926142641667426991e-01
4.154375863132476199e-01 9.926685515605233601e-01
4.167149826302546933e-01 9.927223529321872464e-01
4.179943393452618672e-01 9.927756730069525748e-01
4.192756564582690304e-01 9.928285164595588297e-01
4.205589339692762940e-01 9.928808879148720568e-01
4.218441718782836025e-01 9.929327917738346443e-01
4.231313701852909004e-01 9.929842328740109414e-01
4.244205288902982987e-01 9.930352155523014535e-01
4.257116479933056308e-01 9.930857442389893208e-01
4.270047274943131188e-01 9.931358233173271932e-01
4.282997673933206517e-01 9.931854571239121521e-01
4.295967676903282295e-01 9.932346499493625025e-01
4.308957283853359077e-01 9.932834060387407682e-01
4.321966494783435753e-01 9.933317295921207934e-01
4.334995309693513432e-01 9.933796247650328315e-01
4.348043728583591006e-01 9.934270956690105514e-01
4.361111751453669583e-01 9.934741463721463717e-01
4.374199378303746943e-01 9.935207808994395151e-01
4.387306609133826418e-01 9.935670032334450452e-01
4.400433443943906342e-01 9.936128173146400178e-01
4.413579882733986715e-01 9.936582270418720109e-01
4.426745925504067536e-01 9.937032360834731071e-01
4.439931572254149361e-01 9.937478485978143983e-01
4.453136822984231080e-01 9.937920682050631616e-01
4.466361677694313248e-01 9.938358986419919550e-01
4.479606136384396420e-01 9.938793436060290309e-01
4.492870199054478375e-01 9.939224067557850262e-01
4.506153865704562445e-01 9.939650917114598583e-01
4.519457136334646408e-01 9.940074020552779333e-01
4.532780010944731375e-01 9.940493413319020366e-01
4.546122489534816791e-01 9.940909130488622125e-01
4.559484572104903211e-01 9.941321206769180296e-01
4.572866258654989524e-01 9.941729676506146918e-01
4.586267549185076287e-01 9.942134573684857646e-01
4.599688443695163498e-01 9.942535931936630211e-01
4.613128942185250048e-01 9.942933784540800568e-01
4.626589044655338712e-01 9.943328164429685589e-01
4.640068751105427269e-01 9.943719102450641056e-01
4.653568061535516831e-01 9.944106634006006917e-01
4.667086975945606842e-01 9.944490789556901245e-01
4.680625494335697301e-01 9.944871600680977863e-01
4.694183616705788209e-01 9.945249098627696460e-01
4.707761343055879566e-01 9.945623314321678787e-01
4.721358673385971372e-01 9.945994278366684371e-01
4.734975607696062516e-01 9.946362021048827939e-01
4.748612145986155220e-01 9.946726572339626982e-01
4.762268288256248927e-01 9.947087961901192044e-01
4.775944034506342528e-01 9.947446219086947261e-01
4.789639384736437133e-01 9.947801372947570053e-01
4.803354338946532187e-01 9.948153452233211569e-01
4.817088897136627690e-01 9.948502485396317763e-01
4.830843059306723641e-01 9.948848500595652844e-01
4.844616825456818376e-01 9.949191525699809802e-01
4.858410195586915226e-01 9.949531588289317607e-01
4.872223169697012524e-01 9.949868714048142326e-01
4.886055747787110826e-01 9.950202932926951460e-01
4.899907929857209021e-01 9.950534270304967066e-01
4.913779715907308221e-01 9.950862752641249642e-01
4.927671105937407314e-01 9.951188406122656316e-01
4.941582099947507412e-01 9.951511256666681904e-01
4.955512697937607958e-01 9.951831329925006075e-01
4.969462899907707287e-01 9.952148651285690484e-01
4.983432705857808731e-01 9.952463245876500553e-01
4.997422115787910624e-01 9.952775138567742097e-01
5.011431129698012965e-01 9.953084353974734899e-01
5.025459747588115755e-01 9.953390916460694848e-01
5.039507969458218994e-01 9.953694850139873651e-01
5.053575795308323793e-01 9.953996178879487289e-01
5.067663225138427929e-01 9.954294926303465241e-01
5.081770258948532515e-01 9.954591115793345324e-01
5.095896896738636439e-01 9.954884770493417356e-01
5.110043138508743032e-01 9.955175913310502223e-01
5.124208984258848965e-01 9.955464565458161941e-01
5.138394433988955345e-01 9.955750752052081598e-01
5.152599487699063285e-01 9.956034494066158258e-01
5.166824145389171674e-01 9.956315813486206201e-01
5.181068407059279401e-01 9.956594732074099952e-01
5.195332272709388688e-01 9.956871271370949517e-01
5.209615742339498423e-01 9.957145452698360488e-01
5.223918815949606387e-01 9.957417297161610392e-01
5.238241493539717020e-01 9.957686825651664853e-01
5.252583775109828101e-01 9.957954058847479084e-01
5.266945660659939632e-01 9.958219017218562508e-01
5.281327150190051611e-01 9.958481721026768430e-01
5.295728243700164040e-01 9.958742190328857546e-01
5.310148941190276917e-01 9.959000444977520461e-01
5.324589242660390243e-01 9.959256504626572415e-01
5.339049148110504017e-01 9.959510388728761709e-01
5.353528657540617131e-01 9.959762116541521770e-01
5.368027770950731803e-01 9.960011707127556235e-01
5.382546488340846924e-01 9.960259179356636405e-01
5.397084809710962494e-01 9.960504551908359039e-01
5.411642735061079623e-01 9.960747841813751835e-01
5.426220264391196091e-01 9.960989070071103457e-01
5.440817397701314118e-01 9.961228253543552569e-01
5.455434134991431483e-01 9.961465410166168155e-01
5.470070476261550407e-01 9.961700557693944358e-01
5.484726421511667560e-01 9.961933713702533222e-01
5.499401970741787382e-01 9.962164895591579805e-01
5.514097123951906543e-01 9.962394120584693313e-01
5.528811881142027262e-01 9.962621405733280699e-01
5.543546242312148431e-01 9.962846767916380131e-01
5.558300207462270048e-01 9.963070223843928375e-01
5.573073776592392115e-01 9.963291790057631214e-01
5.587866949702514630e-01 9.963511482933584684e-01
5.602679726792635373e-01 9.963729318682903457e-01
5.617512107862758786e-01 9.963945313354586331e-01
5.632364092912882647e-01 9.964159482836177917e-01
5.647235681943006957e-01 9.964371842856396544e-01
5.662126874953131717e-01 9.964582408985582784e-01
5.677037671943258035e-01 9.964791196638578263e-01
5.691968072913383692e-01 9.964998221075456186e-01
5.706918077863509797e-01 9.965203497403624100e-01
5.721887686793637462e-01 9.965407039263802780e-01
5.736876899703762245e-01 9.965608863903879788e-01
5.751885716593890807e-01 9.965808984838503415e-01
5.766914137464018708e-01 9.966007416577100653e-01
5.781962162314148168e-01 9.966204173485480045e-01
5.797029791144278077e-01 9.966399269784226300e-01
5.812117023954407324e-01 9.966592719553040158e-01
5.827223860744538131e-01 9.966784536729914601e-01
5.842350301514669386e-01 9.966974735113839357e-01
5.857496346264799980e-01 9.967163328366328567e-01
5.872661994994931023e-01 9.967350330011562898e-01
5.887847247705062514e-01 9.967535753439208390e-01
5.903052104395195565e-01 9.967719611904336530e-01
5.918276565065329065e-01 9.967901918531064664e-01
5.933520629715463013e-01 9.968082686310749674e-01
5.948784298345597410e-01 9.968261928106039171e-01
5.964067570955732256e-01 9.968439656650927017e-01
5.979370447545868661e-01 9.968615884551912387e-01
5.994692928116004405e-01 9.968790624289767255e-01
6.010035012666138377e-01 9.968963888221078484e-01
6.025396701196276128e-01 9.969135688578119048e-01
6.040777993706413218e-01 9.969306037471504789e-01
6.056178890196550757e-01 9.969474946891185851e-01
6.071599390666689855e-01 9.969642428706919635e-01
6.087039495116828292e-01 9.969808493343629285e-01
6.102499203546968287e-01 9.969973154919602454e-01
6.117978515957107621e-01 9.970136423780457946e-01
6.133477432347248515e-01 9.970298311327793206e-01
6.148995952717387636e-01 9.970458828849644295e-01
6.164534077067529427e-01 9.970617987520764558e-01
6.180091805397671667e-01 9.970775798404367674e-01
6.195669137707813245e-01 9.970932272453293388e-01
6.211266073997956383e-01 9.971087420510170718e-01
6.226882614268099969e-01 9.971241253309884867e-01
6.242518758518244004e-01 9.971393781479305218e-01
6.258174506748388488e-01 9.971545015539472478e-01
6.273849858958533421e-01 9.971694965905727459e-01
6.289544815148676582e-01 9.971843642888932324e-01
6.305259375318823523e-01 9.971991056696973832e-01
6.320993539468969802e-01 9.972137217435398382e-01
6.336747307599116530e-01 9.972282135108267997e-01
6.352520679709263707e-01 9.972425819619298304e-01
6.368313655799411332e-01 9.972568280772479143e-01
6.384126235869560517e-01 9.972709528273980828e-01
6.399958419919709041e-01 9.972849571731894347e-01
6.415810207949856903e-01 9.972988420657953323e-01
6.431681599960007434e-01 9.973126084468203478e-01
6.447572595950157304e-01 9.973262572484100641e-01
6.463483195920308733e-01 9.973397893932494096e-01
6.479413399870459500e-01 9.973532057948167884e-01
6.495363207800611827e-01 9.973665072377517760e-01
6.511332619710764602e-01 9.973796948427191555e-01
6.527321635600916716e-01 9.973927693887494339e-01
6.543330255471070389e-01 9.974057317529585465e-01
6.559358479321222291e-01 9.974185828034568546e-01
6.575406307151376861e-01 9.974313233996519035e-01
6.591473738961531881e-01 9.974439543922000162e-01
6.607560774751687349e-01 9.974564766231600599e-01
6.623667414521843266e-01 9.974688909259591396e-01
6.639793658271999632e-01 9.974811981257060145e-01
6.655939506002157557e-01 9.974933990389472926e-01
6.672104957712314821e-01 9.975054944740315843e-01
6.688290013402472534e-01 9.975174852309904860e-01
6.704494673072629585e-01 9.975293721017113313e-01
6.720718936722788195e-01 9.975411558700360004e-01
6.736962804352947254e-01 9.975528373116642200e-01
6.753226275963107872e-01 9.975644171945141636e-01
6.769509351553267829e-01 9.975758962784572192e-01
6.785812031123429344e-01 9.975872753156737049e-01
6.802134314673590199e-01 9.975985550505594990e-01
6.818476202203752612e-01 9.976097362198204088e-01
6.834837693713914364e-01 9.976208195525921862e-01
6.851218789204075454e-01 9.976318057704919307e-01
6.867619488674239214e-01 9.976426955875796754e-01
6.884039792124403423e-01 9.976534897105987509e-01
6.900479699554568080e-01 9.976641888389324864e-01
6.916939210964733187e-01 9.976747936646502835e-01
6.933418326354898742e-01 9.976853048726250783e-01
6.949917045725064746e-01 9.976957231405781945e-01
6.966435369075231199e-01 9.977060491391535058e-01
6.982973296405398100e-01 9.977162835319481893e-01
6.999530827715563230e-01 9.977264268579814077e-01
7.016107963005731030e-01 9.977364799910372062e-01
7.032704702275899278e-01 9.977464434668188442e-01
7.049321045526069085e-01 9.977563179213548850e-01
7.065956992756238231e-01 9.977661039839689217e-01
7.082612543966407825e-01 9.977758022772323931e-01
7.099287699156578979e-01 9.977854134171336709e-01
7.115982458326749471e-01 9.977949380130395340e-01
7.132696821476921523e-01 9.978043766678517112e-01
7.149430788607090692e-01 9.978137299779277214e-01
7.166184359717263641e-01 9.978229985333011420e-01
7.182957534807437039e-01 9.978321829175478275e-01
7.199750313877609775e-01 9.978412837079885245e-01
7.216562696927784071e-01 9.978503014756474609e-01
7.233394683957958815e-01 9.978592367853313938e-01
7.250246274968132898e-01 9.978680901957214244e-01
7.267117469958308540e-01 9.978768622593172655e-01
7.284008268928482410e-01 9.978855535226051066e-01
7.300918671878658950e-01 9.978941645260055449e-01
7.317848678808835938e-01 9.979026958039610706e-01
7.334798289719013376e-01 9.979111478850041239e-01
7.351767504609192372e-01 9.979195212917817415e-01
7.368756323479370707e-01 9.979278165410502277e-01
7.385764746329549491e-01 9.979360341438431314e-01
7.402792773159728723e-01 9.979441746053523410e-01
7.419840403969908404e-01 9.979522384250582023e-01
7.436907638760087425e-01 9.979602260968556404e-01
7.453994477530268004e-01 9.979681381089059444e-01
7.471100920280450142e-01 9.979759749438358307e-01
7.488226967010631618e-01 9.979837370787273398e-01
7.505372617720814654e-01 9.979914249850465602e-01
7.522537872410997029e-01 9.979990391289254026e-01
7.539722731081180962e-01 9.980065799709603169e-01
7.556927193731364234e-01 9.980140479663776043e-01
7.574151260361549065e-01 9.980214435650677229e-01
7.591394930971732125e-01 9.980287672115399911e-01
7.608658205561917853e-01 9.980360193450146244e-01
7.625941084132104031e-01 9.980432003995397539e-01
7.643243566682289547e-01 9.980503106897120613e-01
7.660565653212476622e-01 9.980573508589913878e-01
7.677907343722664146e-01 9.980643212197115588e-01
7.695268638212852119e-01 9.980712221851423260e-01
7.712649536683040541e-01 9.980780541634549641e-01
7.730050039133229411e-01 9.980848175578166392e-01
7.747470145563417621e-01 9.980915127663335662e-01
7.764909855973607389e-01 9.980981401821281684e-01
7.782369170363797606e-01 9.981047001933389673e-01
7.799848088733989382e-01 9.981111931831765371e-01
7.817346611084180497e-01 9.981176195299478193e-01
7.834864737414372060e-01 9.981239796070658921e-01
7.852402467724565183e-01 9.981302737831010408e-01
7.869959802014757644e-01 9.981365024218231685e-01
7.887536740284951664e-01 9.981426658821361819e-01
7.905133282535142802e-01 9.981487645182464119e-01
7.922749428765337720e-01 9.981547986795579197e-01
7.940385178975533087e-01 9.981607687107603155e-01
7.958040533165727792e-01 9.981666749518929294e-01
7.975715491335924057e-01 9.981725177382645420e-01
7.993410053486120770e-01 9.981782974005681819e-01
8.011124219616317932e-01 9.981840142648370495e-01
8.028857989726515543e-01 9.981896686525498774e-01
8.046611363816711382e-01 9.981952608805477745e-01
8.064384341886909890e-01 9.982007912611530198e-01
8.082176923937108848e-01 9.982062601021199910e-01
8.099989109967308254e-01 9.982116677066766863e-01
8.117820899977508109e-01 9.982170143735819012e-01
8.135672293967708413e-01 9.982223003970910336e-01
8.153543291937909165e-01 9.982275260670026018e-01
8.171433893888111477e-01 9.982326916686554696e-01
8.189344099818313127e-01 9.982377974829567124e-01
8.207273909728513006e-01 9.982428437864917514e-01
8.225223323618716664e-01 9.982478308513090814e-01
8.243192341488919661e-01 9.982527589451826167e-01
8.261180963339124217e-01 9.982576283314930077e-01
8.279189189169328111e-01 9.982624392692740489e-01
8.297217018979533565e-01 9.982671920132225596e-01
8.315264452769738357e-01 9.982718868137278045e-01
8.333331490539944708e-01 9.982765239168741589e-01
8.351418132290151508e-01 9.982811035644356679e-01
8.369524378020356536e-01 9.982856259939271171e-01
8.387650227730564234e-01 9.982900914385834934e-01
8.405795681420771270e-01 9.982945001274079466e-01
8.423960739090979866e-01 9.982988522851315993e-01
8.442145400741188910e-01 9.983031481322565126e-01
8.460349666371398403e-01 9.983073878850801108e-01
8.478573535981608345e-01 9.983115717556210189e-01
8.496817009571818735e-01 9.983156999518013608e-01
8.515080087142030685e-01 9.983197726772395919e-01
8.533362768692239753e-01 9.983237901314119256e-01
8.551665054222451490e-01 9.983277525096087013e-01
8.569986943732663676e-01 9.983316600029056298e-01
8.588328437222877421e-01 9.983355127982969091e-01
8.606689534693090504e-01 9.983393110784926083e-01
8.625070236143304037e-01 9.983430549103970986e-01
8.643470541573519128e-01 9.983467446872210660e-01
8.661890450983733558e-01 9.983503804721399755e-01
8.680329964373949547e-01 9.983539624313597649e-01
8.698789081744163765e-01 9.983574907268535359e-01
8.717267803094379541e-01 9.983609655164716878e-01
8.735766128424596877e-01 9.983643869539641225e-01
8.754284057734814661e-01 9.983677551888912038e-01
8.772821591025032895e-01 9.983710703667056929e-01
8.791378728295250466e-01 9.983743326286802500e-01
8.809955469545469597e-01 9.983775421119994720e-01
8.828551814775689177e-01 9.983806989496731843e-01
8.847167763985909206e-01 9.983838032705527610e-01
8.865803317176127463e-01 9.983868551993624330e-01
8.884458474346348389e-01 9.983898548566877418e-01
8.903133235496569764e-01 9.983928023589415668e-01
8.921827600626792698e-01 9.983956978183861075e-01
8.940541569737014971e-01 9.983985413431011313e-01
8.959275142827237692e-01 9.984013330370429262e-01
8.978028319897460863e-01 9.984040729999582586e-01
8.996801100947685592e-01 9.984067613274297814e-01
9.015593485977907440e-01 9.984093981108160820e-01
9.034405474988133067e-01 9.984119834373493818e-01
9.053237067978358033e-01 9.984145173900008663e-01
9.072088264948584557e-01 9.984170000475515172e-01
9.090959065898810421e-01 9.984194314845379337e-01
9.109849470829037843e-01 9.984218117712753138e-01
9.128759479739264604e-01 9.984241409738773276e-01
9.147689092629492924e-01 9.984264191541166733e-01
9.166638309499721693e-01 9.984286463695565272e-01
9.185607130349948690e-01 9.984308226734827096e-01
9.204595555180178357e-01 9.984329481148239704e-01
9.223603583990407362e-01 9.984350227382726706e-01
9.242631216780637926e-01 9.984370465841475584e-01
9.261678453550868939e-01 9.984390196884471713e-01
9.280745294301100401e-01 9.984409420827956572e-01
9.299831739031333422e-01 9.984428137944628689e-01
9.318937787741565781e-01 9.984446348462902021e-01
9.338063440431798590e-01 9.984464052567287862e-01
9.357208697102029626e-01 9.984481250398320462e-01
9.376373557752263332e-01 9.984497942051261399e-01
9.395558022382498597e-01 9.984514127577027720e-01
9.414762090992733201e-01 9.984529806981581324e-01
9.433985763582968254e-01 9.984544980225622535e-01
9.453229040153204865e-01 9.984559647224835466e-01
9.472491920703440815e-01 9.984573807848492466e-01
9.491774405233678324e-01 9.984587461920098050e-01
9.511076493743915172e-01 9.984600609217793021e-01
9.530398186234151359e-01 9.984613249471977481e-01
9.549739482704390214e-01 9.984625382367654511e-01
9.569100383154629519e-01 9.984637007541421472e-01
9.588480887584868162e-01 9.984648124583760387e-01
9.607880995995108364e-01 9.984658733037224954e-01
9.627300708385349015e-01 9.984668832395815485e-01
9.646740024755590115e-01 9.984678422105864870e-01
9.666198945105831664e-01 9.984687501565132628e-01
9.685677469436073661e-01 9.984696070122323075e-01
9.705175597746313887e-01 9.984704127076616809e-01
9.724693330036556782e-01 9.984711671678341283e-01
9.744230666306800126e-01 9.984718703126448380e-01
9.763787606557043919e-01 9.984725220570628279e-01
9.783364150787289271e-01 9.984731223109823972e-01
9.802960298997533961e-01 9.984736709790879017e-01
9.822576051187779100e-01 9.984741679609975273e-01
9.842211407358025799e-01 9.984746131510648937e-01
9.861866367508271836e-01 9.984750064384469992e-01
9.881540931638517211e-01 9.984753477069564509e-01
9.901235099748764146e-01 9.984756368351044298e-01
9.920948871839012639e-01 9.984758736960167580e-01
9.940682247909260472e-01 9.984760581574186888e-01
9.960435227959509863e-01 9.984761900814680402e-01
9.980207811989759703e-01 9.984762693248517840e-01
1.000000000000000666e+00 9.984762957387273152e-01
