0.000000000000000000e+00 -4.940656458412465442e-324
2.078119897502626434e-05 -4.940656458412465442e-324
4.352279595010249372e-05 4.940656458412465442e-324
6.822479092522875592e-05 -3.163671123311907314e-30
9.488718390040502381e-05 0.000000000000000000e+00
1.235099748756312839e-04 0.000000000000000000e+00
1.540931638509075632e-04 0.000000000000000000e+00
1.866367508262337669e-04 0.000000000000000000e+00
2.211407358016100034e-04 0.000000000000000000e+00
2.576051187770363269e-04 0.000000000000000000e+00
2.960298997525126832e-04 0.000000000000000000e+00
3.364150787280388555e-04 0.000000000000000000e+00
3.787606557036150606e-04 0.000000000000000000e+00
4.230666306792412444e-04 0.000000000000000000e+00
4.693330036549174067e-04 0.000000000000000000e+00
5.175597746306437102e-04 0.000000000000000000e+00
5.677469436064200466e-04 0.000000000000000000e+00
6.198945105822462531e-04 0.000000000000000000e+00
6.740024755581224382e-04 0.000000000000000000e+00
7.300708385340486020e-04 0.000000000000000000e+00
7.880995995100251780e-04 0.000000000000000000e+00
8.480887584860512989e-04 0.000000000000000000e+00
9.100383154621275068e-04 0.000000000000000000e+00
9.739482704382536934e-04 0.000000000000000000e+00
1.039818623414429750e-03 0.000000000000000000e+00
1.107649374390655894e-03 0.000000000000000000e+00
1.177440523366932558e-03 0.000000000000000000e+00
1.249192070343258659e-03 0.000000000000000000e+00
1.322904015319634847e-03 0.000000000000000000e+00
1.398576358296060905e-03 0.000000000000000000e+00
1.476209099272537051e-03 0.000000000000000000e+00
1.555802238249063716e-03 0.000000000000000000e+00
1.637355775225640036e-03 0.000000000000000000e+00
1.720869710202266008e-03 0.000000000000000000e+00
1.806344043178942285e-03 0.000000000000000000e+00
1.893778774155669082e-03 0.000000000000000000e+00
1.983173903132445098e-03 0.000000000000000000e+00
2.074529430109271419e-03 0.000000000000000000e+00
2.167845355086147393e-03 0.000000000000000000e+00
2.263121678063073454e-03 0.000000000000000000e+00
2.360358399040050469e-03 0.000000000000000000e+00
2.459555518017076271e-03 0.000000000000000000e+00
2.560713034994152593e-03 0.000000000000000000e+00
2.663830949971278568e-03 0.000000000000000000e+00
2.768909262948454630e-03 0.000000000000000000e+00
2.875947973925680780e-03 0.000000000000000000e+00
2.984947082902957450e-03 0.000000000000000000e+00
3.095906589880283773e-03 0.000000000000000000e+00
3.208826494857659750e-03 0.000000000000000000e+00
3.323706797835085814e-03 0.000000000000000000e+00
3.440547498812561965e-03 0.000000000000000000e+00
3.559348597790088636e-03 0.000000000000000000e+00
3.680110094767664961e-03 0.000000000000000000e+00
3.802831989745290939e-03 0.000000000000000000e+00
3.927514282722965704e-03 0.000000000000000000e+00
4.054156973700691856e-03 0.000000000000000000e+00
4.182760062678468095e-03 0.000000000000000000e+00
4.313323549656295289e-03 0.000000000000000000e+00
4.445847434634171702e-03 0.000000000000000000e+00
4.580331717612097335e-03 0.000000000000000000e+00
4.716776398590073922e-03 0.000000000000000000e+00
4.855181477568099729e-03 0.000000000000000000e+00
4.995546954546175623e-03 0.000000000000000000e+00
5.137872829524301604e-03 0.000000000000000000e+00
5.282159102502477672e-03 0.000000000000000000e+00
5.428405773480703828e-03 0.000000000000000000e+00
5.576612842458980070e-03 0.000000000000000000e+00
5.726780309437305531e-03 0.000000000000000000e+00
5.878908174415681948e-03 0.000000000000000000e+00
6.032996437394107583e-03 0.000000000000000000e+00
6.189045098372585908e-03 0.000000000000000000e+00
6.347054157351111718e-03 0.000000000000000000e+00
6.507023614329687615e-03 0.000000000000000000e+00
6.668953469308313599e-03 0.000000000000000000e+00
6.832843722286989670e-03 0.000000000000000000e+00
6.998694373265715828e-03 0.000000000000000000e+00
7.166505422244492073e-03 0.000000000000000000e+00
7.336276869223317537e-03 0.000000000000000000e+00
7.508008714202193956e-03 0.000000000000000000e+00
7.681700957181119595e-03 4.940656458412465442e-324
7.857353598160098790e-03 4.940656458412465442e-324
8.034966637139125470e-03 4.940656458412465442e-324
8.214540074118200502e-03 9.881312916824930884e-324
8.396073909097327356e-03 5.748799625996123828e-310
8.579568142076502563e-03 2.940913917206172099e-170
8.765022773055727856e-03 1.315623928831390468e-84
8.952437802035004971e-03 3.948340327421168705e-37
9.141813229014330439e-03 1.617666410604663590e-14
9.333149053993705993e-03 3.772155711212400317e-06
9.526445276973131635e-03 5.397680477115554499e-04
9.721701897952607363e-03 2.526521804733501946e-03
9.918918916932136648e-03 5.512236437379422829e-03
1.011809633391171255e-02 9.169441559802210193e-03
1.031923414889133854e-02 1.334709418956686600e-02
1.052233236187101462e-02 1.795902241065255173e-02
1.072739097285074078e-02 2.294784413710739338e-02
1.093440998183051703e-02 2.827137094424135577e-02
1.114338938881034163e-02 3.389645428476772970e-02
1.135432919379021806e-02 3.979580271752360815e-02
1.156722939677014457e-02 4.594616884174047150e-02
1.178208999775011943e-02 5.232723925130312176e-02
1.199891099673014612e-02 5.892091606768348755e-02
1.221769239371022463e-02 6.571083097458813027e-02
1.243843418869035149e-02 7.268200454076434447e-02
1.266113638167052670e-02 7.982060019518849581e-02
1.288579897265075200e-02 8.711374203254522441e-02
1.311242196163102738e-02 9.454937692963030771e-02
1.334100534861135459e-02 1.021161681890893486e-01
1.357154913359173015e-02 1.098034120933852054e-01
1.380405331657215580e-02 1.176009714138162437e-01
1.403851789755263153e-02 1.254992216684079898e-01
1.427494287653315735e-02 1.334890071007019674e-01
1.451332825351373326e-02 1.415616041624933874e-01
1.475367402849436273e-02 1.497086908529488003e-01
1.499598020147503881e-02 1.579223206734798046e-01
1.524024677245576498e-02 1.661949002529432839e-01
1.548647374143653950e-02 1.745191699150006326e-01
1.573466110841736931e-02 1.828881866217838270e-01
1.598480887339824227e-02 1.912953088500369825e-01
1.623691703637917053e-02 1.997341830493732651e-01
1.649098559736014366e-02 2.081987314039283332e-01
1.674701455634117209e-02 2.166831406745102773e-01
1.700500391332224540e-02 2.251818519420460685e-01
1.726495366830337400e-02 2.336895511073885656e-01
1.752686382128455442e-02 2.422011600302805823e-01
1.779073437226577625e-02 2.507118282114570995e-01
1.805656532124705685e-02 2.592169249401599651e-01
1.832435666822837886e-02 2.677120318427923529e-01
1.859410841320975616e-02 2.761929357803963869e-01
1.886582055619118528e-02 2.846556220516714419e-01
1.913949309717265929e-02 2.930962678656620080e-01
1.941512603615418858e-02 3.015112360543182324e-01
1.969271937313575929e-02 3.098967458517725149e-01
1.997227310811738876e-02 3.182501388501892681e-01
2.025378724109906312e-02 3.265679951701002670e-01
2.053726177208079276e-02 3.348473612287190537e-01
2.082269670106256382e-02 3.430854405259490258e-01
2.111009202804439364e-02 3.512795884183789741e-01
2.139944775302626487e-02 3.594273070301140516e-01
2.169076387600819486e-02 3.675262402942657269e-01
2.198404039699017321e-02 3.755741691197932997e-01
2.227927731597219643e-02 3.835690066792121211e-01
2.257647463295427495e-02 3.915087938131367462e-01
2.287563234793639835e-02 3.993916945485200265e-01
2.317675046091857705e-02 4.072159917277116681e-01
2.347982897190080062e-02 4.149800827458866581e-01
2.378486788088307949e-02 4.226824753946040736e-01
2.409186718786539977e-02 4.303217838098475356e-01
2.440082689284778228e-02 4.378967245224930083e-01
2.471174699583020273e-02 4.454061126097942913e-01
2.502462749681268195e-02 4.528488579464975960e-01
2.533946839579521298e-02 4.602239615539239215e-01
2.565626969277778543e-02 4.675305120458749797e-01
2.597503138776041318e-02 4.747676821699939320e-01
2.629575348074308580e-02 4.819347254431887717e-01
2.661843597172581372e-02 4.890309728799854816e-01
2.694307886070858651e-02 4.960558298122491050e-01
2.726968214769141807e-02 5.030087727992952340e-01
2.759824583267428758e-02 5.098893466267757635e-01
2.792876991565721931e-02 5.166971613929746132e-01
2.826125439664019939e-02 5.234318896813160427e-01
2.859569927562322089e-02 5.300931180564733003e-01
2.893210455260630115e-02 5.366809103700522776e-01
2.927047022758941935e-02 5.431949801970306080e-01
2.961079630057259979e-02 5.496352233189779612e-01
2.995308277155582163e-02 5.560015851015879251e-01
3.029732964053910224e-02 5.622940581540161187e-01
3.064353690752242426e-02 5.685126800641203682e-01
3.099170457250580504e-02 5.746575312080282050e-01
3.134183263548922377e-02 5.807287326325260013e-01
3.169392109647270472e-02 5.867264440087505140e-01
3.204796995545623056e-02 5.926508616555137277e-01
3.240397921243980128e-02 5.985022166308326952e-01
3.276194886742343076e-02 6.042807728900470021e-01
3.312187892040710513e-02 6.099868255087730340e-01
3.348376937139083825e-02 6.156206989695511833e-01
3.384762022037460932e-02 6.211827140433251460e-01
3.421343146735843915e-02 6.266733052540329751e-01
3.458120311234230693e-02 6.320928498911027038e-01
3.495093515532624040e-02 6.374417740043605285e-01
3.532262759631021182e-02 6.427205253735277513e-01
3.569628043529424199e-02 6.479295721427752452e-01
3.607189367227831706e-02 6.530694015075781955e-01
3.644946730726244394e-02 6.581405184529346419e-01
3.682900134024662264e-02 6.631434445415214096e-01
3.721049577123083929e-02 6.680787167497171941e-01
3.759395060021512164e-02 6.729468758068917200e-01
3.797936582719944193e-02 6.777485038679826879e-01
3.836674145218382098e-02 6.824841697269945495e-01
3.875607747516824492e-02 6.871544611618001230e-01
3.914737389615272761e-02 6.917599762149083675e-01
3.954063071513724825e-02 6.963013222905815036e-01
3.993584793212182765e-02 7.007791152902518306e-01
4.033302554710645887e-02 7.051939787860755926e-01
4.073216356009112804e-02 7.095465373570843948e-01
4.113326197107585597e-02 7.138374369407125553e-01
4.153632078006062878e-02 7.180673153592892488e-01
4.194133998704546035e-02 7.222368191799134474e-01
4.234831959203032986e-02 7.263465990230620895e-01
4.275725959501525814e-02 7.303973089365861648e-01
4.316815999600023129e-02 7.343896031212844289e-01
4.358102079498526321e-02 7.383241446325996549e-01
4.399584199197033307e-02 7.422015925838334471e-01
4.441262358695546170e-02 7.460226089241805969e-01
4.483136557994064214e-02 7.497878563177670097e-01
4.525206797092586747e-02 7.534979976796688517e-01
4.567473075991114462e-02 7.571536935849567662e-01
4.609935394689646665e-02 7.607556091953037170e-01
4.652593753188184744e-02 7.643044042492936896e-01
4.695448151486726618e-02 7.678007383689534615e-01
4.738498589585275061e-02 7.712452694421830790e-01
4.781745067483826606e-02 7.746386518957016909e-01
4.825187585182384720e-02 7.779815409907565593e-01
4.868826142680946628e-02 7.812745866203728573e-01
4.912660739979515107e-02 7.845184364613753125e-01
4.956691377078088073e-02 7.877137349614040662e-01
5.000918053976664834e-02 7.908611217687271377e-01
5.045340770675248165e-02 7.939612358588242769e-01
5.089959527173835291e-02 7.970147097507409573e-01
5.134774323472428292e-02 8.000221725381460036e-01
5.179785159571025088e-02 8.029842481675322219e-01
5.224992035469628454e-02 8.059015578716074435e-01
5.270394951168235614e-02 8.087747167590610964e-01
5.315993906666848651e-02 8.116043355107758206e-01
5.361788901965465481e-02 8.143910191964964795e-01
5.407779937064088882e-02 8.171353691564694488e-01
5.453967011962716771e-02 8.198379804140649707e-01
5.500350126661349148e-02 8.224994429568401877e-01
5.546929281159986708e-02 8.251203407606322315e-01
5.593704475458628755e-02 8.277012534900085594e-01
5.640675709557277373e-02 8.302427542329717802e-01
5.687842983455929091e-02 8.327454106552678592e-01
5.735206297154587379e-02 8.352097840463894585e-01
5.782765650653248768e-02 8.376364312056134853e-01
5.830521043951917420e-02 8.400259020098153062e-01
5.878472477050590561e-02 8.423787403583409272e-01
5.926619949949267496e-02 8.446954848863286180e-01
5.974963462647950307e-02 8.469766677076621120e-01
6.023503015146637607e-02 8.492228150620825256e-01
6.072238607445330782e-02 8.514344466669241385e-01
6.121170239544027752e-02 8.536120771888616732e-01
6.170297911442730598e-02 8.557562144395547410e-01
6.219621623141437933e-02 8.578673600371312657e-01
6.269141374640151143e-02 8.599460101786439159e-01
6.318857165938866760e-02 8.619926544801724821e-01
6.368768997037589641e-02 8.640077763823559298e-01
6.418876867936318398e-02 8.659918537091561008e-01
6.469180778635051643e-02 8.679453579014494435e-01
6.519680729133789376e-02 8.698687544594625454e-01
6.570376719432530210e-02 8.717625024384051402e-01
6.621268749531278308e-02 8.736270558022016797e-01
6.672356819430030894e-02 8.754628618547208863e-01
6.723640929128789356e-02 8.772703617959355382e-01
6.775121078627552307e-02 8.790499916486650411e-01
6.826797267926318358e-02 8.808021810053719980e-01
6.878669497025091673e-02 8.825273534581115076e-01
6.930737765923869476e-02 8.842259274326329521e-01
6.983002074622653155e-02 8.858983151119640409e-01
7.035462423121441322e-02 8.875449228080841690e-01
7.088118811420231202e-02 8.891661517171798312e-01
7.140971239519029734e-02 8.907623969787833440e-01
7.194019707417832754e-02 8.923340479937902359e-01
7.247264215116641650e-02 8.938814891529505147e-01
7.300704762615452259e-02 8.954050989560257134e-01
7.354341349914270132e-02 8.969052503144357980e-01
7.408173977013092493e-02 8.983823112520555876e-01
7.462202643911922118e-02 8.998366440730736215e-01
7.516427350610754843e-02 9.012686056435266213e-01
7.570848097109590669e-02 9.026785480986415644e-01
7.625464883408433758e-02 9.040668180122923836e-01
7.680277709507281336e-02 9.054337566813465132e-01
7.735286575406134790e-02 9.067797008366560441e-01
7.790491481104989957e-02 9.081049818103297255e-01
7.845892426603853775e-02 9.094099258169072719e-01
7.901489411902722082e-02 9.106948546912738696e-01
7.957282437001594877e-02 9.119600849083696614e-01
8.013271501900470772e-02 9.132059284441340630e-01
8.069456606599353932e-02 9.144326924051354721e-01
8.125837751098241579e-02 9.156406791370568232e-01
8.182414935397135103e-02 9.168301865670354101e-01
8.239188159496033115e-02 9.180015079088971186e-01
8.296157423394934227e-02 9.191549317832313770e-01
8.353322727093842603e-02 9.202907425815074483e-01
8.410684070592755468e-02 9.214092201375500002e-01
8.468241453891674209e-02 9.225106398576582434e-01
8.525994876990593274e-02 9.235952731117078596e-01
8.583944339889522379e-02 9.246633868634648312e-01
8.642089842588455972e-02 9.257152438136866390e-01
8.700431385087394054e-02 9.267511028188029076e-01
8.758968967386336624e-02 9.277712184779853821e-01
8.817702589485282294e-02 9.287758412890775306e-01
8.876632251384235228e-02 9.297652180974365077e-01
8.935757953083194038e-02 9.307395916356303589e-01
8.995079694582157337e-02 9.316992006937734327e-01
9.054597475881122348e-02 9.326442805993838681e-01
9.114311296980096011e-02 9.335750627074690389e-01
9.174221157879074162e-02 9.344917745864906866e-01
9.234327058578056802e-02 9.353946405287395516e-01
9.294628999077042542e-02 9.362838809121665218e-01
9.355126979376035545e-02 9.371597127928464888e-01
9.415820999475034425e-02 9.380223496648102399e-01
9.476711059374037793e-02 9.388720015458303925e-01
9.537797159073045650e-02 9.397088752275380985e-01
9.599079298572055219e-02 9.405331740791224027e-01
9.660557477871074827e-02 9.413450981407055496e-01
9.722231696970097536e-02 9.421448443896629499e-01
9.784101955869126122e-02 9.429326065156037329e-01
9.846168254568156419e-02 9.437085750226563707e-01
9.908430593067193981e-02 9.444729375091063250e-01
9.970888971366237419e-02 9.452258784170861627e-01
1.003354338946528534e-01 9.459675791416076729e-01
1.009639384736433915e-01 9.466982183240321147e-01
1.015944034506339466e-01 9.474179715763199061e-01
1.022268288256245744e-01 9.481270115981025315e-01
1.028612145986152610e-01 9.488255084800923944e-01
1.034975607696059924e-01 9.495136294074758565e-01
1.041358673385967409e-01 9.501915387829696913e-01
1.047761343055875760e-01 9.508593985394175885e-01
1.054183616705784560e-01 9.515173678236013011e-01
1.060625494335693947e-01 9.521656031261769293e-01
1.067086975945603783e-01 9.528042585987935853e-01
1.073568061535513790e-01 9.534334857243048633e-01
1.080068751105424663e-01 9.540534334508066205e-01
1.086589044655335984e-01 9.546642485118302934e-01
1.093128942185247754e-01 9.552660750858262828e-01
1.099688443695159834e-01 9.558590549339728293e-01
1.106267549185072641e-01 9.564433277194870353e-01
1.112866258654986035e-01 9.570190306617444298e-01
1.119484572104899878e-01 9.575862986762371243e-01
1.126122489534813753e-01 9.581452646897106185e-01
1.132780010944728633e-01 9.586960592937530112e-01
1.139457136334643961e-01 9.592388108852610840e-01
1.146153865704559877e-01 9.597736459741409432e-01
1.152870199054476102e-01 9.603006888415146491e-01
1.159606136384392638e-01 9.608200616790448789e-01
1.166361677694310039e-01 9.613318848859322419e-01
1.173136822984227889e-01 9.618362767366265276e-01
1.179931572254146188e-01 9.623333535172445830e-01
1.186745925504064658e-01 9.628232298091773389e-01
1.193579882733983993e-01 9.633060181706030178e-01
1.200433443943903777e-01 9.637818292687435617e-01
1.207306609133824149e-01 9.642507721470965354e-01
1.214199378303744969e-01 9.647129539252763397e-01
1.221111751453665961e-01 9.651684799251974978e-01
1.228043728583587818e-01 9.656174539200945706e-01
1.234995309693510124e-01 9.660599778560191586e-01
1.241966494783433017e-01 9.664961519708274995e-01
1.248957283853355943e-01 9.669260750231205570e-01
1.255967676903279873e-01 9.673498440382414243e-01
1.262997673933204390e-01 9.677675544191214341e-01
1.270047274943129079e-01 9.681793001537284393e-01
1.277116479933054216e-01 9.685851735879730251e-01
1.284205288902980080e-01 9.689852655272521709e-01
1.291313701852906393e-01 9.693796654218229669e-01
1.298441718782833154e-01 9.697684611680128519e-01
1.305589339692760642e-01 9.701517391997565021e-01
1.312756564582688024e-01 9.705295846520222147e-01
1.319943393452616409e-01 9.709020811903901205e-01
1.327149826302545244e-01 9.712693110927117512e-01
1.334375863132474527e-01 9.716313553905515654e-01
1.341621503942403981e-01 9.719882937273454093e-01
1.348886748732334440e-01 9.723402044295756941e-01
1.356171597502265069e-01 9.726871646276308292e-01
1.363476050252196425e-01 9.730292501411691442e-01
1.370800106982128508e-01 9.733665355402789654e-01
1.378143767692060206e-01 9.736990942467178556e-01
1.385507032381993187e-01 9.740269984451640495e-01
1.392889901051926616e-01 9.743503191625324522e-01
1.400292373701860493e-01 9.746691262117537224e-01
1.407714450331794265e-01 9.749834884058036222e-01
1.415156130941729040e-01 9.752934733428203495e-01
1.422617415531664542e-01 9.755991475035037386e-01
1.430098304101600493e-01 9.759005763979952119e-01
1.437598796651536337e-01 9.761978243976984215e-01
1.445118893181473185e-01 9.764909548154873109e-01
1.452658593691410482e-01 9.767800300229732002e-01
1.460217898181348506e-01 9.770651113242567742e-01
1.467796806651286701e-01 9.773462590202416367e-01
1.475395319101225067e-01 9.776235325005597776e-01
1.483013435531164437e-01 9.778969901533556275e-01
1.490651155941104256e-01 9.781666894399949630e-01
1.498308480331044801e-01 9.784326868444445102e-01
1.505985408700985240e-01 9.786950380553510742e-01
1.513681941050926405e-01 9.789537977801020530e-01
1.521398077380868297e-01 9.792090198316489857e-01
1.529133817690810637e-01 9.794607572427236342e-01
1.536889161980753704e-01 9.797090621328392590e-01
1.544664110250696387e-01 9.799539857746456528e-01
1.552458662500640352e-01 9.801955786785775393e-01
1.560272818730584765e-01 9.804338905034961638e-01
1.568106578940529627e-01 9.806689701272647275e-01
1.575959943130474383e-01 9.809008656006305005e-01
1.583832911300420421e-01 9.811296243069809186e-01
1.591725483450366629e-01 9.813552927973085982e-01
1.599637659580313565e-01 9.815779168689688916e-01
1.607569439690260948e-01 9.817975416588771154e-01
1.615520823780208504e-01 9.820142115335749322e-01
1.623491811850156785e-01 9.822279701462864887e-01
1.631482403900105516e-01 9.824388605014008347e-01
1.639492599930054972e-01 9.826469248878664242e-01
1.647522399940004323e-01 9.828522049335148836e-01
1.655571803929954677e-01 9.830547415728092542e-01
1.663640811899905481e-01 9.832545751639203413e-01
1.671729423849857010e-01 9.834517453716551394e-01
1.679837639779808434e-01 9.836462912268831849e-01
1.687965459689760583e-01 9.838382511891442528e-01
1.696112883579713460e-01 9.840276630776524369e-01
1.704279911449667062e-01 9.842145641252253441e-01
1.712466543299620836e-01 9.843989909466691612e-01
1.720672779129574781e-01 9.845809796481441722e-01
1.728898618939529452e-01 9.847605657162267212e-01
1.737144062729484850e-01 9.849377840746218471e-01
1.745409110499440697e-01 9.851126691393348178e-01
1.753693762249396715e-01 9.852852547566431918e-01
1.761998017979353459e-01 9.854555742512858263e-01
1.770321877689310930e-01 9.856236603998167478e-01
1.778665341379268849e-01 9.857895455232890125e-01
1.787028409049227218e-01 9.859532613941069945e-01
1.795411080699185480e-01 9.861148393015897184e-01
1.803813356329145023e-01 9.862743100129004459e-01
1.812235235939104738e-01 9.864317038913964497e-01
1.820676719529065180e-01 9.865870507688090374e-01
1.829137807099025514e-01 9.867403800090264188e-01
1.837618498648986853e-01 9.868917205629825773e-01
1.846118794178948919e-01 9.870411008996073932e-01
1.854638693688911155e-01 9.871885490559232368e-01
1.863178197178873563e-01 9.873340926095298675e-01
1.871737304648836975e-01 9.874777587661324185e-01
1.880316016098800835e-01 9.876195742684045209e-01
1.888914331528765145e-01 9.877595654584396812e-01
1.897532250938729903e-01 9.878977582422470149e-01
1.906169774328694833e-01 9.880341781925577882e-01
1.914826901698660766e-01 9.881688504364921632e-01
1.923503633048627148e-01 9.883017997125845833e-01
1.932199968378593979e-01 9.884330504142184726e-01
1.940915907688560982e-01 9.885626265338789409e-01
1.949651450978528711e-01 9.886905517037164470e-01
1.958406598248497166e-01 9.888168491751051503e-01
1.967181349498466070e-01 9.889415418841815963e-01
1.975975704728435423e-01 9.890646523852378857e-01
1.984789663938404669e-01 9.891862028970963561e-01
1.993623227128375197e-01 9.893062152791247676e-01
2.002476394298345896e-01 9.894247111026411856e-01
2.011349165448317322e-01 9.895417115754362447e-01
2.020241540578288642e-01 9.896572375928680554e-01
2.029153519688260965e-01 9.897713097112603720e-01
2.038085102778234015e-01 9.898839482231193143e-01
2.047036289848207236e-01 9.899951730754293910e-01
2.056007080898180628e-01 9.901050039241228173e-01
2.064997475928155024e-01 9.902134601054083385e-01
2.074007474938129869e-01 9.903205607133009902e-01
2.083037077928105441e-01 9.904263245140116911e-01
2.092086284898081183e-01 9.905307700022955020e-01
2.101155095848057097e-01 9.906339153720890023e-01
2.110243510778034015e-01 9.907357785935004824e-01
2.119351529688011382e-01 9.908363773269143193e-01
2.128479152577989197e-01 9.909357289789971768e-01
2.137626379447967184e-01 9.910338506739275743e-01
2.146793210297945897e-01 9.911307593277596251e-01
2.155979645127925337e-01 9.912264715648130275e-01
2.165185683937905226e-01 9.913210037720908696e-01
2.174411326727885563e-01 9.914143720717041308e-01
2.183656573497865794e-01 9.915065923908400469e-01
2.192921424247847306e-01 9.915976803830416353e-01
2.202205878977829268e-01 9.916876514794249475e-01
2.211509937687811678e-01 9.917765208632448592e-01
2.220833600377793982e-01 9.918643035338063907e-01
2.230176867047777289e-01 9.919510142348022530e-01
2.239539737697761046e-01 9.920366675010787727e-01
2.248922212327745529e-01 9.921212776359762398e-01
2.258324290937730461e-01 9.922048587680643017e-01
2.267745973527715286e-01 9.922874247880492105e-01
2.277187260097701116e-01 9.923689893901359582e-01
2.286648150647687394e-01 9.924495660528619423e-01
2.296128645177674399e-01 9.925291680874418487e-01
2.305628743687661297e-01 9.926078085847693799e-01
2.315148446177649200e-01 9.926855004505258373e-01
2.324687752647637551e-01 9.927622563895399654e-01
2.334246663097626351e-01 9.928380889459896830e-01
2.343825177527615322e-01 9.929130104604202423e-01
2.353423295937605020e-01 9.929870330987261573e-01
2.363041018327595444e-01 9.930601688492550760e-01
2.372678344697586317e-01 9.931324295079345665e-01
2.382335275047577638e-01 9.932038267395502107e-01
2.392011809377569131e-01 9.932743720060901449e-01
2.401707947687561351e-01 9.933440766124898014e-01
2.411423689977554297e-01 9.934129516856203823e-01
2.421159036247547691e-01 9.934810082226005479e-01
2.430913986497540979e-01 9.935482570358487031e-01
2.440688540727535549e-01 9.936147087885451867e-01
2.450482698937530290e-01 9.936803739794292101e-01
2.460296461127525758e-01 9.937452629788835479e-01
2.470129827297521674e-01 9.938093859892734860e-01
2.479982797447517484e-01 9.938727530712921920e-01
2.489855371577514298e-01 9.939353741410590359e-01
2.499747549687511561e-01 9.939972589578414119e-01
2.509659331777509550e-01 9.940584171739300645e-01
2.519590717847506878e-01 9.941188582763433867e-01
2.529541707897505765e-01 9.941785916239523901e-01
2.539512301927505100e-01 9.942376264316575840e-01
2.549502499937504885e-01 9.942959718055043306e-01
2.559512301927505673e-01 9.943536367033741774e-01
2.569541707897506355e-01 9.944106299605753874e-01
2.579590717847507486e-01 9.944669602868030367e-01
2.589659331777509621e-01 9.945226362551308208e-01
2.599747549687512205e-01 9.945776663463761214e-01
2.609855371577514682e-01 9.946320588969710386e-01
2.619982797447518164e-01 9.946858221320817872e-01
2.630129827297520984e-01 9.947389641521217074e-01
2.640296461127525363e-01 9.947914929617073243e-01
2.650482698937530190e-01 9.948434164375111743e-01
2.660688540727535467e-01 9.948947423492090492e-01
2.670913986497541748e-01 9.949454783571801686e-01
2.681159036247547922e-01 9.949956320040687086e-01
2.691423689977554545e-01 9.950452107492573361e-01
2.701707947687562172e-01 9.950942219289375945e-01
2.712011809377570248e-01 9.951426727816786721e-01
2.722335275047577108e-01 9.951905704447518985e-01
2.732678344697586081e-01 9.952379219445807168e-01
2.743041018327595504e-01 9.952847342350489290e-01
2.753423295937605375e-01 9.953310141519524645e-01
2.763825177527615695e-01 9.953767684417964556e-01
2.774246663097627019e-01 9.954220037572285573e-01
2.784687752647638237e-01 9.954667266466525888e-01
2.795148446177649904e-01 9.955109435951762231e-01
2.805628743687662574e-01 9.955546609750030029e-01
2.816128645177674028e-01 9.955978850766363797e-01
2.826648150647687596e-01 9.956406221035670745e-01
2.837187260097701613e-01 9.956828781615247870e-01
2.847745973527716079e-01 9.957246593004084323e-01
2.858324290937730994e-01 9.957659714629428782e-01
2.868922212327746357e-01 9.958068205168694176e-01
2.879539737697762170e-01 9.958472122491477396e-01
2.890176867047778431e-01 9.958871523555841154e-01
2.900833600377795141e-01 9.959266464816998177e-01
2.911509937687811744e-01 9.959657001722331815e-01
2.922205878977829352e-01 9.960043189027842914e-01
2.932921424247847964e-01 9.960425080740167303e-01
2.943656573497866469e-01 9.960802730017906947e-01
2.954411326727885978e-01 9.961176189558582639e-01
2.965185683937905936e-01 9.961545511120193375e-01
2.975979645127926343e-01 9.961910745819284596e-01
2.986793210297947199e-01 9.962271944078211483e-01
2.997626379447967393e-01 9.962629155534793446e-01
3.008479152577989146e-01 9.962982429390939698e-01
3.019351529688011904e-01 9.963331813983187235e-01
3.030243510778034555e-01 9.963677357050664263e-01
3.041155095848058210e-01 9.964019105688394218e-01
3.052086284898081758e-01 9.964357106267093256e-01
3.063037077928106311e-01 9.964691404739770553e-01
3.074007474938131312e-01 9.965022046267422162e-01
3.084997475928156763e-01 9.965349075453195926e-01
3.096007080898180996e-01 9.965672536300516082e-01
3.107036289848207899e-01 9.965992472150525527e-01
3.118085102778234696e-01 9.966308925932615415e-01
3.129153519688261942e-01 9.966621939860635937e-01
3.140241540578289636e-01 9.966931555623748107e-01
3.151349165448318335e-01 9.967237814354138470e-01
3.162476394298346927e-01 9.967540756635555610e-01
3.173623227128376523e-01 9.967840422415157331e-01
3.184789663938406568e-01 9.968136851339627347e-01
3.195975704728435396e-01 9.968430082333431530e-01
3.207181349498466338e-01 9.968720153859245148e-01
3.218406598248497730e-01 9.969007103871153630e-01
3.229651450978529570e-01 9.969290969746136266e-01
3.240915907688562414e-01 9.969571788541849999e-01
3.252199968378595152e-01 9.969849596679298820e-01
3.263503633048628338e-01 9.970124430140825389e-01
3.274826901698662529e-01 9.970396324433381530e-01
3.286169774328696613e-01 9.970665314597130235e-01
3.297532250938730591e-01 9.970931435123667752e-01
3.308914331528765573e-01 9.971194720264437983e-01
3.320316016098801559e-01 9.971455203640232634e-01
3.331737304648837994e-01 9.971712918483095489e-01
3.343178197178874878e-01 9.971967897590823249e-01
3.354638693688912210e-01 9.972220173269724652e-01
3.366118794178950546e-01 9.972469777551437042e-01
3.377618498648988776e-01 9.972716741926129780e-01
3.389137807099027455e-01 9.972961097509012163e-01
3.400676719529066028e-01 9.973202875009465895e-01
3.412235235939105604e-01 9.973442104738740044e-01
3.423813356329146185e-01 9.973678816546677206e-01
3.435411080699187214e-01 9.973913040057411639e-01
3.447028409049228137e-01 9.974144804375210116e-01
3.458665341379270064e-01 9.974374138266500767e-01
3.470321877689312440e-01 9.974601070125460600e-01
3.481998017979355819e-01 9.974825627980411502e-01
3.493693762249399093e-01 9.975047839429020957e-01
3.505409110499441705e-01 9.975267731881267697e-01
3.517144062729485876e-01 9.975485332251171622e-01
3.528898618939531051e-01 9.975700667148900136e-01
3.540672779129576120e-01 9.975913762842406607e-01
3.552466543299622193e-01 9.976124645263145796e-01
3.564279911449668714e-01 9.976333339943642686e-01
3.576112883579715684e-01 9.976539872252927488e-01
3.587965459689763104e-01 9.976744267097203966e-01
3.599837639779809306e-01 9.976946549103936634e-01
3.611729423849858178e-01 9.977146742587447159e-01
3.623640811899906944e-01 9.977344871552382699e-01
3.635571803929956158e-01 9.977540959636318485e-01
3.647522399940006377e-01 9.977735030327300469e-01
3.659492599930056489e-01 9.977927106687012326e-01
3.671482403900107605e-01 9.978117211521333463e-01
3.683491811850159170e-01 9.978305367347738430e-01
3.695520823780210629e-01 9.978491596398931796e-01
3.707569439690261981e-01 9.978675920573798486e-01
3.719637659580314892e-01 9.978858361624594053e-01
3.731725483450368253e-01 9.979038940919159328e-01
3.743832911300422062e-01 9.979217679587226719e-01
3.755959943130476320e-01 9.979394598493361856e-01
3.768106578940531581e-01 9.979569718240706155e-01
3.780272818730586737e-01 9.979743059173086239e-01
3.792458662500642896e-01 9.979914641311498080e-01
3.804664110250698950e-01 9.980084484596858374e-01
3.816889161980754896e-01 9.980252608573595419e-01
3.829133817690812402e-01 9.980419032584572081e-01
3.841398077380869802e-01 9.980583775731808327e-01
3.853681941050928206e-01 9.980746856879169071e-01
3.865985408700987613e-01 9.980908294603092479e-01
3.878308480331046915e-01 9.981068107379982290e-01
3.890651155941106665e-01 9.981226313344166989e-01
3.903013435531166864e-01 9.981382930437371348e-01
3.915395319101228067e-01 9.981537976379627475e-01
3.927796806651288053e-01 9.981691468671264333e-01
3.940217898181350153e-01 9.981843424596293923e-01
3.952658593691412148e-01 9.981993861166142956e-01
3.965118893181475146e-01 9.982142795331618856e-01
3.977598796651538593e-01 9.982290243704972088e-01
3.990098304101602489e-01 9.982436222732338216e-01
4.002617415531666833e-01 9.982580748657307046e-01
4.015156130941732182e-01 9.982723837524194455e-01
4.027714450331797424e-01 9.982865505139580931e-01
4.040292373701862005e-01 9.983005767217710824e-01
4.052889901051928145e-01 9.983144639193640701e-01
4.065507032381995289e-01 9.983282136338694768e-01
4.078143767692062882e-01 9.983418273737809656e-01
4.090800106982130369e-01 9.983553066291872558e-01
4.103476050252198859e-01 9.983686528719769582e-01
4.116171597502267798e-01 9.983818675521979324e-01
4.128886748732337186e-01 9.983949521122367221e-01
4.141621503942407023e-01 9.984079079683608748e-01
4.154375863132476199e-01 9.984207365220958419e-01
4.167149826302546933e-01 9.984334391580227397e-01
4.179943393452618672e-01 9.984460172439967307e-01
4.192756564582690304e-01 9.984584721312912414e-01
4.205589339692762940e-01 9.984708051548468744e-01
4.218441718782836025e-01 9.984830176279895220e-01
4.231313701852909004e-01 9.984951108624140481e-01
4.244205288902982987e-01 9.985070861415811239e-01
4.257116479933056308e-01 9.985189447371510818e-01
4.270047274943131188e-01 9.985306879055434459e-01
4.282997673933206517e-01 9.985423168881466527e-01
4.295967676903282295e-01 9.985538329113660128e-01
4.308957283853359077e-01 9.985652371822721918e-01
4.321966494783435753e-01 9.985765309055922856e-01
4.334995309693513432e-01 9.985877152610451724e-01
4.348043728583591006e-01 9.985987914173731772e-01
4.361111751453669583e-01 9.986097605294640411e-01
4.374199378303746943e-01 9.986206237383594697e-01
4.387306609133826418e-01 9.986313821715984140e-01
4.400433443943906342e-01 9.986420369395041519e-01
4.413579882733986715e-01 9.986525891488459150e-01
4.426745925504067536e-01 9.986630398848703738e-01
4.439931572254149361e-01 9.986733902224570469e-01
4.453136822984231080e-01 9.986836412237448668e-01
4.466361677694313248e-01 9.986937939383551122e-01
4.479606136384396420e-01 9.987038494034384817e-01
4.492870199054478375e-01 9.987138086439918405e-01
4.506153865704562445e-01 9.987236726688245581e-01
4.519457136334646408e-01 9.987334424853321346e-01
4.532780010944731375e-01 9.987431190799086478e-01
4.546122489534816791e-01 9.987527034300565099e-01
4.559484572104903211e-01 9.987621965018141923e-01
4.572866258654989524e-01 9.987715992498533701e-01
4.586267549185076287e-01 9.987809126177662478e-01
4.599688443695163498e-01 9.987901375380084934e-01
4.613128942185250048e-01 9.987992749281371374e-01
4.626589044655338712e-01 9.988083257054781727e-01
4.640068751105427269e-01 9.988172907674354173e-01
4.653568061535516831e-01 9.988261710036233643e-01
4.667086975945606842e-01 9.988349672934236922e-01
4.680625494335697301e-01 9.988436805058792389e-01
4.694183616705788209e-01 9.988523115000321750e-01
4.707761343055879566e-01 9.988608611248911417e-01
4.721358673385971372e-01 9.988693302159697973e-01
4.734975607696062516e-01 9.988777196086958687e-01
4.748612145986155220e-01 9.988860301203320580e-01
4.762268288256248927e-01 9.988942625612449167e-01
4.775944034506342528e-01 9.989024177324271614e-01
4.789639384736437133e-01 9.989104964256598773e-01
4.803354338946532187e-01 9.989184994235938975e-01
4.817088897136627690e-01 9.989264274998733706e-01
4.830843059306723641e-01 9.989342814191837228e-01
4.844616825456818376e-01 9.989420619332359808e-01
4.858410195586915226e-01 9.989497697963768408e-01
4.872223169697012524e-01 9.989574057441855670e-01
4.886055747787110826e-01 9.989649705068934793e-01
4.899907929857209021e-01 9.989724648063288415e-01
4.913779715907308221e-01 9.989798893561255833e-01
4.927671105937407314e-01 9.989872448617167500e-01
4.941582099947507412e-01 9.989945320205202428e-01
4.955512697937607958e-01 9.990017515187251673e-01
4.969462899907707287e-01 9.990089040432572620e-01
4.983432705857808731e-01 9.990159902656182700e-01
4.997422115787910624e-01 9.990230108519942975e-01
5.011431129698012965e-01 9.990299664609534336e-01
5.025459747588115755e-01 9.990368577436405939e-01
5.039507969458218994e-01 9.990436853437548725e-01
5.053575795308323793e-01 9.990504498977976766e-01
5.067663225138427929e-01 9.990571520349788015e-01
5.081770258948532515e-01 9.990637923742925475e-01
5.095896896738636439e-01 9.990703715360669257e-01
5.110043138508743032e-01 9.990768901261635193e-01
5.124208984258848965e-01 9.990833487458747886e-01
5.138394433988955345e-01 9.990897479897429267e-01
5.152599487699063285e-01 9.990960884455523106e-01
5.166824145389171674e-01 9.991023706945365568e-01
5.181068407059279401e-01 9.991085953114255958e-01
5.195332272709388688e-01 9.991147628644109213e-01
5.209615742339498423e-01 9.991208739154087137e-01
5.223918815949606387e-01 9.991269290162256844e-01
5.238241493539717020e-01 9.991329287225023670e-01
5.252583775109828101e-01 9.991388735746909999e-01
5.266945660659939632e-01 9.991447641099184818e-01
5.281327150190051611e-01 9.991506008592692112e-01
5.295728243700164040e-01 9.991563843479884799e-01
5.310148941190276917e-01 9.991621150954078656e-01
5.324589242660390243e-01 9.991677936150439310e-01
5.339049148110504017e-01 9.991734204148381426e-01
5.353528657540617131e-01 9.991789959969596957e-01
5.368027770950731803e-01 9.991845208540891532e-01
5.382546488340846924e-01 9.991899954840267606e-01
5.397084809710962494e-01 9.991954203694628500e-01
5.411642735061079623e-01 9.992007959906554770e-01
5.426220264391196091e-01 9.992061228225495029e-01
5.440817397701314118e-01 9.992114013348620816e-01
5.455434134991431483e-01 9.992166319920615658e-01
5.470070476261550407e-01 9.992218152535190523e-01
5.484726421511667560e-01 9.992269515735626717e-01
5.499401970741787382e-01 9.992320414014578267e-01
5.514097123951906543e-01 9.992370851778783480e-01
5.528811881142027262e-01 9.992420833485085030e-01
5.543546242312148431e-01 9.992470363451299020e-01
5.558300207462270048e-01 9.992519445976238979e-01
5.573073776592392115e-01 9.992568085310061798e-01
5.587866949702514630e-01 9.992616285656953368e-01
5.602679726792635373e-01 9.992664051174999784e-01
5.617512107862758786e-01 9.992711385976744687e-01
5.632364092912882647e-01 9.992758294129422403e-01
5.647235681943006957e-01 9.992804779655637404e-01
5.662126874953131717e-01 9.992850846504131024e-01
5.677037671943258035e-01 9.992896498661429927e-01
5.691968072913383692e-01 9.992941739996581418e-01
5.706918077863509797e-01 9.992986574359579155e-01
5.721887686793637462e-01 9.993031005557566626e-01
5.736876899703762245e-01 9.993075037356348167e-01
5.751885716593890807e-01 9.993118673481109493e-01
5.766914137464018708e-01 9.993161917616039114e-01
5.781962162314148168e-01 9.993204773404931185e-01
5.797029791144278077e-01 9.993247244452955202e-01
5.812117023954407324e-01 9.993289334324769735e-01
5.827223860744538131e-01 9.993331046518953986e-01
5.842350301514669386e-01 9.993372384571910239e-01
5.857496346264799980e-01 9.993413351912426856e-01
5.872661994994931023e-01 9.993453951953149561e-01
5.887847247705062514e-01 9.993494188069415030e-01
5.903052104395195565e-01 9.993534063601107187e-01
5.918276565065329065e-01 9.993573581850143661e-01
5.933520629715463013e-01 9.993612746083886389e-01
5.948784298345597410e-01 9.993651559534172391e-01
5.964067570955732256e-01 9.993690025397430343e-01
5.979370447545868661e-01 9.993728146835860748e-01
5.994692928116004405e-01 9.993765926977516978e-01
6.010035012666138377e-01 9.993803368886511329e-01
6.025396701196276128e-01 9.993840475674948820e-01
6.040777993706413218e-01 9.993877250347321661e-01
6.056178890196550757e-01 9.993913695898541949e-01
6.071599390666689855e-01 9.993949815290612548e-01
6.087039495116828292e-01 9.993985611454070384e-01
6.102499203546968287e-01 9.994021087287755511e-01
6.117978515957107621e-01 9.994056245659035387e-01
6.133477432347248515e-01 9.994091089404673056e-01
6.148995952717387636e-01 9.994125621330393061e-01
6.164534077067529427e-01 9.994159844212044952e-01
6.180091805397671667e-01 9.994193760795339054e-01
6.195669137707813245e-01 9.994227373796666924e-01
6.211266073997956383e-01 9.994260685869765792e-01
6.226882614268099969e-01 9.994293699730935066e-01
6.242518758518244004e-01 9.994326417983548927e-01
6.258174506748388488e-01 9.994358843227918454e-01
6.273849858958533421e-01 9.994390978037297479e-01
6.289544815148676582e-01 9.994422824956795681e-01
6.305259375318823523e-01 9.994454386504311172e-01
6.320993539468969802e-01 9.994485665170375066e-01
6.336747307599116530e-01 9.994516663419193980e-01
6.352520679709263707e-01 9.994547383687755193e-01
6.368313655799411332e-01 9.994577828387321006e-01
6.384126235869560517e-01 9.994607999903185602e-01
6.399958419919709041e-01 9.994637900594451896e-01
6.415810207949856903e-01 9.994667532764757167e-01
6.431681599960007434e-01 9.994696898777263305e-01
6.447572595950157304e-01 9.994726000891408502e-01
6.463483195920308733e-01 9.994754841366133569e-01
6.479413399870459500e-01 9.994783422436689380e-01
6.495363207800611827e-01 9.994811746313780887e-01
6.511332619710764602e-01 9.994839815184395349e-01
6.527321635600916716e-01 9.994867631212012160e-01
6.543330255471070389e-01 9.994895196536571769e-01
6.559358479321222291e-01 9.994922513275140696e-01
6.575406307151376861e-01 9.994949583521586245e-01
6.591473738961531881e-01 9.994976409347786639e-01
6.607560774751687349e-01 9.995002992802481945e-01
6.623667414521843266e-01 9.995029335912531954e-01
6.639793658271999632e-01 9.995055440654084800e-01
6.655939506002157557e-01 9.995081309062134878e-01
6.672104957712314821e-01 9.995106943074775208e-01
6.688290013402472534e-01 9.995132344632291499e-01
6.704494673072629585e-01 9.995157515654522484e-01
6.720718936722788195e-01 9.995182458039461038e-01
6.736962804352947254e-01 9.995207173665334732e-01
6.753226275963107872e-01 9.995231664389623294e-01
6.769509351553267829e-01 9.995255932049229575e-01
6.785812031123429344e-01 9.995279978461867332e-01
6.802134314673590199e-01 9.995303805425049815e-01
6.818476202203752612e-01 9.995327414716229653e-01
6.834837693713914364e-01 9.995350808094175532e-01
6.851218789204075454e-01 9.995373987298314944e-01
6.867619488674239214e-01 9.995396954048336724e-01
6.884039792124403423e-01 9.995419710019477488e-01
6.900479699554568080e-01 9.995442256941711179e-01
6.916939210964733187e-01 9.995464596457660500e-01
6.933418326354898742e-01 9.995486730213059001e-01
6.949917045725064746e-01 9.995508659835560250e-01
6.966435369075231199e-01 9.995530386934992073e-01
6.982973296405398100e-01 9.995551913103339903e-01
6.999530827715563230e-01 9.995573239914912200e-01
7.016107963005731030e-01 9.995594368926872253e-01
7.032704702275899278e-01 9.995615301678819620e-01
7.049321045526069085e-01 9.995636039693133190e-01
7.065956992756238231e-01 9.995656584475581807e-01
7.082612543966407825e-01 9.995676937515077798e-01
7.099287699156578979e-01 9.995697100283790215e-01
7.115982458326749471e-01 9.995717074237454591e-01
7.132696821476921523e-01 9.995736860815459535e-01
7.149430788607090692e-01 9.995756461441205332e-01
7.166184359717263641e-01 9.995775877495456374e-01
7.182957534807437039e-01 9.995795110417481366e-01
7.199750313877609775e-01 9.995814161560796496e-01
7.216562696927784071e-01 9.995833032285487141e-01
7.233394683957958815e-01 9.995851723935927913e-01
7.250246274968132898e-01 9.995870237841643080e-01
7.267117469958308540e-01 9.995888575316432823e-01
7.284008268928482410e-01 9.995906737659248087e-01
7.300918671878658950e-01 9.995924726154395978e-01
7.317848678808835938e-01 9.995942542071636350e-01
7.334798289719013376e-01 9.995960186664738512e-01
7.351767504609192372e-01 9.995977661174801909e-01
7.368756323479370707e-01 9.995994966827008721e-01
7.385764746329549491e-01 9.996012104833170708e-01
7.402792773159728723e-01 9.996029076390683388e-01
7.419840403969908404e-01 9.996045882682621508e-01
7.436907638760087425e-01 9.996062524878818190e-01
7.453994477530268004e-01 9.996079004134806878e-01
7.471100920280450142e-01 9.996095321592165517e-01
7.488226967010631618e-01 9.996111478354126056e-01
7.505372617720814654e-01 9.996127475582825550e-01
7.522537872410997029e-01 9.996143314357835985e-01
7.539722731081180962e-01 9.996158995767112643e-01
7.556927193731364234e-01 9.996174520886652592e-01
7.574151260361549065e-01 9.996189890777943399e-01
7.591394930971732125e-01 9.996205106490398951e-01
7.608658205561917853e-01 9.996220169060595628e-01
7.625941084132104031e-01 9.996235079512248989e-01
7.643243566682289547e-01 9.996249838856173797e-01
7.660565653212476622e-01 9.996264448090883548e-01
7.677907343722664146e-01 9.996278908202894664e-01
7.695268638212852119e-01 9.996293220165690663e-01
7.712649536683040541e-01 9.996307384940833485e-01
7.730050039133229411e-01 9.996321403477661516e-01
7.747470145563417621e-01 9.996335276713566032e-01
7.764909855973607389e-01 9.996349005573605950e-01
7.782369170363797606e-01 9.996362590971512585e-01
7.799848088733989382e-01 9.996376033808409556e-01
7.817346611084180497e-01 9.996389334974499219e-01
7.834864737414372060e-01 9.996402495348155615e-01
7.852402467724565183e-01 9.996415515795366025e-01
7.869959802014757644e-01 9.996428397146245315e-01
7.887536740284951664e-01 9.996441140292090521e-01
7.905133282535142802e-01 9.996453746042527344e-01
7.922749428765337720e-01 9.996466215218937634e-01
7.940385178975533087e-01 9.996478548630848282e-01
7.958040533165727792e-01 9.996490747077353411e-01
7.975715491335924057e-01 9.996502811346076323e-01
7.993410053486120770e-01 9.996514742213394866e-01
8.011124219616317932e-01 9.996526540445421771e-01
8.028857989726515543e-01 9.996538206796965476e-01
8.046611363816711382e-01 9.996549742012159623e-01
8.064384341886909890e-01 9.996561146824278765e-01
8.082176923937108848e-01 9.996572421956044785e-01
8.099989109967308254e-01 9.996583568119770113e-01
8.117820899977508109e-01 9.996594586016528394e-01
8.135672293967708413e-01 9.996605476337806495e-01
8.153543291937909165e-01 9.996616239764010148e-01
8.171433893888111477e-01 9.996626876965249986e-01
8.189344099818313127e-01 9.996637388601621321e-01
8.207273909728513006e-01 9.996647775322715646e-01
8.225223323618716664e-01 9.996658037767812699e-01
8.243192341488919661e-01 9.996668176565854935e-01
8.261180963339124217e-01 9.996678192335989310e-01
8.279189189169328111e-01 9.996688085687660541e-01
8.297217018979533565e-01 9.996697857218892480e-01
8.315264452769738357e-01 9.996707507519276836e-01
8.333331490539944708e-01 9.996717037167376363e-01
8.351418132290151508e-01 9.996726446707707714e-01
8.369524378020356536e-01 9.996735736746157341e-01
8.387650227730564234e-01 9.996744907809833602e-01
8.405795681420771270e-01 9.996753960437652076e-01
8.423960739090979866e-01 9.996762895160014040e-01
8.442145400741188910e-01 9.996771712496569373e-01
8.460349666371398403e-01 9.996780412957360085e-01
8.478573535981608345e-01 9.996788997043444258e-01
8.496817009571818735e-01 9.996797465245532699e-01
8.515080087142030685e-01 9.996805818044621761e-01
8.533362768692239753e-01 9.996814055912838226e-01
8.551665054222451490e-01 9.996822179312444545e-01
8.569986943732663676e-01 9.996830188695718933e-01
8.588328437222877421e-01 9.996838084505818012e-01
8.606689534693090504e-01 9.996845867176690215e-01
8.625070236143304037e-01 9.996853537132225354e-01
8.643470541573519128e-01 9.996861094787322655e-01
8.661890450983733558e-01 9.996868540546940407e-01
8.680329964373949547e-01 9.996875874807223950e-01
8.698789081744163765e-01 9.996883097954374353e-01
8.717267803094379541e-01 9.996890210365753093e-01
8.735766128424596877e-01 9.996897212409108224e-01
8.754284057734814661e-01 9.996904104442408956e-01
8.772821591025032895e-01 9.996910886815137953e-01
8.791378728295250466e-01 9.996917559866224101e-01
8.809955469545469597e-01 9.996924123926468342e-01
8.828551814775689177e-01 9.996930579316652965e-01
8.847167763985909206e-01 9.996936926348530816e-01
8.865803317176127463e-01 9.996943165324539970e-01
8.884458474346348389e-01 9.996949296537022134e-01
8.903133235496569764e-01 9.996955320270394241e-01
8.921827600626792698e-01 9.996961236798461714e-01
8.940541569737014971e-01 9.996967046386563416e-01
8.959275142827237692e-01 9.996972749289932958e-01
8.978028319897460863e-01 9.996978345755361817e-01
8.996801100947685592e-01 9.996983836019674996e-01
9.015593485977907440e-01 9.996989220310380508e-01
9.034405474988133067e-01 9.996994498845720445e-01
9.053237067978358033e-01 9.996999671834679857e-01
9.072088264948584557e-01 9.997004739476628155e-01
9.090959065898810421e-01 9.997009701937515924e-01
9.109849470829037843e-01 9.997014559445115411e-01
9.128759479739264604e-01 9.997019312147737979e-01
9.147689092629492924e-01 9.997023960206848914e-01
9.166638309499721693e-01 9.997028503775010622e-01
9.185607130349948690e-01 9.997032942994814597e-01
9.204595555180178357e-01 9.997037277999478722e-01
9.223603583990407362e-01 9.997041508912766217e-01
9.242631216780637926e-01 9.997045635848987866e-01
9.261678453550868939e-01 9.997049658911955072e-01
9.280745294301100401e-01 9.997053578196943846e-01
9.299831739031333422e-01 9.997057393789393620e-01
9.318937787741565781e-01 9.997061105763869193e-01
9.338063440431798590e-01 9.997064714186704171e-01
9.357208697102029626e-01 9.997068219113723897e-01
9.376373557752263332e-01 9.997071620590696206e-01
9.395558022382498597e-01 9.997074918654174081e-01
9.414762090992733201e-01 9.997078113330147842e-01
9.433985763582968254e-01 9.997081204634824525e-01
9.453229040153204865e-01 9.997084192575015349e-01
9.472491920703440815e-01 9.997087077146373790e-01
9.491774405233678324e-01 9.997089858335558299e-01
9.511076493743915172e-01 9.997092536117997419e-01
9.530398186234151359e-01 9.997095110460175738e-01
9.549739482704390214e-01 9.997097581317077042e-01
9.569100383154629519e-01 9.997099948633612065e-01
9.588480887584868162e-01 9.997102212345276850e-01
9.607880995995108364e-01 9.997104372375887893e-01
9.627300708385349015e-01 9.997106428639261910e-01
9.646740024755590115e-01 9.997108381038605218e-01
9.666198945105831664e-01 9.997110229466451559e-01
9.685677469436073661e-01 9.997111973804702068e-01
9.705175597746313887e-01 9.997113613924284437e-01
9.724693330036556782e-01 9.997115149685160684e-01
9.744230666306800126e-01 9.997116580936556973e-01
9.763787606557043919e-01 9.997117907516789304e-01
9.783364150787289271e-01 9.997119129252426406e-01
9.802960298997533961e-01 9.997120245959494333e-01
9.822576051187779100e-01 9.997121257442272979e-01
9.842211407358025799e-01 9.997122163493796787e-01
9.861866367508271836e-01 9.997122963895922476e-01
9.881540931638517211e-01 9.997123658418076708e-01
9.901235099748764146e-01 9.997124246819236726e-01
9.920948871839012639e-01 9.997124728845317998e-01
9.940682247909260472e-01 9.997125104231291415e-01
9.960435227959509863e-01 9.997125372699469104e-01
9.980207811989759703e-01 9.997125533960605770e-01
1.000000000000000666e+00 9.997125587713209249e-01
