0.000000000000000000e+00 0.000000000000000000e+00
2.078119897502626434e-05 0.000000000000000000e+00
4.352279595010249372e-05 0.000000000000000000e+00
6.822479092522875592e-05 -1.900531743245629180e-31
9.488718390040502381e-05 0.000000000000000000e+00
1.235099748756312839e-04 0.000000000000000000e+00
1.540931638509075632e-04 0.000000000000000000e+00
1.866367508262337669e-04 0.000000000000000000e+00
2.211407358016100034e-04 0.000000000000000000e+00
2.576051187770363269e-04 0.000000000000000000e+00
2.960298997525126832e-04 0.000000000000000000e+00
3.364150787280388555e-04 0.000000000000000000e+00
3.787606557036150606e-04 0.000000000000000000e+00
4.230666306792412444e-04 0.000000000000000000e+00
4.693330036549174067e-04 0.000000000000000000e+00
5.175597746306437102e-04 0.000000000000000000e+00
5.677469436064200466e-04 0.000000000000000000e+00
6.198945105822462531e-04 0.000000000000000000e+00
6.740024755581224382e-04 0.000000000000000000e+00
7.300708385340486020e-04 0.000000000000000000e+00
7.880995995100251780e-04 0.000000000000000000e+00
8.480887584860512989e-04 0.000000000000000000e+00
9.100383154621275068e-04 0.000000000000000000e+00
9.739482704382536934e-04 0.000000000000000000e+00
1.039818623414429750e-03 0.000000000000000000e+00
1.107649374390655894e-03 0.000000000000000000e+00
1.177440523366932558e-03 0.000000000000000000e+00
1.249192070343258659e-03 0.000000000000000000e+00
1.322904015319634847e-03 0.000000000000000000e+00
1.398576358296060905e-03 0.000000000000000000e+00
1.476209099272537051e-03 0.000000000000000000e+00
1.555802238249063716e-03 0.000000000000000000e+00
1.637355775225640036e-03 0.000000000000000000e+00
1.720869710202266008e-03 0.000000000000000000e+00
1.806344043178942285e-03 0.000000000000000000e+00
1.893778774155669082e-03 0.000000000000000000e+00
1.983173903132445098e-03 0.000000000000000000e+00
2.074529430109271419e-03 4.940656458412465442e-324
2.167845355086147393e-03 4.940656458412465442e-324
2.263121678063073454e-03 4.940656458412465442e-324
2.360358399040050469e-03 4.940656458412465442e-324
2.459555518017076271e-03 4.940656458412465442e-324
2.560713034994152593e-03 4.940656458412465442e-324
2.663830949971278568e-03 4.940656458412465442e-324
2.768909262948454630e-03 4.564713476163982619e-296
2.875947973925680780e-03 1.000621509868515603e-247
2.984947082902957450e-03 3.495292735781036295e-205
3.095906589880283773e-03 4.607567302835767813e-168
3.208826494857659750e-03 5.503919754231133089e-136
3.323706797835085814e-03 1.448175781500742185e-108
3.440547498812561965e-03 2.059191427607534276e-85
3.559348597790088636e-03 3.902644301709795301e-66
3.680110094767664961e-03 2.431808508416827102e-50
3.802831989745290939e-03 1.221631851722847109e-37
3.927514282722965704e-03 1.197557499137848330e-27
4.054156973700691856e-03 5.431060507691892843e-20
4.182760062678468095e-03 2.623458149902223307e-14
4.313323549656295289e-03 2.990480251435563757e-10
4.445847434634171702e-03 1.698552329967732870e-07
4.580331717612097335e-03 9.609284781800369276e-06
4.716776398590073922e-03 1.046736971098311832e-04
4.855181477568099729e-03 4.150931423309646190e-04
4.995546954546175623e-03 9.708873586684303812e-04
5.137872829524301604e-03 1.735309419009318978e-03
5.282159102502477672e-03 2.672779453984256131e-03
5.428405773480703828e-03 3.759362885206199607e-03
5.576612842458980070e-03 4.979250240400811406e-03
5.726780309437305531e-03 6.321539548872536982e-03
5.878908174415681948e-03 7.778331466176618449e-03
6.032996437394107583e-03 9.343640423769863229e-03
6.189045098372585908e-03 1.101275263239184093e-02
6.347054157351111718e-03 1.278183086877461225e-02
6.507023614329687615e-03 1.464766074607125670e-02
6.668953469308313599e-03 1.660748158803664054e-02
6.832843722286989670e-03 1.865886996221061481e-02
6.998694373265715828e-03 2.079965719743940428e-02
7.166505422244492073e-03 2.302786955004398894e-02
7.336276869223317537e-03 2.534168389857097137e-02
7.508008714202193956e-03 2.773939435568040929e-02
7.681700957181119595e-03 3.021938672746074875e-02
7.857353598160098790e-03 3.278011872601458571e-02
8.034966637139125470e-03 3.542010447490113317e-02
8.214540074118200502e-03 3.813790226860721416e-02
8.396073909097327356e-03 4.093210483375916975e-02
8.579568142076502563e-03 4.380133153838282334e-02
8.765022773055727856e-03 4.674422213560205930e-02
8.952437802035004971e-03 4.975943172859224883e-02
9.141813229014330439e-03 5.284562671669935929e-02
9.333149053993705993e-03 5.600148153653142918e-02
9.526445276973131635e-03 5.922567605206814634e-02
9.721701897952607363e-03 6.251689347829249288e-02
9.918918916932136648e-03 6.587381874604675280e-02
1.011809633391171255e-02 6.929513723376456991e-02
1.031923414889133854e-02 7.277953380567320218e-02
1.052233236187101462e-02 7.632569210704173712e-02
1.072739097285074078e-02 7.993229407572528811e-02
1.093440998183051703e-02 8.359801963619517551e-02
1.114338938881034163e-02 8.732154654781730529e-02
1.135432919379021806e-02 9.110155038366009317e-02
1.156722939677014457e-02 9.493670461980455166e-02
1.178208999775011943e-02 9.882568081810438887e-02
1.199891099673014612e-02 1.027671488879174366e-01
1.221769239371022463e-02 1.067597774143164285e-01
1.243843418869035149e-02 1.108022340420530827e-01
1.266113638167052670e-02 1.148931859060194349e-01
1.288579897265075200e-02 1.190313001001282595e-01
1.311242196163102738e-02 1.232152441776032809e-01
1.334100534861135459e-02 1.274436866765610576e-01
1.357154913359173015e-02 1.317152976654813457e-01
1.380405331657215580e-02 1.360287493038762896e-01
1.403851789755263153e-02 1.403827164139869466e-01
1.427494287653315735e-02 1.447758770598309708e-01
1.451332825351373326e-02 1.492069131303828677e-01
1.475367402849436273e-02 1.536745109239920637e-01
1.499598020147503881e-02 1.581773617315255231e-01
1.524024677245576498e-02 1.627141624159798017e-01
1.548647374143653950e-02 1.672836159865669359e-01
1.573466110841736931e-02 1.718844321655031149e-01
1.598480887339824227e-02 1.765153279459842905e-01
1.623691703637917053e-02 1.811750281399112095e-01
1.649098559736014366e-02 1.858622659142175615e-01
1.674701455634117209e-02 1.905757833146813074e-01
1.700500391332224540e-02 1.953143317763402220e-01
1.726495366830337400e-02 2.000766726196617495e-01
1.752686382128455442e-02 2.048615775318027854e-01
1.779073437226577625e-02 2.096678290323355509e-01
1.805656532124705685e-02 2.144942209229385166e-01
1.832435666822837886e-02 2.193395587206599939e-01
1.859410841320975616e-02 2.242026600743385889e-01
1.886582055619118528e-02 2.290823551639706579e-01
1.913949309717265929e-02 2.339774870827796838e-01
1.941512603615418858e-02 2.388869122018205948e-01
1.969271937313575929e-02 2.438095005170436147e-01
1.997227310811738876e-02 2.487441359787369022e-01
2.025378724109906312e-02 2.536897168033816485e-01
2.053726177208079276e-02 2.586451557678832169e-01
2.082269670106256382e-02 2.636093804863424706e-01
2.111009202804439364e-02 2.685813336693825826e-01
2.139944775302626487e-02 2.735599733662435473e-01
2.169076387600819486e-02 2.785442731897739832e-01
2.198404039699017321e-02 2.835332225245041915e-01
2.227927731597219643e-02 2.885258267180919045e-01
2.257647463295427495e-02 2.935211072562529666e-01
2.287563234793639835e-02 2.985181019216194276e-01
2.317675046091857705e-02 3.035158649365920502e-01
2.347982897190080062e-02 3.085134670906868881e-01
2.378486788088307949e-02 3.135099958525507935e-01
2.409186718786539977e-02 3.185045554670237200e-01
2.440082689284778228e-02 3.234962670375889915e-01
2.471174699583020273e-02 3.284842685945196239e-01
2.502462749681268195e-02 3.334677151491395874e-01
2.533946839579521298e-02 3.384457787344926638e-01
2.565626969277778543e-02 3.434176484328450574e-01
2.597503138776041318e-02 3.483825303903568260e-01
2.629575348074308580e-02 3.533396478193160384e-01
2.661843597172581372e-02 3.582882409883533792e-01
2.694307886070858651e-02 3.632275672009433465e-01
2.726968214769141807e-02 3.681569007626508960e-01
2.759824583267428758e-02 3.730755329374801366e-01
2.792876991565721931e-02 3.779827718937042724e-01
2.826125439664019939e-02 3.828779426395966246e-01
2.859569927562322089e-02 3.877603869494035127e-01
2.893210455260630115e-02 3.926294632799668949e-01
2.927047022758941935e-02 3.974845466784002745e-01
2.961079630057259979e-02 4.023250286811454468e-01
2.995308277155582163e-02 4.071503172047924446e-01
3.029732964053910224e-02 4.119598364290862347e-01
3.064353690752242426e-02 4.167530266724389088e-01
3.099170457250580504e-02 4.215293442602924268e-01
3.134183263548922377e-02 4.262882613867148840e-01
3.169392109647270472e-02 4.310292659695916240e-01
3.204796995545623056e-02 4.357518614997593076e-01
3.240397921243980128e-02 4.404555668843064820e-01
3.276194886742343076e-02 4.451399162845930957e-01
3.312187892040710513e-02 4.498044589490782785e-01
3.348376937139083825e-02 4.544487590414410527e-01
3.384762022037460932e-02 4.590723954642264015e-01
3.421343146735843915e-02 4.636749616783232830e-01
3.458120311234230693e-02 4.682560655186035481e-01
3.495093515532624040e-02 4.728153290060170821e-01
3.532262759631021182e-02 4.773523881563476179e-01
3.569628043529424199e-02 4.818668927859878215e-01
3.607189367227831706e-02 4.863585063149912235e-01
3.644946730726244394e-02 4.908269055675709147e-01
3.682900134024662264e-02 4.952717805704687226e-01
3.721049577123083929e-02 4.996928343492308411e-01
3.759395060021512164e-02 5.040897827227793782e-01
3.797936582719944193e-02 5.084623540964913202e-01
3.836674145218382098e-02 5.128102892539054825e-01
3.875607747516824492e-02 5.171333411473825192e-01
3.914737389615272761e-02 5.214312746879010696e-01
3.954063071513724825e-02 5.257038665341327022e-01
3.993584793212182765e-02 5.299509048810268075e-01
4.033302554710645887e-02 5.341721892481180456e-01
4.073216356009112804e-02 5.383675302677110031e-01
4.113326197107585597e-02 5.425367494730678475e-01
4.153632078006062878e-02 5.466796790868090339e-01
4.194133998704546035e-02 5.507961618097332313e-01
4.234831959203032986e-02 5.548860506100727896e-01
4.275725959501525814e-02 5.589492085134573074e-01
4.316815999600023129e-02 5.629855083936413651e-01
4.358102079498526321e-02 5.669948327642029273e-01
4.399584199197033307e-02 5.709770735712008660e-01
4.441262358695546170e-02 5.749321319871421032e-01
4.483136557994064214e-02 5.788599182060435444e-01
4.525206797092586747e-02 5.827603512400902908e-01
4.567473075991114462e-02 5.866333587175672770e-01
4.609935394689646665e-02 5.904788766825560531e-01
4.652593753188184744e-02 5.942968493961945375e-01
4.695448151486726618e-02 5.980872291397341112e-01
4.738498589585275061e-02 6.018499760194470083e-01
4.781745067483826606e-02 6.055850577733655760e-01
4.825187585182384720e-02 6.092924495801604889e-01
4.868826142680946628e-02 6.129721338698913558e-01
4.912660739979515107e-02 6.166241001369630048e-01
4.956691377078088073e-02 6.202483447552421536e-01
5.000918053976664834e-02 6.238448707953615502e-01
5.045340770675248165e-02 6.274136878442975185e-01
5.089959527173835291e-02 6.309548118272487738e-01
5.134774323472428292e-02 6.344682648318650253e-01
5.179785159571025088e-02 6.379540749348383555e-01
5.224992035469628454e-02 6.414122760309545201e-01
5.270394951168235614e-02 6.448429076645348923e-01
5.315993906666848651e-02 6.482460148633558683e-01
5.361788901965465481e-02 6.516216479750509549e-01
5.407779937064088882e-02 6.549698625060483836e-01
5.453967011962716771e-02 6.582907189629793043e-01
5.500350126661349148e-02 6.615842826966646939e-01
5.546929281159986708e-02 6.648506237485716230e-01
5.593704475458628755e-02 6.680898166999093002e-01
5.640675709557277373e-02 6.713019405231718251e-01
5.687842983455929091e-02 6.744870784363125038e-01
5.735206297154587379e-02 6.776453177593659838e-01
5.782765650653248768e-02 6.807767497736820772e-01
5.830521043951917420e-02 6.838814695835891966e-01
5.878472477050590561e-02 6.869595759805842139e-01
5.926619949949267496e-02 6.900111713098907584e-01
5.974963462647950307e-02 6.930363613395188471e-01
6.023503015146637607e-02 6.960352551315391878e-01
6.072238607445330782e-02 6.990079649156842878e-01
6.121170239544027752e-02 7.019546059650282332e-01
6.170297911442730598e-02 7.048752964730573556e-01
6.219621623141437933e-02 7.077701574306570764e-01
6.269141374640151143e-02 7.106393124983035881e-01
6.318857165938866760e-02 7.134828878617835990e-01
6.368768997037589641e-02 7.163010120431587691e-01
6.418876867936318398e-02 7.190840912326941226e-01
6.469180778635051643e-02 7.218515551429482979e-01
6.519680729133789376e-02 7.245939643604849545e-01
6.570376719432530210e-02 7.273114566886504928e-01
6.621268749531278308e-02 7.300041717628483751e-01
6.672356819430030894e-02 7.326722510244260134e-01
6.723640929128789356e-02 7.353158376547901387e-01
6.775121078627552307e-02 7.379350764946703833e-01
6.826797267926318358e-02 7.405301139589148818e-01
6.878669497025091673e-02 7.431010979509692360e-01
6.930737765923869476e-02 7.456481777787428156e-01
6.983002074622653155e-02 7.481715040721309551e-01
7.035462423121441322e-02 7.506712287023774577e-01
7.088118811420231202e-02 7.531475047034950077e-01
7.140971239519029734e-02 7.556004861954380702e-01
7.194019707417832754e-02 7.580303283092064692e-01
7.247264215116641650e-02 7.604371871139262717e-01
7.300704762615452259e-02 7.628212195457014788e-01
7.354341349914270132e-02 7.651825833384328091e-01
7.408173977013092493e-02 7.675214369563945205e-01
7.462202643911922118e-02 7.698379395286871762e-01
7.516427350610754843e-02 7.721322507854720962e-01
7.570848097109590669e-02 7.744045309959951551e-01
7.625464883408433758e-02 7.766549409082617039e-01
7.680277709507281336e-02 7.788836416905312587e-01
7.735286575406134790e-02 7.810907948744159057e-01
7.790491481104989957e-02 7.832765622996548105e-01
7.845892426603853775e-02 7.854411060604988837e-01
7.901489411902722082e-02 7.875845884537026054e-01
7.957282437001594877e-02 7.897071719280023272e-01
8.013271501900470772e-02 7.918090190352782276e-01
8.069456606599353932e-02 7.938902923830312153e-01
8.125837751098241579e-02 7.959511545884939698e-01
8.182414935397135103e-02 7.979917682340654794e-01
8.239188159496033115e-02 8.000122958242504856e-01
8.296157423394934227e-02 8.020128997438996654e-01
8.353322727093842603e-02 8.039937422179039839e-01
8.410684070592755468e-02 8.059549852721201724e-01
8.468241453891674209e-02 8.078967906956786571e-01
8.525994876990593274e-02 8.098193200045112894e-01
8.583944339889522379e-02 8.117227344061341832e-01
8.642089842588455972e-02 8.136071947657087522e-01
8.700431385087394054e-02 8.154728615731744457e-01
8.758968967386336624e-02 8.173198949116791123e-01
8.817702589485282294e-02 8.191484544270731805e-01
8.876632251384235228e-02 8.209586992984863052e-01
8.935757953083194038e-02 8.227507882101317005e-01
8.995079694582157337e-02 8.245248793240113061e-01
9.054597475881122348e-02 8.262811302537592661e-01
9.114311296980096011e-02 8.280196980394491924e-01
9.174221157879074162e-02 8.297407391234415952e-01
9.234327058578056802e-02 8.314444093271539105e-01
9.294628999077042542e-02 8.331308638287953094e-01
9.355126979376035545e-02 8.348002571420160001e-01
9.415820999475034425e-02 8.364527430954424858e-01
9.476711059374037793e-02 8.380884748131218753e-01
9.537797159073045650e-02 8.397076046957755446e-01
9.599079298572055219e-02 8.413102844029218819e-01
9.660557477871074827e-02 8.428966648358090508e-01
9.722231696970097536e-02 8.444668961210577418e-01
9.784101955869126122e-02 8.460211275952144172e-01
9.846168254568156419e-02 8.475595077899327201e-01
9.908430593067193981e-02 8.490821844179773370e-01
9.970888971366237419e-02 8.505893043598059533e-01
1.003354338946528534e-01 8.520810136510064137e-01
1.009639384736433915e-01 8.535574574702796680e-01
1.015944034506339466e-01 8.550187801281479150e-01
1.022268288256245744e-01 8.564651250562397289e-01
1.028612145986152610e-01 8.578966347972741824e-01
1.034975607696059924e-01 8.593134509955219213e-01
1.041358673385967409e-01 8.607157143880114214e-01
1.047761343055875760e-01 8.621035647961416970e-01
1.054183616705784560e-01 8.634771411179402723e-01
1.060625494335693947e-01 8.648365813208170882e-01
1.067086975945603783e-01 8.661820224348637520e-01
1.073568061535513790e-01 8.675136005466057565e-01
1.080068751105424663e-01 8.688314507932348718e-01
1.086589044655335984e-01 8.701357073573557921e-01
1.093128942185247754e-01 8.714265034620969352e-01
1.099688443695159834e-01 8.727039713666516763e-01
1.106267549185072641e-01 8.739682423622271434e-01
1.112866258654986035e-01 8.752194467680379786e-01
1.119484572104899878e-01 8.764577139270224304e-01
1.126122489534813753e-01 8.776831721993272328e-01
1.132780010944728633e-01 8.788938276558501128e-01
1.139457136334643961e-01 8.800939657724490273e-01
1.146153865704559877e-01 8.812816716717158938e-01
1.152870199054476102e-01 8.824570697426369348e-01
1.159606136384392638e-01 8.836202833835390402e-01
1.166361677694310039e-01 8.847714350045779996e-01
1.173136822984227889e-01 8.859106460285063323e-01
1.179931572254146188e-01 8.870380368910835145e-01
1.186745925504064658e-01 8.881537270415217344e-01
1.193579882733983993e-01 8.892578349431863316e-01
1.200433443943903777e-01 8.903504780745163938e-01
1.207306609133824149e-01 8.914317729301898252e-01
1.214199378303744969e-01 8.925018350225774055e-01
1.221111751453665961e-01 8.935607788833284104e-01
1.228043728583587818e-01 8.946087180652969595e-01
1.234995309693510124e-01 8.956457651446210200e-01
1.241966494783433017e-01 8.966720317230101323e-01
1.248957283853355943e-01 8.976876284302889308e-01
1.255967676903279873e-01 8.986926649270897682e-01
1.262997673933204390e-01 8.996872499077801510e-01
1.270047274943129079e-01 9.006714911035477167e-01
1.277116479933054216e-01 9.016454952856304272e-01
1.284205288902980080e-01 9.026093682688234310e-01
1.291313701852906393e-01 9.035632149150137904e-01
1.298441718782833154e-01 9.045071391369526870e-01
1.305589339692760642e-01 9.054412439022040404e-01
1.312756564582688024e-01 9.063656312371165535e-01
1.319943393452616409e-01 9.072804022311034000e-01
1.327149826302545244e-01 9.081856570408630702e-01
1.334375863132474527e-01 9.090814948948943153e-01
1.341621503942403981e-01 9.099680140980352938e-01
1.348886748732334440e-01 9.108453120361282851e-01
1.356171597502265069e-01 9.117134851808150753e-01
1.363476050252196425e-01 9.125726290944493613e-01
1.370800106982128508e-01 9.134228384350308039e-01
1.378143767692060206e-01 9.142642069613367006e-01
1.385507032381993187e-01 9.150968275380509942e-01
1.392889901051926616e-01 9.159207921410402742e-01
1.400292373701860493e-01 9.167361918626751871e-01
1.407714450331794265e-01 9.175431169172314494e-01
1.415156130941729040e-01 9.183416566463575847e-01
1.422617415531664542e-01 9.191318995246263723e-01
1.430098304101600493e-01 9.199139331651273732e-01
1.437598796651536337e-01 9.206878443250781086e-01
1.445118893181473185e-01 9.214537189114730964e-01
1.452658593691410482e-01 9.222113094470046901e-01
1.460217898181348506e-01 9.229613416800078740e-01
1.467796806651286701e-01 9.237035888395218608e-01
1.475395319101225067e-01 9.244381334399571770e-01
1.483013435531164437e-01 9.251650571741225626e-01
1.490651155941104256e-01 9.258844409192491520e-01
1.498308480331044801e-01 9.265963647430127681e-01
1.505985408700985240e-01 9.273009079095493323e-01
1.513681941050926405e-01 9.279981488854942562e-01
1.521398077380868297e-01 9.286881653460824504e-01
1.529133817690810637e-01 9.293710341811799447e-01
1.536889161980753704e-01 9.300468315014559506e-01
1.544664110250696387e-01 9.307156326444286920e-01
1.552458662500640352e-01 9.313775121806193713e-01
1.560272818730584765e-01 9.320325439197258977e-01
1.568106578940529627e-01 9.326808009167024682e-01
1.575959943130474383e-01 9.333223554779436215e-01
1.583832911300420421e-01 9.339572791674392027e-01
1.591725483450366629e-01 9.345856428129080129e-01
1.599637659580313565e-01 9.352075165119488886e-01
1.607569439690260948e-01 9.358229696382281970e-01
1.615520823780208504e-01 9.364320708475528665e-01
1.623491811850156785e-01 9.370348880840825290e-01
1.631482403900105516e-01 9.376314885863890058e-01
1.639492599930054972e-01 9.382219388936368087e-01
1.647522399940004323e-01 9.388063048516349651e-01
1.655571803929954677e-01 9.393846516190001994e-01
1.663640811899905481e-01 9.399570436731484735e-01
1.671729423849857010e-01 9.405235448164470657e-01
1.679837639779808434e-01 9.410842181822126618e-01
1.687965459689760583e-01 9.416391262407600715e-01
1.696112883579713460e-01 9.421883308053966566e-01
1.704279911449667062e-01 9.427318930384455120e-01
1.712466543299620836e-01 9.432698734571720589e-01
1.720672779129574781e-01 9.438023319397709221e-01
1.728898618939529452e-01 9.443293277312505563e-01
1.737144062729484850e-01 9.448509194493567298e-01
1.745409110499440697e-01 9.453671650903963108e-01
1.753693762249396715e-01 9.458779500516336647e-01
1.761998017979353459e-01 9.463836606493899462e-01
1.770321877689310930e-01 9.468841946472416060e-01
1.778665341379268849e-01 9.473796075738600830e-01
1.787028409049227218e-01 9.478699543649752313e-01
1.795411080699185480e-01 9.483552893691189478e-01
1.803813356329145023e-01 9.488356663532889756e-01
1.812235235939104738e-01 9.493111385085745146e-01
1.820676719529065180e-01 9.497817584557873838e-01
1.829137807099025514e-01 9.502475782510092506e-01
1.837618498648986853e-01 9.507086493911534042e-01
1.846118794178948919e-01 9.511650228194340473e-01
1.854638693688911155e-01 9.516167489308919869e-01
1.863178197178873563e-01 9.520638775777771068e-01
1.871737304648836975e-01 9.525064580749623699e-01
1.880316016098800835e-01 9.529445392053084163e-01
1.888914331528765145e-01 9.533781692250216100e-01
1.897532250938729903e-01 9.538073958689047283e-01
1.906169774328694833e-01 9.542322663556189744e-01
1.914826901698660766e-01 9.546528273929251185e-01
1.923503633048627148e-01 9.550691251828379302e-01
1.932199968378593979e-01 9.554812054267999288e-01
1.940915907688560982e-01 9.558891133307459986e-01
1.949651450978528711e-01 9.562928936102239597e-01
1.958406598248497166e-01 9.566925904953516024e-01
1.967181349498466070e-01 9.570882477359049512e-01
1.975975704728435423e-01 9.574799086061857034e-01
1.984789663938404669e-01 9.578676159099639431e-01
1.993623227128375197e-01 9.582513500096118131e-01
2.002476394298345896e-01 9.586312698355035078e-01
2.011349165448317322e-01 9.590073612109287771e-01
2.020241540578288642e-01 9.593796650749186750e-01
2.029153519688260965e-01 9.597482219196201703e-01
2.038085102778234015e-01 9.601130717950333571e-01
2.047036289848207236e-01 9.604742543136299826e-01
2.056007080898180628e-01 9.608318086549521020e-01
2.064997475928155024e-01 9.611857735701807570e-01
2.074007474938129869e-01 9.615361873866711262e-01
2.083037077928105441e-01 9.618830880124423777e-01
2.092086284898081183e-01 9.622265129405942474e-01
2.101155095848057097e-01 9.625664992537527054e-01
2.110243510778034015e-01 9.629030836284284689e-01
2.119351529688011382e-01 9.632363023393462065e-01
2.128479152577989197e-01 9.635661912637207838e-01
2.137626379447967184e-01 9.638927858855522723e-01
2.146793210297945897e-01 9.642161212998029418e-01
2.155979645127925337e-01 9.645362322165939029e-01
2.165185683937905226e-01 9.648531529653492367e-01
2.174411326727885563e-01 9.651669174988776190e-01
2.183656573497865794e-01 9.654775593974611603e-01
2.192921424247847306e-01 9.657851118728409956e-01
2.202205878977829268e-01 9.660896077722821440e-01
2.211509937687811678e-01 9.663910795824263156e-01
2.220833600377793982e-01 9.666895594332753916e-01
2.230176867047777289e-01 9.669850791020474512e-01
2.239539737697761046e-01 9.672776700170065967e-01
2.248922212327745529e-01 9.675673632612706854e-01
2.258324290937730461e-01 9.678541895766019643e-01
2.267745973527715286e-01 9.681381261451440512e-01
2.277187260097701116e-01 9.684193038320038083e-01
2.286648150647687394e-01 9.686977043915918628e-01
2.296128645177674399e-01 9.689733572131258299e-01
2.305628743687661297e-01 9.692462913625343734e-01
2.315148446177649200e-01 9.695165355859621803e-01
2.324687752647637551e-01 9.697841183133220078e-01
2.334246663097626351e-01 9.700490676617524732e-01
2.343825177527615322e-01 9.703114114390758438e-01
2.353423295937605020e-01 9.705711771472014249e-01
2.363041018327595444e-01 9.708283919855201782e-01
2.372678344697586317e-01 9.710830828542038606e-01
2.382335275047577638e-01 9.713352763575561211e-01
2.392011809377569131e-01 9.715849988072581267e-01
2.401707947687561351e-01 9.718322762256476066e-01
2.411423689977554297e-01 9.720771343488717742e-01
2.421159036247547691e-01 9.723195986301114146e-01
2.430913986497540979e-01 9.725596942426711911e-01
2.440688540727535549e-01 9.727974460831604331e-01
2.450482698937530290e-01 9.730328787745162744e-01
2.460296461127525758e-01 9.732660166690298986e-01
2.470129827297521674e-01 9.734968838514425071e-01
2.479982797447517484e-01 9.737255041418401147e-01
2.489855371577514298e-01 9.739519010986670278e-01
2.499747549687511561e-01 9.741760980215897758e-01
2.509659331777509550e-01 9.743981179544506377e-01
2.519590717847506878e-01 9.746179836880668468e-01
2.529541707897505765e-01 9.748357177630988524e-01
2.539512301927505100e-01 9.750513047038418257e-01
2.549502499937504885e-01 9.752648379336515960e-01
2.559512301927505673e-01 9.754763053450139498e-01
2.569541707897506355e-01 9.756857284875933845e-01
2.579590717847507486e-01 9.758931286744300104e-01
2.589659331777509621e-01 9.760985269846198520e-01
2.599747549687512205e-01 9.763019442659175429e-01
2.609855371577514682e-01 9.765034011373130429e-01
2.619982797447518164e-01 9.767029179916431048e-01
2.630129827297520984e-01 9.769005149980858338e-01
2.640296461127525363e-01 9.770962121047136462e-01
2.650482698937530190e-01 9.772900290409459734e-01
2.660688540727535467e-01 9.774819853200212849e-01
2.670913986497541748e-01 9.776721002414346939e-01
2.681159036247547922e-01 9.778603928933116141e-01
2.691423689977554545e-01 9.780468821548470304e-01
2.701707947687562172e-01 9.782315866985914488e-01
2.712011809377570248e-01 9.784145249928150045e-01
2.722335275047577108e-01 9.785957153037985190e-01
2.732678344697586081e-01 9.787751756981085682e-01
2.743041018327595504e-01 9.789529240448421321e-01
2.753423295937605375e-01 9.791289780178912272e-01
2.763825177527615695e-01 9.793033550980612123e-01
2.774246663097627019e-01 9.794760725753424158e-01
2.784687752647638237e-01 9.796471475509991311e-01
2.795148446177649904e-01 9.798165969397174546e-01
2.805628743687662574e-01 9.799844374717325834e-01
2.816128645177674028e-01 9.801506856948619673e-01
2.826648150647687596e-01 9.803153579766047399e-01
2.837187260097701613e-01 9.804784705061737604e-01
2.847745973527716079e-01 9.806400076652189712e-01
2.858324290937730994e-01 9.808000452169218786e-01
2.868922212327746357e-01 9.809585702934984219e-01
2.879539737697762170e-01 9.811155983775966538e-01
2.890176867047778431e-01 9.812711447833357692e-01
2.900833600377795141e-01 9.814252246582048089e-01
2.911509937687811744e-01 9.815778529849121803e-01
2.922205878977829352e-01 9.817290445833061208e-01
2.932921424247847964e-01 9.818788141121324031e-01
2.943656573497866469e-01 9.820271760709439191e-01
2.954411326727885978e-01 9.821741448018320719e-01
2.965185683937905936e-01 9.823197344912321105e-01
2.975979645127926343e-01 9.824639591716763931e-01
2.986793210297947199e-01 9.826068327235465416e-01
2.997626379447967393e-01 9.827483688767491010e-01
3.008479152577989146e-01 9.828885812124850130e-01
3.019351529688011904e-01 9.830274831648517786e-01
3.030243510778034555e-01 9.831650880225689670e-01
3.041155095848058210e-01 9.833014089305635030e-01
3.052086284898081758e-01 9.834364588916465477e-01
3.063037077928106311e-01 9.835702507680800233e-01
3.074007474938131312e-01 9.837027972831895450e-01
3.084997475928156763e-01 9.838341110229017472e-01
3.096007080898180996e-01 9.839642044373304586e-01
3.107036289848207899e-01 9.840930898422729500e-01
3.118085102778234696e-01 9.842207794207671334e-01
3.129153519688261942e-01 9.843472852245492843e-01
3.140241540578289636e-01 9.844726191755566180e-01
3.151349165448318335e-01 9.845967930673910073e-01
3.162476394298346927e-01 9.847198185667723758e-01
3.173623227128376523e-01 9.848417072149396878e-01
3.184789663938406568e-01 9.849624425642273806e-01
3.195975704728435396e-01 9.850820888949560761e-01
3.207181349498466338e-01 9.852006320763475600e-01
3.218406598248497730e-01 9.853180831523901118e-01
3.229651450978529570e-01 9.854344530484961950e-01
3.240915907688562414e-01 9.855497525728046382e-01
3.252199968378595152e-01 9.856639924175276679e-01
3.263503633048628338e-01 9.857771831602195611e-01
3.274826901698662529e-01 9.858893352651233455e-01
3.286169774328696613e-01 9.860004590843841621e-01
3.297532250938730591e-01 9.861105648593414541e-01
3.308914331528765573e-01 9.862196627217848510e-01
3.320316016098801559e-01 9.863277626951735266e-01
3.331737304648837994e-01 9.864348746958417902e-01
3.343178197178874878e-01 9.865410085342282143e-01
3.354638693688912210e-01 9.866461739160243827e-01
3.366118794178950546e-01 9.867503804434220038e-01
3.377618498648988776e-01 9.868536376162008183e-01
3.389137807099027455e-01 9.869559548329109866e-01
3.400676719529066028e-01 9.870573413920246120e-01
3.412235235939105604e-01 9.871578064930297547e-01
3.423813356329146185e-01 9.872573592375358809e-01
3.435411080699187214e-01 9.873560086304248307e-01
3.447028409049228137e-01 9.874537635808713354e-01
3.458665341379270064e-01 9.875506329034308139e-01
3.470321877689312440e-01 9.876466253191302780e-01
3.481998017979355819e-01 9.877417494565002842e-01
3.493693762249399093e-01 9.878360138525859035e-01
3.505409110499441705e-01 9.879294269539877771e-01
3.517144062729485876e-01 9.880219971178765270e-01
3.528898618939531051e-01 9.881137326130098320e-01
3.540672779129576120e-01 9.882046416206817785e-01
3.552466543299622193e-01 9.882947322357017450e-01
3.564279911449668714e-01 9.883839890948356022e-01
3.576112883579715684e-01 9.884724646971640993e-01
3.587965459689763104e-01 9.885601455456431985e-01
3.599837639779809306e-01 9.886470393923545430e-01
3.611729423849858178e-01 9.887331539076039677e-01
3.623640811899906944e-01 9.888184966808102327e-01
3.635571803929956158e-01 9.889030752214580389e-01
3.647522399940006377e-01 9.889868969599754367e-01
3.659492599930056489e-01 9.890699692485825922e-01
3.671482403900107605e-01 9.891522993621610915e-01
3.683491811850159170e-01 9.892338944991806438e-01
3.695520823780210629e-01 9.893147617824742390e-01
3.707569439690261981e-01 9.893949082601000145e-01
3.719637659580314892e-01 9.894743409061949047e-01
3.731725483450368253e-01 9.895530666217855487e-01
3.743832911300422062e-01 9.896310922355586737e-01
3.755959943130476320e-01 9.897084245047337303e-01
3.768106578940531581e-01 9.897850701157997477e-01
3.780272818730586737e-01 9.898610356853273506e-01
3.792458662500642896e-01 9.899363277607345912e-01
3.804664110250698950e-01 9.900109528210282450e-01
3.816889161980754896e-01 9.900849172776283735e-01
3.829133817690812402e-01 9.901582274750316826e-01
3.841398077380869802e-01 9.902308896916305336e-01
3.853681941050928206e-01 9.903029101403603152e-01
3.865985408700987613e-01 9.903742949694964715e-01
3.878308480331046915e-01 9.904450502633310727e-01
3.890651155941106665e-01 9.905151820428937937e-01
3.903013435531166864e-01 9.905846962666227107e-01
3.915395319101228067e-01 9.906535988310950502e-01
3.927796806651288053e-01 9.907218955716576847e-01
3.940217898181350153e-01 9.907895922631665409e-01
3.952658593691412148e-01 9.908566946205938919e-01
3.965118893181475146e-01 9.909232082997004865e-01
3.977598796651538593e-01 9.909891388977060123e-01
3.990098304101602489e-01 9.910544729608192771e-01
4.002617415531666833e-01 9.911192523147689393e-01
4.015156130941732182e-01 9.911834649397516239e-01
4.027714450331797424e-01 9.912471162009821590e-01
4.040292373701862005e-01 9.913102114082196215e-01
4.052889901051928145e-01 9.913727558164310283e-01
4.065507032381995289e-01 9.914347546263786448e-01
4.078143767692062882e-01 9.914962129851919714e-01
4.090800106982130369e-01 9.915571359869977952e-01
4.103476050252198859e-01 9.916175286734576488e-01
4.116171597502267798e-01 9.916773960343343575e-01
4.128886748732337186e-01 9.917367430081309720e-01
4.141621503942407023e-01 9.917955744825502906e-01
4.154375863132476199e-01 9.918538952951491128e-01
4.167149826302546933e-01 9.919117102337826619e-01
4.179943393452618672e-01 9.919690240372410761e-01
4.192756564582690304e-01 9.920258413957154797e-01
4.205589339692762940e-01 9.920821669513518737e-01
4.218441718782836025e-01 9.921380052987913700e-01
4.231313701852909004e-01 9.921933609856291580e-01
4.244205288902982987e-01 9.922482385130344529e-01
4.257116479933056308e-01 9.923026423361102077e-01
4.270047274943131188e-01 9.923565768645088436e-01
4.282997673933206517e-01 9.924100464628626828e-01
4.295967676903282295e-01 9.924630554513085290e-01
4.308957283853359077e-01 9.925156081059353097e-01
4.321966494783435753e-01 9.925677086592947784e-01
4.334995309693513432e-01 9.926193613008458261e-01
4.348043728583591006e-01 9.926705701774186652e-01
4.361111751453669583e-01 9.927213393937190933e-01
4.374199378303746943e-01 9.927716730126988631e-01
4.387306609133826418e-01 9.928215750560920316e-01
4.400433443943906342e-01 9.928710495048177487e-01
4.413579882733986715e-01 9.929201002994144654e-01
4.426745925504067536e-01 9.929687313404979010e-01
4.439931572254149361e-01 9.930169464891605013e-01
4.453136822984231080e-01 9.930647495674271852e-01
4.466361677694313248e-01 9.931121443586506947e-01
4.479606136384396420e-01 9.931591346079435834e-01
4.492870199054478375e-01 9.932057240225771189e-01
4.506153865704562445e-01 9.932518991332335290e-01
4.519457136334646408e-01 9.932976965380337919e-01
4.532780010944731375e-01 9.933431039404400087e-01
4.546122489534816791e-01 9.933881248978545520e-01
4.559484572104903211e-01 9.934327629318400188e-01
4.572866258654989524e-01 9.934770215284733919e-01
4.586267549185076287e-01 9.935209041387494944e-01
4.599688443695163498e-01 9.935644141789596873e-01
4.613128942185250048e-01 9.936075550310015103e-01
4.626589044655338712e-01 9.936503300428329855e-01
4.640068751105427269e-01 9.936927425287839233e-01
4.653568061535516831e-01 9.937347957699128598e-01
4.667086975945606842e-01 9.937764930143665465e-01
4.680625494335697301e-01 9.938178374777336677e-01
4.694183616705788209e-01 9.938588323434045524e-01
4.707761343055879566e-01 9.938994807628709349e-01
4.721358673385971372e-01 9.939397858561056509e-01
4.734975607696062516e-01 9.939797507118600661e-01
4.748612145986155220e-01 9.940193783880550971e-01
4.762268288256248927e-01 9.940586719120247938e-01
4.775944034506342528e-01 9.940976342808908184e-01
4.789639384736437133e-01 9.941362684618503254e-01
4.803354338946532187e-01 9.941745773925785290e-01
4.817088897136627690e-01 9.942125639813994553e-01
4.830843059306723641e-01 9.942502311077071608e-01
4.844616825456818376e-01 9.942875816222074281e-01
4.858410195586915226e-01 9.943246183472598254e-01
4.872223169697012524e-01 9.943613440771484902e-01
4.886055747787110826e-01 9.943977615783953228e-01
4.899907929857209021e-01 9.944338735900326576e-01
4.913779715907308221e-01 9.944696828238845931e-01
4.927671105937407314e-01 9.945051919649022798e-01
4.941582099947507412e-01 9.945404036713868523e-01
4.955512697937607958e-01 9.945753205752853043e-01
4.969462899907707287e-01 9.946099452824842535e-01
4.983432705857808731e-01 9.946442803730590754e-01
4.997422115787910624e-01 9.946783284015505711e-01
5.011431129698012965e-01 9.947120918972295334e-01
5.025459747588115755e-01 9.947455733643646436e-01
5.039507969458218994e-01 9.947787752824805985e-01
5.053575795308323793e-01 9.948117001066214549e-01
5.067663225138427929e-01 9.948443502675539118e-01
5.081770258948532515e-01 9.948767281721151434e-01
5.095896896738636439e-01 9.949088362033829958e-01
5.110043138508743032e-01 9.949406767209180158e-01
5.124208984258848965e-01 9.949722520610803089e-01
5.138394433988955345e-01 9.950035487958540648e-01
5.152599487699063285e-01 9.950345996690036499e-01
5.166824145389171674e-01 9.950653921925119993e-01
5.181068407059279401e-01 9.950959286107463608e-01
5.195332272709388688e-01 9.951262111460191795e-01
5.209615742339498423e-01 9.951562419987897146e-01
5.223918815949606387e-01 9.951860233478941886e-01
5.238241493539717020e-01 9.952155573508021380e-01
5.252583775109828101e-01 9.952448461437920502e-01
5.266945660659939632e-01 9.952738918421748515e-01
5.281327150190051611e-01 9.953026965405203930e-01
5.295728243700164040e-01 9.953312623128690584e-01
5.310148941190276917e-01 9.953595912129415968e-01
5.324589242660390243e-01 9.953876852743456238e-01
5.339049148110504017e-01 9.954155465107524803e-01
5.353528657540617131e-01 9.954431769161750099e-01
5.368027770950731803e-01 9.954705784650491607e-01
5.382546488340846924e-01 9.954977531125660528e-01
5.397084809710962494e-01 9.955247027947508043e-01
5.411642735061079623e-01 9.955514294287496346e-01
5.426220264391196091e-01 9.955779349129459943e-01
5.440817397701314118e-01 9.956042211272028153e-01
5.455434134991431483e-01 9.956302899330142786e-01
5.470070476261550407e-01 9.956561431737265266e-01
5.484726421511667560e-01 9.956817826746859890e-01
5.499401970741787382e-01 9.957072102434347816e-01
5.514097123951906543e-01 9.957324276698888976e-01
5.528811881142027262e-01 9.957574367265296100e-01
5.543546242312148431e-01 9.957822391685403618e-01
5.558300207462270048e-01 9.958068367340213722e-01
5.573073776592392115e-01 9.958312311441399611e-01
5.587866949702514630e-01 9.958554241033132914e-01
5.602679726792635373e-01 9.958794172993282734e-01
5.617512107862758786e-01 9.959032124035722688e-01
5.632364092912882647e-01 9.959268110711781974e-01
5.647235681943006957e-01 9.959502149411458838e-01
5.662126874953131717e-01 9.959734256365441185e-01
5.677037671943258035e-01 9.959964447646636465e-01
5.691968072913383692e-01 9.960192739171482845e-01
5.706918077863509797e-01 9.960419146701887660e-01
5.721887686793637462e-01 9.960643685846329864e-01
5.736876899703762245e-01 9.960866372061650820e-01
5.751885716593890807e-01 9.961087220654488705e-01
5.766914137464018708e-01 9.961306246782740681e-01
5.781962162314148168e-01 9.961523465456907367e-01
5.797029791144278077e-01 9.961738891541918051e-01
5.812117023954407324e-01 9.961952539757913394e-01
5.827223860744538131e-01 9.962164424682299346e-01
5.842350301514669386e-01 9.962374560750787422e-01
5.857496346264799980e-01 9.962582962258927921e-01
5.872661994994931023e-01 9.962789643363207936e-01
5.887847247705062514e-01 9.962994618082694487e-01
5.903052104395195565e-01 9.963197900300497789e-01
5.918276565065329065e-01 9.963399503764567289e-01
5.933520629715463013e-01 9.963599304107989552e-01
5.948784298345597410e-01 9.963797583382909551e-01
5.964067570955732256e-01 9.963994224102111774e-01
5.979370447545868661e-01 9.964189239481520133e-01
5.994692928116004405e-01 9.964382642608874407e-01
6.010035012666138377e-01 9.964574446444216527e-01
6.025396701196276128e-01 9.964764663822340829e-01
6.040777993706413218e-01 9.964953307452623088e-01
6.056178890196550757e-01 9.965140389921430808e-01
6.071599390666689855e-01 9.965325923692341936e-01
6.087039495116828292e-01 9.965509921107873481e-01
6.102499203546968287e-01 9.965692394390480713e-01
6.117978515957107621e-01 9.965873355643686260e-01
6.133477432347248515e-01 9.966052816853269158e-01
6.148995952717387636e-01 9.966230789888154140e-01
6.164534077067529427e-01 9.966407286501818286e-01
6.180091805397671667e-01 9.966582318333175872e-01
6.195669137707813245e-01 9.966755896907752987e-01
6.211266073997956383e-01 9.966928033638641216e-01
6.226882614268099969e-01 9.967098739827645604e-01
6.242518758518244004e-01 9.967268026666493697e-01
6.258174506748388488e-01 9.967435905237200799e-01
6.273849858958533421e-01 9.967602386514086144e-01
6.289544815148676582e-01 9.967767481363788429e-01
6.305259375318823523e-01 9.967931200547096582e-01
6.320993539468969802e-01 9.968093554719241745e-01
6.336747307599116530e-01 9.968254554431225101e-01
6.352520679709263707e-01 9.968414210130863706e-01
6.368313655799411332e-01 9.968572532163482158e-01
6.384126235869560517e-01 9.968729530773057235e-01
6.399958419919709041e-01 9.968885216102826297e-01
6.415810207949856903e-01 9.969039598196652863e-01
6.431681599960007434e-01 9.969192686999702735e-01
6.447572595950157304e-01 9.969344492359089038e-01
6.463483195920308733e-01 9.969495024025263330e-01
6.479413399870459500e-01 9.969644291652499657e-01
6.495363207800611827e-01 9.969792304799950378e-01
6.511332619710764602e-01 9.969939072932354485e-01
6.527321635600916716e-01 9.970084605421107860e-01
6.543330255471070389e-01 9.970228911544724015e-01
6.559358479321222291e-01 9.970372000490095310e-01
6.575406307151376861e-01 9.970513881353101349e-01
6.591473738961531881e-01 9.970654563139144111e-01
6.607560774751687349e-01 9.970794054764640091e-01
6.623667414521843266e-01 9.970932365056912605e-01
6.639793658271999632e-01 9.971069502755733893e-01
6.655939506002157557e-01 9.971205476513738120e-01
6.672104957712314821e-01 9.971340294897075296e-01
6.688290013402472534e-01 9.971473966386559251e-01
6.704494673072629585e-01 9.971606499377925203e-01
6.720718936722788195e-01 9.971737902182971069e-01
6.736962804352947254e-01 9.971868183030065946e-01
6.753226275963107872e-01 9.971997350064831789e-01
6.769509351553267829e-01 9.972125411350930557e-01
6.785812031123429344e-01 9.972252374870943514e-01
6.802134314673590199e-01 9.972378248526515554e-01
6.818476202203752612e-01 9.972503040139805153e-01
6.834837693713914364e-01 9.972626757453419977e-01
6.851218789204075454e-01 9.972749408131510451e-01
6.867619488674239214e-01 9.972870999760329314e-01
6.884039792124403423e-01 9.972991539848895526e-01
6.900479699554568080e-01 9.973111035829490545e-01
6.916939210964733187e-01 9.973229495058452132e-01
6.933418326354898742e-01 9.973346924816832715e-01
6.949917045725064746e-01 9.973463332310740226e-01
6.966435369075231199e-01 9.973578724672346185e-01
6.982973296405398100e-01 9.973693108960267617e-01
6.999530827715563230e-01 9.973806492159792425e-01
7.016107963005731030e-01 9.973918881184398177e-01
7.032704702275899278e-01 9.974030282875352427e-01
7.049321045526069085e-01 9.974140704002963931e-01
7.065956992756238231e-01 9.974250151266723652e-01
7.082612543966407825e-01 9.974358504121897395e-01
7.099287699156578979e-01 9.974466018707892623e-01
7.115982458326749471e-01 9.974572579010956286e-01
7.132696821476921523e-01 9.974678191452857057e-01
7.149430788607090692e-01 9.974782862387472360e-01
7.166184359717263641e-01 9.974886598101153634e-01
7.182957534807437039e-01 9.974989404813394689e-01
7.199750313877609775e-01 9.975091288677727652e-01
7.216562696927784071e-01 9.975192255781233364e-01
7.233394683957958815e-01 9.975292312146251117e-01
7.250246274968132898e-01 9.975391463729742503e-01
7.267117469958308540e-01 9.975489716424509323e-01
7.284008268928482410e-01 9.975587076059432290e-01
7.300918671878658950e-01 9.975683548399997269e-01
7.317848678808835938e-01 9.975779139148391872e-01
7.334798289719013376e-01 9.975873853944597913e-01
7.351767504609192372e-01 9.975967698366318137e-01
7.368756323479370707e-01 9.976060677929711185e-01
7.385764746329549491e-01 9.976152798089533702e-01
7.402792773159728723e-01 9.976244064240042952e-01
7.419840403969908404e-01 9.976334481714819180e-01
7.436907638760087425e-01 9.976424055787744827e-01
7.453994477530268004e-01 9.976512791672832448e-01
7.471100920280450142e-01 9.976600694525277202e-01
7.488226967010631618e-01 9.976687769441321407e-01
7.505372617720814654e-01 9.976774021458896247e-01
7.522537872410997029e-01 9.976859455558072520e-01
7.539722731081180962e-01 9.976944076661155014e-01
7.556927193731364234e-01 9.977027889633247604e-01
7.574151260361549065e-01 9.977110899282719547e-01
7.591394930971732125e-01 9.977193110361382011e-01
7.608658205561917853e-01 9.977274527564793383e-01
7.625941084132104031e-01 9.977355155532827702e-01
7.643243566682289547e-01 9.977434998850038816e-01
7.660565653212476622e-01 9.977514062045432786e-01
7.677907343722664146e-01 9.977592349593771281e-01
7.695268638212852119e-01 9.977669865914967628e-01
7.712649536683040541e-01 9.977746615375044925e-01
7.730050039133229411e-01 9.977822602285935094e-01
7.747470145563417621e-01 9.977897830906282683e-01
7.764909855973607389e-01 9.977972305441473733e-01
7.782369170363797606e-01 9.978046030043947745e-01
7.799848088733989382e-01 9.978119008813460811e-01
7.817346611084180497e-01 9.978191245797471964e-01
7.834864737414372060e-01 9.978262744991552857e-01
7.852402467724565183e-01 9.978333510339149059e-01
7.869959802014757644e-01 9.978403545732491553e-01
7.887536740284951664e-01 9.978472855012453513e-01
7.905133282535142802e-01 9.978541441968815651e-01
7.922749428765337720e-01 9.978609310340824656e-01
7.940385178975533087e-01 9.978676463817074405e-01
7.958040533165727792e-01 9.978742906035967808e-01
7.975715491335924057e-01 9.978808640585855594e-01
7.993410053486120770e-01 9.978873671005379364e-01
8.011124219616317932e-01 9.978938000783471596e-01
8.028857989726515543e-01 9.979001633359964041e-01
8.046611363816711382e-01 9.979064572125201371e-01
8.064384341886909890e-01 9.979126820421074795e-01
8.082176923937108848e-01 9.979188381540402553e-01
8.099989109967308254e-01 9.979249258727563854e-01
8.117820899977508109e-01 9.979309455178810850e-01
8.135672293967708413e-01 9.979368974041945561e-01
8.153543291937909165e-01 9.979427818416969354e-01
8.171433893888111477e-01 9.979485991356296104e-01
8.189344099818313127e-01 9.979543495864392488e-01
8.207273909728513006e-01 9.979600334898474090e-01
8.225223323618716664e-01 9.979656511368475424e-01
8.243192341488919661e-01 9.979712028137261992e-01
8.261180963339124217e-01 9.979766888020450422e-01
8.279189189169328111e-01 9.979821093787104580e-01
8.297217018979533565e-01 9.979874648159650086e-01
8.315264452769738357e-01 9.979927553813636720e-01
8.333331490539944708e-01 9.979979813378343501e-01
8.351418132290151508e-01 9.980031429436797552e-01
8.369524378020356536e-01 9.980082404525983941e-01
8.387650227730564234e-01 9.980132741136308328e-01
8.405795681420771270e-01 9.980182441712747154e-01
8.423960739090979866e-01 9.980231508653965022e-01
8.442145400741188910e-01 9.980279944313132923e-01
8.460349666371398403e-01 9.980327750997604053e-01
8.478573535981608345e-01 9.980374930969165836e-01
8.496817009571818735e-01 9.980421486444083223e-01
8.515080087142030685e-01 9.980467419593140876e-01
8.533362768692239753e-01 9.980512732541720888e-01
8.551665054222451490e-01 9.980557427370022605e-01
8.569986943732663676e-01 9.980601506112547483e-01
8.588328437222877421e-01 9.980644970759106060e-01
8.606689534693090504e-01 9.980687823254018598e-01
8.625070236143304037e-01 9.980730065496570269e-01
8.643470541573519128e-01 9.980771699340804659e-01
8.661890450983733558e-01 9.980812726595801321e-01
8.680329964373949547e-01 9.980853149025702420e-01
8.698789081744163765e-01 9.980892968349333039e-01
8.717267803094379541e-01 9.980932186240618620e-01
8.735766128424596877e-01 9.980970804328422874e-01
8.754284057734814661e-01 9.981008824196591078e-01
8.772821591025032895e-01 9.981046247383974501e-01
8.791378728295250466e-01 9.981083075384243886e-01
8.809955469545469597e-01 9.981119309646133697e-01
8.828551814775689177e-01 9.981154951573060208e-01
8.847167763985909206e-01 9.981190002523503413e-01
8.865803317176127463e-01 9.981224463810788317e-01
8.884458474346348389e-01 9.981258336702830691e-01
8.903133235496569764e-01 9.981291622422150400e-01
8.921827600626792698e-01 9.981324322146386541e-01
8.940541569737014971e-01 9.981356437007506965e-01
8.959275142827237692e-01 9.981387968091824936e-01
8.978028319897460863e-01 9.981418916440398803e-01
8.996801100947685592e-01 9.981449283048603460e-01
9.015593485977907440e-01 9.981479068865908300e-01
9.034405474988133067e-01 9.981508274796180302e-01
9.053237067978358033e-01 9.981536901697117825e-01
9.072088264948584557e-01 9.981564950380583667e-01
9.090959065898810421e-01 9.981592421612117683e-01
9.109849470829037843e-01 9.981619316111185469e-01
9.128759479739264604e-01 9.981645634550572188e-01
9.147689092629492924e-01 9.981671377556698976e-01
9.166638309499721693e-01 9.981696545709163315e-01
9.185607130349948690e-01 9.981721139540783438e-01
9.204595555180178357e-01 9.981745159537271928e-01
9.223603583990407362e-01 9.981768606137159106e-01
9.242631216780637926e-01 9.981791479731755290e-01
9.261678453550868939e-01 9.981813780664535729e-01
9.280745294301100401e-01 9.981835509231525849e-01
9.299831739031333422e-01 9.981856665680622909e-01
9.318937787741565781e-01 9.981877250211619312e-01
9.338063440431798590e-01 9.981897262975856222e-01
9.357208697102029626e-01 9.981916704076244651e-01
9.376373557752263332e-01 9.981935573566731446e-01
9.395558022382498597e-01 9.981953871452170501e-01
9.414762090992733201e-01 9.981971597688288345e-01
9.433985763582968254e-01 9.981988752181090163e-01
9.453229040153204865e-01 9.982005334786618889e-01
9.472491920703440815e-01 9.982021345311168359e-01
9.491774405233678324e-01 9.982036783510200850e-01
9.511076493743915172e-01 9.982051649088823364e-01
9.530398186234151359e-01 9.982065941700960510e-01
9.549739482704390214e-01 9.982079660949256805e-01
9.569100383154629519e-01 9.982092806384829098e-01
9.588480887584868162e-01 9.982105377506698130e-01
9.607880995995108364e-01 9.982117373761579815e-01
9.627300708385349015e-01 9.982128794543737582e-01
9.646740024755590115e-01 9.982139639194265168e-01
9.666198945105831664e-01 9.982149907000951172e-01
9.685677469436073661e-01 9.982159597197671763e-01
9.705175597746313887e-01 9.982168708964377357e-01
9.724693330036556782e-01 9.982177241426327674e-01
9.744230666306800126e-01 9.982185193653835276e-01
9.763787606557043919e-01 9.982192564661918066e-01
9.783364150787289271e-01 9.982199353409625386e-01
9.802960298997533961e-01 9.982205558799881473e-01
9.822576051187779100e-01 9.982211179678857071e-01
9.842211407358025799e-01 9.982216214835465395e-01
9.861866367508271836e-01 9.982220663000995753e-01
9.881540931638517211e-01 9.982224522848812676e-01
9.901235099748764146e-01 9.982227792993056958e-01
9.920948871839012639e-01 9.982230471989320675e-01
9.940682247909260472e-01 9.982232558333097305e-01
9.960435227959509863e-01 9.982234050459632968e-01
9.980207811989759703e-01 9.982234946743718806e-01
1.000000000000000666e+00 9.982235245498324305e-01
