0.000000000000000000e+00 -4.940656458412465442e-324
2.078119897502626434e-05 -4.940656458412465442e-324
4.352279595010249372e-05 4.940656458412465442e-324
6.822479092522875592e-05 -5.049532543657261564e-29
9.488718390040502381e-05 0.000000000000000000e+00
1.235099748756312839e-04 0.000000000000000000e+00
1.540931638509075632e-04 0.000000000000000000e+00
1.866367508262337669e-04 0.000000000000000000e+00
2.211407358016100034e-04 0.000000000000000000e+00
2.576051187770363269e-04 0.000000000000000000e+00
2.960298997525126832e-04 0.000000000000000000e+00
3.364150787280388555e-04 0.000000000000000000e+00
3.787606557036150606e-04 0.000000000000000000e+00
4.230666306792412444e-04 0.000000000000000000e+00
4.693330036549174067e-04 0.000000000000000000e+00
5.175597746306437102e-04 0.000000000000000000e+00
5.677469436064200466e-04 0.000000000000000000e+00
6.198945105822462531e-04 0.000000000000000000e+00
6.740024755581224382e-04 0.000000000000000000e+00
7.300708385340486020e-04 0.000000000000000000e+00
7.880995995100251780e-04 0.000000000000000000e+00
8.480887584860512989e-04 0.000000000000000000e+00
9.100383154621275068e-04 0.000000000000000000e+00
9.739482704382536934e-04 0.000000000000000000e+00
1.039818623414429750e-03 0.000000000000000000e+00
1.107649374390655894e-03 0.000000000000000000e+00
1.177440523366932558e-03 0.000000000000000000e+00
1.249192070343258659e-03 0.000000000000000000e+00
1.322904015319634847e-03 0.000000000000000000e+00
1.398576358296060905e-03 0.000000000000000000e+00
1.476209099272537051e-03 0.000000000000000000e+00
1.555802238249063716e-03 0.000000000000000000e+00
1.637355775225640036e-03 0.000000000000000000e+00
1.720869710202266008e-03 0.000000000000000000e+00
1.806344043178942285e-03 0.000000000000000000e+00
1.893778774155669082e-03 0.000000000000000000e+00
1.983173903132445098e-03 0.000000000000000000e+00
2.074529430109271419e-03 0.000000000000000000e+00
2.167845355086147393e-03 0.000000000000000000e+00
2.263121678063073454e-03 0.000000000000000000e+00
2.360358399040050469e-03 0.000000000000000000e+00
2.459555518017076271e-03 0.000000000000000000e+00
2.560713034994152593e-03 0.000000000000000000e+00
2.663830949971278568e-03 0.000000000000000000e+00
2.768909262948454630e-03 0.000000000000000000e+00
2.875947973925680780e-03 0.000000000000000000e+00
2.984947082902957450e-03 0.000000000000000000e+00
3.095906589880283773e-03 0.000000000000000000e+00
3.208826494857659750e-03 0.000000000000000000e+00
3.323706797835085814e-03 0.000000000000000000e+00
3.440547498812561965e-03 0.000000000000000000e+00
3.559348597790088636e-03 0.000000000000000000e+00
3.680110094767664961e-03 0.000000000000000000e+00
3.802831989745290939e-03 0.000000000000000000e+00
3.927514282722965704e-03 0.000000000000000000e+00
4.054156973700691856e-03 0.000000000000000000e+00
4.182760062678468095e-03 0.000000000000000000e+00
4.313323549656295289e-03 0.000000000000000000e+00
4.445847434634171702e-03 0.000000000000000000e+00
4.580331717612097335e-03 0.000000000000000000e+00
4.716776398590073922e-03 0.000000000000000000e+00
4.855181477568099729e-03 0.000000000000000000e+00
4.995546954546175623e-03 0.000000000000000000e+00
5.137872829524301604e-03 0.000000000000000000e+00
5.282159102502477672e-03 0.000000000000000000e+00
5.428405773480703828e-03 4.940656458412465442e-324
5.576612842458980070e-03 4.940656458412465442e-324
5.726780309437305531e-03 4.940656458412465442e-324
5.878908174415681948e-03 3.410065755483654931e-203
6.032996437394107583e-03 2.014298842195271440e-104
6.189045098372585908e-03 1.090826154882894954e-47
6.347054157351111718e-03 3.577970917427176753e-19
6.507023614329687615e-03 1.285289440002252390e-07
6.668953469308313599e-03 2.359846459383745749e-04
6.832843722286989670e-03 1.832775965468986471e-03
6.998694373265715828e-03 4.599004068149132457e-03
7.166505422244492073e-03 8.123675983680286872e-03
7.336276869223317537e-03 1.222329714103319483e-02
7.508008714202193956e-03 1.679921375759387339e-02
7.681700957181119595e-03 2.178807937061924202e-02
7.857353598160098790e-03 2.714430145626712393e-02
8.034966637139125470e-03 3.283248407348211134e-02
8.214540074118200502e-03 3.882366078454950464e-02
8.396073909097327356e-03 4.509320842524865841e-02
8.579568142076502563e-03 5.161959843780108970e-02
8.765022773055727856e-03 5.838360400296896402e-02
8.952437802035004971e-03 6.536777275143168531e-02
9.141813229014330439e-03 7.255606283729580663e-02
9.333149053993705993e-03 7.993358400186773016e-02
9.526445276973131635e-03 8.748640858861071734e-02
9.721701897952607363e-03 9.520143058294239236e-02
9.918918916932136648e-03 1.030662584650771652e-01
1.011809633391171255e-02 1.110691323839485267e-01
1.031923414889133854e-02 1.191988591461022456e-01
1.052233236187101462e-02 1.274447604589432625e-01
1.072739097285074078e-02 1.357966311682015093e-01
1.093440998183051703e-02 1.442447051184923001e-01
1.114338938881034163e-02 1.527796268865640461e-01
1.135432919379021806e-02 1.613924280774425291e-01
1.156722939677014457e-02 1.700745071922076246e-01
1.178208999775011943e-02 1.788176123092177494e-01
1.199891099673014612e-02 1.876138259939167940e-01
1.221769239371022463e-02 1.964555519823723007e-01
1.243843418869035149e-02 2.053355032826371662e-01
1.266113638167052670e-02 2.142466914137013956e-01
1.288579897265075200e-02 2.231824165605954258e-01
1.311242196163102738e-02 2.321362584697863329e-01
1.334100534861135459e-02 2.411020679450637250e-01
1.357154913359173015e-02 2.500739588324155660e-01
1.380405331657215580e-02 2.590463004050071461e-01
1.403851789755263153e-02 2.680137100773616887e-01
1.427494287653315735e-02 2.769710463922699373e-01
1.451332825351373326e-02 2.859134022356421556e-01
1.475367402849436273e-02 2.948360982437599476e-01
1.499598020147503881e-02 3.037346763750579104e-01
1.524024677245576498e-02 3.126048936247002308e-01
1.548647374143653950e-02 3.214427158650028371e-01
1.573466110841736931e-02 3.302443117989835586e-01
1.598480887339824227e-02 3.390060470173231755e-01
1.623691703637917053e-02 3.477244781517941918e-01
1.649098559736014366e-02 3.563963471202404310e-01
1.674701455634117209e-02 3.650185754596683152e-01
1.700500391332224540e-02 3.735882587457509674e-01
1.726495366830337400e-02 3.821026610974093130e-01
1.752686382128455442e-02 3.905592097667764384e-01
1.779073437226577625e-02 3.989554898144072603e-01
1.805656532124705685e-02 4.072892388711139566e-01
1.832435666822837886e-02 4.155583419870881867e-01
1.859410841320975616e-02 4.237608265699941978e-01
1.886582055619118528e-02 4.318948574132101537e-01
1.913949309717265929e-02 4.399587318153304616e-01
1.941512603615418858e-02 4.479508747921326917e-01
1.969271937313575929e-02 4.558693566533614794e-01
1.997227310811738876e-02 4.637137688684888071e-01
2.025378724109906312e-02 4.714824425453360002e-01
2.053726177208079276e-02 4.791742675088430103e-01
2.082269670106256382e-02 4.867882388088938250e-01
2.111009202804439364e-02 4.943234525204536767e-01
2.139944775302626487e-02 5.017791016434537399e-01
2.169076387600819486e-02 5.091544721033403054e-01
2.198404039699017321e-02 5.164489388524278191e-01
2.227927731597219643e-02 5.236619620725799784e-01
2.257647463295427495e-02 5.307930834787135677e-01
2.287563234793639835e-02 5.378419227231173716e-01
2.317675046091857705e-02 5.448081739000827373e-01
2.347982897190080062e-02 5.516916021503031065e-01
2.378486788088307949e-02 5.584920403641490116e-01
2.409186718786539977e-02 5.652093859833339229e-01
2.440082689284778228e-02 5.718435978995289881e-01
2.471174699583020273e-02 5.783946934492181224e-01
2.502462749681268195e-02 5.848627455034932643e-01
2.533946839579521298e-02 5.912478796513082058e-01
2.565626969277778543e-02 5.975502714751176336e-01
2.597503138776041318e-02 6.037701439172165063e-01
2.629575348074308580e-02 6.099077647353575715e-01
2.661843597172581372e-02 6.159634440460305393e-01
2.694307886070858651e-02 6.219375319536186719e-01
2.726968214769141807e-02 6.278304162641155095e-01
2.759824583267428758e-02 6.336425202811125645e-01
2.792876991565721931e-02 6.393743006826231312e-01
2.826125439664019939e-02 6.450262454767970999e-01
2.859569927562322089e-02 6.505986927766967964e-01
2.893210455260630115e-02 6.560925250172381373e-01
2.927047022758941935e-02 6.615081524142950586e-01
2.961079630057259979e-02 6.668461692106201211e-01
2.995308277155582163e-02 6.721071918719425664e-01
3.029732964053910224e-02 6.772918574777337941e-01
3.064353690752242426e-02 6.824008221780566430e-01
3.099170457250580504e-02 6.874347597142592692e-01
3.134183263548922377e-02 6.923943600022066658e-01
3.169392109647270472e-02 6.972803277756879359e-01
3.204796995545623056e-02 7.020933812885834513e-01
3.240397921243980128e-02 7.068342510739000772e-01
3.276194886742343076e-02 7.115036787578380428e-01
3.312187892040710513e-02 7.161024159271009992e-01
3.348376937139083825e-02 7.206312230480419467e-01
3.384762022037460932e-02 7.250908316534971920e-01
3.421343146735843915e-02 7.294820825485957005e-01
3.458120311234230693e-02 7.338057267580693210e-01
3.495093515532624040e-02 7.380625502760146395e-01
3.532262759631021182e-02 7.422533432813832599e-01
3.569628043529424199e-02 7.463788993323364762e-01
3.607189367227831706e-02 7.504400146008926020e-01
3.644946730726244394e-02 7.544374871466673627e-01
3.682900134024662264e-02 7.583721162282759387e-01
3.721049577123083929e-02 7.622447016507261086e-01
3.759395060021512164e-02 7.660560311314076332e-01
3.797936582719944193e-02 7.698069238792725200e-01
3.836674145218382098e-02 7.734981687624369329e-01
3.875607747516824492e-02 7.771305617769959095e-01
3.914737389615272761e-02 7.807048966938019419e-01
3.954063071513724825e-02 7.842219645959372931e-01
3.993584793212182765e-02 7.876825534431988185e-01
4.033302554710645887e-02 7.910874476633475982e-01
4.073216356009112804e-02 7.944374211859908108e-01
4.113326197107585597e-02 7.977332607426760314e-01
4.153632078006062878e-02 8.009757332999930535e-01
4.194133998704546035e-02 8.041656054151586908e-01
4.234831959203032986e-02 8.073036384213684302e-01
4.275725959501525814e-02 8.103905881552340151e-01
4.316815999600023129e-02 8.134272017350775430e-01
4.358102079498526321e-02 8.164142276052062108e-01
4.399584199197033307e-02 8.193524017285785943e-01
4.441262358695546170e-02 8.222424554722509438e-01
4.483136557994064214e-02 8.250851136139024655e-01
4.525206797092586747e-02 8.278810941735627038e-01
4.567473075991114462e-02 8.306311058986867168e-01
4.609935394689646665e-02 8.333358561895281014e-01
4.652593753188184744e-02 8.359960404150564850e-01
4.695448151486726618e-02 8.386123480374334527e-01
4.738498589585275061e-02 8.411854611232284507e-01
4.781745067483826606e-02 8.437160527358413820e-01
4.825187585182384720e-02 8.462047918838986327e-01
4.868826142680946628e-02 8.486523370150083068e-01
4.912660739979515107e-02 8.510593396986553261e-01
4.956691377078088073e-02 8.534264437600469488e-01
5.000918053976664834e-02 8.557542838078013858e-01
5.045340770675248165e-02 8.580434899226210277e-01
5.089959527173835291e-02 8.602946816052895462e-01
5.134774323472428292e-02 8.625084712628189321e-01
5.179785159571025088e-02 8.646854625448457954e-01
5.224992035469628454e-02 8.668262531543660110e-01
5.270394951168235614e-02 8.689314313535969614e-01
5.315993906666848651e-02 8.710015779660833513e-01
5.361788901965465481e-02 8.730372652725179039e-01
5.407779937064088882e-02 8.750390591901501258e-01
5.453967011962716771e-02 8.770075166514971210e-01
5.500350126661349148e-02 8.789431871269358654e-01
5.546929281159986708e-02 8.808466117233396675e-01
5.593704475458628755e-02 8.827183251374748352e-01
5.640675709557277373e-02 8.845588533671272513e-01
5.687842983455929091e-02 8.863687150702603823e-01
5.735206297154587379e-02 8.881484206695767769e-01
5.782765650653248768e-02 8.898984744754713239e-01
5.830521043951917420e-02 8.916193722088938678e-01
5.878472477050590561e-02 8.933116021144223984e-01
5.926619949949267496e-02 8.949756458185038621e-01
5.974963462647950307e-02 8.966119770932884370e-01
6.023503015146637607e-02 8.982210626368616335e-01
6.072238607445330782e-02 8.998033614769860300e-01
6.121170239544027752e-02 9.013593266132007287e-01
6.170297911442730598e-02 9.028894031909543427e-01
6.219621623141437933e-02 9.043940292802863379e-01
6.269141374640151143e-02 9.058736367654474098e-01
6.318857165938866760e-02 9.073286501930052372e-01
6.368768997037589641e-02 9.087594872687188019e-01
6.418876867936318398e-02 9.101665595108754392e-01
6.469180778635051643e-02 9.115502715061188921e-01
6.519680729133789376e-02 9.129110214347120333e-01
6.570376719432530210e-02 9.142492005979011571e-01
6.621268749531278308e-02 9.155651948928156258e-01
6.672356819430030894e-02 9.168593832178806302e-01
6.723640929128789356e-02 9.181321381064445619e-01
6.775121078627552307e-02 9.193838267436588163e-01
6.826797267926318358e-02 9.206148096987925022e-01
6.878669497025091673e-02 9.218254414184843260e-01
6.930737765923869476e-02 9.230160711384735039e-01
6.983002074622653155e-02 9.241870417968458540e-01
7.035462423121441322e-02 9.253386904594135265e-01
7.088118811420231202e-02 9.264713491416363134e-01
7.140971239519029734e-02 9.275853438599588330e-01
7.194019707417832754e-02 9.286809949948925391e-01
7.247264215116641650e-02 9.297586180785529786e-01
7.300704762615452259e-02 9.308185229052536869e-01
7.354341349914270132e-02 9.318610138731412418e-01
7.408173977013092493e-02 9.328863907371102160e-01
7.462202643911922118e-02 9.338949477671864008e-01
7.516427350610754843e-02 9.348869740633128922e-01
7.570848097109590669e-02 9.358627543099411472e-01
7.625464883408433758e-02 9.368225679334380995e-01
7.680277709507281336e-02 9.377666894156893029e-01
7.735286575406134790e-02 9.386953890476807949e-01
7.790491481104989957e-02 9.396089320824825286e-01
7.845892426603853775e-02 9.405075790419177295e-01
7.901489411902722082e-02 9.413915864935404887e-01
7.957282437001594877e-02 9.422612060496299291e-01
8.013271501900470772e-02 9.431166852692990377e-01
8.069456606599353932e-02 9.439582672867589119e-01
8.125837751098241579e-02 9.447861909337023079e-01
8.182414935397135103e-02 9.456006911020723438e-01
8.239188159496033115e-02 9.464019984483595938e-01
8.296157423394934227e-02 9.471903395255754088e-01
8.353322727093842603e-02 9.479659371656935507e-01
8.410684070592755468e-02 9.487290101474432635e-01
8.468241453891674209e-02 9.494797733364034320e-01
8.525994876990593274e-02 9.502184380928688778e-01
8.583944339889522379e-02 9.509452118958028333e-01
8.642089842588455972e-02 9.516602984942766907e-01
8.700431385087394054e-02 9.523638983415860793e-01
8.758968967386336624e-02 9.530562081735333146e-01
8.817702589485282294e-02 9.537374211714360062e-01
8.876632251384235228e-02 9.544077274251069332e-01
8.935757953083194038e-02 9.550673134616719517e-01
8.995079694582157337e-02 9.557163624217734910e-01
9.054597475881122348e-02 9.563550545527508273e-01
9.114311296980096011e-02 9.569835666856012502e-01
9.174221157879074162e-02 9.576020724261727901e-01
9.234327058578056802e-02 9.582107426777547454e-01
9.294628999077042542e-02 9.588097449863964838e-01
9.355126979376035545e-02 9.593992441469850752e-01
9.415820999475034425e-02 9.599794019560002889e-01
9.476711059374037793e-02 9.605503772977289634e-01
9.537797159073045650e-02 9.611123263985565934e-01
9.599079298572055219e-02 9.616654026238838915e-01
9.660557477871074827e-02 9.622097565714778922e-01
9.722231696970097536e-02 9.627455363412131817e-01
9.784101955869126122e-02 9.632728873022529115e-01
9.846168254568156419e-02 9.637919521947230228e-01
9.908430593067193981e-02 9.643028714122933165e-01
9.970888971366237419e-02 9.648057827430405187e-01
1.003354338946528534e-01 9.653008214775979923e-01
1.009639384736433915e-01 9.657881207048529815e-01
1.015944034506339466e-01 9.662678110268705378e-01
1.022268288256245744e-01 9.667400206744742874e-01
1.028612145986152610e-01 9.672048758126807755e-01
1.034975607696059924e-01 9.676625002339385162e-01
1.041358673385967409e-01 9.681130154796059317e-01
1.047761343055875760e-01 9.685565411539734937e-01
1.054183616705784560e-01 9.689931945976738570e-01
1.060625494335693947e-01 9.694230910155754444e-01
1.067086975945603783e-01 9.698463437951133637e-01
1.073568061535513790e-01 9.702630641657342681e-01
1.080068751105424663e-01 9.706733613307041431e-01
1.086589044655335984e-01 9.710773427881344011e-01
1.093128942185247754e-01 9.714751139795047008e-01
1.099688443695159834e-01 9.718667784251653341e-01
1.106267549185072641e-01 9.722524380439195868e-01
1.112866258654986035e-01 9.726321927964467484e-01
1.119484572104899878e-01 9.730061408224811581e-01
1.126122489534813753e-01 9.733743787561366378e-01
1.132780010944728633e-01 9.737370013686824644e-01
1.139457136334643961e-01 9.740941017062645368e-01
1.146153865704559877e-01 9.744457713972772828e-01
1.152870199054476102e-01 9.747921003000683537e-01
1.159606136384392638e-01 9.751331766393349643e-01
1.166361677694310039e-01 9.754690873024745024e-01
1.173136822984227889e-01 9.757999174970505285e-01
1.179931572254146188e-01 9.761257508842323682e-01
1.186745925504064658e-01 9.764466698612876971e-01
1.193579882733983993e-01 9.767627552333413288e-01
1.200433443943903777e-01 9.770740863424940414e-01
1.207306609133824149e-01 9.773807413335896532e-01
1.214199378303744969e-01 9.776827968447364681e-01
1.221111751453665961e-01 9.779803281302721363e-01
1.228043728583587818e-01 9.782734093080043269e-01
1.234995309693510124e-01 9.785621130718290539e-01
1.241966494783433017e-01 9.788465108074317911e-01
1.248957283853355943e-01 9.791266728190726187e-01
1.255967676903279873e-01 9.794026680673795227e-01
1.262997673933204390e-01 9.796745642766083728e-01
1.270047274943129079e-01 9.799424281398625425e-01
1.277116479933054216e-01 9.802063250841184239e-01
1.284205288902980080e-01 9.804663193682827682e-01
1.291313701852906393e-01 9.807224742659437222e-01
1.298441718782833154e-01 9.809748518593495170e-01
1.305589339692760642e-01 9.812235131273151501e-01
1.312756564582688024e-01 9.814685181057738461e-01
1.319943393452616409e-01 9.817099257107285704e-01
1.327149826302545244e-01 9.819477938161828012e-01
1.334375863132474527e-01 9.821821793925313848e-01
1.341621503942403981e-01 9.824131383585291699e-01
1.348886748732334440e-01 9.826407256488207675e-01
1.356171597502265069e-01 9.828649953314508858e-01
1.363476050252196425e-01 9.830860004876319502e-01
1.370800106982128508e-01 9.833037932691440774e-01
1.378143767692060206e-01 9.835184249962094505e-01
1.385507032381993187e-01 9.837299460634488790e-01
1.392889901051926616e-01 9.839384060158060663e-01
1.400292373701860493e-01 9.841438534874517030e-01
1.407714450331794265e-01 9.843463364137547966e-01
1.415156130941729040e-01 9.845459018100485293e-01
1.422617415531664542e-01 9.847425958659914436e-01
1.430098304101600493e-01 9.849364640896183243e-01
1.437598796651536337e-01 9.851275511336400337e-01
1.445118893181473185e-01 9.853159008723554324e-01
1.452658593691410482e-01 9.855015565160849533e-01
1.460217898181348506e-01 9.856845604798132321e-01
1.467796806651286701e-01 9.858649544443011115e-01
1.475395319101225067e-01 9.860427794449277972e-01
1.483013435531164437e-01 9.862180757769682948e-01
1.490651155941104256e-01 9.863908830671873629e-01
1.498308480331044801e-01 9.865612402190579999e-01
1.505985408700985240e-01 9.867291855928657096e-01
1.513681941050926405e-01 9.868947568144904592e-01
1.521398077380868297e-01 9.870579908594210305e-01
1.529133817690810637e-01 9.872189241644317992e-01
1.536889161980753704e-01 9.873775924899772516e-01
1.544664110250696387e-01 9.875340309837032926e-01
1.552458662500640352e-01 9.876882742623475098e-01
1.560272818730584765e-01 9.878403563182962532e-01
1.568106578940529627e-01 9.879903105875099678e-01
1.575959943130474383e-01 9.881381698996746232e-01
1.583832911300420421e-01 9.882839666360823117e-01
1.591725483450366629e-01 9.884277325599871711e-01
1.599637659580313565e-01 9.885694988929956128e-01
1.607569439690260948e-01 9.887092964057208055e-01
1.615520823780208504e-01 9.888471553041305873e-01
1.623491811850156785e-01 9.889831052838067293e-01
1.631482403900105516e-01 9.891171755920493691e-01
1.639492599930054972e-01 9.892493949578526902e-01
1.647522399940004323e-01 9.893797916436180007e-01
1.655571803929954677e-01 9.895083934099373479e-01
1.663640811899905481e-01 9.896352276305484530e-01
1.671729423849857010e-01 9.897603211716946570e-01
1.679837639779808434e-01 9.898837004492740954e-01
1.687965459689760583e-01 9.900053914890999396e-01
1.696112883579713460e-01 9.901254198547663199e-01
1.704279911449667062e-01 9.902438106992581535e-01
1.712466543299620836e-01 9.903605887306484723e-01
1.720672779129574781e-01 9.904757783194844123e-01
1.728898618939529452e-01 9.905894033846630586e-01
1.737144062729484850e-01 9.907014874480054578e-01
1.745409110499440697e-01 9.908120536872526696e-01
1.753693762249396715e-01 9.909211248713154507e-01
1.761998017979353459e-01 9.910287234063117623e-01
1.770321877689310930e-01 9.911348713064178639e-01
1.778665341379268849e-01 9.912395902847241924e-01
1.787028409049227218e-01 9.913429016573370722e-01
1.795411080699185480e-01 9.914448264069872785e-01
1.803813356329145023e-01 9.915453851415823028e-01
1.812235235939104738e-01 9.916445982108982315e-01
1.820676719529065180e-01 9.917424855760285096e-01
1.829137807099025514e-01 9.918390668712930847e-01
1.837618498648986853e-01 9.919343614573075119e-01
1.846118794178948919e-01 9.920283883496051613e-01
1.854638693688911155e-01 9.921211662668095732e-01
1.863178197178873563e-01 9.922127136010524540e-01
1.871737304648836975e-01 9.923030485039279203e-01
1.880316016098800835e-01 9.923921887929486596e-01
1.888914331528765145e-01 9.924801520124058030e-01
1.897532250938729903e-01 9.925669553957503499e-01
1.906169774328694833e-01 9.926526159670364668e-01
1.914826901698660766e-01 9.927371504262257895e-01
1.923503633048627148e-01 9.928205752046339594e-01
1.932199968378593979e-01 9.929029065068126769e-01
1.940915907688560982e-01 9.929841602527439415e-01
1.949651450978528711e-01 9.930643521168880383e-01
1.958406598248497166e-01 9.931434975058945902e-01
1.967181349498466070e-01 9.932216116227795544e-01
1.975975704728435423e-01 9.932987093983413063e-01
1.984789663938404669e-01 9.933748055361156792e-01
1.993623227128375197e-01 9.934499144866431042e-01
2.002476394298345896e-01 9.935240505176233805e-01
2.011349165448317322e-01 9.935972276365231393e-01
2.020241540578288642e-01 9.936694596403816693e-01
2.029153519688260965e-01 9.937407600875125535e-01
2.038085102778234015e-01 9.938111423715857429e-01
2.047036289848207236e-01 9.938806196381105851e-01
2.056007080898180628e-01 9.939492048376056266e-01
2.064997475928155024e-01 9.940169106954910294e-01
2.074007474938129869e-01 9.940837497884091878e-01
2.083037077928105441e-01 9.941497344569558692e-01
2.092086284898081183e-01 9.942148768608606302e-01
2.101155095848057097e-01 9.942791889481175094e-01
2.110243510778034015e-01 9.943426825310275330e-01
2.119351529688011382e-01 9.944053691985696997e-01
2.128479152577989197e-01 9.944672603714157511e-01
2.137626379447967184e-01 9.945283672717392109e-01
2.146793210297945897e-01 9.945887009965915793e-01
2.155979645127925337e-01 9.946482724327863068e-01
2.165185683937905226e-01 9.947070923102536710e-01
2.174411326727885563e-01 9.947651711732322655e-01
2.183656573497865794e-01 9.948225194492659185e-01
2.192921424247847306e-01 9.948791473690605791e-01
2.202205878977829268e-01 9.949350650167049226e-01
2.211509937687811678e-01 9.949902823031013810e-01
2.220833600377793982e-01 9.950448090288865899e-01
2.230176867047777289e-01 9.950986548115327013e-01
2.239539737697761046e-01 9.951518291311035602e-01
2.248922212327745529e-01 9.952043413065437827e-01
2.258324290937730461e-01 9.952562005514647980e-01
2.267745973527715286e-01 9.953074159099324358e-01
2.277187260097701116e-01 9.953579962968840400e-01
2.286648150647687394e-01 9.954079504778660104e-01
2.296128645177674399e-01 9.954572871166265102e-01
2.305628743687661297e-01 9.955060147209587873e-01
2.315148446177649200e-01 9.955541416769400076e-01
2.324687752647637551e-01 9.956016762323610658e-01
2.334246663097626351e-01 9.956486265360690036e-01
2.343825177527615322e-01 9.956950005939723125e-01
2.353423295937605020e-01 9.957408062971869755e-01
2.363041018327595444e-01 9.957860514183339840e-01
2.372678344697586317e-01 9.958307435956496034e-01
2.382335275047577638e-01 9.958748903936346375e-01
2.392011809377569131e-01 9.959184992303512507e-01
2.401707947687561351e-01 9.959615774224678253e-01
2.411423689977554297e-01 9.960041321633761324e-01
2.421159036247547691e-01 9.960461705707738256e-01
2.430913986497540979e-01 9.960876996308496434e-01
2.440688540727535549e-01 9.961287262330617009e-01
2.450482698937530290e-01 9.961692571540550212e-01
2.460296461127525758e-01 9.962092990931059600e-01
2.470129827297521674e-01 9.962488586316925465e-01
2.479982797447517484e-01 9.962879422590881218e-01
2.489855371577514298e-01 9.963265563686802828e-01
2.499747549687511561e-01 9.963647072451633502e-01
2.509659331777509550e-01 9.964024011135248493e-01
2.519590717847506878e-01 9.964396440802312238e-01
2.529541707897505765e-01 9.964764421695154750e-01
2.539512301927505100e-01 9.965128013070047031e-01
2.549502499937504885e-01 9.965487273541548952e-01
2.559512301927505673e-01 9.965842260682901133e-01
2.569541707897506355e-01 9.966193031275091263e-01
2.579590717847507486e-01 9.966539641271267014e-01
2.589659331777509621e-01 9.966882145679040184e-01
2.599747549687512205e-01 9.967220598999837478e-01
2.609855371577514682e-01 9.967555054700162342e-01
2.619982797447518164e-01 9.967885565537493164e-01
2.630129827297520984e-01 9.968212183419021821e-01
2.640296461127525363e-01 9.968534959687018748e-01
2.650482698937530190e-01 9.968853944790054822e-01
2.660688540727535467e-01 9.969169188487566613e-01
2.670913986497541748e-01 9.969480739821525717e-01
2.681159036247547922e-01 9.969788647026507356e-01
2.691423689977554545e-01 9.970092957869390871e-01
2.701707947687562172e-01 9.970393719244314834e-01
2.712011809377570248e-01 9.970690977423568579e-01
2.722335275047577108e-01 9.970984778016058758e-01
2.732678344697586081e-01 9.971275165865861601e-01
2.743041018327595504e-01 9.971562185431792624e-01
2.753423295937605375e-01 9.971845880325683753e-01
2.763825177527615695e-01 9.972126293596487168e-01
2.774246663097627019e-01 9.972403467679450406e-01
2.784687752647638237e-01 9.972677444287962878e-01
2.795148446177649904e-01 9.972948264818349839e-01
2.805628743687662574e-01 9.973215969849232865e-01
2.816128645177674028e-01 9.973480599448956152e-01
2.826648150647687596e-01 9.973742193118485533e-01
2.837187260097701613e-01 9.974000789679453582e-01
2.847745973527716079e-01 9.974256427689417448e-01
2.858324290937730994e-01 9.974509144923865422e-01
2.868922212327746357e-01 9.974758978694361344e-01
2.879539737697762170e-01 9.975005965786397644e-01
2.890176867047778431e-01 9.975250142351368421e-01
2.900833600377795141e-01 9.975491544312102832e-01
2.911509937687811744e-01 9.975730206853815618e-01
2.922205878977829352e-01 9.975966164735614594e-01
2.932921424247847964e-01 9.976199452230664066e-01
2.943656573497866469e-01 9.976430103021963758e-01
2.954411326727885978e-01 9.976658150587094376e-01
2.965185683937905936e-01 9.976883627715359415e-01
2.975979645127926343e-01 9.977106566802719234e-01
2.986793210297947199e-01 9.977326999795370632e-01
2.997626379447967393e-01 9.977544958095890815e-01
3.008479152577989146e-01 9.977760472909080747e-01
3.019351529688011904e-01 9.977973574808164381e-01
3.030243510778034555e-01 9.978184294000294052e-01
3.041155095848058210e-01 9.978392660276427240e-01
3.052086284898081758e-01 9.978598702927815589e-01
3.063037077928106311e-01 9.978802451049424427e-01
3.074007474938131312e-01 9.979003933162896578e-01
3.084997475928156763e-01 9.979203177447018014e-01
3.096007080898180996e-01 9.979400211693816303e-01
3.107036289848207899e-01 9.979595063241804009e-01
3.118085102778234696e-01 9.979787759225067223e-01
3.129153519688261942e-01 9.979978326265069866e-01
3.140241540578289636e-01 9.980166790659626974e-01
3.151349165448318335e-01 9.980353178348094767e-01
3.162476394298346927e-01 9.980537514916081321e-01
3.173623227128376523e-01 9.980719825505240950e-01
3.184789663938406568e-01 9.980900135147464658e-01
3.195975704728435396e-01 9.981078468338795417e-01
3.207181349498466338e-01 9.981254849299002752e-01
3.218406598248497730e-01 9.981429301920510255e-01
3.229651450978529570e-01 9.981601849699313078e-01
3.240915907688562414e-01 9.981772515988849293e-01
3.252199968378595152e-01 9.981941323680446621e-01
3.263503633048628338e-01 9.982108295399411135e-01
3.274826901698662529e-01 9.982273453465579927e-01
3.286169774328696613e-01 9.982436819899810354e-01
3.297532250938730591e-01 9.982598416339301117e-01
3.308914331528765573e-01 9.982758264344796517e-01
3.320316016098801559e-01 9.982916385006860294e-01
3.331737304648837994e-01 9.983072799186054613e-01
3.343178197178874878e-01 9.983227527465072804e-01
3.354638693688912210e-01 9.983380590089824258e-01
3.366118794178950546e-01 9.983532007183406609e-01
3.377618498648988776e-01 9.983681798478160063e-01
3.389137807099027455e-01 9.983829983478876846e-01
3.400676719529066028e-01 9.983976581431410757e-01
3.412235235939105604e-01 9.984121611326772783e-01
3.423813356329146185e-01 9.984265091837496442e-01
3.435411080699187214e-01 9.984407041550542594e-01
3.447028409049228137e-01 9.984547478670799947e-01
3.458665341379270064e-01 9.984686421202496609e-01
3.470321877689312440e-01 9.984823886911865509e-01
3.481998017979355819e-01 9.984959893332010505e-01
3.493693762249399093e-01 9.985094457696864767e-01
3.505409110499441705e-01 9.985227597181242087e-01
3.517144062729485876e-01 9.985359328592312567e-01
3.528898618939531051e-01 9.985489668558353848e-01
3.540672779129576120e-01 9.985618633490224161e-01
3.552466543299622193e-01 9.985746239584284423e-01
3.564279911449668714e-01 9.985872502758871283e-01
3.576112883579715684e-01 9.985997438888238875e-01
3.587965459689763104e-01 9.986121063500784656e-01
3.599837639779809306e-01 9.986243391963069982e-01
3.611729423849858178e-01 9.986364439442066976e-01
3.623640811899906944e-01 9.986484220908498077e-01
3.635571803929956158e-01 9.986602751077227058e-01
3.647522399940006377e-01 9.986720044623730308e-01
3.659492599930056489e-01 9.986836115905221023e-01
3.671482403900107605e-01 9.986950979130537753e-01
3.683491811850159170e-01 9.987064648325310046e-01
3.695520823780210629e-01 9.987177137334871668e-01
3.707569439690261981e-01 9.987288459773273619e-01
3.719637659580314892e-01 9.987398629209705003e-01
3.731725483450368253e-01 9.987507658928826970e-01
3.743832911300422062e-01 9.987615562075928821e-01
3.755959943130476320e-01 9.987722351629009232e-01
3.768106578940531581e-01 9.987828040399973073e-01
3.780272818730586737e-01 9.987932641037081671e-01
3.792458662500642896e-01 9.988036165959137680e-01
3.804664110250698950e-01 9.988138627597434871e-01
3.816889161980754896e-01 9.988240038077584870e-01
3.829133817690812402e-01 9.988340409414311338e-01
3.841398077380869802e-01 9.988439753469434690e-01
3.853681941050928206e-01 9.988538081955172787e-01
3.865985408700987613e-01 9.988635406382040394e-01
3.878308480331046915e-01 9.988731738246556802e-01
3.890651155941106665e-01 9.988827088787070041e-01
3.903013435531166864e-01 9.988921469132465703e-01
3.915395319101228067e-01 9.989014890272076563e-01
3.927796806651288053e-01 9.989107363056529687e-01
3.940217898181350153e-01 9.989198898200102317e-01
3.952658593691412148e-01 9.989289506223230086e-01
3.965118893181475146e-01 9.989379197663814658e-01
3.977598796651538593e-01 9.989467982798024837e-01
3.990098304101602489e-01 9.989555871811723886e-01
4.002617415531666833e-01 9.989642874763116076e-01
4.015156130941732182e-01 9.989729001584780610e-01
4.027714450331797424e-01 9.989814262045138005e-01
4.040292373701862005e-01 9.989898665891771001e-01
4.052889901051928145e-01 9.989982222664166578e-01
4.065507032381995289e-01 9.990064941808474153e-01
4.078143767692062882e-01 9.990146832653520326e-01
4.090800106982130369e-01 9.990227904412649629e-01
4.103476050252198859e-01 9.990308166184503902e-01
4.116171597502267798e-01 9.990387626915889774e-01
4.128886748732337186e-01 9.990466295542975717e-01
4.141621503942407023e-01 9.990544180805362995e-01
4.154375863132476199e-01 9.990621291359661482e-01
4.167149826302546933e-01 9.990697635756070616e-01
4.179943393452618672e-01 9.990773222440049173e-01
4.192756564582690304e-01 9.990848059752746035e-01
4.205589339692762940e-01 9.990922155933209536e-01
4.218441718782836025e-01 9.990995519064009844e-01
4.231313701852909004e-01 9.991068157271052463e-01
4.244205288902982987e-01 9.991140078456264284e-01
4.257116479933056308e-01 9.991211290461546879e-01
4.270047274943131188e-01 9.991281801033254917e-01
4.282997673933206517e-01 9.991351617824087983e-01
4.295967676903282295e-01 9.991420748392461082e-01
4.308957283853359077e-01 9.991489200158195638e-01
4.321966494783435753e-01 9.991556980572161573e-01
4.334995309693513432e-01 9.991624096888784834e-01
4.348043728583591006e-01 9.991690556305193871e-01
4.361111751453669583e-01 9.991756365932477069e-01
4.374199378303746943e-01 9.991821532795165384e-01
4.387306609133826418e-01 9.991886063832962073e-01
4.400433443943906342e-01 9.991949965864254102e-01
4.413579882733986715e-01 9.992013245721020898e-01
4.426745925504067536e-01 9.992075910069778688e-01
4.439931572254149361e-01 9.992137965521007414e-01
4.453136822984231080e-01 9.992199418605981487e-01
4.466361677694313248e-01 9.992260275777901102e-01
4.479606136384396420e-01 9.992320543412009926e-01
4.492870199054478375e-01 9.992380227807837745e-01
4.506153865704562445e-01 9.992439335148470825e-01
4.519457136334646408e-01 9.992497871648153840e-01
4.532780010944731375e-01 9.992555843354837819e-01
4.546122489534816791e-01 9.992613256271650757e-01
4.559484572104903211e-01 9.992670116330474306e-01
4.572866258654989524e-01 9.992726429392005949e-01
4.586267549185076287e-01 9.992782201248239238e-01
4.599688443695163498e-01 9.992837437621818752e-01
4.613128942185250048e-01 9.992892144126980236e-01
4.626589044655338712e-01 9.992946326416671798e-01
4.640068751105427269e-01 9.992999989984692188e-01
4.653568061535516831e-01 9.993053140286557445e-01
4.667086975945606842e-01 9.993105782714383212e-01
4.680625494335697301e-01 9.993157922596044296e-01
4.694183616705788209e-01 9.993209565196939925e-01
4.707761343055879566e-01 9.993260715720347909e-01
4.721358673385971372e-01 9.993311379271706540e-01
4.734975607696062516e-01 9.993361560992316539e-01
4.748612145986155220e-01 9.993411265878016092e-01
4.762268288256248927e-01 9.993460498892191568e-01
4.775944034506342528e-01 9.993509264939136605e-01
4.789639384736437133e-01 9.993557568866795471e-01
4.803354338946532187e-01 9.993605415465786068e-01
4.817088897136627690e-01 9.993652809471317289e-01
4.830843059306723641e-01 9.993699755562661657e-01
4.844616825456818376e-01 9.993746258322382392e-01
4.858410195586915226e-01 9.993792322392818228e-01
4.872223169697012524e-01 9.993837952260823387e-01
4.886055747787110826e-01 9.993883152392091240e-01
4.899907929857209021e-01 9.993927927200132455e-01
4.913779715907308221e-01 9.993972281047542872e-01
4.927671105937407314e-01 9.994016218246474237e-01
4.941582099947507412e-01 9.994059743059078293e-01
4.955512697937607958e-01 9.994102859665630056e-01
4.969462899907707287e-01 9.994145572283669177e-01
4.983432705857808731e-01 9.994187885006239336e-01
4.997422115787910624e-01 9.994229801902106969e-01
5.011431129698012965e-01 9.994271326992667515e-01
5.025459747588115755e-01 9.994312464253995998e-01
5.039507969458218994e-01 9.994353217615470353e-01
5.053575795308323793e-01 9.994393590962226126e-01
5.067663225138427929e-01 9.994433588134714608e-01
5.081770258948532515e-01 9.994473212897106995e-01
5.095896896738636439e-01 9.994512469054773751e-01
5.110043138508743032e-01 9.994551360294813280e-01
5.124208984258848965e-01 9.994589890284372169e-01
5.138394433988955345e-01 9.994628062649417721e-01
5.152599487699063285e-01 9.994665880973694350e-01
5.166824145389171674e-01 9.994703348800716425e-01
5.181068407059279401e-01 9.994740469633809354e-01
5.195332272709388688e-01 9.994777246936308313e-01
5.209615742339498423e-01 9.994813684132065612e-01
5.223918815949606387e-01 9.994849784568848872e-01
5.238241493539717020e-01 9.994885551656139677e-01
5.252583775109828101e-01 9.994920988675336515e-01
5.266945660659939632e-01 9.994956098897515018e-01
5.281327150190051611e-01 9.994990885556689353e-01
5.295728243700164040e-01 9.995025351850890249e-01
5.310148941190276917e-01 9.995059500941722019e-01
5.324589242660390243e-01 9.995093335954804425e-01
5.339049148110504017e-01 9.995126859981638967e-01
5.353528657540617131e-01 9.995160076077831413e-01
5.368027770950731803e-01 9.995192987225873793e-01
5.382546488340846924e-01 9.995225596480223906e-01
5.397084809710962494e-01 9.995257906765242506e-01
5.411642735061079623e-01 9.995289921001785372e-01
5.426220264391196091e-01 9.995321642078096591e-01
5.440817397701314118e-01 9.995353072849885168e-01
5.455434134991431483e-01 9.995384216140943412e-01
5.470070476261550407e-01 9.995415074743637662e-01
5.484726421511667560e-01 9.995445651419085920e-01
5.499401970741787382e-01 9.995475948897409868e-01
5.514097123951906543e-01 9.995505969842074512e-01
5.528811881142027262e-01 9.995535716985076702e-01
5.543546242312148431e-01 9.995565192938399290e-01
5.558300207462270048e-01 9.995594400312959316e-01
5.573073776592392115e-01 9.995623341689804375e-01
5.587866949702514630e-01 9.995652019621722451e-01
5.602679726792635373e-01 9.995680436633156418e-01
5.617512107862758786e-01 9.995708595220831327e-01
5.632364092912882647e-01 9.995736497853175972e-01
5.647235681943006957e-01 9.995764146971504172e-01
5.662126874953131717e-01 9.995791544960529462e-01
5.677037671943258035e-01 9.995818694258830073e-01
5.691968072913383692e-01 9.995845597204973121e-01
5.706918077863509797e-01 9.995872256133945255e-01
5.721887686793637462e-01 9.995898673355013697e-01
5.736876899703762245e-01 9.995924851151912760e-01
5.751885716593890807e-01 9.995950791783174694e-01
5.766914137464018708e-01 9.995976497482790268e-01
5.781962162314148168e-01 9.996001970459468255e-01
5.797029791144278077e-01 9.996027212898427328e-01
5.812117023954407324e-01 9.996052226960312481e-01
5.827223860744538131e-01 9.996077014753849133e-01
5.842350301514669386e-01 9.996101578441061175e-01
5.857496346264799980e-01 9.996125920090654926e-01
5.872661994994931023e-01 9.996150041769962247e-01
5.887847247705062514e-01 9.996173945523445514e-01
5.903052104395195565e-01 9.996197633373701263e-01
5.918276565065329065e-01 9.996221107320322208e-01
5.933520629715463013e-01 9.996244369341497071e-01
5.948784298345597410e-01 9.996267421394000596e-01
5.964067570955732256e-01 9.996290265412657305e-01
5.979370447545868661e-01 9.996312903311471709e-01
5.994692928116004405e-01 9.996335336983696029e-01
6.010035012666138377e-01 9.996357568271861949e-01
6.025396701196276128e-01 9.996379599079064926e-01
6.040777993706413218e-01 9.996401431214209099e-01
6.056178890196550757e-01 9.996423066488941966e-01
6.071599390666689855e-01 9.996444506694764920e-01
6.087039495116828292e-01 9.996465753603928084e-01
6.102499203546968287e-01 9.996486808969762272e-01
6.117978515957107621e-01 9.996507674525748621e-01
6.133477432347248515e-01 9.996528351987066241e-01
6.148995952717387636e-01 9.996548843049988253e-01
6.164534077067529427e-01 9.996569149392300346e-01
6.180091805397671667e-01 9.996589272673476190e-01
6.195669137707813245e-01 9.996609214535310262e-01
6.211266073997956383e-01 9.996628976568167069e-01
6.226882614268099969e-01 9.996648560436336428e-01
6.242518758518244004e-01 9.996667967702296265e-01
6.258174506748388488e-01 9.996687199936579171e-01
6.273849858958533421e-01 9.996706258693751623e-01
6.289544815148676582e-01 9.996725145510765298e-01
6.305259375318823523e-01 9.996743861908170548e-01
6.320993539468969802e-01 9.996762409389928772e-01
6.336747307599116530e-01 9.996780789443523441e-01
6.352520679709263707e-01 9.996799003540516315e-01
6.368313655799411332e-01 9.996817053136264342e-01
6.384126235869560517e-01 9.996834939670554698e-01
6.399958419919709041e-01 9.996852664567245084e-01
6.415810207949856903e-01 9.996870229204201097e-01
6.431681599960007434e-01 9.996887635029061414e-01
6.447572595950157304e-01 9.996904883395163477e-01
6.463483195920308733e-01 9.996921975665475912e-01
6.479413399870459500e-01 9.996938913187962683e-01
6.495363207800611827e-01 9.996955697296334709e-01
6.511332619710764602e-01 9.996972329309478100e-01
6.527321635600916716e-01 9.996988810532045910e-01
6.543330255471070389e-01 9.997005142254590249e-01
6.559358479321222291e-01 9.997021325753366883e-01
6.575406307151376861e-01 9.997037362290986939e-01
6.591473738961531881e-01 9.997053253116027216e-01
6.607560774751687349e-01 9.997068999463759598e-01
6.623667414521843266e-01 9.997084602555685873e-01
6.639793658271999632e-01 9.997100063571390249e-01
6.655939506002157557e-01 9.997115383757531060e-01
6.672104957712314821e-01 9.997130564272658226e-01
6.688290013402472534e-01 9.997145606285753328e-01
6.704494673072629585e-01 9.997160510953299051e-01
6.720718936722788195e-01 9.997175279418833993e-01
6.736962804352947254e-01 9.997189912813470025e-01
6.753226275963107872e-01 9.997204412256135431e-01
6.769509351553267829e-01 9.997218778852792198e-01
6.785812031123429344e-01 9.997233013698370030e-01
6.802134314673590199e-01 9.997247117875004419e-01
6.818476202203752612e-01 9.997261092452718323e-01
6.834837693713914364e-01 9.997274938490701146e-01
6.851218789204075454e-01 9.997288657035940940e-01
6.867619488674239214e-01 9.997302249123518614e-01
6.884039792124403423e-01 9.997315715751240450e-01
6.900479699554568080e-01 9.997329057979150724e-01
6.916939210964733187e-01 9.997342276787105630e-01
6.933418326354898742e-01 9.997355373165542902e-01
6.949917045725064746e-01 9.997368348093477186e-01
6.966435369075231199e-01 9.997381202539604717e-01
6.982973296405398100e-01 9.997393937461884761e-01
6.999530827715563230e-01 9.997406553806946761e-01
7.016107963005731030e-01 9.997419052511747894e-01
7.032704702275899278e-01 9.997431434502042080e-01
7.049321045526069085e-01 9.997443700693532387e-01
7.065956992756238231e-01 9.997455851991645659e-01
7.082612543966407825e-01 9.997467889291772325e-01
7.099287699156578979e-01 9.997479813479180910e-01
7.115982458326749471e-01 9.997491625428901463e-01
7.132696821476921523e-01 9.997503326006480506e-01
7.149430788607090692e-01 9.997514916067459234e-01
7.166184359717263641e-01 9.997526396431615225e-01
7.182957534807437039e-01 9.997537767982901391e-01
7.199750313877609775e-01 9.997549031525927443e-01
7.216562696927784071e-01 9.997560187878394844e-01
7.233394683957958815e-01 9.997571237847873160e-01
7.250246274968132898e-01 9.997582182233344383e-01
7.267117469958308540e-01 9.997593021824365822e-01
7.284008268928482410e-01 9.997603757401180014e-01
7.300918671878658950e-01 9.997614389735618445e-01
7.317848678808835938e-01 9.997624919590297754e-01
7.334798289719013376e-01 9.997635347718651921e-01
7.351767504609192372e-01 9.997645674865651699e-01
7.368756323479370707e-01 9.997655901767698028e-01
7.385764746329549491e-01 9.997666029152331157e-01
7.402792773159728723e-01 9.997676057738899003e-01
7.419840403969908404e-01 9.997685988237633437e-01
7.436907638760087425e-01 9.997695821351118006e-01
7.453994477530268004e-01 9.997705557773292062e-01
7.471100920280450142e-01 9.997715198189478514e-01
7.488226967010631618e-01 9.997724743251900081e-01
7.505372617720814654e-01 9.997734193677182413e-01
7.522537872410997029e-01 9.997743550104546406e-01
7.539722731081180962e-01 9.997752813187172904e-01
7.556927193731364234e-01 9.997761983570979671e-01
7.574151260361549065e-01 9.997771061893111488e-01
7.591394930971732125e-01 9.997780048783320161e-01
7.608658205561917853e-01 9.997788944863759131e-01
7.625941084132104031e-01 9.997797750749005674e-01
7.643243566682289547e-01 9.997806467045459167e-01
7.660565653212476622e-01 9.997815094352586751e-01
7.677907343722664146e-01 9.997823633262111764e-01
7.695268638212852119e-01 9.997832084358407867e-01
7.712649536683040541e-01 9.997840448218298093e-01
7.730050039133229411e-01 9.997848725411458970e-01
7.747470145563417621e-01 9.997856916500220681e-01
7.764909855973607389e-01 9.997865022039684746e-01
7.782369170363797606e-01 9.997873042578048208e-01
7.799848088733989382e-01 9.997880978655838691e-01
7.817346611084180497e-01 9.997888830807232230e-01
7.834864737414372060e-01 9.997896599558975250e-01
7.852402467724565183e-01 9.997904285430629923e-01
7.869959802014757644e-01 9.997911888910099298e-01
7.887536740284951664e-01 9.997919410550751840e-01
7.905133282535142802e-01 9.997926850829421674e-01
7.922749428765337720e-01 9.997934210238687003e-01
7.940385178975533087e-01 9.997941489264261516e-01
7.958040533165727792e-01 9.997948688385300819e-01
7.975715491335924057e-01 9.997955808074182604e-01
7.993410053486120770e-01 9.997962848796478896e-01
8.011124219616317932e-01 9.997969811011881980e-01
8.028857989726515543e-01 9.997976695172853256e-01
8.046611363816711382e-01 9.997983501725621336e-01
8.064384341886909890e-01 9.997990231110209791e-01
8.082176923937108848e-01 9.997996883759838749e-01
8.099989109967308254e-01 9.998003460101573259e-01
8.117820899977508109e-01 9.998009960556203390e-01
8.135672293967708413e-01 9.998016385538153195e-01
8.153543291937909165e-01 9.998022735455477372e-01
8.171433893888111477e-01 9.998029010710116626e-01
8.189344099818313127e-01 9.998035211697856584e-01
8.207273909728513006e-01 9.998041338808388856e-01
8.225223323618716664e-01 9.998047392424865842e-01
8.243192341488919661e-01 9.998053372924642357e-01
8.261180963339124217e-01 9.998059280678929239e-01
8.279189189169328111e-01 9.998065116053532764e-01
8.297217018979533565e-01 9.998070879406719680e-01
8.315264452769738357e-01 9.998076571092289200e-01
8.333331490539944708e-01 9.998082191457163814e-01
8.351418132290151508e-01 9.998087740818195623e-01
8.369524378020356536e-01 9.998093219557434574e-01
8.387650227730564234e-01 9.998098627982161535e-01
8.405795681420771270e-01 9.998103966415610167e-01
8.423960739090979866e-01 9.998109235176018128e-01
8.442145400741188910e-01 9.998114434574967291e-01
8.460349666371398403e-01 9.998119564918753754e-01
8.478573535981608345e-01 9.998124626507678414e-01
8.496817009571818735e-01 9.998129619636416665e-01
8.515080087142030685e-01 9.998134544593273443e-01
8.533362768692239753e-01 9.998139401661882975e-01
8.551665054222451490e-01 9.998144191119421320e-01
8.569986943732663676e-01 9.998148913237591140e-01
8.588328437222877421e-01 9.998153568282038828e-01
8.606689534693090504e-01 9.998158156513561323e-01
8.625070236143304037e-01 9.998162678186564012e-01
8.643470541573519128e-01 9.998167133549851204e-01
8.661890450983733558e-01 9.998171522847084658e-01
8.680329964373949547e-01 9.998175846315839888e-01
8.698789081744163765e-01 9.998180104188175710e-01
8.717267803094379541e-01 9.998184296690815209e-01
8.735766128424596877e-01 9.998188424044606171e-01
8.754284057734814661e-01 9.998192486464729800e-01
8.772821591025032895e-01 9.998196484161160358e-01
8.791378728295250466e-01 9.998200417337720358e-01
8.809955469545469597e-01 9.998204286193167478e-01
8.828551814775689177e-01 9.998208090920596147e-01
8.847167763985909206e-01 9.998211831707339847e-01
8.865803317176127463e-01 9.998215508735506241e-01
8.884458474346348389e-01 9.998219122180920237e-01
8.903133235496569764e-01 9.998222672214810425e-01
8.921827600626792698e-01 9.998226159002142621e-01
8.940541569737014971e-01 9.998229582702726770e-01
8.959275142827237692e-01 9.998232943470326539e-01
8.978028319897460863e-01 9.998236241453634099e-01
8.996801100947685592e-01 9.998239476795686143e-01
9.015593485977907440e-01 9.998242649633647394e-01
9.034405474988133067e-01 9.998245760099265800e-01
9.053237067978358033e-01 9.998248808318740410e-01
9.072088264948584557e-01 9.998251794412685856e-01
9.090959065898810421e-01 9.998254718471756286e-01
9.109849470829037843e-01 9.998257580652533116e-01
9.128759479739264604e-01 9.998260381035919409e-01
9.147689092629492924e-01 9.998263119719663639e-01
9.166638309499721693e-01 9.998265796796453886e-01
9.185607130349948690e-01 9.998268412352937506e-01
9.204595555180178357e-01 9.998270966470287346e-01
9.223603583990407362e-01 9.998273459223937509e-01
9.242631216780637926e-01 9.998275890683749889e-01
9.261678453550868939e-01 9.998278260913300297e-01
9.280745294301100401e-01 9.998280569971027543e-01
9.299831739031333422e-01 9.998282817909758258e-01
9.318937787741565781e-01 9.998285004775457896e-01
9.338063440431798590e-01 9.998287130609514461e-01
9.357208697102029626e-01 9.998289195446906641e-01
9.376373557752263332e-01 9.998291199316838851e-01
9.395558022382498597e-01 9.998293142242502540e-01
9.414762090992733201e-01 9.998295024241511397e-01
9.433985763582968254e-01 9.998296845325216342e-01
9.453229040153204865e-01 9.998298605499389424e-01
9.472491920703440815e-01 9.998300304763229063e-01
9.491774405233678324e-01 9.998301943110777801e-01
9.511076493743915172e-01 9.998303520529153721e-01
9.530398186234151359e-01 9.998305037000130291e-01
9.549739482704390214e-01 9.998306492498754139e-01
9.569100383154629519e-01 9.998307886994081128e-01
9.588480887584868162e-01 9.998309220449643764e-01
9.607880995995108364e-01 9.998310492821732565e-01
9.627300708385349015e-01 9.998311704061114691e-01
9.646740024755590115e-01 9.998312854111746084e-01
9.666198945105831664e-01 9.998313942911721819e-01
9.685677469436073661e-01 9.998314970392536694e-01
9.705175597746313887e-01 9.998315936479270638e-01
9.724693330036556782e-01 9.998316841090300056e-01
9.744230666306800126e-01 9.998317684137788541e-01
9.763787606557043919e-01 9.998318465527477050e-01
9.783364150787289271e-01 9.998319185158088818e-01
9.802960298997533961e-01 9.998319842921697953e-01
9.822576051187779100e-01 9.998320438704019208e-01
9.842211407358025799e-01 9.998320972383598626e-01
9.861866367508271836e-01 9.998321443832598465e-01
9.881540931638517211e-01 9.998321852915655894e-01
9.901235099748764146e-01 9.998322199491254114e-01
9.920948871839012639e-01 9.998322483410085892e-01
9.940682247909260472e-01 9.998322704516359183e-01
9.960435227959509863e-01 9.998322862646783493e-01
9.980207811989759703e-01 9.998322957631172736e-01
1.000000000000000666e+00 9.998322989291992258e-01
