0.000000000000000000e+00 5.349014273135046577e-15
2.078119897502626434e-05 5.465915384778847896e-15
4.352279595010249372e-05 5.596698493375898574e-15
6.822479092522875592e-05 5.742211637414003097e-15
9.488718390040502381e-05 5.903411253513041356e-15
1.235099748756312839e-04 6.081372292231687534e-15
1.540931638509075632e-04 6.277299731010965987e-15
1.866367508262337669e-04 6.492541650441232075e-15
2.211407358016100034e-04 6.728604064776722956e-15
2.576051187770363269e-04 6.987167725768409601e-15
2.960298997525126832e-04 7.270107151043781146e-15
3.364150787280388555e-04 7.579512165021376139e-15
3.787606557036150606e-04 7.917712282466631787e-15
4.230666306792412444e-04 8.287304313110351935e-15
4.693330036549174067e-04 8.691183621236924720e-15
5.175597746306437102e-04 9.132579537965110290e-15
5.677469436064200466e-04 9.615095497397922195e-15
6.198945105822462531e-04 1.014275455245398945e-14
6.740024755581224382e-04 1.072005102382126208e-14
7.300708385340486020e-04 1.135200914815861859e-14
7.880995995100251780e-04 1.204424972186810790e-14
8.480887584860512989e-04 1.280306588732015741e-14
9.100383154621275068e-04 1.363550938261942199e-14
9.739482704382536934e-04 1.454948877777821025e-14
1.039818623414429750e-03 1.555388145401376605e-14
1.107649374390655894e-03 1.665866135411269611e-14
1.177440523366932558e-03 1.787504484664398945e-14
1.249192070343258659e-03 1.921565741248209720e-14
1.322904015319634847e-03 2.069472428716922113e-14
1.398576358296060905e-03 2.232828868707896643e-14
1.476209099272537051e-03 2.413446182286119079e-14
1.555802238249063716e-03 2.613370957399851592e-14
1.637355775225640036e-03 2.834918147965885495e-14
1.720869710202266008e-03 3.080708861234199755e-14
1.806344043178942285e-03 3.353713796445214720e-14
1.893778774155669082e-03 3.657303222008937064e-14
1.983173903132445098e-03 3.995304523599286775e-14
2.074529430109271419e-03 4.372068525303982515e-14
2.167845355086147393e-03 4.792545984590213816e-14
2.263121678063073454e-03 5.262375894391161018e-14
2.360358399040050469e-03 5.787987498047624067e-14
2.459555518017076271e-03 6.376718242183361734e-14
2.560713034994152593e-03 7.036950267152026475e-14
2.663830949971278568e-03 7.778268474260829318e-14
2.768909262948454630e-03 8.611643725138908866e-14
2.875947973925680780e-03 9.549645335043069250e-14
2.984947082902957450e-03 1.060668773476511367e-13
3.095906589880283773e-03 1.179931701424971403e-13
3.208826494857659750e-03 1.314654404768654148e-13
3.323706797835085814e-03 1.467023206148622540e-13
3.440547498812561965e-03 1.639554787492779692e-13
3.559348597790088636e-03 1.835148765591833314e-13
3.680110094767664961e-03 2.057148993578174582e-13
3.802831989745290939e-03 2.309415086999865781e-13
3.927514282722965704e-03 2.596405937896556785e-13
4.054156973700691856e-03 2.923277292821206422e-13
4.182760062678468095e-03 3.295995839913828150e-13
4.313323549656295289e-03 3.721472686355201754e-13
4.445847434634171702e-03 4.207719623194519838e-13
4.580331717612097335e-03 4.764032184356585534e-13
4.716776398590073922e-03 5.401204228042230810e-13
4.855181477568099729e-03 6.131779622464472850e-13
4.995546954546175623e-03 6.970347628517856492e-13
5.137872829524301604e-03 7.933889768795990414e-13
5.282159102502477672e-03 9.042185046324141872e-13
5.428405773480703828e-03 1.031829810260897762e-12
5.576612842458980070e-03 1.178912977637593795e-12
5.726780309437305531e-03 1.348608880529350604e-12
5.878908174415681948e-03 1.544587082264404257e-12
6.032996437394107583e-03 1.771137847924065080e-12
6.189045098372585908e-03 2.033280595131617134e-12
6.347054157351111718e-03 2.336891780264335308e-12
6.507023614329687615e-03 2.688855771485283627e-12
6.668953469308313599e-03 3.097242918224431841e-12
6.832843722286989670e-03 3.571519808127863368e-12
6.998694373265715828e-03 4.122797630180395901e-12
7.166505422244492073e-03 4.764125664195128685e-12
7.336276869223317537e-03 5.510838224820149365e-12
7.508008714202193956e-03 6.380964941424104363e-12
7.681700957181119595e-03 7.395716099761059999e-12
7.857353598160098790e-03 8.580056961861010609e-12
8.034966637139125470e-03 9.963387582062534543e-12
8.214540074118200502e-03 1.158034772650006127e-11
8.396073909097327356e-03 1.347177017209603681e-11
8.579568142076502563e-03 1.568581001749284177e-11
8.765022773055727856e-03 1.827928281093524696e-11
8.952437802035004971e-03 2.131925044110325157e-11
9.141813229014330439e-03 2.488490102672413531e-11
9.333149053993705993e-03 2.906977769313303134e-11
9.526445276973131635e-03 3.398442139168829039e-11
9.721701897952607363e-03 3.975950510039973714e-11
9.918918916932136648e-03 4.654955119525239969e-11
1.011809633391171255e-02 5.453734091993720437e-11
1.031923414889133854e-02 6.393914520138562960e-11
1.052233236187101462e-02 7.501093014354659881e-11
1.072739097285074078e-02 8.805571907108713420e-11
1.093440998183051703e-02 1.034323268008395212e-10
1.114338938881034163e-02 1.215657218496905801e-10
1.135432919379021806e-02 1.429593196712698021e-10
1.156722939677014457e-02 1.682095660784732303e-10
1.178208999775011943e-02 1.980232363161593503e-10
1.199891099673014612e-02 2.332379536343866431e-10
1.221769239371022463e-02 2.748465238328280094e-10
1.243843418869035149e-02 3.240257916313990831e-10
1.266113638167052670e-02 3.821708538359129821e-10
1.288579897265075200e-02 4.509356165847902216e-10
1.311242196163102738e-02 5.322808635476062673e-10
1.334100534861135459e-02 6.285312135513849952e-10
1.357154913359173015e-02 7.424425952849518845e-10
1.380405331657215580e-02 8.772821599504333732e-10
1.403851789755263153e-02 1.036922897539235354e-09
1.427494287653315735e-02 1.225955627590146955e-09
1.451332825351373326e-02 1.449821511053266827e-09
1.475367402849436273e-02 1.714968788091495711e-09
1.499598020147503881e-02 2.029038101059086973e-09
1.524024677245576498e-02 2.401081528431764134e-09
1.548647374143653950e-02 2.841821352558949845e-09
1.573466110841736931e-02 3.363955633046751668e-09
1.598480887339824227e-02 3.982518882919481849e-09
1.623691703637917053e-02 4.715307574723221621e-09
1.649098559736014366e-02 5.583381870944354121e-09
1.674701455634117209e-02 6.611656914854718449e-09
1.700500391332224540e-02 7.829599276943850149e-09
1.726495366830337400e-02 9.272046777422424743e-09
1.752686382128455442e-02 1.098017295278005586e-08
1.779073437226577625e-02 1.300262096780087696e-08
1.805656532124705685e-02 1.539683586628692515e-08
1.832435666822837886e-02 1.823062878636248538e-08
1.859410841320975616e-02 2.158401223291533025e-08
1.886582055619118528e-02 2.555135180595069227e-08
1.913949309717265929e-02 3.024388704840483903e-08
1.941512603615418858e-02 3.579268243412360203e-08
1.969271937313575929e-02 4.235207911666206921e-08
1.997227310811738876e-02 5.010372907052025030e-08
2.025378724109906312e-02 5.926130586640761329e-08
2.053726177208079276e-02 7.007600074034890763e-08
2.082269670106256382e-02 8.284292907524976177e-08
2.111009202804439364e-02 9.790859117007339506e-08
2.139944775302626487e-02 1.156795525095481050e-07
2.169076387600819486e-02 1.366325329781925048e-07
2.198404039699017321e-02 1.613261219275918821e-07
2.227927731597219643e-02 1.904143670778392125e-07
2.257647463295427495e-02 2.246625203168814153e-07
2.287563234793639835e-02 2.649652629929311313e-07
2.317675046091857705e-02 3.123677777447209692e-07
2.347982897190080062e-02 3.680900837861880222e-07
2.378486788088307949e-02 4.335551083911958286e-07
2.409186718786539977e-02 5.104210296758292328e-07
2.440082689284778228e-02 6.006184952450447069e-07
2.471174699583020273e-02 7.063933984746080243e-07
2.502462749681268195e-02 8.303559797756332619e-07
2.533946839579521298e-02 9.755371147888527677e-07
2.565626969277778543e-02 1.145452755733850834e-06
2.597503138776041318e-02 1.344177606745215836e-06
2.629575348074308580e-02 1.576429239597624024e-06
2.661843597172581372e-02 1.847663993357467010e-06
2.694307886070858651e-02 2.164186150754600386e-06
2.726968214769141807e-02 2.533272045934369329e-06
2.759824583267428758e-02 2.963310933123223203e-06
2.792876991565721931e-02 3.463964633909978640e-06
2.826125439664019939e-02 4.046348182449723026e-06
2.859569927562322089e-02 4.723233902911068104e-06
2.893210455260630115e-02 5.509281581665977876e-06
2.927047022758941935e-02 6.421297637591675005e-06
2.961079630057259979e-02 7.478526446640375606e-06
2.995308277155582163e-02 8.702977240441513344e-06
3.029732964053910224e-02 1.011979027166847929e-05
3.064353690752242426e-02 1.175764621933523609e-05
3.099170457250580504e-02 1.364922309274363227e-05
3.134183263548922377e-02 1.583170518059656882e-05
3.169392109647270472e-02 1.834734887843205979e-05
3.204796995545623056e-02 2.124411050894182951e-05
3.240397921243980128e-02 2.457634152128901169e-05
3.276194886742343076e-02 2.840555671184320327e-05
3.312187892040710513e-02 3.280128134375218248e-05
3.348376937139083825e-02 3.784198324968484993e-05
3.384762022037460932e-02 4.361609617335618865e-05
3.421343146735843915e-02 5.022314073282795548e-05
3.458120311234230693e-02 5.777494946305790499e-05
3.495093515532624040e-02 6.639700240715540227e-05
3.532262759631021182e-02 7.622987966486282079e-05
3.569628043529424199e-02 8.743083716226479835e-05
3.607189367227831706e-02 1.001755116672043832e-04
3.644946730726244394e-02 1.146597331437086530e-04
3.682900134024662264e-02 1.311016102763261685e-04
3.721049577123083929e-02 1.497435036610320221e-04
3.759395060021512164e-02 1.708543964498126632e-04
3.797936582719944193e-02 1.947322960703086827e-04
3.836674145218382098e-02 2.217068129280655832e-04
3.875607747516824492e-02 2.521418934186468405e-04
3.914737389615272761e-02 2.864387065732158680e-04
3.954063071513724825e-02 3.250386820750500731e-04
3.993584793212182765e-02 3.684266956099362285e-04
4.033302554710645887e-02 4.171343955488810242e-04
4.073216356009112804e-02 4.717436628092394591e-04
4.113326197107585597e-02 5.328901934045484007e-04
4.153632078006062878e-02 6.012671906842946903e-04
4.194133998704546035e-02 6.776291515931375789e-04
4.234831959203032986e-02 7.627957284647859200e-04
4.275725959501525814e-02 8.576556449279550349e-04
4.316815999600023129e-02 9.631706414688424086e-04
4.358102079498526321e-02 1.080379423098029069e-03
4.399584199197033307e-02 1.210401578445265917e-03
4.441262358695546170e-02 1.354441436496486807e-03
4.483136557994064214e-02 1.513791824137676947e-03
4.525206797092586747e-02 1.689837684734539925e-03
4.567473075991114462e-02 1.884059515205773220e-03
4.609935394689646665e-02 2.098036576503644040e-03
4.652593753188184744e-02 2.333449830157706059e-03
4.695448151486726618e-02 2.592084551628162127e-03
4.738498589585275061e-02 2.875832569722701782e-03
4.781745067483826606e-02 3.186694080311305681e-03
4.825187585182384720e-02 3.526778982098803267e-03
4.868826142680946628e-02 3.898307682333396543e-03
4.912660739979515107e-02 4.303611321105589756e-03
4.956691377078088073e-02 4.745131364368827299e-03
5.000918053976664834e-02 5.225418518029387518e-03
5.045340770675248165e-02 5.747130918449853965e-03
5.089959527173835291e-02 6.313031558498261725e-03
5.134774323472428292e-02 6.925984912866544989e-03
5.179785159571025088e-02 7.588952731778852295e-03
5.224992035469628454e-02 8.304988978383253881e-03
5.270394951168235614e-02 9.077233892038101895e-03
5.315993906666848651e-02 9.908907167326782423e-03
5.361788901965465481e-02 1.080330024688084568e-02
5.407779937064088882e-02 1.176376773488333263e-02
5.453967011962716771e-02 1.279371794737546066e-02
5.500350126661349148e-02 1.389660262507340892e-02
5.546929281159986708e-02 1.507590584419518827e-02
5.593704475458628755e-02 1.633513217067940337e-02
5.640675709557277373e-02 1.767779411297789455e-02
5.687842983455929091e-02 1.910739893819200785e-02
5.735206297154587379e-02 2.062743492552892091e-02
5.782765650653248768e-02 2.224135713973073719e-02
5.830521043951917420e-02 2.395257281511602165e-02
5.878472477050590561e-02 2.576442644802016263e-02
5.926619949949267496e-02 2.768018470161150851e-02
5.974963462647950307e-02 2.970302123212922515e-02
6.023503015146637607e-02 3.183600154945796790e-02
6.072238607445330782e-02 3.408206802753853404e-02
6.121170239544027752e-02 3.644402518130486490e-02
6.170297911442730598e-02 3.892452532662196013e-02
6.219621623141437933e-02 4.152605473805436737e-02
6.269141374640151143e-02 4.425092041621023903e-02
6.318857165938866760e-02 4.710123757191443661e-02
6.368768997037589641e-02 5.007891792862899372e-02
6.418876867936318398e-02 5.318565893743671530e-02
6.469180778635051643e-02 5.642293399064163967e-02
6.519680729133789376e-02 5.979197274648764826e-02
6.570376719432530210e-02 6.329379625413450450e-02
6.621268749531278308e-02 6.692914818364399665e-02
6.672356819430030894e-02 7.069853025993297346e-02
6.723640929128789356e-02 7.460218851030626930e-02
6.775121078627552307e-02 7.864011070170683071e-02
6.826797267926318358e-02 8.281202507949850244e-02
6.878669497025091673e-02 8.711740040360974047e-02
6.930737765923869476e-02 9.155544726608989825e-02
6.983002074622653155e-02 9.612512066293082968e-02
7.035462423121441322e-02 1.008251237823037938e-01
7.088118811420231202e-02 1.056539129614971068e-01
7.140971239519029734e-02 1.106097037557838281e-01
7.194019707417832754e-02 1.156904780543084044e-01
7.247264215116641650e-02 1.208939921710638354e-01
7.300704762615452259e-02 1.262177858329444902e-01
7.354341349914270132e-02 1.316591919819763146e-01
7.408173977013092493e-02 1.372153473050453931e-01
7.462202643911922118e-02 1.428832034017272767e-01
7.516427350610754843e-02 1.486595384991698521e-01
7.570848097109590669e-02 1.545409696225296670e-01
7.625464883408433758e-02 1.605239651297336312e-01
7.680277709507281336e-02 1.666048575207895455e-01
7.735286575406134790e-02 1.727798564339508847e-01
7.790491481104989957e-02 1.790450617441194658e-01
7.845892426603853775e-02 1.853964766823112953e-01
7.901489411902722082e-02 1.918300208993921618e-01
7.957282437001594877e-02 1.983415434018115653e-01
8.013271501900470772e-02 2.049268352922602732e-01
8.069456606599353932e-02 2.115816422534938235e-01
8.125837751098241579e-02 2.183016767191791052e-01
8.182414935397135103e-02 2.250826296813406291e-01
8.239188159496033115e-02 2.319201820897906219e-01
8.296157423394934227e-02 2.388100158046651822e-01
8.353322727093842603e-02 2.457478240688858451e-01
8.410684070592755468e-02 2.527293214728972282e-01
8.468241453891674209e-02 2.597502533894333054e-01
8.525994876990593274e-02 2.668064048611706873e-01
8.583944339889522379e-02 2.738936089289412679e-01
8.642089842588455972e-02 2.810077543928765631e-01
8.700431385087394054e-02 2.881447930029755744e-01
8.758968967386336624e-02 2.953007460796306383e-01
8.817702589485282294e-02 3.024717105681876128e-01
8.876632251384235228e-02 3.096538645348445029e-01
8.935757953083194038e-02 3.168434402895033974e-01
8.995079694582157337e-02 3.240368531621430903e-01
9.054597475881122348e-02 3.312305230407153744e-01
9.114311296980096011e-02 3.384209966593233476e-01
9.174221157879074162e-02 3.456049214146195148e-01
9.234327058578056802e-02 3.527790478040196964e-01
9.294628999077042542e-02 3.599402314201791131e-01
9.355126979376035545e-02 3.670854345233985350e-01
9.415820999475034425e-02 3.742117272144868667e-01
9.476711059374037793e-02 3.813162882309366064e-01
9.537797159073045650e-02 3.883964053892557944e-01
9.599079298572055219e-02 3.954494756966163704e-01
9.660557477871074827e-02 4.024730051544615494e-01
9.722231696970097536e-02 4.094646082767752215e-01
9.784101955869126122e-02 4.164220073449854675e-01
9.846168254568156419e-02 4.233430314211623080e-01
9.908430593067193981e-02 4.302256151405033924e-01
9.970888971366237419e-02 4.370677973033071373e-01
1.003354338946528534e-01 4.438677192861300580e-01
1.009639384736433915e-01 4.506236232907330774e-01
1.015944034506339466e-01 4.573338504487995948e-01
1.022268288256245744e-01 4.639968387994777843e-01
1.028612145986152610e-01 4.706111211560007335e-01
1.034975607696059924e-01 4.771753228765250321e-01
1.041358673385967409e-01 4.836881595537025902e-01
1.047761343055875760e-01 4.901484346365839739e-01
1.054183616705784560e-01 4.965550369973008027e-01
1.060625494335693947e-01 5.029069384545898913e-01
1.067086975945603783e-01 5.092031912649063186e-01
1.073568061535513790e-01 5.154429255913762775e-01
1.080068751105424663e-01 5.216253469600149462e-01
1.086589044655335984e-01 5.277497337117168508e-01
1.093128942185247754e-01 5.338154094521954107e-01
1.099688443695159834e-01 5.398218378086394598e-01
1.106267549185072641e-01 5.457684778564350081e-01
1.112866258654986035e-01 5.516548738785295170e-01
1.119484572104899878e-01 5.574806304217176933e-01
1.126122489534813753e-01 5.632454098658513653e-01
1.132780010944728633e-01 5.689489300306621589e-01
1.139457136334643961e-01 5.745909618236897387e-01
1.146153865704559877e-01 5.801713269327939404e-01
1.152870199054476102e-01 5.856898955658609296e-01
1.159606136384392638e-01 5.911465842401935067e-01
1.166361677694310039e-01 5.965413536236106040e-01
1.173136822984227889e-01 6.018742064288616911e-01
1.179931572254146188e-01 6.071451853627563011e-01
1.186745925504064658e-01 6.123543711309923365e-01
1.193579882733983993e-01 6.175018804995512367e-01
1.200433443943903777e-01 6.225878644131368489e-01
1.207306609133824149e-01 6.276125061709127984e-01
1.214199378303744969e-01 6.325760196597512985e-01
1.221111751453665961e-01 6.374786476447781292e-01
1.228043728583587818e-01 6.423206601170244889e-01
1.234995309693510124e-01 6.471023526977799367e-01
1.241966494783433017e-01 6.518240450990300250e-01
1.248957283853355943e-01 6.564860668823619960e-01
1.255967676903279873e-01 6.610888052517692737e-01
1.262997673933204390e-01 6.656326323728222194e-01
1.270047274943129079e-01 6.701179500068557005e-01
1.277116479933054216e-01 6.745451771230582816e-01
1.284205288902980080e-01 6.789147486784047336e-01
1.291313701852906393e-01 6.832271144472935598e-01
1.298441718782833154e-01 6.874827378996838378e-01
1.305589339692760642e-01 6.916820951265006956e-01
1.312756564582688024e-01 6.958256738110788486e-01
1.319943393452616409e-01 6.999139722454768009e-01
1.327149826302545244e-01 7.039474983902950234e-01
1.334375863132474527e-01 7.079267689767332339e-01
1.341621503942403981e-01 7.118523086497726693e-01
1.348886748732334440e-01 7.157246491509670072e-01
1.356171597502265069e-01 7.195443285397721267e-01
1.363476050252196425e-01 7.233118904520112746e-01
1.370800106982128508e-01 7.270278833943891739e-01
1.378143767692060206e-01 7.306928600736780632e-01
1.385507032381993187e-01 7.343073695021941072e-01
1.392889901051926616e-01 7.378719841668399670e-01
1.400292373701860493e-01 7.413872595260262433e-01
1.407714450331794265e-01 7.448537590161529165e-01
1.415156130941729040e-01 7.482720473982832354e-01
1.422617415531664542e-01 7.516426902708096547e-01
1.430098304101600493e-01 7.549662536089538634e-01
1.437598796651536337e-01 7.582433033296422931e-01
1.445118893181473185e-01 7.614744048811608046e-01
1.452658593691410482e-01 7.646601228562892594e-01
1.460217898181348506e-01 7.678010206280962979e-01
1.467796806651286701e-01 7.708976600074061158e-01
1.475395319101225067e-01 7.739506009209775605e-01
1.483013435531164437e-01 7.769604011096290508e-01
1.490651155941104256e-01 7.799276158453327668e-01
1.498308480331044801e-01 7.828527976664700905e-01
1.505985408700985240e-01 7.857364961305230988e-01
1.513681941050926405e-01 7.885792523199005588e-01
1.521398077380868297e-01 7.913816186652813389e-01
1.529133817690810637e-01 7.941441300744025433e-01
1.536889161980753704e-01 7.968673220143982494e-01
1.544664110250696387e-01 7.995517259688879053e-01
1.552458662500640352e-01 8.021978692795594945e-01
1.560272818730584765e-01 8.048062750001339083e-01
1.568106578940529627e-01 8.073774617622988536e-01
1.575959943130474383e-01 8.099119436529357285e-01
1.583832911300420421e-01 8.124102301019995309e-01
1.591725483450366629e-01 8.148728257807862363e-01
1.599637659580313565e-01 8.173002305097124554e-01
1.607569439690260948e-01 8.196929391755104488e-01
1.615520823780208504e-01 8.220514416569590921e-01
1.623491811850156785e-01 8.243762194234631746e-01
1.631482403900105516e-01 8.266677580801268244e-01
1.639492599930054972e-01 8.289265294093809411e-01
1.647522399940004323e-01 8.311530026629954104e-01
1.655571803929954677e-01 8.333476418296815735e-01
1.663640811899905481e-01 8.355109056045686433e-01
1.671729423849857010e-01 8.376432473645736287e-01
1.679837639779808434e-01 8.397451151493294796e-01
1.687965459689760583e-01 8.418169516476140535e-01
1.696112883579713460e-01 8.438591941884714398e-01
1.704279911449667062e-01 8.458722747373296214e-01
1.712466543299620836e-01 8.478566198963236600e-01
1.720672779129574781e-01 8.498126509088992364e-01
1.728898618939529452e-01 8.517407813703841146e-01
1.737144062729484850e-01 8.536414258645341757e-01
1.745409110499440697e-01 8.555149877994957519e-01
1.753693762249396715e-01 8.573618670920095663e-01
1.761998017979353459e-01 8.591824583766789480e-01
1.770321877689310930e-01 8.609771510305722630e-01
1.778665341379268849e-01 8.627463292004576845e-01
1.787028409049227218e-01 8.644903718324621344e-01
1.795411080699185480e-01 8.662096527039940819e-01
1.803813356329145023e-01 8.679045404577366840e-01
1.812235235939104738e-01 8.695753986377217082e-01
1.820676719529065180e-01 8.712225857269741969e-01
1.829137807099025514e-01 8.728464551870342980e-01
1.837618498648986853e-01 8.744473535094059446e-01
1.846118794178948919e-01 8.760256277100025857e-01
1.854638693688911155e-01 8.775816148662288763e-01
1.863178197178873563e-01 8.791156487653735141e-01
1.871737304648836975e-01 8.806280583907382109e-01
1.880316016098800835e-01 8.821191679684050602e-01
1.888914331528765145e-01 8.835892970150182046e-01
1.897532250938729903e-01 8.850387603862301944e-01
1.906169774328694833e-01 8.864678683257946057e-01
1.914826901698660766e-01 8.878769265153682033e-01
1.923503633048627148e-01 8.892662361248407921e-01
1.932199968378593979e-01 8.906360938629253043e-01
1.940915907688560982e-01 8.919867904212612775e-01
1.949651450978528711e-01 8.933186165257346323e-01
1.958406598248497166e-01 8.946318545541249723e-01
1.967181349498466070e-01 8.959267838744903178e-01
1.975975704728435423e-01 8.972036796517371959e-01
1.984789663938404669e-01 8.984628128999105900e-01
1.993623227128375197e-01 8.997044505341774689e-01
2.002476394298345896e-01 9.009288554231125179e-01
2.011349165448317322e-01 9.021362864408719595e-01
2.020241540578288642e-01 9.033269985191125784e-01
2.029153519688260965e-01 9.045012426989982313e-01
2.038085102778234015e-01 9.056592661829795388e-01
2.047036289848207236e-01 9.068013109321959586e-01
2.056007080898180628e-01 9.079276191433393040e-01
2.064997475928155024e-01 9.090384256768559990e-01
2.074007474938129869e-01 9.101339628843603258e-01
2.083037077928105441e-01 9.112144595341287179e-01
2.092086284898081183e-01 9.122801408613221419e-01
2.101155095848057097e-01 9.133312286179217088e-01
2.110243510778034015e-01 9.143679411222701559e-01
2.119351529688011382e-01 9.153904933081791206e-01
2.128479152577989197e-01 9.163990967738004922e-01
2.137626379447967184e-01 9.173939598298959108e-01
2.146793210297945897e-01 9.183752864464698185e-01
2.155979645127925337e-01 9.193432803906411710e-01
2.165185683937905226e-01 9.202981395511478091e-01
2.174411326727885563e-01 9.212400595558445371e-01
2.183656573497865794e-01 9.221692329803226063e-01
2.192921424247847306e-01 9.230858493936648923e-01
2.202205878977829268e-01 9.239900954035904501e-01
2.211509937687811678e-01 9.248821547011122357e-01
2.220833600377793982e-01 9.257622081048000329e-01
2.230176867047777289e-01 9.266304336044205447e-01
2.239539737697761046e-01 9.274870064041094153e-01
2.248922212327745529e-01 9.283320989651678845e-01
2.258324290937730461e-01 9.291658799228402765e-01
2.267745973527715286e-01 9.299885183186346049e-01
2.277187260097701116e-01 9.308001777632444185e-01
2.286648150647687394e-01 9.316010201550121161e-01
2.296128645177674399e-01 9.323912048549872766e-01
2.305628743687661297e-01 9.331708887264907881e-01
2.315148446177649200e-01 9.339402261742384415e-01
2.324687752647637551e-01 9.346993691828466844e-01
2.334246663097626351e-01 9.354484673549139373e-01
2.343825177527615322e-01 9.361876679485262587e-01
2.353423295937605020e-01 9.369171159142628547e-01
2.363041018327595444e-01 9.376369530253647611e-01
2.372678344697586317e-01 9.383473212797964758e-01
2.382335275047577638e-01 9.390483582264753659e-01
2.392011809377569131e-01 9.397401999390115890e-01
2.401707947687561351e-01 9.404229803608769034e-01
2.411423689977554297e-01 9.410968313395046136e-01
2.421159036247547691e-01 9.417618826596713122e-01
2.430913986497540979e-01 9.424182620765768625e-01
2.440688540727535549e-01 9.430660953483663844e-01
2.450482698937530290e-01 9.437055062681108941e-01
2.460296461127525758e-01 9.443366166954947349e-01
2.470129827297521674e-01 9.449595465877954625e-01
2.479982797447517484e-01 9.455744130873994235e-01
2.489855371577514298e-01 9.461813340671122452e-01
2.499747549687511561e-01 9.467804232257813757e-01
2.509659331777509550e-01 9.473717932065787162e-01
2.519590717847506878e-01 9.479555548988904956e-01
2.529541707897505765e-01 9.485318174664920665e-01
2.539512301927505100e-01 9.491006883756375467e-01
2.549502499937504885e-01 9.496622734224035023e-01
2.559512301927505673e-01 9.502166767598529962e-01
2.569541707897506355e-01 9.507640009245874602e-01
2.579590717847507486e-01 9.513043468630268951e-01
2.589659331777509621e-01 9.518378132090806742e-01
2.599747549687512205e-01 9.523644990898145757e-01
2.609855371577514682e-01 9.528845002584244162e-01
2.619982797447518164e-01 9.533979115487715150e-01
2.630129827297520984e-01 9.539048263293939955e-01
2.640296461127525363e-01 9.544053365273585943e-01
2.650482698937530190e-01 9.548995326515947735e-01
2.660688540727535467e-01 9.553875038160497546e-01
2.670913986497541748e-01 9.558693377622858867e-01
2.681159036247547922e-01 9.563451208817681515e-01
2.691423689977554545e-01 9.568149382379403933e-01
2.701707947687562172e-01 9.572788735876408550e-01
2.712011809377570248e-01 9.577370086590576426e-01
2.722335275047577108e-01 9.581894259431823491e-01
2.732678344697586081e-01 9.586362048259124968e-01
2.743041018327595504e-01 9.590774240419746022e-01
2.753423295937605375e-01 9.595131611223101098e-01
2.763825177527615695e-01 9.599434924136418523e-01
2.774246663097627019e-01 9.603684930976345013e-01
2.784687752647638237e-01 9.607882372099088020e-01
2.795148446177649904e-01 9.612027976585667544e-01
2.805628743687662574e-01 9.616122462424797623e-01
2.816128645177674028e-01 9.620166536693727233e-01
2.826648150647687596e-01 9.624160895734147347e-01
2.837187260097701613e-01 9.628106218252460158e-01
2.847745973527716079e-01 9.632003191903720785e-01
2.858324290937730994e-01 9.635852476329799243e-01
2.868922212327746357e-01 9.639654726599860002e-01
2.879539737697762170e-01 9.643410587888621155e-01
2.890176867047778431e-01 9.647120695637287913e-01
2.900833600377795141e-01 9.650785675710349398e-01
2.911509937687811744e-01 9.654406144550825575e-01
2.922205878977829352e-01 9.657982709331592863e-01
2.932921424247847964e-01 9.661515968105969243e-01
2.943656573497866469e-01 9.665006509953874003e-01
2.954411326727885978e-01 9.668454915127466798e-01
2.965185683937905936e-01 9.671861748794762237e-01
2.975979645127926343e-01 9.675227585084340554e-01
2.986793210297947199e-01 9.678552973598701925e-01
2.997626379447967393e-01 9.681838460636302823e-01
3.008479152577989146e-01 9.685084584354889392e-01
3.019351529688011904e-01 9.688291874901929779e-01
3.030243510778034555e-01 9.691460854543173520e-01
3.041155095848058210e-01 9.694592037789009353e-01
3.052086284898081758e-01 9.697685931518553737e-01
3.063037077928106311e-01 9.700743035102427081e-01
3.074007474938131312e-01 9.703763840521619777e-01
3.084997475928156763e-01 9.706748832487333001e-01
3.096007080898180996e-01 9.709698488555447149e-01
3.107036289848207899e-01 9.712613272344629012e-01
3.118085102778234696e-01 9.715493659538089188e-01
3.129153519688261942e-01 9.718340101421346633e-01
3.140241540578289636e-01 9.721153048021103915e-01
3.151349165448318335e-01 9.723932942760546982e-01
3.162476394298346927e-01 9.726680222565653455e-01
3.173623227128376523e-01 9.729395317967283185e-01
3.184789663938406568e-01 9.732078653203231067e-01
3.195975704728435396e-01 9.734730646317119040e-01
3.207181349498466338e-01 9.737351709257532351e-01
3.218406598248497730e-01 9.739942247973751854e-01
3.229651450978529570e-01 9.742502662510760247e-01
3.240915907688562414e-01 9.745033341595255028e-01
3.252199968378595152e-01 9.747534683367323760e-01
3.263503633048628338e-01 9.750007066360389940e-01
3.274826901698662529e-01 9.752450867889848052e-01
3.286169774328696613e-01 9.754866459817235214e-01
3.297532250938730591e-01 9.757254208635829373e-01
3.308914331528765573e-01 9.759614475555364876e-01
3.320316016098801559e-01 9.761947616584436549e-01
3.331737304648837994e-01 9.764253982612400851e-01
3.343178197178874878e-01 9.766533919489224225e-01
3.354638693688912210e-01 9.768787768103996960e-01
3.366118794178950546e-01 9.771015864463042933e-01
3.377618498648988776e-01 9.773218539765539115e-01
3.389137807099027455e-01 9.775396115347199100e-01
3.400676719529066028e-01 9.777548922020284916e-01
3.412235235939105604e-01 9.779677272930471510e-01
3.423813356329146185e-01 9.781781480761215786e-01
3.435411080699187214e-01 9.783861853750666082e-01
3.447028409049228137e-01 9.785918695761632868e-01
3.458665341379270064e-01 9.787952306348477460e-01
3.470321877689312440e-01 9.789962980824341576e-01
3.481998017979355819e-01 9.791951010326217508e-01
3.493693762249399093e-01 9.793916681879782926e-01
3.505409110499441705e-01 9.795860278462689141e-01
3.517144062729485876e-01 9.797782079066759131e-01
3.528898618939531051e-01 9.799682358759151946e-01
3.540672779129576120e-01 9.801561388743230685e-01
3.552466543299622193e-01 9.803419430953547176e-01
3.564279911449668714e-01 9.805256758721025978e-01
3.576112883579715684e-01 9.807073627599496302e-01
3.587965459689763104e-01 9.808870293897847814e-01
3.599837639779809306e-01 9.810647010346904562e-01
3.611729423849858178e-01 9.812404026155238101e-01
3.623640811899906944e-01 9.814141587062185090e-01
3.635571803929956158e-01 9.815859935391023638e-01
3.647522399940006377e-01 9.817559310100453240e-01
3.659492599930056489e-01 9.819239946836568755e-01
3.671482403900107605e-01 9.820902077982016642e-01
3.683491811850159170e-01 9.822545932706414629e-01
3.695520823780210629e-01 9.824171737014243400e-01
3.707569439690261981e-01 9.825779713793311165e-01
3.719637659580314892e-01 9.827370077598946985e-01
3.731725483450368253e-01 9.828943054597171214e-01
3.743832911300422062e-01 9.830498854322998747e-01
3.755959943130476320e-01 9.832037687641197454e-01
3.768106578940531581e-01 9.833559762526932202e-01
3.780272818730586737e-01 9.835065284109978379e-01
3.792458662500642896e-01 9.836554454716799345e-01
3.804664110250698950e-01 9.838027473912364096e-01
3.816889161980754896e-01 9.839484538542110359e-01
3.829133817690812402e-01 9.840925842772012544e-01
3.841398077380869802e-01 9.842351578128611944e-01
3.853681941050928206e-01 9.843761933538940356e-01
3.865985408700987613e-01 9.845157095368221034e-01
3.878308480331046915e-01 9.846537247459077324e-01
3.890651155941106665e-01 9.847902566587609652e-01
3.903013435531166864e-01 9.849253239831244899e-01
3.915395319101228067e-01 9.850589439952003312e-01
3.927796806651288053e-01 9.851911341052593807e-01
3.940217898181350153e-01 9.853219114893772002e-01
3.952658593691412148e-01 9.854512930929196779e-01
3.965118893181475146e-01 9.855792956339384236e-01
3.977598796651538593e-01 9.857059356064709066e-01
3.990098304101602489e-01 9.858312292838922186e-01
4.002617415531666833e-01 9.859551927221146261e-01
4.015156130941732182e-01 9.860778417628022208e-01
4.027714450331797424e-01 9.861991920364893138e-01
4.040292373701862005e-01 9.863192589656870624e-01
4.052889901051928145e-01 9.864380577679018325e-01
4.065507032381995289e-01 9.865556034586484557e-01
4.078143767692062882e-01 9.866719104189574097e-01
4.090800106982130369e-01 9.867869940498492642e-01
4.103476050252198859e-01 9.869008684205144988e-01
4.116171597502267798e-01 9.870135477660971768e-01
4.128886748732337186e-01 9.871250461340511650e-01
4.141621503942407023e-01 9.872353773868459692e-01
4.154375863132476199e-01 9.873445552045040374e-01
4.167149826302546933e-01 9.874525930874068491e-01
4.179943393452618672e-01 9.875595043587996891e-01
4.192756564582690304e-01 9.876653021673559296e-01
4.205589339692762940e-01 9.877699994896823599e-01
4.218441718782836025e-01 9.878736091328030877e-01
4.231313701852909004e-01 9.879761437366167964e-01
4.244205288902982987e-01 9.880776157762247713e-01
4.257116479933056308e-01 9.881780375643894887e-01
4.270047274943131188e-01 9.882774212537331904e-01
4.282997673933206517e-01 9.883757783982218825e-01
4.295967676903282295e-01 9.884731216337740989e-01
4.308957283853359077e-01 9.885694622795516695e-01
4.321966494783435753e-01 9.886648118693800447e-01
4.334995309693513432e-01 9.887591817880524436e-01
4.348043728583591006e-01 9.888525832735330923e-01
4.361111751453669583e-01 9.889450274189112156e-01
4.374199378303746943e-01 9.890365251746123798e-01
4.387306609133826418e-01 9.891270873502832073e-01
4.400433443943906342e-01 9.892167246168437345e-01
4.413579882733986715e-01 9.893054475083775667e-01
4.426745925504067536e-01 9.893932664241724684e-01
4.439931572254149361e-01 9.894801916305161482e-01
4.453136822984231080e-01 9.895662332626016244e-01
4.466361677694313248e-01 9.896514013263483234e-01
4.479606136384396420e-01 9.897357057002356129e-01
4.492870199054478375e-01 9.898191557481469394e-01
4.506153865704562445e-01 9.899017618037340149e-01
4.519457136334646408e-01 9.899835330487121166e-01
4.532780010944731375e-01 9.900644788684377362e-01
4.546122489534816791e-01 9.901446085294994814e-01
4.559484572104903211e-01 9.902239311812989220e-01
4.572866258654989524e-01 9.903024558577335767e-01
4.586267549185076287e-01 9.903801914787583316e-01
4.599688443695163498e-01 9.904571468520185773e-01
4.613128942185250048e-01 9.905333306743130395e-01
4.626589044655338712e-01 9.906087515332214766e-01
4.640068751105427269e-01 9.906834179085080017e-01
4.653568061535516831e-01 9.907573381737594387e-01
4.667086975945606842e-01 9.908305205976349894e-01
4.680625494335697301e-01 9.909029733455020361e-01
4.694183616705788209e-01 9.909747044807460936e-01
4.707761343055879566e-01 9.910457219661952255e-01
4.721358673385971372e-01 9.911160333131252553e-01
4.734975607696062516e-01 9.911856469285068583e-01
4.748612145986155220e-01 9.912545701852979452e-01
4.762268288256248927e-01 9.913228106569235143e-01
4.775944034506342528e-01 9.913903758229889451e-01
4.789639384736437133e-01 9.914572730704336312e-01
4.803354338946532187e-01 9.915235096949058802e-01
4.817088897136627690e-01 9.915890929019048894e-01
4.830843059306723641e-01 9.916540298080290805e-01
4.844616825456818376e-01 9.917183274422443073e-01
4.858410195586915226e-01 9.917819927469158081e-01
4.872223169697012524e-01 9.918450325792036448e-01
4.886055747787110826e-01 9.919074537119588753e-01
4.899907929857209021e-01 9.919692628350119668e-01
4.913779715907308221e-01 9.920304665562883484e-01
4.927671105937407314e-01 9.920910714028196020e-01
4.941582099947507412e-01 9.921510838219244066e-01
4.955512697937607958e-01 9.922105101821536710e-01
4.969462899907707287e-01 9.922693564554775358e-01
4.983432705857808731e-01 9.923276294393302832e-01
4.997422115787910624e-01 9.923853350021945019e-01
5.011431129698012965e-01 9.924424792077454205e-01
5.025459747588115755e-01 9.924990680459967463e-01
5.039507969458218994e-01 9.925551074343849089e-01
5.053575795308323793e-01 9.926106032187020922e-01
5.067663225138427929e-01 9.926655611740156093e-01
5.081770258948532515e-01 9.927199870056525599e-01
5.095896896738636439e-01 9.927738863500811251e-01
5.110043138508743032e-01 9.928272647758189517e-01
5.124208984258848965e-01 9.928801277843329887e-01
5.138394433988955345e-01 9.929324808109389888e-01
5.152599487699063285e-01 9.929843292256603782e-01
5.166824145389171674e-01 9.930356783340598126e-01
5.181068407059279401e-01 9.930865333781297988e-01
5.195332272709388688e-01 9.931368995370755126e-01
5.209615742339498423e-01 9.931867819281399168e-01
5.223918815949606387e-01 9.932361856074577444e-01
5.238241493539717020e-01 9.932851155707905777e-01
5.252583775109828101e-01 9.933335764280702973e-01
5.266945660659939632e-01 9.933815736581916855e-01
5.281327150190051611e-01 9.934291118000776466e-01
5.295728243700164040e-01 9.934761956154614104e-01
5.310148941190276917e-01 9.935228298094733734e-01
5.324589242660390243e-01 9.935690190315270565e-01
5.339049148110504017e-01 9.936147678759001955e-01
5.353528657540617131e-01 9.936600808824921360e-01
5.368027770950731803e-01 9.937049625375615758e-01
5.382546488340846924e-01 9.937494172743335241e-01
5.397084809710962494e-01 9.937934494737654667e-01
5.411642735061079623e-01 9.938370634651663149e-01
5.426220264391196091e-01 9.938802635268373376e-01
5.440817397701314118e-01 9.939230538867903642e-01
5.455434134991431483e-01 9.939654387233400890e-01
5.470070476261550407e-01 9.940074221656993725e-01
5.484726421511667560e-01 9.940490082947073258e-01
5.499401970741787382e-01 9.940902011433688790e-01
5.514097123951906543e-01 9.941310046974597414e-01
5.528811881142027262e-01 9.941714228961563427e-01
5.543546242312148431e-01 9.942114596325908327e-01
5.558300207462270048e-01 9.942511184468149077e-01
5.573073776592392115e-01 9.942904037123616590e-01
5.587866949702514630e-01 9.943293189204566174e-01
5.602679726792635373e-01 9.943678677855610770e-01
5.617512107862758786e-01 9.944060539788871500e-01
5.632364092912882647e-01 9.944438811290572389e-01
5.647235681943006957e-01 9.944813528225191490e-01
5.662126874953131717e-01 9.945184726041127465e-01
5.677037671943258035e-01 9.945552439776276232e-01
5.691968072913383692e-01 9.945916704062416347e-01
5.706918077863509797e-01 9.946277553131034344e-01
5.721887686793637462e-01 9.946635020817540251e-01
5.736876899703762245e-01 9.946989140566455667e-01
5.751885716593890807e-01 9.947339945436918240e-01
5.766914137464018708e-01 9.947687468106052311e-01
5.781962162314148168e-01 9.948031740874958562e-01
5.797029791144278077e-01 9.948372795672701940e-01
5.812117023954407324e-01 9.948710664060992359e-01
5.827223860744538131e-01 9.949045377238681098e-01
5.842350301514669386e-01 9.949376966046193926e-01
5.857496346264799980e-01 9.949705460970164062e-01
5.872661994994931023e-01 9.950030892147380124e-01
5.887847247705062514e-01 9.950353289369335830e-01
5.903052104395195565e-01 9.950672679145911026e-01
5.918276565065329065e-01 9.950989096083103780e-01
5.933520629715463013e-01 9.951302566375215264e-01
5.948784298345597410e-01 9.951613118471052122e-01
5.964067570955732256e-01 9.951920780494784013e-01
5.979370447545868661e-01 9.952225580249443038e-01
5.994692928116004405e-01 9.952527545220799521e-01
6.010035012666138377e-01 9.952826702581458740e-01
6.025396701196276128e-01 9.953123079194130529e-01
6.040777993706413218e-01 9.953416701615850348e-01
6.056178890196550757e-01 9.953707596101398769e-01
6.071599390666689855e-01 9.953995788607045148e-01
6.087039495116828292e-01 9.954281304793798357e-01
6.102499203546968287e-01 9.954564170031020565e-01
6.117978515957107621e-01 9.954844409400449567e-01
6.133477432347248515e-01 9.955122047698576893e-01
6.148995952717387636e-01 9.955397109441179726e-01
6.164534077067529427e-01 9.955669618865342629e-01
6.180091805397671667e-01 9.955939599934183759e-01
6.195669137707813245e-01 9.956207076338758899e-01
6.211266073997956383e-01 9.956472071502076027e-01
6.226882614268099969e-01 9.956734608582127333e-01
6.242518758518244004e-01 9.956994710474524890e-01
6.258174506748388488e-01 9.957252399816297617e-01
6.273849858958533421e-01 9.957507698988031786e-01
6.289544815148676582e-01 9.957760630117697964e-01
6.305259375318823523e-01 9.958011212115720490e-01
6.320993539468969802e-01 9.958259472205459595e-01
6.336747307599116530e-01 9.958505429121987662e-01
6.352520679709263707e-01 9.958749104008945974e-01
6.368313655799411332e-01 9.958990517770941464e-01
6.384126235869560517e-01 9.959229691076807445e-01
6.399958419919709041e-01 9.959466644361988363e-01
6.415810207949856903e-01 9.959701397831480785e-01
6.431681599960007434e-01 9.959933971462135993e-01
6.447572595950157304e-01 9.960164385005637611e-01
6.463483195920308733e-01 9.960392657990921883e-01
6.479413399870459500e-01 9.960618809726384804e-01
6.495363207800611827e-01 9.960842859302583285e-01
6.511332619710764602e-01 9.961064825595550287e-01
6.527321635600916716e-01 9.961284727267326611e-01
6.543330255471070389e-01 9.961502582770019876e-01
6.559358479321222291e-01 9.961718410347650821e-01
6.575406307151376861e-01 9.961932228038140602e-01
6.591473738961531881e-01 9.962144053676016409e-01
6.607560774751687349e-01 9.962353904894407641e-01
6.623667414521843266e-01 9.962561799127560569e-01
6.639793658271999632e-01 9.962767753612795651e-01
6.655939506002157557e-01 9.962971785392847890e-01
6.672104957712314821e-01 9.963173911317609877e-01
6.688290013402472534e-01 9.963374148047009493e-01
6.704494673072629585e-01 9.963572512052386587e-01
6.720718936722788195e-01 9.963769019618621270e-01
6.736962804352947254e-01 9.963963686846738499e-01
6.753226275963107872e-01 9.964156529655379124e-01
6.769509351553267829e-01 9.964347560975652662e-01
6.785812031123429344e-01 9.964536801701223689e-01
6.802134314673590199e-01 9.964724264670961063e-01
6.818476202203752612e-01 9.964909965093302624e-01
6.834837693713914364e-01 9.965093918003876672e-01
6.851218789204075454e-01 9.965276138267004091e-01
6.867619488674239214e-01 9.965456640578820302e-01
6.884039792124403423e-01 9.965635439467703804e-01
6.900479699554568080e-01 9.965812549296603207e-01
6.916939210964733187e-01 9.965987984265338717e-01
6.933418326354898742e-01 9.966161758410909677e-01
6.949917045725064746e-01 9.966333885610368926e-01
6.966435369075231199e-01 9.966504379582644679e-01
6.982973296405398100e-01 9.966673253888836959e-01
6.999530827715563230e-01 9.966840521935399488e-01
7.016107963005731030e-01 9.967006196974506071e-01
7.032704702275899278e-01 9.967170292106639629e-01
7.049321045526069085e-01 9.967332820281167294e-01
7.065956992756238231e-01 9.967493794298804000e-01
7.082612543966407825e-01 9.967653226812489553e-01
7.099287699156578979e-01 9.967811130328972924e-01
7.115982458326749471e-01 9.967967517210690742e-01
7.132696821476921523e-01 9.968122399676455636e-01
7.149430788607090692e-01 9.968275789803893172e-01
7.166184359717263641e-01 9.968427699529854857e-01
7.182957534807437039e-01 9.968578140652444297e-01
7.199750313877609775e-01 9.968727124832332809e-01
7.216562696927784071e-01 9.968874663593505492e-01
7.233394683957958815e-01 9.969020768325721482e-01
7.250246274968132898e-01 9.969165450284479535e-01
7.267117469958308540e-01 9.969308720593422768e-01
7.284008268928482410e-01 9.969450590244877120e-01
7.300918671878658950e-01 9.969591070101880836e-01
7.317848678808835938e-01 9.969730170898135624e-01
7.334798289719013376e-01 9.969867903241047546e-01
7.351767504609192372e-01 9.970004274844176395e-01
7.368756323479370707e-01 9.970139301374533192e-01
7.385764746329549491e-01 9.970272990508873834e-01
7.402792773159728723e-01 9.970405352356381812e-01
7.419840403969908404e-01 9.970536396904581267e-01
7.436907638760087425e-01 9.970666134020709226e-01
7.453994477530268004e-01 9.970794573452651521e-01
7.471100920280450142e-01 9.970921724830091870e-01
7.488226967010631618e-01 9.971047597665666506e-01
7.505372617720814654e-01 9.971172201355849030e-01
7.522537872410997029e-01 9.971295545182177200e-01
7.539722731081180962e-01 9.971417638311861342e-01
7.556927193731364234e-01 9.971538489799480764e-01
7.574151260361549065e-01 9.971658108587198033e-01
7.591394930971732125e-01 9.971776503506181166e-01
7.608658205561917853e-01 9.971893683277518461e-01
7.625941084132104031e-01 9.972009656512876852e-01
7.643243566682289547e-01 9.972124431715922999e-01
7.660565653212476622e-01 9.972238017282637479e-01
7.677907343722664146e-01 9.972350421502721440e-01
7.695268638212852119e-01 9.972461652560320466e-01
7.712649536683040541e-01 9.972571718534531948e-01
7.730050039133229411e-01 9.972680627400705156e-01
7.747470145563417621e-01 9.972788387031074064e-01
7.764909855973607389e-01 9.972895005195693274e-01
7.782369170363797606e-01 9.973000489563031978e-01
7.799848088733989382e-01 9.973104847700935416e-01
7.817346611084180497e-01 9.973208087077546358e-01
7.834864737414372060e-01 9.973310215061605977e-01
7.852402467724565183e-01 9.973411238923434174e-01
7.869959802014757644e-01 9.973511165836002057e-01
7.887536740284951664e-01 9.973610002875221703e-01
7.905133282535142802e-01 9.973707757020802145e-01
7.922749428765337720e-01 9.973804435156744530e-01
7.940385178975533087e-01 9.973900044072407933e-01
7.958040533165727792e-01 9.973994590462944565e-01
7.975715491335924057e-01 9.974088080930154643e-01
7.993410053486120770e-01 9.974180521982726200e-01
8.011124219616317932e-01 9.974271920037112160e-01
8.028857989726515543e-01 9.974362281418416298e-01
8.046611363816711382e-01 9.974451612360298869e-01
8.064384341886909890e-01 9.974539919006309985e-01
8.082176923937108848e-01 9.974627207410090568e-01
8.099989109967308254e-01 9.974713483536135072e-01
8.117820899977508109e-01 9.974798753259834783e-01
8.135672293967708413e-01 9.974883019794890116e-01
8.153543291937909165e-01 9.974966293842284504e-01
8.171433893888111477e-01 9.975048578583139980e-01
8.189344099818313127e-01 9.975129879543219724e-01
8.207273909728513006e-01 9.975210202162534401e-01
8.225223323618716664e-01 9.975289551795374354e-01
8.243192341488919661e-01 9.975367933710591606e-01
8.261180963339124217e-01 9.975445353092625700e-01
8.279189189169328111e-01 9.975521815041580309e-01
8.297217018979533565e-01 9.975597324573609592e-01
8.315264452769738357e-01 9.975671886621538809e-01
8.333331490539944708e-01 9.975745506035079702e-01
8.351418132290151508e-01 9.975818187581422247e-01
8.369524378020356536e-01 9.975889935945654319e-01
8.387650227730564234e-01 9.975960755730570728e-01
8.405795681420771270e-01 9.976030651457996612e-01
8.423960739090979866e-01 9.976099627568336681e-01
8.442145400741188910e-01 9.976167688421160307e-01
8.460349666371398403e-01 9.976234838295909846e-01
8.478573535981608345e-01 9.976301081391166781e-01
8.496817009571818735e-01 9.976366421826425857e-01
8.515080087142030685e-01 9.976430863641102542e-01
8.533362768692239753e-01 9.976494410795762047e-01
8.551665054222451490e-01 9.976557067171375470e-01
8.569986943732663676e-01 9.976618836570625426e-01
8.588328437222877421e-01 9.976679722717688437e-01
8.606689534693090504e-01 9.976739729257988465e-01
8.625070236143304037e-01 9.976798859759511418e-01
8.643470541573519128e-01 9.976857117711955825e-01
8.661890450983733558e-01 9.976914506527487791e-01
8.680329964373949547e-01 9.976971029540944169e-01
8.698789081744163765e-01 9.977026690009607179e-01
8.717267803094379541e-01 9.977081491113924949e-01
8.735766128424596877e-01 9.977135435957119602e-01
8.754284057734814661e-01 9.977188527565803433e-01
8.772821591025032895e-01 9.977240768889649170e-01
8.791378728295250466e-01 9.977292162801866260e-01
8.809955469545469597e-01 9.977342712099251942e-01
8.828551814775689177e-01 9.977392419501968091e-01
8.847167763985909206e-01 9.977441287654182922e-01
8.865803317176127463e-01 9.977489319123313827e-01
8.884458474346348389e-01 9.977536516401160904e-01
8.903133235496569764e-01 9.977582881902935519e-01
8.921827600626792698e-01 9.977628417968050778e-01
8.940541569737014971e-01 9.977673126859405439e-01
8.959275142827237692e-01 9.977717010764173278e-01
8.978028319897460863e-01 9.977760071793054797e-01
8.996801100947685592e-01 9.977802311981224248e-01
9.015593485977907440e-01 9.977843733286921868e-01
9.034405474988133067e-01 9.977884337592527464e-01
9.053237067978358033e-01 9.977924126704426078e-01
9.072088264948584557e-01 9.977963102352213065e-01
9.090959065898810421e-01 9.978001266189203688e-01
9.109849470829037843e-01 9.978038619792519714e-01
9.128759479739264604e-01 9.978075164661793783e-01
9.147689092629492924e-01 9.978110902220842515e-01
9.166638309499721693e-01 9.978145833816193244e-01
9.185607130349948690e-01 9.978179960717004082e-01
9.204595555180178357e-01 9.978213284115777792e-01
9.223603583990407362e-01 9.978245805127515800e-01
9.242631216780637926e-01 9.978277524789037622e-01
9.261678453550868939e-01 9.978308444060096649e-01
9.280745294301100401e-01 9.978338563822011231e-01
9.299831739031333422e-01 9.978367884878046601e-01
9.318937787741565781e-01 9.978396407952667690e-01
9.338063440431798590e-01 9.978424133692107567e-01
9.357208697102029626e-01 9.978451062663037385e-01
9.376373557752263332e-01 9.978477195352692952e-01
9.395558022382498597e-01 9.978502532169194472e-01
9.414762090992733201e-01 9.978527073440154327e-01
9.433985763582968254e-01 9.978550819413356532e-01
9.453229040153204865e-01 9.978573770255304565e-01
9.472491920703440815e-01 9.978595926051910814e-01
9.491774405233678324e-01 9.978617286807258679e-01
9.511076493743915172e-01 9.978637852444040002e-01
9.530398186234151359e-01 9.978657622802072913e-01
9.549739482704390214e-01 9.978676597639124513e-01
9.569100383154629519e-01 9.978694776629192242e-01
9.588480887584868162e-01 9.978712159362905787e-01
9.607880995995108364e-01 9.978728745346622242e-01
9.627300708385349015e-01 9.978744534002084166e-01
9.646740024755590115e-01 9.978759524665959946e-01
9.666198945105831664e-01 9.978773716588995590e-01
9.685677469436073661e-01 9.978787108935919248e-01
9.705175597746313887e-01 9.978799700784108939e-01
9.724693330036556782e-01 9.978811491123915633e-01
9.744230666306800126e-01 9.978822478857383160e-01
9.763787606557043919e-01 9.978832662797714192e-01
9.783364150787289271e-01 9.978842041668934959e-01
9.802960298997533961e-01 9.978850614104916028e-01
9.822576051187779100e-01 9.978858378648542971e-01
9.842211407358025799e-01 9.978865333751381073e-01
9.861866367508271836e-01 9.978871477772706111e-01
9.881540931638517211e-01 9.978876808978692781e-01
9.901235099748764146e-01 9.978881325541777425e-01
9.920948871839012639e-01 9.978885025539641074e-01
9.940682247909260472e-01 9.978887906954622133e-01
9.960435227959509863e-01 9.978889967672539552e-01
9.980207811989759703e-01 9.978891205482633975e-01
1.000000000000000666e+00 9.978891618075271808e-01
