0.000000000000000000e+00 0.000000000000000000e+00
2.078119897502626434e-05 0.000000000000000000e+00
4.352279595010249372e-05 0.000000000000000000e+00
6.822479092522875592e-05 3.400470058058713303e-34
9.488718390040502381e-05 0.000000000000000000e+00
1.235099748756312839e-04 0.000000000000000000e+00
1.540931638509075632e-04 0.000000000000000000e+00
1.866367508262337669e-04 0.000000000000000000e+00
2.211407358016100034e-04 0.000000000000000000e+00
2.576051187770363269e-04 0.000000000000000000e+00
2.960298997525126832e-04 0.000000000000000000e+00
3.364150787280388555e-04 0.000000000000000000e+00
3.787606557036150606e-04 0.000000000000000000e+00
4.230666306792412444e-04 0.000000000000000000e+00
4.693330036549174067e-04 0.000000000000000000e+00
5.175597746306437102e-04 0.000000000000000000e+00
5.677469436064200466e-04 0.000000000000000000e+00
6.198945105822462531e-04 0.000000000000000000e+00
6.740024755581224382e-04 0.000000000000000000e+00
7.300708385340486020e-04 0.000000000000000000e+00
7.880995995100251780e-04 0.000000000000000000e+00
8.480887584860512989e-04 0.000000000000000000e+00
9.100383154621275068e-04 0.000000000000000000e+00
9.739482704382536934e-04 0.000000000000000000e+00
1.039818623414429750e-03 0.000000000000000000e+00
1.107649374390655894e-03 0.000000000000000000e+00
1.177440523366932558e-03 0.000000000000000000e+00
1.249192070343258659e-03 0.000000000000000000e+00
1.322904015319634847e-03 0.000000000000000000e+00
1.398576358296060905e-03 0.000000000000000000e+00
1.476209099272537051e-03 0.000000000000000000e+00
1.555802238249063716e-03 0.000000000000000000e+00
1.637355775225640036e-03 0.000000000000000000e+00
1.720869710202266008e-03 0.000000000000000000e+00
1.806344043178942285e-03 0.000000000000000000e+00
1.893778774155669082e-03 0.000000000000000000e+00
1.983173903132445098e-03 0.000000000000000000e+00
2.074529430109271419e-03 0.000000000000000000e+00
2.167845355086147393e-03 0.000000000000000000e+00
2.263121678063073454e-03 0.000000000000000000e+00
2.360358399040050469e-03 0.000000000000000000e+00
2.459555518017076271e-03 0.000000000000000000e+00
2.560713034994152593e-03 0.000000000000000000e+00
2.663830949971278568e-03 0.000000000000000000e+00
2.768909262948454630e-03 0.000000000000000000e+00
2.875947973925680780e-03 0.000000000000000000e+00
2.984947082902957450e-03 0.000000000000000000e+00
3.095906589880283773e-03 0.000000000000000000e+00
3.208826494857659750e-03 0.000000000000000000e+00
3.323706797835085814e-03 0.000000000000000000e+00
3.440547498812561965e-03 0.000000000000000000e+00
3.559348597790088636e-03 0.000000000000000000e+00
3.680110094767664961e-03 0.000000000000000000e+00
3.802831989745290939e-03 0.000000000000000000e+00
3.927514282722965704e-03 0.000000000000000000e+00
4.054156973700691856e-03 0.000000000000000000e+00
4.182760062678468095e-03 0.000000000000000000e+00
4.313323549656295289e-03 0.000000000000000000e+00
4.445847434634171702e-03 0.000000000000000000e+00
4.580331717612097335e-03 0.000000000000000000e+00
4.716776398590073922e-03 0.000000000000000000e+00
4.855181477568099729e-03 0.000000000000000000e+00
4.995546954546175623e-03 0.000000000000000000e+00
5.137872829524301604e-03 4.940656458412465442e-324
5.282159102502477672e-03 4.940656458412465442e-324
5.428405773480703828e-03 4.940656458412465442e-324
5.576612842458980070e-03 4.940656458412465442e-324
5.726780309437305531e-03 4.940656458412465442e-324
5.878908174415681948e-03 9.881312916824930884e-324
6.032996437394107583e-03 2.364295212580614928e-294
6.189045098372585908e-03 2.165332692916023035e-208
6.347054157351111718e-03 1.063070648040856298e-142
6.507023614329687615e-03 5.484587333890930311e-94
6.668953469308313599e-03 3.452426918252907157e-59
6.832843722286989670e-03 1.766577260020620410e-35
6.998694373265715828e-03 2.685548535658126525e-20
7.166505422244492073e-03 2.303370380710268898e-11
7.336276869223317537e-03 1.036026835043234627e-06
7.508008714202193956e-03 1.131500977296140734e-04
7.681700957181119595e-03 7.702034352495796621e-04
7.857353598160098790e-03 2.015063445341185033e-03
8.034966637139125470e-03 3.684260901033265326e-03
8.214540074118200502e-03 5.680222968153636649e-03
8.396073909097327356e-03 7.948917985241730003e-03
8.579568142076502563e-03 1.045676372156138963e-02
8.765022773055727856e-03 1.318066241013646743e-02
8.952437802035004971e-03 1.610347509065908345e-02
9.141813229014330439e-03 1.921173956779075737e-02
9.333149053993705993e-03 2.249441010243916073e-02
9.526445276973131635e-03 2.594210890280932227e-02
9.721701897952607363e-03 2.954665520247699156e-02
9.918918916932136648e-03 3.330075500103271691e-02
1.011809633391171255e-02 3.719778888201566436e-02
1.031923414889133854e-02 4.123166240366844815e-02
1.052233236187101462e-02 4.539669791338910021e-02
1.072739097285074078e-02 4.968755465558404028e-02
1.093440998183051703e-02 5.409916872702846824e-02
1.114338938881034163e-02 5.862670727800318310e-02
1.135432919379021806e-02 6.326553314337414469e-02
1.156722939677014457e-02 6.801117724260362374e-02
1.178208999775011943e-02 7.285931685408128522e-02
1.199891099673014612e-02 7.780575838975783975e-02
1.221769239371022463e-02 8.284642365696781585e-02
1.243843418869035149e-02 8.797733884933961468e-02
1.266113638167052670e-02 9.319462569180630984e-02
1.288579897265075200e-02 9.849449429844300830e-02
1.311242196163102738e-02 1.038732374005721520e-01
1.334100534861135459e-02 1.093272256768025308e-01
1.357154913359173015e-02 1.148529039726491480e-01
1.380405331657215580e-02 1.204467882405692442e-01
1.403851789755263153e-02 1.261054630644708463e-01
1.427494287653315735e-02 1.318255796588344853e-01
1.451332825351373326e-02 1.376038542531109465e-01
1.475367402849436273e-02 1.434370667883362316e-01
1.499598020147503881e-02 1.493220598660426612e-01
1.524024677245576498e-02 1.552557378999873117e-01
1.548647374143653950e-02 1.612350664297984848e-01
1.573466110841736931e-02 1.672570715626967019e-01
1.598480887339824227e-02 1.733188395149995453e-01
1.623691703637917053e-02 1.794175162300870319e-01
1.649098559736014366e-02 1.855503070532194265e-01
1.674701455634117209e-02 1.917144764469792262e-01
1.700500391332224540e-02 1.979073477338488818e-01
1.726495366830337400e-02 2.041263028546803360e-01
1.752686382128455442e-02 2.103687821338160180e-01
1.779073437226577625e-02 2.166322840432016728e-01
1.805656532124705685e-02 2.229143649592060794e-01
1.832435666822837886e-02 2.292126389072075832e-01
1.859410841320975616e-02 2.355247772896807978e-01
1.886582055619118528e-02 2.418485085947755520e-01
1.913949309717265929e-02 2.481816180827757512e-01
1.941512603615418858e-02 2.545219474485905797e-01
1.969271937313575929e-02 2.608673944590098603e-01
1.997227310811738876e-02 2.672159125638124411e-01
2.025378724109906312e-02 2.735655104801846260e-01
2.053726177208079276e-02 2.799142517503704353e-01
2.082269670106256382e-02 2.862602542726111476e-01
2.111009202804439364e-02 2.926016898057676174e-01
2.139944775302626487e-02 2.989367834481047592e-01
2.169076387600819486e-02 3.052638130910250713e-01
2.198404039699017321e-02 3.115811088485062053e-01
2.227927731597219643e-02 3.178870524633288785e-01
2.257647463295427495e-02 3.241800766910042375e-01
2.287563234793639835e-02 3.304586646626498925e-01
2.317675046091857705e-02 3.367213492278278708e-01
2.347982897190080062e-02 3.429667122788115363e-01
2.378486788088307949e-02 3.491933840572529757e-01
2.409186718786539977e-02 3.554000424446696615e-01
2.440082689284778228e-02 3.615854122380309787e-01
2.471174699583020273e-02 3.677482644116347732e-01
2.502462749681268195e-02 3.738874153666188471e-01
2.533946839579521298e-02 3.800017261692735238e-01
2.565626969277778543e-02 3.860901017794891588e-01
2.597503138776041318e-02 3.921514902705078298e-01
2.629575348074308580e-02 3.981848820410806566e-01
2.661843597172581372e-02 4.041893090213524720e-01
2.694307886070858651e-02 4.101638438734704351e-01
2.726968214769141807e-02 4.161075991880104352e-01
2.759824583267428758e-02 4.220197266774220468e-01
2.792876991565721931e-02 4.278994163672295015e-01
2.826125439664019939e-02 4.337458957862739273e-01
2.859569927562322089e-02 4.395584291566778656e-01
2.893210455260630115e-02 4.453363165846487837e-01
2.927047022758941935e-02 4.510788932527544648e-01
2.961079630057259979e-02 4.567855286146964566e-01
2.995308277155582163e-02 4.624556255931956406e-01
3.029732964053910224e-02 4.680886197818259764e-01
3.064353690752242426e-02 4.736839786514350226e-01
3.099170457250580504e-02 4.792412007618947478e-01
3.134183263548922377e-02 4.847598149796285560e-01
3.169392109647270472e-02 4.902393797016585397e-01
3.204796995545623056e-02 4.956794820867391205e-01
3.240397921243980128e-02 5.010797372938541328e-01
3.276194886742343076e-02 5.064397877288088212e-01
3.312187892040710513e-02 5.117593022992030782e-01
3.348376937139083825e-02 5.170379756782099712e-01
3.384762022037460932e-02 5.222755275775320394e-01
3.421343146735843915e-02 5.274717020298064218e-01
3.458120311234230693e-02 5.326262666805188228e-01
3.495093515532624040e-02 5.377390120897249659e-01
3.532262759631021182e-02 5.428097510422498218e-01
3.569628043529424199e-02 5.478372241818284527e-01
3.607189367227831706e-02 5.528234316099156498e-01
3.644946730726244394e-02 5.577671958837442379e-01
3.682900134024662264e-02 5.626684120016852697e-01
3.721049577123083929e-02 5.675269939142215669e-01
3.759395060021512164e-02 5.723428739056422021e-01
3.797936582719944193e-02 5.771160019857215495e-01
3.836674145218382098e-02 5.818463452927484791e-01
3.875607747516824492e-02 5.865338875077458214e-01
3.914737389615272761e-02 5.911786282805379100e-01
3.954063071513724825e-02 5.957805826672498695e-01
3.993584793212182765e-02 6.003397805796381048e-01
4.033302554710645887e-02 6.048562662459455730e-01
4.073216356009112804e-02 6.093300976835893668e-01
4.113326197107585597e-02 6.137613461833284489e-01
4.153632078006062878e-02 6.181500958049940264e-01
4.194133998704546035e-02 6.224964428849122378e-01
4.234831959203032986e-02 6.268004955545175561e-01
4.275725959501525814e-02 6.310623732704806477e-01
4.316815999600023129e-02 6.352822063560690236e-01
4.358102079498526321e-02 6.394601355536388976e-01
4.399584199197033307e-02 6.435963115882561425e-01
4.441262358695546170e-02 6.476908947421634588e-01
4.483136557994064214e-02 6.517440544401562619e-01
4.525206797092586747e-02 6.557559688455711910e-01
4.567473075991114462e-02 6.597268244669810544e-01
4.609935394689646665e-02 6.636568157750428743e-01
4.652593753188184744e-02 6.675461448299533362e-01
4.695448151486726618e-02 6.713950209187389273e-01
4.738498589585275061e-02 6.752036602027500223e-01
4.781745067483826606e-02 6.789722853747925946e-01
4.825187585182384720e-02 6.827011253260888424e-01
4.868826142680946628e-02 6.863904148226149804e-01
4.912660739979515107e-02 6.900403941908547223e-01
4.956691377078088073e-02 6.936513090126907866e-01
5.000918053976664834e-02 6.972234098293877969e-01
5.045340770675248165e-02 7.007569518542317022e-01
5.089959527173835291e-02 7.042521946941695532e-01
5.134774323472428292e-02 7.077094020795621221e-01
5.179785159571025088e-02 7.111288416026700920e-01
5.224992035469628454e-02 7.145107844639526640e-01
5.270394951168235614e-02 7.178555052267011627e-01
5.315993906666848651e-02 7.211632815791774176e-01
5.361788901965465481e-02 7.244343941047651780e-01
5.407779937064088882e-02 7.276691260592015320e-01
5.453967011962716771e-02 7.308677631553602838e-01
5.500350126661349148e-02 7.340305933548539885e-01
5.546929281159986708e-02 7.371574699601929348e-01
5.593704475458628755e-02 7.402495273172036150e-01
5.640675709557277373e-02 7.433066514525125124e-01
5.687842983455929091e-02 7.463291372968779980e-01
5.735206297154587379e-02 7.493172810894704883e-01
5.782765650653248768e-02 7.522713802097835689e-01
5.830521043951917420e-02 7.551917330153983254e-01
5.878472477050590561e-02 7.580786386856096515e-01
5.926619949949267496e-02 7.609323970706823870e-01
5.974963462647950307e-02 7.637533085469510041e-01
6.023503015146637607e-02 7.665416738770323146e-01
6.072238607445330782e-02 7.692977940757173005e-01
6.121170239544027752e-02 7.720219702807520346e-01
6.170297911442730598e-02 7.747145036287965691e-01
6.219621623141437933e-02 7.773756951362228440e-01
6.269141374640151143e-02 7.800058455848387640e-01
6.318857165938866760e-02 7.826052554119790061e-01
6.368768997037589641e-02 7.851742246053317054e-01
6.418876867936318398e-02 7.877130526020578172e-01
6.469180778635051643e-02 7.902220381921608583e-01
6.519680729133789376e-02 7.927014794260456299e-01
6.570376719432530210e-02 7.951516735259736013e-01
6.621268749531278308e-02 7.975729168015713855e-01
6.672356819430030894e-02 7.999655045690339250e-01
6.723640929128789356e-02 8.023297310739253563e-01
6.775121078627552307e-02 8.046657971052407765e-01
6.826797267926318358e-02 8.069741674926889097e-01
6.878669497025091673e-02 8.092550511460221419e-01
6.930737765923869476e-02 8.115087372456838422e-01
6.983002074622653155e-02 8.137355135652556415e-01
7.035462423121441322e-02 8.159356664141950155e-01
7.088118811420231202e-02 8.181094805834250305e-01
7.140971239519029734e-02 8.202572392938386470e-01
7.194019707417832754e-02 8.223792241474322529e-01
7.247264215116641650e-02 8.244757150813827318e-01
7.300704762615452259e-02 8.265469903243252148e-01
7.354341349914270132e-02 8.285933263555780304e-01
7.408173977013092493e-02 8.306149978663670552e-01
7.462202643911922118e-02 8.326122777237046080e-01
7.516427350610754843e-02 8.345854369363525649e-01
7.570848097109590669e-02 8.365347446230295692e-01
7.625464883408433758e-02 8.384604679827427631e-01
7.680277709507281336e-02 8.403628435929128004e-01
7.735286575406134790e-02 8.422421867110205795e-01
7.790491481104989957e-02 8.440987346110495615e-01
7.845892426603853775e-02 8.459327464830964649e-01
7.901489411902722082e-02 8.477444794765509606e-01
7.957282437001594877e-02 8.495341886815844790e-01
8.013271501900470772e-02 8.513021271123086819e-01
8.069456606599353932e-02 8.530485456914846942e-01
8.125837751098241579e-02 8.547736932367556717e-01
8.182414935397135103e-02 8.564778164483040079e-01
8.239188159496033115e-02 8.581611598980004585e-01
8.296157423394934227e-02 8.598239660198475631e-01
8.353322727093842603e-02 8.614664751017681033e-01
8.410684070592755468e-02 8.630889252785782784e-01
8.468241453891674209e-02 8.646915372288410673e-01
8.525994876990593274e-02 8.662745718568201081e-01
8.583944339889522379e-02 8.678382484538837982e-01
8.642089842588455972e-02 8.693827964293485699e-01
8.700431385087394054e-02 8.709084430201968763e-01
8.758968967386336624e-02 8.724154132907092629e-01
8.817702589485282294e-02 8.739039301327795606e-01
8.876632251384235228e-02 8.753742142675177140e-01
8.935757953083194038e-02 8.768264842473476595e-01
8.995079694582157337e-02 8.782609564591291607e-01
9.054597475881122348e-02 8.796778451280484745e-01
9.114311296980096011e-02 8.810773545686653163e-01
9.174221157879074162e-02 8.824597080138254501e-01
9.234327058578056802e-02 8.838251072535450170e-01
9.294628999077042542e-02 8.851737578593389388e-01
9.355126979376035545e-02 8.865058632696339869e-01
9.415820999475034425e-02 8.878216247978457654e-01
9.476711059374037793e-02 8.891212416406892860e-01
9.537797159073045650e-02 8.904049108873177687e-01
9.599079298572055219e-02 8.916728275287411076e-01
9.660557477871074827e-02 8.929251844678548489e-01
9.722231696970097536e-02 8.941621725299178092e-01
9.784101955869126122e-02 8.953839743322546951e-01
9.846168254568156419e-02 8.965907870092171272e-01
9.908430593067193981e-02 8.977827905465118885e-01
9.970888971366237419e-02 8.989601675161145167e-01
1.003354338946528534e-01 9.001230984695638426e-01
1.009639384736433915e-01 9.012717619508832101e-01
1.015944034506339466e-01 9.024063345095038047e-01
1.022268288256245744e-01 9.035269907137234435e-01
1.028612145986152610e-01 9.046339031642298689e-01
1.034975607696059924e-01 9.057272387019144055e-01
1.041358673385967409e-01 9.068071723315397348e-01
1.047761343055875760e-01 9.078738680413157569e-01
1.054183616705784560e-01 9.089274906521541686e-01
1.060625494335693947e-01 9.099682030879423511e-01
1.067086975945603783e-01 9.109961663905800089e-01
1.073568061535513790e-01 9.120115397348691477e-01
1.080068751105424663e-01 9.130144804438665718e-01
1.086589044655335984e-01 9.140051440041015995e-01
1.093128942185247754e-01 9.149836811734326503e-01
1.099688443695159834e-01 9.159502485513753012e-01
1.106267549185072641e-01 9.169049941126015124e-01
1.112866258654986035e-01 9.178480661071353186e-01
1.119484572104899878e-01 9.187796110260110227e-01
1.126122489534813753e-01 9.196997736171317328e-01
1.132780010944728633e-01 9.206086969012482468e-01
1.139457136334643961e-01 9.215065221879138457e-01
1.146153865704559877e-01 9.223933890915726463e-01
1.152870199054476102e-01 9.232694328726505084e-01
1.159606136384392638e-01 9.241347941579509673e-01
1.166361677694310039e-01 9.249896056445873205e-01
1.173136822984227889e-01 9.258340002847823547e-01
1.179931572254146188e-01 9.266681094153155218e-01
1.186745925504064658e-01 9.274920627737303080e-01
1.193579882733983993e-01 9.283059885143430945e-01
1.200433443943903777e-01 9.291100132243268472e-01
1.207306609133824149e-01 9.299042599807617604e-01
1.214199378303744969e-01 9.306888554150022363e-01
1.221111751453665961e-01 9.314639201292229664e-01
1.228043728583587818e-01 9.322295745633111252e-01
1.234995309693510124e-01 9.329859376691359563e-01
1.241966494783433017e-01 9.337331269263360323e-01
1.248957283853355943e-01 9.344712583580888632e-01
1.255967676903279873e-01 9.352004465468104488e-01
1.262997673933204390e-01 9.359208046497794475e-01
1.270047274943129079e-01 9.366324421817935342e-01
1.277116479933054216e-01 9.373354731213019431e-01
1.284205288902980080e-01 9.380300048360227239e-01
1.291313701852906393e-01 9.387161449016292458e-01
1.298441718782833154e-01 9.393939995449859248e-01
1.305589339692760642e-01 9.400636736594257803e-01
1.312756564582688024e-01 9.407252708196365276e-01
1.319943393452616409e-01 9.413788932966942191e-01
1.327149826302545244e-01 9.420246401767105038e-01
1.334375863132474527e-01 9.426626142283021093e-01
1.341621503942403981e-01 9.432929125452985675e-01
1.348886748732334440e-01 9.439156322995316817e-01
1.356171597502265069e-01 9.445308694319524134e-01
1.363476050252196425e-01 9.451387186671170726e-01
1.370800106982128508e-01 9.457392735272841522e-01
1.378143767692060206e-01 9.463326263466977917e-01
1.385507032381993187e-01 9.469188666085921469e-01
1.392889901051926616e-01 9.474980870128246746e-01
1.400292373701860493e-01 9.480703752179653332e-01
1.407714450331794265e-01 9.486358189154607823e-01
1.415156130941729040e-01 9.491945046772137795e-01
1.422617415531664542e-01 9.497465179690088855e-01
1.430098304101600493e-01 9.502919431638644499e-01
1.437598796651536337e-01 9.508308635552294996e-01
1.445118893181473185e-01 9.513633598630589772e-01
1.452658593691410482e-01 9.518895156849368488e-01
1.460217898181348506e-01 9.524094100809933350e-01
1.467796806651286701e-01 9.529231221295583198e-01
1.475395319101225067e-01 9.534307298932862551e-01
1.483013435531164437e-01 9.539323104317027902e-01
1.490651155941104256e-01 9.544279398135164794e-01
1.498308480331044801e-01 9.549176931289802273e-01
1.505985408700985240e-01 9.554016431363843154e-01
1.513681941050926405e-01 9.558798652019177000e-01
1.521398077380868297e-01 9.563524305805505277e-01
1.529133817690810637e-01 9.568194105444760567e-01
1.536889161980753704e-01 9.572808754465431669e-01
1.544664110250696387e-01 9.577368947317521641e-01
1.552458662500640352e-01 9.581875369487036220e-01
1.560272818730584765e-01 9.586328697608407223e-01
1.568106578940529627e-01 9.590729587231167086e-01
1.575959943130474383e-01 9.595078717486719144e-01
1.583832911300420421e-01 9.599376730332389585e-01
1.591725483450366629e-01 9.603624267886178290e-01
1.599637659580313565e-01 9.607821963958974587e-01
1.607569439690260948e-01 9.611970444160132798e-01
1.615520823780208504e-01 9.616070326002339463e-01
1.623491811850156785e-01 9.620122219004740849e-01
1.631482403900105516e-01 9.624126713776112174e-01
1.639492599930054972e-01 9.628084421880206412e-01
1.647522399940004323e-01 9.631995921627467538e-01
1.655571803929954677e-01 9.635861791381901131e-01
1.663640811899905481e-01 9.639682602011960810e-01
1.671729423849857010e-01 9.643458916987560636e-01
1.679837639779808434e-01 9.647191292475559843e-01
1.687965459689760583e-01 9.650880277434373822e-01
1.696112883579713460e-01 9.654526404022599761e-01
1.704279911449667062e-01 9.658130222617875571e-01
1.712466543299620836e-01 9.661692254234115484e-01
1.720672779129574781e-01 9.665213019743915668e-01
1.728898618939529452e-01 9.668693033264816883e-01
1.737144062729484850e-01 9.672132802247772609e-01
1.745409110499440697e-01 9.675532827563896321e-01
1.753693762249396715e-01 9.678893603590746908e-01
1.761998017979353459e-01 9.682215610010433959e-01
1.770321877689310930e-01 9.685499341733582179e-01
1.778665341379268849e-01 9.688745268307834557e-01
1.787028409049227218e-01 9.691953858817690115e-01
1.795411080699185480e-01 9.695125576265921641e-01
1.803813356329145023e-01 9.698260877653747114e-01
1.812235235939104738e-01 9.701360214059510101e-01
1.820676719529065180e-01 9.704424030715876892e-01
1.829137807099025514e-01 9.707452760199072328e-01
1.837618498648986853e-01 9.710446847252489633e-01
1.846118794178948919e-01 9.713406715206572839e-01
1.854638693688911155e-01 9.716332786535378796e-01
1.863178197178873563e-01 9.719225478241725336e-01
1.871737304648836975e-01 9.722085201929017151e-01
1.880316016098800835e-01 9.724912363872638688e-01
1.888914331528765145e-01 9.727707365090704217e-01
1.897532250938729903e-01 9.730470601413082621e-01
1.906169774328694833e-01 9.733202455718505952e-01
1.914826901698660766e-01 9.735903326381620815e-01
1.923503633048627148e-01 9.738573588449839225e-01
1.932199968378593979e-01 9.741213617555133375e-01
1.940915907688560982e-01 9.743823784474578975e-01
1.949651450978528711e-01 9.746404455195244454e-01
1.958406598248497166e-01 9.748955990977485886e-01
1.967181349498466070e-01 9.751478748417243825e-01
1.975975704728435423e-01 9.753973073435283636e-01
1.984789663938404669e-01 9.756439323249299633e-01
1.993623227128375197e-01 9.758877836530601702e-01
2.002476394298345896e-01 9.761288951721160956e-01
2.011349165448317322e-01 9.763673002900373765e-01
2.020241540578288642e-01 9.766030319841711993e-01
2.029153519688260965e-01 9.768361228070525648e-01
2.038085102778234015e-01 9.770666048921636815e-01
2.047036289848207236e-01 9.772945099593262075e-01
2.056007080898180628e-01 9.775198686866128917e-01
2.064997475928155024e-01 9.777427130150609935e-01
2.074007474938129869e-01 9.779630730001869221e-01
2.083037077928105441e-01 9.781809787521488220e-01
2.092086284898081183e-01 9.783964599942415186e-01
2.101155095848057097e-01 9.786095460681212277e-01
2.110243510778034015e-01 9.788202659388336446e-01
2.119351529688011382e-01 9.790286481997795276e-01
2.128479152577989197e-01 9.792347210777762045e-01
2.137626379447967184e-01 9.794385118103109411e-01
2.146793210297945897e-01 9.796400489360603814e-01
2.155979645127925337e-01 9.798393591540569547e-01
2.165185683937905226e-01 9.800364692641764242e-01
2.174411326727885563e-01 9.802314057233301181e-01
2.183656573497865794e-01 9.804241946501038862e-01
2.192921424247847306e-01 9.806148618292044317e-01
2.202205878977829268e-01 9.808034327160124466e-01
2.211509937687811678e-01 9.809899324408341004e-01
2.220833600377793982e-01 9.811743852230473406e-01
2.230176867047777289e-01 9.813568165300932122e-01
2.239539737697761046e-01 9.815372501106499614e-01
2.248922212327745529e-01 9.817157098302375928e-01
2.258324290937730461e-01 9.818922192503214408e-01
2.267745973527715286e-01 9.820668016324836103e-01
2.277187260097701116e-01 9.822394799423460610e-01
2.286648150647687394e-01 9.824102768535186714e-01
2.296128645177674399e-01 9.825792147515565178e-01
2.305628743687661297e-01 9.827463152112673184e-01
2.315148446177649200e-01 9.829116009234811768e-01
2.324687752647637551e-01 9.830750930461533699e-01
2.334246663097626351e-01 9.832368128435584609e-01
2.343825177527615322e-01 9.833967813104818045e-01
2.353423295937605020e-01 9.835550191757933547e-01
2.363041018327595444e-01 9.837115469060210282e-01
2.372678344697586317e-01 9.838663847088180425e-01
2.382335275047577638e-01 9.840195525363709672e-01
2.392011809377569131e-01 9.841710696449514906e-01
2.401707947687561351e-01 9.843209562181323147e-01
2.411423689977554297e-01 9.844692311377641891e-01
2.421159036247547691e-01 9.846159133619662995e-01
2.430913986497540979e-01 9.847610216098814373e-01
2.440688540727535549e-01 9.849045743648672246e-01
2.450482698937530290e-01 9.850465898776182838e-01
2.460296461127525758e-01 9.851870861692766379e-01
2.470129827297521674e-01 9.853260810344335319e-01
2.479982797447517484e-01 9.854635920441530139e-01
2.489855371577514298e-01 9.855996360705433501e-01
2.499747549687511561e-01 9.857342310466195023e-01
2.509659331777509550e-01 9.858673935341963901e-01
2.519590717847506878e-01 9.859991402343659672e-01
2.529541707897505765e-01 9.861294876390297448e-01
2.539512301927505100e-01 9.862584520337080995e-01
2.549502499937504885e-01 9.863860495003082818e-01
2.559512301927505673e-01 9.865122959197444308e-01
2.569541707897506355e-01 9.866372069746200957e-01
2.579590717847507486e-01 9.867607977948468223e-01
2.589659331777509621e-01 9.868830842657274616e-01
2.599747549687512205e-01 9.870040812287381726e-01
2.609855371577514682e-01 9.871238035946474643e-01
2.619982797447518164e-01 9.872422660886566170e-01
2.630129827297520984e-01 9.873594832528564957e-01
2.640296461127525363e-01 9.874754694485653461e-01
2.650482698937530190e-01 9.875902388587514125e-01
2.660688540727535467e-01 9.877038054904174746e-01
2.670913986497541748e-01 9.878161831768569323e-01
2.681159036247547922e-01 9.879273852434127257e-01
2.691423689977554545e-01 9.880374257436635999e-01
2.701707947687562172e-01 9.881463177547250565e-01
2.712011809377570248e-01 9.882540744338365046e-01
2.722335275047577108e-01 9.883607087756353105e-01
2.732678344697586081e-01 9.884662336142692185e-01
2.743041018327595504e-01 9.885706616255789392e-01
2.753423295937605375e-01 9.886740053290666852e-01
2.763825177527615695e-01 9.887762770900150322e-01
2.774246663097627019e-01 9.888774891215414975e-01
2.784687752647638237e-01 9.889776534864851421e-01
2.795148446177649904e-01 9.890767817076231427e-01
2.805628743687662574e-01 9.891748862183474822e-01
2.816128645177674028e-01 9.892719783450607540e-01
2.826648150647687596e-01 9.893680695657658397e-01
2.837187260097701613e-01 9.894631712177626159e-01
2.847745973527716079e-01 9.895572944995313369e-01
2.858324290937730994e-01 9.896504504725067708e-01
2.868922212327746357e-01 9.897426500628744295e-01
2.879539737697762170e-01 9.898339040633390429e-01
2.890176867047778431e-01 9.899242231348747145e-01
2.900833600377795141e-01 9.900136174907143705e-01
2.911509937687811744e-01 9.901020980710611985e-01
2.922205878977829352e-01 9.901896749119644126e-01
2.932921424247847964e-01 9.902763581614184574e-01
2.943656573497866469e-01 9.903621578439831818e-01
2.954411326727885978e-01 9.904470838623843365e-01
2.965185683937905936e-01 9.905311459990993050e-01
2.975979645127926343e-01 9.906143539179178559e-01
2.986793210297947199e-01 9.906967171655407522e-01
2.997626379447967393e-01 9.907782451729352236e-01
3.008479152577989146e-01 9.908589472570121792e-01
3.019351529688011904e-01 9.909388323090716488e-01
3.030243510778034555e-01 9.910179099560714189e-01
3.041155095848058210e-01 9.910961889422312820e-01
3.052086284898081758e-01 9.911736781399604901e-01
3.063037077928106311e-01 9.912503863146709948e-01
3.074007474938131312e-01 9.913263221262149649e-01
3.084997475928156763e-01 9.914014941301970696e-01
3.096007080898180996e-01 9.914759107793279513e-01
3.107036289848207899e-01 9.915495804247574929e-01
3.118085102778234696e-01 9.916225113173657846e-01
3.129153519688261942e-01 9.916947116090484293e-01
3.140241540578289636e-01 9.917661890717202056e-01
3.151349165448318335e-01 9.918369521464571736e-01
3.162476394298346927e-01 9.919070084792829256e-01
3.173623227128376523e-01 9.919763658365927661e-01
3.184789663938406568e-01 9.920450318919995514e-01
3.195975704728435396e-01 9.921130142274946495e-01
3.207181349498466338e-01 9.921803203346399869e-01
3.218406598248497730e-01 9.922469576156862647e-01
3.229651450978529570e-01 9.923129333847687805e-01
3.240915907688562414e-01 9.923782548689701333e-01
3.252199968378595152e-01 9.924429292094690824e-01
3.263503633048628338e-01 9.925069634626320081e-01
3.274826901698662529e-01 9.925703643008695343e-01
3.286169774328696613e-01 9.926331391342408939e-01
3.297532250938730591e-01 9.926952945366253056e-01
3.308914331528765573e-01 9.927568372339712344e-01
3.320316016098801559e-01 9.928177738725885160e-01
3.331737304648837994e-01 9.928781110203025451e-01
3.343178197178874878e-01 9.929378551672898290e-01
3.354638693688912210e-01 9.929970127272153002e-01
3.366118794178950546e-01 9.930555900380617640e-01
3.377618498648988776e-01 9.931135933632438961e-01
3.389137807099027455e-01 9.931710288923970564e-01
3.400676719529066028e-01 9.932279027423566165e-01
3.412235235939105604e-01 9.932842206699180609e-01
3.423813356329146185e-01 9.933399891517453728e-01
3.435411080699187214e-01 9.933952138645957275e-01
3.447028409049228137e-01 9.934499006417296663e-01
3.458665341379270064e-01 9.935040552481309017e-01
3.470321877689312440e-01 9.935576833812521658e-01
3.481998017979355819e-01 9.936107906720001992e-01
3.493693762249399093e-01 9.936633826854671669e-01
3.505409110499441705e-01 9.937154649218494784e-01
3.517144062729485876e-01 9.937670428171481163e-01
3.528898618939531051e-01 9.938181217440915649e-01
3.540672779129576120e-01 9.938687070128220391e-01
3.552466543299622193e-01 9.939188036212247557e-01
3.564279911449668714e-01 9.939684171944677127e-01
3.576112883579715684e-01 9.940175526618153512e-01
3.587965459689763104e-01 9.940662150897281446e-01
3.599837639779809306e-01 9.941144094859272196e-01
3.611729423849858178e-01 9.941621408000682614e-01
3.623640811899906944e-01 9.942094139246471229e-01
3.635571803929956158e-01 9.942562336955432789e-01
3.647522399940006377e-01 9.943026048927314786e-01
3.659492599930056489e-01 9.943485322411070859e-01
3.671482403900107605e-01 9.943940204109764647e-01
3.683491811850159170e-01 9.944390740189537059e-01
3.695520823780210629e-01 9.944836976284279206e-01
3.707569439690261981e-01 9.945278955039135171e-01
3.719637659580314892e-01 9.945716725383478840e-01
3.731725483450368253e-01 9.946150329427235759e-01
3.743832911300422062e-01 9.946579810733016114e-01
3.755959943130476320e-01 9.947005212364051774e-01
3.768106578940531581e-01 9.947426576890384675e-01
3.780272818730586737e-01 9.947843946395237280e-01
3.792458662500642896e-01 9.948257362480183996e-01
3.804664110250698950e-01 9.948666866272152243e-01
3.816889161980754896e-01 9.949072498427995459e-01
3.829133817690812402e-01 9.949474299141918276e-01
3.841398077380869802e-01 9.949872308149459998e-01
3.853681941050928206e-01 9.950266564734213670e-01
3.865985408700987613e-01 9.950657105571960592e-01
3.878308480331046915e-01 9.951043972872737342e-01
3.890651155941106665e-01 9.951427202862881405e-01
3.903013435531166864e-01 9.951806833062366575e-01
3.915395319101228067e-01 9.952182900565800239e-01
3.927796806651288053e-01 9.952555442047796852e-01
3.940217898181350153e-01 9.952924493767857372e-01
3.952658593691412148e-01 9.953290091575690557e-01
3.965118893181475146e-01 9.953652270915770428e-01
3.977598796651538593e-01 9.954011066832877397e-01
3.990098304101602489e-01 9.954366513976642405e-01
4.002617415531666833e-01 9.954718646605793531e-01
4.015156130941732182e-01 9.955067498594274422e-01
4.027714450331797424e-01 9.955413103434471722e-01
4.040292373701862005e-01 9.955755492163852471e-01
4.052889901051928145e-01 9.956094701221618326e-01
4.065507032381995289e-01 9.956430761299641663e-01
4.078143767692062882e-01 9.956763704405067195e-01
4.090800106982130369e-01 9.957093562186347668e-01
4.103476050252198859e-01 9.957420365937276197e-01
4.116171597502267798e-01 9.957744146602939272e-01
4.128886748732337186e-01 9.958064934781405420e-01
4.141621503942407023e-01 9.958382760730051242e-01
4.154375863132476199e-01 9.958697654368714458e-01
4.167149826302546933e-01 9.959009645283805057e-01
4.179943393452618672e-01 9.959318762732505270e-01
4.192756564582690304e-01 9.959625035646404445e-01
4.205589339692762940e-01 9.959928492635800046e-01
4.218441718782836025e-01 9.960229160241577118e-01
4.231313701852909004e-01 9.960527069560207725e-01
4.244205288902982987e-01 9.960822246838554328e-01
4.257116479933056308e-01 9.961114719432613285e-01
4.270047274943131188e-01 9.961404514395615362e-01
4.282997673933206517e-01 9.961691658481679479e-01
4.295967676903282295e-01 9.961976178149611894e-01
4.308957283853359077e-01 9.962258099565808322e-01
4.321966494783435753e-01 9.962537448608197455e-01
4.334995309693513432e-01 9.962814250869869159e-01
4.348043728583591006e-01 9.963088531661283831e-01
4.361111751453669583e-01 9.963360316015495988e-01
4.374199378303746943e-01 9.963629628689395501e-01
4.387306609133826418e-01 9.963896494168922313e-01
4.400433443943906342e-01 9.964160936670906077e-01
4.413579882733986715e-01 9.964422980146441233e-01
4.426745925504067536e-01 9.964682646384229736e-01
4.439931572254149361e-01 9.964939962235795923e-01
4.453136822984231080e-01 9.965194949302368377e-01
4.466361677694313248e-01 9.965447630499298937e-01
4.479606136384396420e-01 9.965698028491635219e-01
4.492870199054478375e-01 9.965946165697049386e-01
4.506153865704562445e-01 9.966192064289184360e-01
4.519457136334646408e-01 9.966435746199695522e-01
4.532780010944731375e-01 9.966677233122086532e-01
4.546122489534816791e-01 9.966916546513574504e-01
4.559484572104903211e-01 9.967153707598104262e-01
4.572866258654989524e-01 9.967388737369828888e-01
4.586267549185076287e-01 9.967621656594214397e-01
4.599688443695163498e-01 9.967852485812804808e-01
4.613128942185250048e-01 9.968081245343740626e-01
4.626589044655338712e-01 9.968307955285877764e-01
4.640068751105427269e-01 9.968532633773909968e-01
4.653568061535516831e-01 9.968755303635512544e-01
4.667086975945606842e-01 9.968975982868417685e-01
4.680625494335697301e-01 9.969194690713032436e-01
4.694183616705788209e-01 9.969411446202260940e-01
4.707761343055879566e-01 9.969626268164336613e-01
4.721358673385971372e-01 9.969839175224647354e-01
4.734975607696062516e-01 9.970050185808703169e-01
4.748612145986155220e-01 9.970259318143248617e-01
4.762268288256248927e-01 9.970466590260458339e-01
4.775944034506342528e-01 9.970672019997915969e-01
4.789639384736437133e-01 9.970875625002867393e-01
4.803354338946532187e-01 9.971077422732905760e-01
4.817088897136627690e-01 9.971277430459469793e-01
4.830843059306723641e-01 9.971475665268534350e-01
4.844616825456818376e-01 9.971672144064109844e-01
4.858410195586915226e-01 9.971866883569469042e-01
4.872223169697012524e-01 9.972059898713384607e-01
4.886055747787110826e-01 9.972251208806256484e-01
4.899907929857209021e-01 9.972440828681431446e-01
4.913779715907308221e-01 9.972628774357547021e-01
4.927671105937407314e-01 9.972815061682948068e-01
4.941582099947507412e-01 9.972999706337374315e-01
4.955512697937607958e-01 9.973182723833989849e-01
4.969462899907707287e-01 9.973364129521158361e-01
4.983432705857808731e-01 9.973543938584509272e-01
4.997422115787910624e-01 9.973722166048984983e-01
5.011431129698012965e-01 9.973898826780110971e-01
5.025459747588115755e-01 9.974073935485923137e-01
5.039507969458218994e-01 9.974247506719393641e-01
5.053575795308323793e-01 9.974419554879182526e-01
5.067663225138427929e-01 9.974590094212336666e-01
5.081770258948532515e-01 9.974759138815132431e-01
5.095896896738636439e-01 9.974926702635525944e-01
5.110043138508743032e-01 9.975092799474176708e-01
5.124208984258848965e-01 9.975257441523101010e-01
5.138394433988955345e-01 9.975420644972423645e-01
5.152599487699063285e-01 9.975582421949028555e-01
5.166824145389171674e-01 9.975742785679685420e-01
5.181068407059279401e-01 9.975901749252260586e-01
5.195332272709388688e-01 9.976059325617407936e-01
5.209615742339498423e-01 9.976215527589394894e-01
5.223918815949606387e-01 9.976370367848578224e-01
5.238241493539717020e-01 9.976523858942487610e-01
5.252583775109828101e-01 9.976676013287002487e-01
5.266945660659939632e-01 9.976826843168382641e-01
5.281327150190051611e-01 9.976976360744262973e-01
5.295728243700164040e-01 9.977124578045414305e-01
5.310148941190276917e-01 9.977271506976319593e-01
5.324589242660390243e-01 9.977417159318436868e-01
5.339049148110504017e-01 9.977561546729133424e-01
5.353528657540617131e-01 9.977704680744751142e-01
5.368027770950731803e-01 9.977846572781777779e-01
5.382546488340846924e-01 9.977987234137264405e-01
5.397084809710962494e-01 9.978126675991075833e-01
5.411642735061079623e-01 9.978264907944309758e-01
5.426220264391196091e-01 9.978401943644050753e-01
5.440817397701314118e-01 9.978537792665898021e-01
5.455434134991431483e-01 9.978672465730070718e-01
5.470070476261550407e-01 9.978805973445941113e-01
5.484726421511667560e-01 9.978938326312536411e-01
5.499401970741787382e-01 9.979069534720387269e-01
5.514097123951906543e-01 9.979199608952015188e-01
5.528811881142027262e-01 9.979328559184184044e-01
5.543546242312148431e-01 9.979456395487337206e-01
5.558300207462270048e-01 9.979583127828494105e-01
5.573073776592392115e-01 9.979708766070960468e-01
5.587866949702514630e-01 9.979833319976869621e-01
5.602679726792635373e-01 9.979956799206701756e-01
5.617512107862758786e-01 9.980079213322035070e-01
5.632364092912882647e-01 9.980200571785092789e-01
5.647235681943006957e-01 9.980320883960732692e-01
5.662126874953131717e-01 9.980440159117274224e-01
5.677037671943258035e-01 9.980558406427423312e-01
5.691968072913383692e-01 9.980675634969349286e-01
5.706918077863509797e-01 9.980791853727862817e-01
5.721887686793637462e-01 9.980907070277698079e-01
5.736876899703762245e-01 9.981021295865141196e-01
5.751885716593890807e-01 9.981134538054807770e-01
5.766914137464018708e-01 9.981246805465608940e-01
5.781962162314148168e-01 9.981358106628542837e-01
5.797029791144278077e-01 9.981468449986506952e-01
5.812117023954407324e-01 9.981577843896031199e-01
5.827223860744538131e-01 9.981686296627186872e-01
5.842350301514669386e-01 9.981793816365868155e-01
5.857496346264799980e-01 9.981900411213585622e-01
5.872661994994931023e-01 9.982006089188544262e-01
5.887847247705062514e-01 9.982110858227181138e-01
5.903052104395195565e-01 9.982214726183818998e-01
5.918276565065329065e-01 9.982317700832965546e-01
5.933520629715463013e-01 9.982419789868949289e-01
5.948784298345597410e-01 9.982521000907100817e-01
5.964067570955732256e-01 9.982621341485551358e-01
5.979370447545868661e-01 9.982720819064156981e-01
5.994692928116004405e-01 9.982819441026926643e-01
6.010035012666138377e-01 9.982917214682207607e-01
6.025396701196276128e-01 9.983014147263109539e-01
6.040777993706413218e-01 9.983110245928998872e-01
6.056178890196550757e-01 9.983205517766010617e-01
6.071599390666689855e-01 9.983299969787613470e-01
6.087039495116828292e-01 9.983393607607156106e-01
6.102499203546968287e-01 9.983486440582983734e-01
6.117978515957107621e-01 9.983578474341485709e-01
6.133477432347248515e-01 9.983669715612329965e-01
6.148995952717387636e-01 9.983760171056602628e-01
6.164534077067529427e-01 9.983849847266639266e-01
6.180091805397671667e-01 9.983938750767451520e-01
6.195669137707813245e-01 9.984026888017490942e-01
6.211266073997956383e-01 9.984114265408496891e-01
6.226882614268099969e-01 9.984200889267453860e-01
6.242518758518244004e-01 9.984286765855796553e-01
6.258174506748388488e-01 9.984371901371622560e-01
6.273849858958533421e-01 9.984456301948636536e-01
6.289544815148676582e-01 9.984539973658148604e-01
6.305259375318823523e-01 9.984622922509190923e-01
6.320993539468969802e-01 9.984705154449178277e-01
6.336747307599116530e-01 9.984786675364479835e-01
6.352520679709263707e-01 9.984867491080924307e-01
6.368313655799411332e-01 9.984947607364783595e-01
6.384126235869560517e-01 9.985027029922975972e-01
6.399958419919709041e-01 9.985105764403667816e-01
6.415810207949856903e-01 9.985183816397066314e-01
6.431681599960007434e-01 9.985261191436232142e-01
6.447572595950157304e-01 9.985337894996890729e-01
6.463483195920308733e-01 9.985413932498344858e-01
6.479413399870459500e-01 9.985489309304675931e-01
6.495363207800611827e-01 9.985564029527075336e-01
6.511332619710764602e-01 9.985638100677542983e-01
6.527321635600916716e-01 9.985711526884388789e-01
6.543330255471070389e-01 9.985784313293457615e-01
6.559358479321222291e-01 9.985856464996553106e-01
6.575406307151376861e-01 9.985927987033360598e-01
6.591473738961531881e-01 9.985998884391106278e-01
6.607560774751687349e-01 9.986069162006021571e-01
6.623667414521843266e-01 9.986138824762388344e-01
6.639793658271999632e-01 9.986207877494555074e-01
6.655939506002157557e-01 9.986276324986196329e-01
6.672104957712314821e-01 9.986344171971687222e-01
6.688290013402472534e-01 9.986411423135739263e-01
6.704494673072629585e-01 9.986478083114666005e-01
6.720718936722788195e-01 9.986544156496622859e-01
6.736962804352947254e-01 9.986609647821161895e-01
6.753226275963107872e-01 9.986674561581608822e-01
6.769509351553267829e-01 9.986738902222908054e-01
6.785812031123429344e-01 9.986802674144814596e-01
6.802134314673590199e-01 9.986865881700233150e-01
6.818476202203752612e-01 9.986928529196325011e-01
6.834837693713914364e-01 9.986990620895532800e-01
6.851218789204075454e-01 9.987052161014989826e-01
6.867619488674239214e-01 9.987113153727522619e-01
6.884039792124403423e-01 9.987173603162153857e-01
6.900479699554568080e-01 9.987233513403972474e-01
6.916939210964733187e-01 9.987292888494828658e-01
6.933418326354898742e-01 9.987351732433985552e-01
6.949917045725064746e-01 9.987410049177907201e-01
6.966435369075231199e-01 9.987467842641254423e-01
6.982973296405398100e-01 9.987525116696809313e-01
6.999530827715563230e-01 9.987581873998989668e-01
7.016107963005731030e-01 9.987638120581036061e-01
7.032704702275899278e-01 9.987693859120375661e-01
7.049321045526069085e-01 9.987749093326278027e-01
7.065956992756238231e-01 9.987803826868402179e-01
7.082612543966407825e-01 9.987858063376409135e-01
7.099287699156578979e-01 9.987911806440823437e-01
7.115982458326749471e-01 9.987965059613337360e-01
7.132696821476921523e-01 9.988017826407070698e-01
7.149430788607090692e-01 9.988070110296648485e-01
7.166184359717263641e-01 9.988121914719302330e-01
7.182957534807437039e-01 9.988173243074116581e-01
7.199750313877609775e-01 9.988224098723258448e-01
7.216562696927784071e-01 9.988274484991787050e-01
7.233394683957958815e-01 9.988324405167828823e-01
7.250246274968132898e-01 9.988373862503607814e-01
7.267117469958308540e-01 9.988422860215074861e-01
7.284008268928482410e-01 9.988471401482212908e-01
7.300918671878658950e-01 9.988519489449686484e-01
7.317848678808835938e-01 9.988567127226823938e-01
7.334798289719013376e-01 9.988614317888225846e-01
7.351767504609192372e-01 9.988661064473751683e-01
7.368756323479370707e-01 9.988707369988556461e-01
7.385764746329549491e-01 9.988753237404391916e-01
7.402792773159728723e-01 9.988798669658419671e-01
7.419840403969908404e-01 9.988843669654429158e-01
7.436907638760087425e-01 9.988888240263187335e-01
7.453994477530268004e-01 9.988932384322023461e-01
7.471100920280450142e-01 9.988976104635374220e-01
7.488226967010631618e-01 9.989019403975678557e-01
7.505372617720814654e-01 9.989062285082126458e-01
7.522537872410997029e-01 9.989104750662486376e-01
7.539722731081180962e-01 9.989146803392429108e-01
7.556927193731364234e-01 9.989188445916088455e-01
7.574151260361549065e-01 9.989229680846029025e-01
7.591394930971732125e-01 9.989270510763393895e-01
7.608658205561917853e-01 9.989310938218857183e-01
7.625941084132104031e-01 9.989350965732366472e-01
7.643243566682289547e-01 9.989390594650296995e-01
7.660565653212476622e-01 9.989429829632672231e-01
7.677907343722664146e-01 9.989468672045841435e-01
7.695268638212852119e-01 9.989507124288443674e-01
7.712649536683040541e-01 9.989545188729394010e-01
7.730050039133229411e-01 9.989582867708141078e-01
7.747470145563417621e-01 9.989620163534466135e-01
7.764909855973607389e-01 9.989657078489589948e-01
7.782369170363797606e-01 9.989693614825347900e-01
7.799848088733989382e-01 9.989729774764750658e-01
7.817346611084180497e-01 9.989765560502383845e-01
7.834864737414372060e-01 9.989800974204436912e-01
7.852402467724565183e-01 9.989836018008521057e-01
7.869959802014757644e-01 9.989870694024752806e-01
7.887536740284951664e-01 9.989905004334543870e-01
7.905133282535142802e-01 9.989938950992364175e-01
7.922749428765337720e-01 9.989972536024388505e-01
7.940385178975533087e-01 9.990005761429580078e-01
7.958040533165727792e-01 9.990038629179840424e-01
7.975715491335924057e-01 9.990071141219610817e-01
7.993410053486120770e-01 9.990103299466462916e-01
8.011124219616317932e-01 9.990135105811182026e-01
8.028857989726515543e-01 9.990166562117637206e-01
8.046611363816711382e-01 9.990197670223198712e-01
8.064384341886909890e-01 9.990228431938932285e-01
8.082176923937108848e-01 9.990258849049374890e-01
8.099989109967308254e-01 9.990288923312921066e-01
8.117820899977508109e-01 9.990318656461881774e-01
8.135672293967708413e-01 9.990348050202850771e-01
8.153543291937909165e-01 9.990377106216200565e-01
8.171433893888111477e-01 9.990405826156737445e-01
8.189344099818313127e-01 9.990434211653695940e-01
8.207273909728513006e-01 9.990462264311203988e-01
8.225223323618716664e-01 9.990489985707220466e-01
8.243192341488919661e-01 9.990517377394854126e-01
8.261180963339124217e-01 9.990544440902086043e-01
8.279189189169328111e-01 9.990571177731446539e-01
8.297217018979533565e-01 9.990597589360887820e-01
8.315264452769738357e-01 9.990623677243342105e-01
8.333331490539944708e-01 9.990649442806492919e-01
8.351418132290151508e-01 9.990674887453740993e-01
8.369524378020356536e-01 9.990700012563648036e-01
8.387650227730564234e-01 9.990724819490370834e-01
8.405795681420771270e-01 9.990749309563193847e-01
8.423960739090979866e-01 9.990773484087226430e-01
8.442145400741188910e-01 9.990797344343207431e-01
8.460349666371398403e-01 9.990820891587429697e-01
8.478573535981608345e-01 9.990844127051760060e-01
8.496817009571818735e-01 9.990867051944486432e-01
8.515080087142030685e-01 9.990889667449155409e-01
8.533362768692239753e-01 9.990911974725402711e-01
8.551665054222451490e-01 9.990933974908919879e-01
8.569986943732663676e-01 9.990955669111293291e-01
8.588328437222877421e-01 9.990977058420332790e-01
8.606689534693090504e-01 9.990998143899622042e-01
8.625070236143304037e-01 9.991018925471010226e-01
8.643470541573519128e-01 9.991039406339640161e-01
8.661890450983733558e-01 9.991059586426058736e-01
8.680329964373949547e-01 9.991079466698887801e-01
8.698789081744163765e-01 9.991099048102718427e-01
8.717267803094379541e-01 9.991118331558445087e-01
8.735766128424596877e-01 9.991137317963451059e-01
8.754284057734814661e-01 9.991156008191157678e-01
8.772821591025032895e-01 9.991174403091493961e-01
8.791378728295250466e-01 9.991192503490551324e-01
8.809955469545469597e-01 9.991210310190706823e-01
8.828551814775689177e-01 9.991227823970876276e-01
8.847167763985909206e-01 9.991245045585874784e-01
8.865803317176127463e-01 9.991261975767199432e-01
8.884458474346348389e-01 9.991278615222334292e-01
8.903133235496569764e-01 9.991294964635343279e-01
8.921827600626792698e-01 9.991311024666241769e-01
8.940541569737014971e-01 9.991326795951311901e-01
8.959275142827237692e-01 9.991342279103438972e-01
8.978028319897460863e-01 9.991357474711174413e-01
8.996801100947685592e-01 9.991372383339413021e-01
9.015593485977907440e-01 9.991387005529089871e-01
9.034405474988133067e-01 9.991401341797475633e-01
9.053237067978358033e-01 9.991415392637630344e-01
9.072088264948584557e-01 9.991429158518598808e-01
9.090959065898810421e-01 9.991442639885430577e-01
9.109849470829037843e-01 9.991455837158873532e-01
9.128759479739264604e-01 9.991468750735914561e-01
9.147689092629492924e-01 9.991481380988742611e-01
9.166638309499721693e-01 9.991493728265682384e-01
9.185607130349948690e-01 9.991505792890635895e-01
9.204595555180178357e-01 9.991517575162485176e-01
9.223603583990407362e-01 9.991529075356494483e-01
9.242631216780637926e-01 9.991540293722553923e-01
9.261678453550868939e-01 9.991551230486320767e-01
9.280745294301100401e-01 9.991561885848306845e-01
9.299831739031333422e-01 9.991572259984500270e-01
9.318937787741565781e-01 9.991582353045558307e-01
9.338063440431798590e-01 9.991592165157059391e-01
9.357208697102029626e-01 9.991601696420074896e-01
9.376373557752263332e-01 9.991610946909282864e-01
9.395558022382498597e-01 9.991619916674689961e-01
9.414762090992733201e-01 9.991628605740519031e-01
9.433985763582968254e-01 9.991637014105321235e-01
9.453229040153204865e-01 9.991645141742042657e-01
9.472491920703440815e-01 9.991652988597491403e-01
9.491774405233678324e-01 9.991660554592017851e-01
9.511076493743915172e-01 9.991667839620816949e-01
9.530398186234151359e-01 9.991674843551463514e-01
9.549739482704390214e-01 9.991681566226137123e-01
9.569100383154629519e-01 9.991688007459289533e-01
9.588480887584868162e-01 9.991694167039278929e-01
9.607880995995108364e-01 9.991700044727369612e-01
9.627300708385349015e-01 9.991705640257106946e-01
9.646740024755590115e-01 9.991710953335187773e-01
9.666198945105831664e-01 9.991715983640631071e-01
9.685677469436073661e-01 9.991720730824568131e-01
9.705175597746313887e-01 9.991725194510073793e-01
9.724693330036556782e-01 9.991729374292701582e-01
9.744230666306800126e-01 9.991733269738599654e-01
9.763787606557043919e-01 9.991736880386197228e-01
9.783364150787289271e-01 9.991740205745108794e-01
9.802960298997533961e-01 9.991743245295211517e-01
9.822576051187779100e-01 9.991745998487776559e-01
9.842211407358025799e-01 9.991748464744473202e-01
9.861866367508271836e-01 9.991750643457204539e-01
9.881540931638517211e-01 9.991752533987542373e-01
9.901235099748764146e-01 9.991754135667085812e-01
9.920948871839012639e-01 9.991755447797132650e-01
9.940682247909260472e-01 9.991756469648119809e-01
9.960435227959509863e-01 9.991757200458974975e-01
9.980207811989759703e-01 9.991757639437516270e-01
1.000000000000000666e+00 9.991757785760337907e-01
