0.000000000000000000e+00 5.230146260782150535e-172
2.078119897502626434e-05 5.968009286211966965e-172
4.352279595010249372e-05 6.895005010060105212e-172
6.822479092522875592e-05 8.065372178158902716e-172
9.488718390040502381e-05 9.551989971912688252e-172
1.235099748756312839e-04 1.145347851780359039e-171
1.540931638509075632e-04 1.390430026572109377e-171
1.866367508262337669e-04 1.708923943166664451e-171
2.211407358016100034e-04 2.126431878648595338e-171
2.576051187770363269e-04 2.678725645964801837e-171
2.960298997525126832e-04 3.416217370554788772e-171
3.364150787280388555e-04 4.410576274970795370e-171
3.787606557036150606e-04 5.764603462530635498e-171
4.230666306792412444e-04 7.627093750537203970e-171
4.693330036549174067e-04 1.021539500190717405e-170
5.175597746306437102e-04 1.384994886356209075e-170
5.677469436064200466e-04 1.900764009174306774e-170
6.198945105822462531e-04 2.640492632227126804e-170
6.740024755581224382e-04 3.712853069548108787e-170
7.300708385340486020e-04 5.284276467435824239e-170
7.880995995100251780e-04 7.612140531079793881e-170
8.480887584860512989e-04 1.109838292398129523e-169
9.100383154621275068e-04 1.637691183099200739e-169
9.739482704382536934e-04 2.445744499389461013e-169
1.039818623414429750e-03 3.696442156192371807e-169
1.107649374390655894e-03 5.653756507818143096e-169
1.177440523366932558e-03 8.750983489018659025e-169
1.249192070343258659e-03 1.370657813073160458e-168
1.322904015319634847e-03 2.172396560574036688e-168
1.398576358296060905e-03 3.483951733692513942e-168
1.476209099272537051e-03 5.653440468431515121e-168
1.555802238249063716e-03 9.282084568741338912e-168
1.637355775225640036e-03 1.541892810165890530e-167
1.720869710202266008e-03 2.591328075170880426e-167
1.806344043178942285e-03 4.405887386293865686e-167
1.893778774155669082e-03 7.578268924102652551e-167
1.983173903132445098e-03 1.318605090859724050e-166
2.074529430109271419e-03 2.320864160009249486e-166
2.167845355086147393e-03 4.131965581131156855e-166
2.263121678063073454e-03 7.440756092362330493e-166
2.360358399040050469e-03 1.355226497676665181e-165
2.459555518017076271e-03 2.496444001761330038e-165
2.560713034994152593e-03 4.650795385168223091e-165
2.663830949971278568e-03 8.762097385130419133e-165
2.768909262948454630e-03 1.669336871781820574e-164
2.875947973925680780e-03 3.215986698666822104e-164
2.984947082902957450e-03 6.264664001466067599e-164
3.095906589880283773e-03 1.233880763086888116e-163
3.208826494857659750e-03 2.457076750884489956e-163
3.323706797835085814e-03 4.946662479670893995e-163
3.440547498812561965e-03 1.006772702783202591e-162
3.559348597790088636e-03 2.071349657920985503e-162
3.680110094767664961e-03 4.307796073272913884e-162
3.802831989745290939e-03 9.055515121368173479e-162
3.927514282722965704e-03 1.923994081412142554e-161
4.054156973700691856e-03 4.131452532041705981e-161
4.182760062678468095e-03 8.965734202062568868e-161
4.313323549656295289e-03 1.966202663130612577e-160
4.445847434634171702e-03 4.357174776539511342e-160
4.580331717612097335e-03 9.756422480081577349e-160
4.716776398590073922e-03 2.207290296181340200e-159
4.855181477568099729e-03 5.045283315289312485e-159
4.995546954546175623e-03 1.165044768933013768e-158
5.137872829524301604e-03 2.717715650456585818e-158
5.282159102502477672e-03 6.403873449269923901e-158
5.428405773480703828e-03 1.524164370514524681e-157
5.576612842458980070e-03 3.663899799415688622e-157
5.726780309437305531e-03 8.895088741626893111e-157
5.878908174415681948e-03 2.180839972898900822e-156
6.032996437394107583e-03 5.399278639449560182e-156
6.189045098372585908e-03 1.349762736754287618e-155
6.347054157351111718e-03 3.406904175059062578e-155
6.507023614329687615e-03 8.681883408846772547e-155
6.668953469308313599e-03 2.233520810286952209e-154
6.832843722286989670e-03 5.800404489450656055e-154
6.998694373265715828e-03 1.520507984810983591e-153
7.166505422244492073e-03 4.023008341148643691e-153
7.336276869223317537e-03 1.074272230733194216e-152
7.508008714202193956e-03 2.894996716370106308e-152
7.681700957181119595e-03 7.872650439498277557e-152
7.857353598160098790e-03 2.160238125174993298e-151
8.034966637139125470e-03 5.980787763712990486e-151
8.214540074118200502e-03 1.670549504265846159e-150
8.396073909097327356e-03 4.707305007229593832e-150
8.579568142076502563e-03 1.338027216893567436e-149
8.765022773055727856e-03 3.836228953855327063e-149
8.952437802035004971e-03 1.109323350628371463e-148
9.141813229014330439e-03 3.235137307976501092e-148
9.333149053993705993e-03 9.514256061853738872e-148
9.526445276973131635e-03 2.821440535856353132e-147
9.721701897952607363e-03 8.436204139209461907e-147
9.918918916932136648e-03 2.543134380970213052e-146
1.011809633391171255e-02 7.728643988706667035e-146
1.031923414889133854e-02 2.367633921741996957e-145
1.052233236187101462e-02 7.310857834316861522e-145
1.072739097285074078e-02 2.275253127168088949e-144
1.093440998183051703e-02 7.136143062646210985e-144
1.114338938881034163e-02 2.255456554718306670e-143
1.135432919379021806e-02 7.183017295832912162e-143
1.156722939677014457e-02 2.304863037276088484e-142
1.178208999775011943e-02 7.450975539914742397e-142
1.199891099673014612e-02 2.426469288170047468e-141
1.221769239371022463e-02 7.959646089059506073e-141
1.243843418869035149e-02 2.629865139369451024e-140
1.266113638167052670e-02 8.750990992301896158e-140
1.288579897265075200e-02 2.932433208537507381e-139
1.311242196163102738e-02 9.894846731563713033e-139
1.334100534861135459e-02 3.361729808431634137e-138
1.357154913359173015e-02 1.149878353467004532e-137
1.380405331657215580e-02 3.959485449959246451e-137
1.403851789755263153e-02 1.372415448695210835e-136
1.427494287653315735e-02 4.788004064110508424e-136
1.451332825351373326e-02 1.681153624229420857e-135
1.475367402849436273e-02 5.940267848428820662e-135
1.499598020147503881e-02 2.112087934389417636e-134
1.524024677245576498e-02 7.555909726593090614e-134
1.548647374143653950e-02 2.719516096514235302e-133
1.573466110841736931e-02 9.846633732266970421e-133
1.598480887339824227e-02 3.586214321304670366e-132
1.623691703637917053e-02 1.313705140149271424e-131
1.649098559736014366e-02 4.839868060889581991e-131
1.674701455634117209e-02 1.793096840125538483e-130
1.700500391332224540e-02 6.679886399799919116e-130
1.726495366830337400e-02 2.502014978739988749e-129
1.752686382128455442e-02 9.421639891762046942e-129
1.779073437226577625e-02 3.566473642628132761e-128
1.805656532124705685e-02 1.357023921259907991e-127
1.832435666822837886e-02 5.189576175671988445e-127
1.859410841320975616e-02 1.994490695658128448e-126
1.886582055619118528e-02 7.702781977310242492e-126
1.913949309717265929e-02 2.989085229704236750e-125
1.941512603615418858e-02 1.165369464693024505e-124
1.969271937313575929e-02 4.564393350141116764e-124
1.997227310811738876e-02 1.795791664463598872e-123
2.025378724109906312e-02 7.096457033243633358e-123
2.053726177208079276e-02 2.816431183349516794e-122
2.082269670106256382e-02 1.122503687768520865e-121
2.111009202804439364e-02 4.492276998930572891e-121
2.139944775302626487e-02 1.805071383901077017e-120
2.169076387600819486e-02 7.281657650723856898e-120
2.198404039699017321e-02 2.948716433862940830e-119
2.227927731597219643e-02 1.198564584349467283e-118
2.257647463295427495e-02 4.889610807826383990e-118
2.287563234793639835e-02 2.001844126539188623e-117
2.317675046091857705e-02 8.224092440354272558e-117
2.347982897190080062e-02 3.390049731893942554e-116
2.378486788088307949e-02 1.401984065909827634e-115
2.409186718786539977e-02 5.816443757646283908e-115
2.440082689284778228e-02 2.420515826889258638e-114
2.471174699583020273e-02 1.010305508091502688e-113
2.502462749681268195e-02 4.229123340057935605e-113
2.533946839579521298e-02 1.775248818358029503e-112
2.565626969277778543e-02 7.472015408782380577e-112
2.597503138776041318e-02 3.153147676480032127e-111
2.629575348074308580e-02 1.333942956823074764e-110
2.661843597172581372e-02 5.656853883934260333e-110
2.694307886070858651e-02 2.404450144165410163e-109
2.726968214769141807e-02 1.024278509634813126e-108
2.759824583267428758e-02 4.372604262744803035e-108
2.792876991565721931e-02 1.870425788007041851e-107
2.826125439664019939e-02 8.016362741051421194e-107
2.859569927562322089e-02 3.441986814265057361e-106
2.893210455260630115e-02 1.480452283908759460e-105
2.927047022758941935e-02 6.378101505541905652e-105
2.961079630057259979e-02 2.752065042697402466e-104
2.995308277155582163e-02 1.189199448861875587e-103
3.029732964053910224e-02 5.145622932786412690e-103
3.064353690752242426e-02 2.229292332360218132e-102
3.099170457250580504e-02 9.669421279661699991e-102
3.134183263548922377e-02 4.198527206223860427e-101
3.169392109647270472e-02 1.824799578714182904e-100
3.204796995545623056e-02 7.938049707853186502e-100
3.240397921243980128e-02 3.455824532912967035e-99
3.276194886742343076e-02 1.505523790632157419e-98
3.312187892040710513e-02 6.562669545720246373e-98
3.348376937139083825e-02 2.862130251240803471e-97
3.384762022037460932e-02 1.248743477916251137e-96
3.421343146735843915e-02 5.449933004123300392e-96
3.458120311234230693e-02 2.379043437335548189e-95
3.495093515532624040e-02 1.038642578993865161e-94
3.532262759631021182e-02 4.534629035572751487e-94
3.569628043529424199e-02 1.979651452190441879e-93
3.607189367227831706e-02 8.641050688687222556e-93
3.644946730726244394e-02 3.770810771011761595e-92
3.682900134024662264e-02 1.644951940598041279e-91
3.721049577123083929e-02 7.172683937890336363e-91
3.759395060021512164e-02 3.125936142962757219e-90
3.797936582719944193e-02 1.361471228060160709e-89
3.836674145218382098e-02 5.925526357763094076e-89
3.875607747516824492e-02 2.576889281345327960e-88
3.914737389615272761e-02 1.119632042235771753e-87
3.954063071513724825e-02 4.859886345326163844e-87
3.993584793212182765e-02 2.107214597984950006e-86
4.033302554710645887e-02 9.126075005482247333e-86
4.073216356009112804e-02 3.947415148695461979e-85
4.113326197107585597e-02 1.705124519497945160e-84
4.153632078006062878e-02 7.354871455294614843e-84
4.194133998704546035e-02 3.167605389921471850e-83
4.234831959203032986e-02 1.362026365341561782e-82
4.275725959501525814e-02 5.846554687512635741e-82
4.316815999600023129e-02 2.505165019671810543e-81
4.358102079498526321e-02 1.071411737302896939e-80
4.399584199197033307e-02 4.573221931368988583e-80
4.441262358695546170e-02 1.948032576838982938e-79
4.483136557994064214e-02 8.280196131592637789e-79
4.525206797092586747e-02 3.511705484077248410e-78
4.567473075991114462e-02 1.485906073393758633e-77
4.609935394689646665e-02 6.272250214266176612e-77
4.652593753188184744e-02 2.641053835437228731e-76
4.695448151486726618e-02 1.109216435966159900e-75
4.738498589585275061e-02 4.646265160864963020e-75
4.781745067483826606e-02 1.940903844860312604e-74
4.825187585182384720e-02 8.085004383436551405e-74
4.868826142680946628e-02 3.358124425432427976e-73
4.912660739979515107e-02 1.390650088981612393e-72
4.956691377078088073e-02 5.741270290786640675e-72
5.000918053976664834e-02 2.362826584481326402e-71
5.045340770675248165e-02 9.692913422495030890e-71
5.089959527173835291e-02 3.963150484916123305e-70
5.134774323472428292e-02 1.614938060019310811e-69
5.179785159571025088e-02 6.557915357205266794e-69
5.224992035469628454e-02 2.653604237890727691e-68
5.270394951168235614e-02 1.069874682117674442e-67
5.315993906666848651e-02 4.297563646301887039e-67
5.361788901965465481e-02 1.719771873970696213e-66
5.407779937064088882e-02 6.855595587606812054e-66
5.453967011962716771e-02 2.722151605960969993e-65
5.500350126661349148e-02 1.076562841629766430e-64
5.546929281159986708e-02 4.240273365931906446e-64
5.593704475458628755e-02 1.663195891858848383e-63
5.640675709557277373e-02 6.496148805025498596e-63
5.687842983455929091e-02 2.526386139754623938e-62
5.735206297154587379e-02 9.782348917420090526e-62
5.782765650653248768e-02 3.770986106110809732e-61
5.830521043951917420e-02 1.447118359773386596e-60
5.878472477050590561e-02 5.527894602404915281e-60
5.926619949949267496e-02 2.101800759188842812e-59
5.974963462647950307e-02 7.953700050529800775e-59
6.023503015146637607e-02 2.995455043181513861e-58
6.072238607445330782e-02 1.122645586065484595e-57
6.121170239544027752e-02 4.186773138271189610e-57
6.170297911442730598e-02 1.553617041368581090e-56
6.219621623141437933e-02 5.735978354632393205e-56
6.269141374640151143e-02 2.106888197185547579e-55
6.318857165938866760e-02 7.698705489676343175e-55
6.368768997037589641e-02 2.798389852267409064e-54
6.418876867936318398e-02 1.011778359626565602e-53
6.469180778635051643e-02 3.638495786030603361e-53
6.519680729133789376e-02 1.301339383225317398e-52
6.570376719432530210e-02 4.628762565570536859e-52
6.621268749531278308e-02 1.637262711792403676e-51
6.672356819430030894e-02 5.758705420541853989e-51
6.723640929128789356e-02 2.013995903410054861e-50
6.775121078627552307e-02 7.003159969254663475e-50
6.826797267926318358e-02 2.421062997212876261e-49
6.878669497025091673e-02 8.320891669067978351e-49
6.930737765923869476e-02 2.842895248842123303e-48
6.983002074622653155e-02 9.655057442920696337e-48
7.035462423121441322e-02 3.259327570918020551e-47
7.088118811420231202e-02 1.093595619854496896e-46
7.140971239519029734e-02 3.646850062473171677e-46
7.194019707417832754e-02 1.208616650258130948e-45
7.247264215116641650e-02 3.980578729078903317e-45
7.300704762615452259e-02 1.302772679695684985e-44
7.354341349914270132e-02 4.236761200845864129e-44
7.408173977013092493e-02 1.369054483696506349e-43
7.462202643911922118e-02 4.395494150556408333e-43
7.516427350610754843e-02 1.402084162404749527e-42
7.570848097109590669e-02 4.443236050003364505e-42
7.625464883408433758e-02 1.398825326330669126e-41
7.680277709507281336e-02 4.374683233502781351e-41
7.735286575406134790e-02 1.359030930116941366e-40
7.790491481104989957e-02 4.193654148641959732e-40
7.845892426603853775e-02 1.285339095776772341e-39
7.901489411902722082e-02 3.912787970917888930e-39
7.957282437001594877e-02 1.182988217996570014e-38
8.013271501900470772e-02 3.552077326858086007e-38
8.069456606599353932e-02 1.059192841383335262e-37
8.125837751098241579e-02 3.136471946824720917e-37
8.182414935397135103e-02 9.222846998144109876e-37
8.239188159496033115e-02 2.692958601864291723e-36
8.296157423394934227e-02 7.807637643917413743e-36
8.353322727093842603e-02 2.247602548456919857e-35
8.410684070592755468e-02 6.424128903944454108e-35
8.468241453891674209e-02 1.823010574933903482e-34
8.525994876990593274e-02 5.136059694597879954e-34
8.583944339889522379e-02 1.436557365672837406e-33
8.642089842588455972e-02 3.988911505245706777e-33
8.700431385087394054e-02 1.099540450183279580e-32
8.758968967386336624e-02 3.008712202498283724e-32
8.817702589485282294e-02 8.172413651583422533e-32
8.876632251384235228e-02 2.203475900409317348e-31
8.935757953083194038e-02 5.897159814686086218e-31
8.995079694582157337e-02 1.566545414993352664e-30
9.054597475881122348e-02 4.130453305064810486e-30
9.114311296980096011e-02 1.080927691742552291e-29
9.174221157879074162e-02 2.807564373550045992e-29
9.234327058578056802e-02 7.237478753267476407e-29
9.294628999077042542e-02 1.851655191022825295e-28
9.355126979376035545e-02 4.701530936206010764e-28
9.415820999475034425e-02 1.184721767418868619e-27
9.476711059374037793e-02 2.962669752778032475e-27
9.537797159073045650e-02 7.352452652412633627e-27
9.599079298572055219e-02 1.810739824949290609e-26
9.660557477871074827e-02 4.425351759566508363e-26
9.722231696970097536e-02 1.073250173185427680e-25
9.784101955869126122e-02 2.582911103287177846e-25
9.846168254568156419e-02 6.168329525936563362e-25
9.908430593067193981e-02 1.461739492534972052e-24
9.970888971366237419e-02 3.437255301607569591e-24
1.003354338946528534e-01 8.020260669936596015e-24
1.009639384736433915e-01 1.856931769872757112e-23
1.015944034506339466e-01 4.266094427607807784e-23
1.022268288256245744e-01 9.724980079606480073e-23
1.028612145986152610e-01 2.199722001776978475e-22
1.034975607696059924e-01 4.937023350017206422e-22
1.041358673385967409e-01 1.099458268255915535e-21
1.047761343055875760e-01 2.429443394301981142e-21
1.054183616705784560e-01 5.326574008025761234e-21
1.060625494335693947e-01 1.158781015031154823e-20
1.067086975945603783e-01 2.501304008443795363e-20
1.073568061535513790e-01 5.357265433260136329e-20
1.080068751105424663e-01 1.138496505343448790e-19
1.086589044655335984e-01 2.400671642663656901e-19
1.093128942185247754e-01 5.022817461551210955e-19
1.099688443695159834e-01 1.042742573255078795e-18
1.106267549185072641e-01 2.147947867054441465e-18
1.112866258654986035e-01 4.390252985546513105e-18
1.119484572104899878e-01 8.903836790386739110e-18
1.126122489534813753e-01 1.791800758092364882e-17
1.132780010944728633e-01 3.577919500243790914e-17
1.139457136334643961e-01 7.089303566923431516e-17
1.146153865704559877e-01 1.393840144087763624e-16
1.152870199054476102e-01 2.719339113882483163e-16
1.159606136384392638e-01 5.264532192771918160e-16
1.166361677694310039e-01 1.011364292856099845e-15
1.173136822984227889e-01 1.928024946039810592e-15
1.179931572254146188e-01 3.647380379929589872e-15
1.186745925504064658e-01 6.847300752349916174e-15
1.193579882733983993e-01 1.275659103958204324e-14
1.200433443943903777e-01 2.358490190876840665e-14
1.207306609133824149e-01 4.327384049114068284e-14
1.214199378303744969e-01 7.879829529696033925e-14
1.221111751453665961e-01 1.424021981106606754e-13
1.228043728583587818e-01 2.554076508637854506e-13
1.234995309693510124e-01 4.546505042347219364e-13
1.241966494783433017e-01 8.032627310159226428e-13
1.248957283853355943e-01 1.408587043802718293e-12
1.255967676903279873e-01 2.451693942644603652e-12
1.262997673933204390e-01 4.235610523833749515e-12
1.270047274943129079e-01 7.263468638253696812e-12
1.277116479933054216e-01 1.236408104441967011e-11
1.284205288902980080e-01 2.089205510428683014e-11
1.291313701852906393e-01 3.504404243566354633e-11
1.298441718782833154e-01 5.835438288560155551e-11
1.305589339692760642e-01 9.646547384639080452e-11
1.312756564582688024e-01 1.583152337884958151e-10
1.319943393452616409e-01 2.579523522352720727e-10
1.327149826302545244e-01 4.172882998521346301e-10
1.334375863132474527e-01 6.702350707499258866e-10
1.341621503942403981e-01 1.068875093548727851e-09
1.348886748732334440e-01 1.692585506726308959e-09
1.356171597502265069e-01 2.661420236479371177e-09
1.363476050252196425e-01 4.155575056660391610e-09
1.370800106982128508e-01 6.443467510447805964e-09
1.378143767692060206e-01 9.921910853112113177e-09
1.385507032381993187e-01 1.517311738221071394e-08
1.392889901051926616e-01 2.304491583194300063e-08
1.400292373701860493e-01 3.476270400050104971e-08
1.407714450331794265e-01 5.208440627522554414e-08
1.415156130941729040e-01 7.751318333618495751e-08
1.422617415531664542e-01 1.145870065312838411e-07
1.430098304101600493e-01 1.682696106226864761e-07
1.437598796651536337e-01 2.454739414150901264e-07
1.445118893181473185e-01 3.557571782455136490e-07
1.452658593691410482e-01 5.122358817802033978e-07
1.460217898181348506e-01 7.327809131836102775e-07
1.467796806651286701e-01 1.041564563559647585e-06
1.475395319101225067e-01 1.471046827190675916e-06
1.483013435531164437e-01 2.064503861232054225e-06
1.490651155941104256e-01 2.879219192465061379e-06
1.498308480331044801e-01 3.990476806888873083e-06
1.505985408700985240e-01 5.496514366187613177e-06
1.513681941050926405e-01 7.524613666067252029e-06
1.521398077380868297e-01 1.023852357023276979e-05
1.529133817690810637e-01 1.384742528752420467e-05
1.536889161980753704e-01 1.861666309088922338e-05
1.544664110250696387e-01 2.488046891306573086e-05
1.552458662500640352e-01 3.305690960309931337e-05
1.560272818730584765e-01 4.366527617371991621e-05
1.568106578940529627e-01 5.734611442375592104e-05
1.575959943130474383e-01 7.488406376203712357e-05
1.583832911300420421e-01 9.723362427332007225e-05
1.591725483450366629e-01 1.255479097257848522e-04
1.599637659580313565e-01 1.612103654643740243e-04
1.607569439690260948e-01 2.058693347251850866e-04
1.615520823780208504e-01 2.614752453689293300e-04
1.623491811850156785e-01 3.303200614573058736e-04
1.631482403900105516e-01 4.150785141866502204e-04
1.639492599930054972e-01 5.188504552421532813e-04
1.647522399940004323e-01 6.452035616923132216e-04
1.655571803929954677e-01 7.982154358096313438e-04
1.663640811899905481e-01 9.825140207664311964e-04
1.671729423849857010e-01 1.203315119213671860e-03
1.679837639779808434e-01 1.466455697539530666e-03
1.687965459689760583e-01 1.778421583735234710e-03
1.696112883579713460e-01 2.146368129510293175e-03
1.704279911449667062e-01 2.578132414240506386e-03
1.712466543299620836e-01 3.082235624947263653e-03
1.720672779129574781e-01 3.667874356611651454e-03
1.728898618939529452e-01 4.344899730839830651e-03
1.737144062729484850e-01 5.123783527276369078e-03
1.745409110499440697e-01 6.015570578550527396e-03
1.753693762249396715e-01 7.031817334736329035e-03
1.761998017979353459e-01 8.184516537553520113e-03
1.770321877689310930e-01 9.486008506765949283e-03
1.778665341379268849e-01 1.094887987660778800e-02
1.787028409049227218e-01 1.258585101943009328e-02
1.795411080699185480e-01 1.440965376818584970e-02
1.803813356329145023e-01 1.643290139120876306e-02
1.812235235939104738e-01 1.866795306714903388e-02
1.820676719529065180e-01 2.112677534161960455e-02
1.829137807099025514e-01 2.382080320915115623e-02
1.837618498648986853e-01 2.676080348575834295e-02
1.846118794178948919e-01 2.995674353589342434e-02
1.854638693688911155e-01 3.341766719251951234e-02
1.863178197178873563e-01 3.715158134102371223e-02
1.871737304648836975e-01 4.116535467795349318e-02
1.880316016098800835e-01 4.546463082677735384e-02
1.888914331528765145e-01 5.005375731647940252e-02
1.897532250938729903e-01 5.493573156966324866e-02
1.906169774328694833e-01 6.011216462212468081e-02
1.914826901698660766e-01 6.558326286463418697e-02
1.923503633048627148e-01 7.134782767552988458e-02
1.932199968378593979e-01 7.740327241382666257e-02
1.940915907688560982e-01 8.374565572964430549e-02
1.949651450978528711e-01 9.036973082978716487e-02
1.958406598248497166e-01 9.726900722394263288e-02
1.967181349498466070e-01 1.044358257995232214e-01
1.975975704728435423e-01 1.118614436027621784e-01
1.984789663938404669e-01 1.195361271015635135e-01
1.993623227128375197e-01 1.274492518833007793e-01
2.002476394298345896e-01 1.355894068728297486e-01
2.011349165448317322e-01 1.439445012246236277e-01
2.020241540578288642e-01 1.525018721506291308e-01
2.029153519688260965e-01 1.612483920839426210e-01
2.038085102778234015e-01 1.701705737403278740e-01
2.047036289848207236e-01 1.792546715306599370e-01
2.056007080898180628e-01 1.884867798748892098e-01
2.064997475928155024e-01 1.978529236782706202e-01
2.074007474938129869e-01 2.073391451534557783e-01
2.083037077928105441e-01 2.169315829749590696e-01
2.092086284898081183e-01 2.266165447410815603e-01
2.101155095848057097e-01 2.363805723254960856e-01
2.110243510778034015e-01 2.462105000492936513e-01
2.119351529688011382e-01 2.560935057233973966e-01
2.128479152577989197e-01 2.660171547133425296e-01
2.137626379447967184e-01 2.759694372633332282e-01
2.146793210297945897e-01 2.859387990434284488e-01
2.155979645127925337e-01 2.959141672190280792e-01
2.165185683937905226e-01 3.058849678398805616e-01
2.174411326727885563e-01 3.158411408035083912e-01
2.183656573497865794e-01 3.257731486693448697e-01
2.192921424247847306e-01 3.356719813574248201e-01
2.202205878977829268e-01 3.455291569219756109e-01
2.211509937687811678e-01 3.553367188334854987e-01
2.220833600377793982e-01 3.650872301886394777e-01
2.230176867047777289e-01 3.747737652479251058e-01
2.239539737697761046e-01 3.843898986790621475e-01
2.248922212327745529e-01 3.939296928598143288e-01
2.258324290937730461e-01 4.033876830807421321e-01
2.267745973527715286e-01 4.127588637273350569e-01
2.277187260097701116e-01 4.220386691045347471e-01
2.286648150647687394e-01 4.312229575604783482e-01
2.296128645177674399e-01 4.403079931081071430e-01
2.305628743687661297e-01 4.492904270488092267e-01
2.315148446177649200e-01 4.581672794054397757e-01
2.324687752647637551e-01 4.669359203182611995e-01
2.334246663097626351e-01 4.755940515371668842e-01
2.343825177527615322e-01 4.841396881243718586e-01
2.353423295937605020e-01 4.925711404648319136e-01
2.363041018327595444e-01 5.008869961825564987e-01
2.372678344697586317e-01 5.090861047830272934e-01
2.382335275047577638e-01 5.171675585274425613e-01
2.392011809377569131e-01 5.251306779030474603e-01
2.401707947687561351e-01 5.329749957651175318e-01
2.411423689977554297e-01 5.407002424518447814e-01
2.421159036247547691e-01 5.483063315243160707e-01
2.430913986497540979e-01 5.557933461410954346e-01
2.440688540727535549e-01 5.631615260700537640e-01
2.450482698937530290e-01 5.704112553357826298e-01
2.460296461127525758e-01 5.775430504962182354e-01
2.470129827297521674e-01 5.845575495384938147e-01
2.479982797447517484e-01 5.914555007923837371e-01
2.489855371577514298e-01 5.982377552131544762e-01
2.499747549687511561e-01 6.049052539833071895e-01
2.509659331777509550e-01 6.114590216519820709e-01
2.519590717847506878e-01 6.179001574433123922e-01
2.529541707897505765e-01 6.242298275298524546e-01
2.539512301927505100e-01 6.304492577998721536e-01
2.549502499937504885e-01 6.365597270965450694e-01
2.559512301927505673e-01 6.425625609078877698e-01
2.569541707897506355e-01 6.484591254856861831e-01
2.579590717847507486e-01 6.542508223722113270e-01
2.589659331777509621e-01 6.599390827957660743e-01
2.599747549687512205e-01 6.655253648721133342e-01
2.609855371577514682e-01 6.710111465455963486e-01
2.619982797447518164e-01 6.763979232174595069e-01
2.630129827297520984e-01 6.816872036155415815e-01
2.640296461127525363e-01 6.868805063470454497e-01
2.650482698937530190e-01 6.919793567243891497e-01
2.660688540727535467e-01 6.969852838479206891e-01
2.670913986497541748e-01 7.018998179291547901e-01
2.681159036247547922e-01 7.067244878397336283e-01
2.691423689977554545e-01 7.114608188717598258e-01
2.701707947687562172e-01 7.161103306954490488e-01
2.712011809377570248e-01 7.206745349425274227e-01
2.722335275047577108e-01 7.251549356007672698e-01
2.732678344697586081e-01 7.295530245733151675e-01
2.743041018327595504e-01 7.338702821267002463e-01
2.753423295937605375e-01 7.381081752262391715e-01
2.763825177527615695e-01 7.422681564292765710e-01
2.774246663097627019e-01 7.463516628987425516e-01
2.784687752647638237e-01 7.503601155281879320e-01
2.795148446177649904e-01 7.542949181701708028e-01
2.805628743687662574e-01 7.581574569603671820e-01
2.816128645177674028e-01 7.619490997302303947e-01
2.826648150647687596e-01 7.656711955014640081e-01
2.837187260097701613e-01 7.693250734910679345e-01
2.847745973527716079e-01 7.729120448578112867e-01
2.858324290937730994e-01 7.764333994466984246e-01
2.868922212327746357e-01 7.798904074054728852e-01
2.879539737697762170e-01 7.832843185647949680e-01
2.890176867047778431e-01 7.866163623049746700e-01
2.900833600377795141e-01 7.898877474678196453e-01
2.911509937687811744e-01 7.930996623104312748e-01
2.922205878977829352e-01 7.962532744966805964e-01
2.932921424247847964e-01 7.993497311235865377e-01
2.943656573497866469e-01 8.023901587789101786e-01
2.954411326727885978e-01 8.053756636274755909e-01
2.965185683937905936e-01 8.083073309888619828e-01
2.975979645127926343e-01 8.111862274680047280e-01
2.986793210297947199e-01 8.140133983069890444e-01
2.997626379447967393e-01 8.167898693184647563e-01
3.008479152577989146e-01 8.195166466636301106e-01
3.019351529688011904e-01 8.221947170594434695e-01
3.030243510778034555e-01 8.248250479990387740e-01
3.041155095848058210e-01 8.274085879840499258e-01
3.052086284898081758e-01 8.299462667669561533e-01
3.063037077928106311e-01 8.324389956026323478e-01
3.074007474938131312e-01 8.348876675072256504e-01
3.084997475928156763e-01 8.372931575240453173e-01
3.096007080898180996e-01 8.396563229943696527e-01
3.107036289848207899e-01 8.419780032357024879e-01
3.118085102778234696e-01 8.442590220629846431e-01
3.129153519688261942e-01 8.465001849049572646e-01
3.140241540578289636e-01 8.487022810812291373e-01
3.151349165448318335e-01 8.508660836163099983e-01
3.162476394298346927e-01 8.529923495261370059e-01
3.173623227128376523e-01 8.550818201046356259e-01
3.184789663938406568e-01 8.571352212101849277e-01
3.195975704728435396e-01 8.591532635511498484e-01
3.207181349498466338e-01 8.611366429704079284e-01
3.218406598248497730e-01 8.630860407282729962e-01
3.229651450978529570e-01 8.650021237834587540e-01
3.240915907688562414e-01 8.668855445822100103e-01
3.252199968378595152e-01 8.687369431692272270e-01
3.263503633048628338e-01 8.705569448747275674e-01
3.274826901698662529e-01 8.723461622106769564e-01
3.286169774328696613e-01 8.741051947544554723e-01
3.297532250938730591e-01 8.758346294130388010e-01
3.308914331528765573e-01 8.775350406837687522e-01
3.320316016098801559e-01 8.792069909115837190e-01
3.331737304648837994e-01 8.808510305424562814e-01
3.343178197178874878e-01 8.824676983730761481e-01
3.354638693688912210e-01 8.840575217966707422e-01
3.366118794178950546e-01 8.856210170449060337e-01
3.377618498648988776e-01 8.871586894257255107e-01
3.389137807099027455e-01 8.886710330908706990e-01
3.400676719529066028e-01 8.901585330160108889e-01
3.412235235939105604e-01 8.916216627545995310e-01
3.423813356329146185e-01 8.930608862152954464e-01
3.435411080699187214e-01 8.944766575114494467e-01
3.447028409049228137e-01 8.958694211747273428e-01
3.458665341379270064e-01 8.972396123643254784e-01
3.470321877689312440e-01 8.985876570723704271e-01
3.481998017979355819e-01 8.999139723251268208e-01
3.493693762249399093e-01 9.012189663803186201e-01
3.505409110499441705e-01 9.025030389204018455e-01
3.517144062729485876e-01 9.037665812418825828e-01
3.528898618939531051e-01 9.050099764408467973e-01
3.540672779129576120e-01 9.062335995945156597e-01
3.552466543299622193e-01 9.074378174333846969e-01
3.564279911449668714e-01 9.086229904218968700e-01
3.576112883579715684e-01 9.097894702247844023e-01
3.587965459689763104e-01 9.109376015825453310e-01
3.599837639779809306e-01 9.120677220687000153e-01
3.611729423849858178e-01 9.131801622494329918e-01
3.623640811899906944e-01 9.142752458395539961e-01
3.635571803929956158e-01 9.153532898552362296e-01
3.647522399940006377e-01 9.164146047630786773e-01
3.659492599930056489e-01 9.174594946262984996e-01
3.671482403900107605e-01 9.184882572472017337e-01
3.683491811850159170e-01 9.195011843067152357e-01
3.695520823780210629e-01 9.204985615008490774e-01
3.707569439690261981e-01 9.214806686738595820e-01
3.719637659580314892e-01 9.224477794546803722e-01
3.731725483450368253e-01 9.234001632511952273e-01
3.743832911300422062e-01 9.243380827207537953e-01
3.755959943130476320e-01 9.252617955724536936e-01
3.768106578940531581e-01 9.261715542859777495e-01
3.780272818730586737e-01 9.270676062277555252e-01
3.792458662500642896e-01 9.279501937643156451e-01
3.804664110250698950e-01 9.288195543730733972e-01
3.816889161980754896e-01 9.296759207506761769e-01
3.829133817690812402e-01 9.305195209185819216e-01
3.841398077380869802e-01 9.313505783265135785e-01
3.853681941050928206e-01 9.321693119533462912e-01
3.865985408700987613e-01 9.329759364055798532e-01
3.878308480331046915e-01 9.337706620137797842e-01
3.890651155941106665e-01 9.345536944918875211e-01
3.903013435531166864e-01 9.353252366733284529e-01
3.915395319101228067e-01 9.360854862621708072e-01
3.927796806651288053e-01 9.368346374023929224e-01
3.940217898181350153e-01 9.375728804108784953e-01
3.952658593691412148e-01 9.383004018610453523e-01
3.965118893181475146e-01 9.390173846645806233e-01
3.977598796651538593e-01 9.397240081511060161e-01
3.990098304101602489e-01 9.404204481462408172e-01
4.002617415531666833e-01 9.411068770475987666e-01
4.015156130941732182e-01 9.417834638991763319e-01
4.027714450331797424e-01 9.424503744639763925e-01
4.040292373701862005e-01 9.431077712949238467e-01
4.052889901051928145e-01 9.437558138041139966e-01
4.065507032381995289e-01 9.443946583305162790e-01
4.078143767692062882e-01 9.450244577890882791e-01
4.090800106982130369e-01 9.456453633167669626e-01
4.103476050252198859e-01 9.462575220810973686e-01
4.116171597502267798e-01 9.468610787730111777e-01
4.128886748732337186e-01 9.474561753259098662e-01
4.141621503942407023e-01 9.480429509743911742e-01
4.154375863132476199e-01 9.486215423115513801e-01
4.167149826302546933e-01 9.491920833452531792e-01
4.179943393452618672e-01 9.497547055528678950e-01
4.192756564582690304e-01 9.503095379347982208e-01
4.205589339692762940e-01 9.508567070668232368e-01
4.218441718782836025e-01 9.513963371512252909e-01
4.231313701852909004e-01 9.519285500666656574e-01
4.244205288902982987e-01 9.524534654170643266e-01
4.257116479933056308e-01 9.529712005791941554e-01
4.270047274943131188e-01 9.534818707492556111e-01
4.282997673933206517e-01 9.539855885629542342e-01
4.295967676903282295e-01 9.544824657595928352e-01
4.308957283853359077e-01 9.549726109088191306e-01
4.321966494783435753e-01 9.554561309285618531e-01
4.334995309693513432e-01 9.559331307736740335e-01
4.348043728583591006e-01 9.564037134764596937e-01
4.361111751453669583e-01 9.568679801862947087e-01
4.374199378303746943e-01 9.573260302084656281e-01
4.387306609133826418e-01 9.577779610419688838e-01
4.400433443943906342e-01 9.582238684165478304e-01
4.413579882733986715e-01 9.586638463287742162e-01
4.426745925504067536e-01 9.590979870776710214e-01
4.439931572254149361e-01 9.595263812990029173e-01
4.453136822984231080e-01 9.599491179992267753e-01
4.466361677694313248e-01 9.603662845885121424e-01
4.479606136384396420e-01 9.607779669130177558e-01
4.492870199054478375e-01 9.611842489088342489e-01
4.506153865704562445e-01 9.615852140723745167e-01
4.519457136334646408e-01 9.619809434289656735e-01
4.532780010944731375e-01 9.623715168767696948e-01
4.546122489534816791e-01 9.627570129009663802e-01
4.559484572104903211e-01 9.631375086020369514e-01
4.572866258654989524e-01 9.635130797232485111e-01
4.586267549185076287e-01 9.638838006777536993e-01
4.599688443695163498e-01 9.642497445749750318e-01
4.613128942185250048e-01 9.646109832463457545e-01
4.626589044655338712e-01 9.649675872706658941e-01
4.640068751105427269e-01 9.653196259986805972e-01
4.653568061535516831e-01 9.656671675773997876e-01
4.667086975945606842e-01 9.660102789735237616e-01
4.680625494335697301e-01 9.663490259967679741e-01
4.694183616705788209e-01 9.666834733223382825e-01
4.707761343055879566e-01 9.670136845130975489e-01
4.721358673385971372e-01 9.673397216973376178e-01
4.734975607696062516e-01 9.676616469033253454e-01
4.748612145986155220e-01 9.679795201957386297e-01
4.762268288256248927e-01 9.682934008991423980e-01
4.775944034506342528e-01 9.686033473295180274e-01
4.789639384736437133e-01 9.689094168134706475e-01
4.803354338946532187e-01 9.692116657074009156e-01
4.817088897136627690e-01 9.695101494159341637e-01
4.830843059306723641e-01 9.698049224102422983e-01
4.844616825456818376e-01 9.700960382457930464e-01
4.858410195586915226e-01 9.703835495797099586e-01
4.872223169697012524e-01 9.706675081880379308e-01
4.886055747787110826e-01 9.709479649821942671e-01
4.899907929857209021e-01 9.712249700254413920e-01
4.913779715907308221e-01 9.714985725489160284e-01
4.927671105937407314e-01 9.717688209671953015e-01
4.941582099947507412e-01 9.720357628937221772e-01
4.955512697937607958e-01 9.722994451556918882e-01
4.969462899907707287e-01 9.725599134962713554e-01
4.983432705857808731e-01 9.728172137855481960e-01
4.997422115787910624e-01 9.730713903144277976e-01
5.011431129698012965e-01 9.733224869089289744e-01
5.025459747588115755e-01 9.735705466793770357e-01
5.039507969458218994e-01 9.738156120336224353e-01
5.053575795308323793e-01 9.740577246900983255e-01
5.067663225138427929e-01 9.742969256904355779e-01
5.081770258948532515e-01 9.745332554118775192e-01
5.095896896738636439e-01 9.747667535795132565e-01
5.110043138508743032e-01 9.749974592781487370e-01
5.124208984258848965e-01 9.752254109640156043e-01
5.138394433988955345e-01 9.754506464762332518e-01
5.152599487699063285e-01 9.756732030479454698e-01
5.166824145389171674e-01 9.758931173174125728e-01
5.181068407059279401e-01 9.761104253386803098e-01
5.195332272709388688e-01 9.763251625921277599e-01
5.209615742339498423e-01 9.765373639948439211e-01
5.223918815949606387e-01 9.767470639107013186e-01
5.238241493539717020e-01 9.769542961602852849e-01
5.252583775109828101e-01 9.771590937096436003e-01
5.266945660659939632e-01 9.773614899133762357e-01
5.281327150190051611e-01 9.775615167438500563e-01
5.295728243700164040e-01 9.777592059433625193e-01
5.310148941190276917e-01 9.779545887575138430e-01
5.324589242660390243e-01 9.781476959441741670e-01
5.339049148110504017e-01 9.783385577819302403e-01
5.353528657540617131e-01 9.785272040786074932e-01
5.368027770950731803e-01 9.787136641795031178e-01
5.382546488340846924e-01 9.788979669755268898e-01
5.397084809710962494e-01 9.790801409111378195e-01
5.411642735061079623e-01 9.792602139921505744e-01
5.426220264391196091e-01 9.794382137932879928e-01
5.440817397701314118e-01 9.796141674658229714e-01
5.455434134991431483e-01 9.797881017447661600e-01
5.470070476261550407e-01 9.799600429561929893e-01
5.484726421511667560e-01 9.801300170241822318e-01
5.499401970741787382e-01 9.802980494778882337e-01
5.514097123951906543e-01 9.804641654581741639e-01
5.528811881142027262e-01 9.806283897243577297e-01
5.543546242312148431e-01 9.807907466607127533e-01
5.558300207462270048e-01 9.809512599793934751e-01
5.573073776592392115e-01 9.811099538966981948e-01
5.587866949702514630e-01 9.812668514460608504e-01
5.602679726792635373e-01 9.814219755741245832e-01
5.617512107862758786e-01 9.815753488832549278e-01
5.632364092912882647e-01 9.817269936375008221e-01
5.647235681943006957e-01 9.818769317681331765e-01
5.662126874953131717e-01 9.820251848792802551e-01
5.677037671943258035e-01 9.821717742534861184e-01
5.691968072913383692e-01 9.823167208570123821e-01
5.706918077863509797e-01 9.824600453451748372e-01
5.721887686793637462e-01 9.826017680674610233e-01
5.736876899703762245e-01 9.827419090726731143e-01
5.751885716593890807e-01 9.828804881139143745e-01
5.766914137464018708e-01 9.830175246534266220e-01
5.781962162314148168e-01 9.831530378674452342e-01
5.797029791144278077e-01 9.832870466508878415e-01
5.812117023954407324e-01 9.834195696220371374e-01
5.827223860744538131e-01 9.835506251269615641e-01
5.842350301514669386e-01 9.836802312440737772e-01
5.857496346264799980e-01 9.838084057884772804e-01
5.872661994994931023e-01 9.839351663162340111e-01
5.887847247705062514e-01 9.840605301286260431e-01
5.903052104395195565e-01 9.841845139853795388e-01
5.918276565065329065e-01 9.843071352337090518e-01
5.933520629715463013e-01 9.844284101792003527e-01
5.948784298345597410e-01 9.845483551442029135e-01
5.964067570955732256e-01 9.846669862161991915e-01
5.979370447545868661e-01 9.847843192515235433e-01
5.994692928116004405e-01 9.849003698791510830e-01
6.010035012666138377e-01 9.850151535042066531e-01
6.025396701196276128e-01 9.851286853116242304e-01
6.040777993706413218e-01 9.852409802695972774e-01
6.056178890196550757e-01 9.853520531330554055e-01
6.071599390666689855e-01 9.854619184470400084e-01
6.087039495116828292e-01 9.855705905499484443e-01
6.102499203546968287e-01 9.856780835768780280e-01
6.117978515957107621e-01 9.857844114627831722e-01
6.133477432347248515e-01 9.858895879455951139e-01
6.148995952717387636e-01 9.859936265693862723e-01
6.164534077067529427e-01 9.860965406872449490e-01
6.180091805397671667e-01 9.861983434644229218e-01
6.195669137707813245e-01 9.862990478811574091e-01
6.211266073997956383e-01 9.863986667355096882e-01
6.226882614268099969e-01 9.864972126462936419e-01
6.242518758518244004e-01 9.865946980557406265e-01
6.258174506748388488e-01 9.866911352323037843e-01
6.273849858958533421e-01 9.867865362731993439e-01
6.289544815148676582e-01 9.868809131071726304e-01
6.305259375318823523e-01 9.869742772029357347e-01
6.320993539468969802e-01 9.870666407140822329e-01
6.336747307599116530e-01 9.871580148163217050e-01
6.352520679709263707e-01 9.872484107894294869e-01
6.368313655799411332e-01 9.873378397571052068e-01
6.384126235869560517e-01 9.874263126893190190e-01
6.399958419919709041e-01 9.875138404045944451e-01
6.415810207949856903e-01 9.876004335723632677e-01
6.431681599960007434e-01 9.876861027150958261e-01
6.447572595950157304e-01 9.877708582106159430e-01
6.463483195920308733e-01 9.878547102941899194e-01
6.479413399870459500e-01 9.879376690606280764e-01
6.495363207800611827e-01 9.880197444664263751e-01
6.511332619710764602e-01 9.881009463318204400e-01
6.527321635600916716e-01 9.881812843427433268e-01
6.543330255471070389e-01 9.882607680528396887e-01
6.559358479321222291e-01 9.883394068854230996e-01
6.575406307151376861e-01 9.884172101353394524e-01
6.591473738961531881e-01 9.884941869709125140e-01
6.607560774751687349e-01 9.885703464357070702e-01
6.623667414521843266e-01 9.886456974504643780e-01
6.639793658271999632e-01 9.887202488147480706e-01
6.655939506002157557e-01 9.887940092088021160e-01
6.672104957712314821e-01 9.888669871952016077e-01
6.688290013402472534e-01 9.889391912206212387e-01
6.704494673072629585e-01 9.890106296174470124e-01
6.720718936722788195e-01 9.890813106053899517e-01
6.736962804352947254e-01 9.891512422931715287e-01
6.753226275963107872e-01 9.892204326800458913e-01
6.769509351553267829e-01 9.892888893787276094e-01
6.785812031123429344e-01 9.893566207036972315e-01
6.802134314673590199e-01 9.894236340824783538e-01
6.818476202203752612e-01 9.894899370917591419e-01
6.834837693713914364e-01 9.895555372062827537e-01
6.851218789204075454e-01 9.896204418002325642e-01
6.867619488674239214e-01 9.896846581487740435e-01
6.884039792124403423e-01 9.897481934293176353e-01
6.900479699554568080e-01 9.898110547228542444e-01
6.916939210964733187e-01 9.898732490154380503e-01
6.933418326354898742e-01 9.899347831993037250e-01
6.949917045725064746e-01 9.899956640743051706e-01
6.966435369075231199e-01 9.900558983491735132e-01
6.982973296405398100e-01 9.901154926425770331e-01
6.999530827715563230e-01 9.901744534846539381e-01
7.016107963005731030e-01 9.902327873179518347e-01
7.032704702275899278e-01 9.902905004987337945e-01
7.049321045526069085e-01 9.903475992981114473e-01
7.065956992756238231e-01 9.904040899032365841e-01
7.082612543966407825e-01 9.904599784183494293e-01
7.099287699156578979e-01 9.905152708659208383e-01
7.115982458326749471e-01 9.905699731877868341e-01
7.132696821476921523e-01 9.906240912461115045e-01
7.149430788607090692e-01 9.906776308245640594e-01
7.166184359717263641e-01 9.907305976292477556e-01
7.182957534807437039e-01 9.907829972897734816e-01
7.199750313877609775e-01 9.908348353602857150e-01
7.216562696927784071e-01 9.908861173203095118e-01
7.233394683957958815e-01 9.909368485759414424e-01
7.250246274968132898e-01 9.909870344605375969e-01
7.267117469958308540e-01 9.910366802358987481e-01
7.284008268928482410e-01 9.910857910929720127e-01
7.300918671878658950e-01 9.911343721529478623e-01
7.317848678808835938e-01 9.911824284679529029e-01
7.334798289719013376e-01 9.912299650221531033e-01
7.351767504609192372e-01 9.912769864572544831e-01
7.368756323479370707e-01 9.913234981518070921e-01
7.385764746329549491e-01 9.913695046366407526e-01
7.402792773159728723e-01 9.914150106319365996e-01
7.419840403969908404e-01 9.914600207938661924e-01
7.436907638760087425e-01 9.915045397154500506e-01
7.453994477530268004e-01 9.915485719273811061e-01
7.471100920280450142e-01 9.915921218986704089e-01
7.488226967010631618e-01 9.916351940375056628e-01
7.505372617720814654e-01 9.916777926919190245e-01
7.522537872410997029e-01 9.917199221505419438e-01
7.539722731081180962e-01 9.917615866432911709e-01
7.556927193731364234e-01 9.918027903421274827e-01
7.574151260361549065e-01 9.918435373616113493e-01
7.591394930971732125e-01 9.918838317597659104e-01
7.608658205561917853e-01 9.919236775385289473e-01
7.625941084132104031e-01 9.919630786445982062e-01
7.643243566682289547e-01 9.920020389699472085e-01
7.660565653212476622e-01 9.920405623524577443e-01
7.677907343722664146e-01 9.920786525766387420e-01
7.695268638212852119e-01 9.921163133741356388e-01
7.712649536683040541e-01 9.921535484243543257e-01
7.730050039133229411e-01 9.921903613549873935e-01
7.747470145563417621e-01 9.922267557427784102e-01
7.764909855973607389e-01 9.922627351138454399e-01
7.782369170363797606e-01 9.922983029444127911e-01
7.799848088733989382e-01 9.923334626612383413e-01
7.817346611084180497e-01 9.923682176422886636e-01
7.834864737414372060e-01 9.924025712170866376e-01
7.852402467724565183e-01 9.924365266673539354e-01
7.869959802014757644e-01 9.924700872274743180e-01
7.887536740284951664e-01 9.925032560850156615e-01
7.905133282535142802e-01 9.925360363811913667e-01
7.922749428765337720e-01 9.925684312113330909e-01
7.940385178975533087e-01 9.926004436253776930e-01
7.958040533165727792e-01 9.926320766283373009e-01
7.975715491335924057e-01 9.926633331807280802e-01
7.993410053486120770e-01 9.926942161990239821e-01
8.011124219616317932e-01 9.927247285560746315e-01
8.028857989726515543e-01 9.927548730816073697e-01
8.046611363816711382e-01 9.927846525624880458e-01
8.064384341886909890e-01 9.928140697432860096e-01
8.082176923937108848e-01 9.928431273266364876e-01
8.099989109967308254e-01 9.928718279735607721e-01
8.117820899977508109e-01 9.929001743039447270e-01
8.135672293967708413e-01 9.929281686406556950e-01
8.153543291937909165e-01 9.929558140201490968e-01
8.171433893888111477e-01 9.929831126989927537e-01
8.189344099818313127e-01 9.930100671359975983e-01
8.207273909728513006e-01 9.930366797506886556e-01
8.225223323618716664e-01 9.930629529235273090e-01
8.243192341488919661e-01 9.930888889962878885e-01
8.261180963339124217e-01 9.931144902723726409e-01
8.279189189169328111e-01 9.931397590171214818e-01
8.297217018979533565e-01 9.931646974581710419e-01
8.315264452769738357e-01 9.931893077856370766e-01
8.333331490539944708e-01 9.932135921525510058e-01
8.351418132290151508e-01 9.932375526750761852e-01
8.369524378020356536e-01 9.932611914327940106e-01
8.387650227730564234e-01 9.932845104689617122e-01
8.405795681420771270e-01 9.933075117908409801e-01
8.423960739090979866e-01 9.933301973698679399e-01
8.442145400741188910e-01 9.933525691420092008e-01
8.460349666371398403e-01 9.933746290079522590e-01
8.478573535981608345e-01 9.933963788332734746e-01
8.496817009571818735e-01 9.934178204488605113e-01
8.515080087142030685e-01 9.934389556509386487e-01
8.533362768692239753e-01 9.934597862014612479e-01
8.551665054222451490e-01 9.934803138281593782e-01
8.569986943732663676e-01 9.935005402248889839e-01
8.588328437222877421e-01 9.935204670517675529e-01
8.606689534693090504e-01 9.935400959353508643e-01
8.625070236143304037e-01 9.935594284688972211e-01
8.643470541573519128e-01 9.935784662124217403e-01
8.661890450983733558e-01 9.935972106930487380e-01
8.680329964373949547e-01 9.936156634050063996e-01
8.698789081744163765e-01 9.936338258098874610e-01
8.717267803094379541e-01 9.936516993367838779e-01
8.735766128424596877e-01 9.936692853824317107e-01
8.754284057734814661e-01 9.936865853113634461e-01
8.772821591025032895e-01 9.937036004560672042e-01
8.791378728295250466e-01 9.937203321170512416e-01
8.809955469545469597e-01 9.937367815630240298e-01
8.828551814775689177e-01 9.937529500309927322e-01
8.847167763985909206e-01 9.937688387264148604e-01
8.865803317176127463e-01 9.937844488232406848e-01
8.884458474346348389e-01 9.937997814640703309e-01
8.903133235496569764e-01 9.938148377601911942e-01
8.921827600626792698e-01 9.938296187917552427e-01
8.940541569737014971e-01 9.938441256077228392e-01
8.959275142827237692e-01 9.938583592260739064e-01
8.978028319897460863e-01 9.938723206338276883e-01
8.996801100947685592e-01 9.938860107870912675e-01
9.015593485977907440e-01 9.938994306110998656e-01
9.034405474988133067e-01 9.939125810003136552e-01
9.053237067978358033e-01 9.939254628184497342e-01
9.072088264948584557e-01 9.939380768985034420e-01
9.090959065898810421e-01 9.939504240427790016e-01
9.109849470829037843e-01 9.939625050229601300e-01
9.128759479739264604e-01 9.939743205799964620e-01
9.147689092629492924e-01 9.939858714243438031e-01
9.166638309499721693e-01 9.939971582357502999e-01
9.185607130349948690e-01 9.940081816633429268e-01
9.204595555180178357e-01 9.940189423256641232e-01
9.223603583990407362e-01 9.940294408106282731e-01
9.242631216780637926e-01 9.940396776753753771e-01
9.261678453550868939e-01 9.940496534464995371e-01
9.280745294301100401e-01 9.940593686197686241e-01
9.299831739031333422e-01 9.940688236602536199e-01
9.318937787741565781e-01 9.940780190021479834e-01
9.338063440431798590e-01 9.940869550488592443e-01
9.357208697102029626e-01 9.940956321728241507e-01
9.376373557752263332e-01 9.941040507154668138e-01
9.395558022382498597e-01 9.941122109872084778e-01
9.414762090992733201e-01 9.941201132672206064e-01
9.433985763582968254e-01 9.941277578035563334e-01
9.453229040153204865e-01 9.941351448128337154e-01
9.472491920703440815e-01 9.941422744802893563e-01
9.491774405233678324e-01 9.941491469595556962e-01
9.511076493743915172e-01 9.941557623726759996e-01
9.530398186234151359e-01 9.941621208097854989e-01
9.549739482704390214e-01 9.941682223292440668e-01
9.569100383154629519e-01 9.941740669571882405e-01
9.588480887584868162e-01 9.941796546876113805e-01
9.607880995995108364e-01 9.941849854821175336e-01
9.627300708385349015e-01 9.941900592697469063e-01
9.646740024755590115e-01 9.941948759468813845e-01
9.666198945105831664e-01 9.941994353769527670e-01
9.685677469436073661e-01 9.942037373903175324e-01
9.705175597746313887e-01 9.942077817840533349e-01
9.724693330036556782e-01 9.942115683217224165e-01
9.744230666306800126e-01 9.942150967332290534e-01
9.763787606557043919e-01 9.942183667144891546e-01
9.783364150787289271e-01 9.942213779272963681e-01
9.802960298997533961e-01 9.942241299990254300e-01
9.822576051187779100e-01 9.942266225223536091e-01
9.842211407358025799e-01 9.942288550550902881e-01
9.861866367508271836e-01 9.942308271197981551e-01
9.881540931638517211e-01 9.942325382036444337e-01
9.901235099748764146e-01 9.942339877579760010e-01
9.920948871839012639e-01 9.942351751980516017e-01
9.940682247909260472e-01 9.942360999028279078e-01
9.960435227959509863e-01 9.942367612145420752e-01
9.980207811989759703e-01 9.942371584384041006e-01
1.000000000000000666e+00 9.942372908422610900e-01
