0.000000000000000000e+00 0.000000000000000000e+00
2.078119897502626434e-05 0.000000000000000000e+00
4.352279595010249372e-05 0.000000000000000000e+00
6.822479092522875592e-05 0.000000000000000000e+00
9.488718390040502381e-05 0.000000000000000000e+00
1.235099748756312839e-04 0.000000000000000000e+00
1.540931638509075632e-04 0.000000000000000000e+00
1.866367508262337669e-04 0.000000000000000000e+00
2.211407358016100034e-04 0.000000000000000000e+00
2.576051187770363269e-04 0.000000000000000000e+00
2.960298997525126832e-04 0.000000000000000000e+00
3.364150787280388555e-04 0.000000000000000000e+00
3.787606557036150606e-04 0.000000000000000000e+00
4.230666306792412444e-04 0.000000000000000000e+00
4.693330036549174067e-04 0.000000000000000000e+00
5.175597746306437102e-04 0.000000000000000000e+00
5.677469436064200466e-04 0.000000000000000000e+00
6.198945105822462531e-04 0.000000000000000000e+00
6.740024755581224382e-04 0.000000000000000000e+00
7.300708385340486020e-04 0.000000000000000000e+00
7.880995995100251780e-04 0.000000000000000000e+00
8.480887584860512989e-04 0.000000000000000000e+00
9.100383154621275068e-04 0.000000000000000000e+00
9.739482704382536934e-04 0.000000000000000000e+00
1.039818623414429750e-03 0.000000000000000000e+00
1.107649374390655894e-03 0.000000000000000000e+00
1.177440523366932558e-03 0.000000000000000000e+00
1.249192070343258659e-03 0.000000000000000000e+00
1.322904015319634847e-03 0.000000000000000000e+00
1.398576358296060905e-03 0.000000000000000000e+00
1.476209099272537051e-03 0.000000000000000000e+00
1.555802238249063716e-03 0.000000000000000000e+00
1.637355775225640036e-03 0.000000000000000000e+00
1.720869710202266008e-03 0.000000000000000000e+00
1.806344043178942285e-03 0.000000000000000000e+00
1.893778774155669082e-03 0.000000000000000000e+00
1.983173903132445098e-03 0.000000000000000000e+00
2.074529430109271419e-03 0.000000000000000000e+00
2.167845355086147393e-03 0.000000000000000000e+00
2.263121678063073454e-03 0.000000000000000000e+00
2.360358399040050469e-03 0.000000000000000000e+00
2.459555518017076271e-03 0.000000000000000000e+00
2.560713034994152593e-03 0.000000000000000000e+00
2.663830949971278568e-03 0.000000000000000000e+00
2.768909262948454630e-03 0.000000000000000000e+00
2.875947973925680780e-03 0.000000000000000000e+00
2.984947082902957450e-03 0.000000000000000000e+00
3.095906589880283773e-03 0.000000000000000000e+00
3.208826494857659750e-03 0.000000000000000000e+00
3.323706797835085814e-03 0.000000000000000000e+00
3.440547498812561965e-03 0.000000000000000000e+00
3.559348597790088636e-03 0.000000000000000000e+00
3.680110094767664961e-03 0.000000000000000000e+00
3.802831989745290939e-03 0.000000000000000000e+00
3.927514282722965704e-03 0.000000000000000000e+00
4.054156973700691856e-03 0.000000000000000000e+00
4.182760062678468095e-03 0.000000000000000000e+00
4.313323549656295289e-03 0.000000000000000000e+00
4.445847434634171702e-03 0.000000000000000000e+00
4.580331717612097335e-03 0.000000000000000000e+00
4.716776398590073922e-03 0.000000000000000000e+00
4.855181477568099729e-03 0.000000000000000000e+00
4.995546954546175623e-03 0.000000000000000000e+00
5.137872829524301604e-03 0.000000000000000000e+00
5.282159102502477672e-03 0.000000000000000000e+00
5.428405773480703828e-03 0.000000000000000000e+00
5.576612842458980070e-03 0.000000000000000000e+00
5.726780309437305531e-03 0.000000000000000000e+00
5.878908174415681948e-03 0.000000000000000000e+00
6.032996437394107583e-03 0.000000000000000000e+00
6.189045098372585908e-03 0.000000000000000000e+00
6.347054157351111718e-03 0.000000000000000000e+00
6.507023614329687615e-03 0.000000000000000000e+00
6.668953469308313599e-03 0.000000000000000000e+00
6.832843722286989670e-03 0.000000000000000000e+00
6.998694373265715828e-03 0.000000000000000000e+00
7.166505422244492073e-03 0.000000000000000000e+00
7.336276869223317537e-03 0.000000000000000000e+00
7.508008714202193956e-03 0.000000000000000000e+00
7.681700957181119595e-03 0.000000000000000000e+00
7.857353598160098790e-03 0.000000000000000000e+00
8.034966637139125470e-03 0.000000000000000000e+00
8.214540074118200502e-03 0.000000000000000000e+00
8.396073909097327356e-03 0.000000000000000000e+00
8.579568142076502563e-03 0.000000000000000000e+00
8.765022773055727856e-03 0.000000000000000000e+00
8.952437802035004971e-03 0.000000000000000000e+00
9.141813229014330439e-03 0.000000000000000000e+00
9.333149053993705993e-03 0.000000000000000000e+00
9.526445276973131635e-03 0.000000000000000000e+00
9.721701897952607363e-03 0.000000000000000000e+00
9.918918916932136648e-03 0.000000000000000000e+00
1.011809633391171255e-02 0.000000000000000000e+00
1.031923414889133854e-02 0.000000000000000000e+00
1.052233236187101462e-02 0.000000000000000000e+00
1.072739097285074078e-02 0.000000000000000000e+00
1.093440998183051703e-02 0.000000000000000000e+00
1.114338938881034163e-02 0.000000000000000000e+00
1.135432919379021806e-02 0.000000000000000000e+00
1.156722939677014457e-02 0.000000000000000000e+00
1.178208999775011943e-02 0.000000000000000000e+00
1.199891099673014612e-02 0.000000000000000000e+00
1.221769239371022463e-02 0.000000000000000000e+00
1.243843418869035149e-02 0.000000000000000000e+00
1.266113638167052670e-02 0.000000000000000000e+00
1.288579897265075200e-02 0.000000000000000000e+00
1.311242196163102738e-02 0.000000000000000000e+00
1.334100534861135459e-02 0.000000000000000000e+00
1.357154913359173015e-02 0.000000000000000000e+00
1.380405331657215580e-02 0.000000000000000000e+00
1.403851789755263153e-02 0.000000000000000000e+00
1.427494287653315735e-02 0.000000000000000000e+00
1.451332825351373326e-02 0.000000000000000000e+00
1.475367402849436273e-02 0.000000000000000000e+00
1.499598020147503881e-02 0.000000000000000000e+00
1.524024677245576498e-02 0.000000000000000000e+00
1.548647374143653950e-02 0.000000000000000000e+00
1.573466110841736931e-02 0.000000000000000000e+00
1.598480887339824227e-02 0.000000000000000000e+00
1.623691703637917053e-02 0.000000000000000000e+00
1.649098559736014366e-02 0.000000000000000000e+00
1.674701455634117209e-02 0.000000000000000000e+00
1.700500391332224540e-02 0.000000000000000000e+00
1.726495366830337400e-02 0.000000000000000000e+00
1.752686382128455442e-02 0.000000000000000000e+00
1.779073437226577625e-02 4.940656458412465442e-324
1.805656532124705685e-02 4.940656458412465442e-324
1.832435666822837886e-02 4.940656458412465442e-324
1.859410841320975616e-02 4.940656458412465442e-324
1.886582055619118528e-02 4.940656458412465442e-324
1.913949309717265929e-02 4.940656458412465442e-324
1.941512603615418858e-02 4.940656458412465442e-324
1.969271937313575929e-02 4.940656458412465442e-324
1.997227310811738876e-02 4.940656458412465442e-324
2.025378724109906312e-02 4.940656458412465442e-324
2.053726177208079276e-02 4.940656458412465442e-324
2.082269670106256382e-02 4.940656458412465442e-324
2.111009202804439364e-02 4.940656458412465442e-324
2.139944775302626487e-02 4.940656458412465442e-324
2.169076387600819486e-02 4.940656458412465442e-324
2.198404039699017321e-02 4.940656458412465442e-324
2.227927731597219643e-02 4.940656458412465442e-324
2.257647463295427495e-02 4.940656458412465442e-324
2.287563234793639835e-02 4.940656458412465442e-324
2.317675046091857705e-02 4.940656458412465442e-324
2.347982897190080062e-02 4.940656458412465442e-324
2.378486788088307949e-02 4.940656458412465442e-324
2.409186718786539977e-02 4.940656458412465442e-324
2.440082689284778228e-02 4.940656458412465442e-324
2.471174699583020273e-02 4.940656458412465442e-324
2.502462749681268195e-02 4.940656458412465442e-324
2.533946839579521298e-02 4.940656458412465442e-324
2.565626969277778543e-02 4.940656458412465442e-324
2.597503138776041318e-02 4.940656458412465442e-324
2.629575348074308580e-02 4.940656458412465442e-324
2.661843597172581372e-02 4.940656458412465442e-324
2.694307886070858651e-02 4.940656458412465442e-324
2.726968214769141807e-02 4.940656458412465442e-324
2.759824583267428758e-02 4.940656458412465442e-324
2.792876991565721931e-02 4.940656458412465442e-324
2.826125439664019939e-02 4.940656458412465442e-324
2.859569927562322089e-02 4.940656458412465442e-324
2.893210455260630115e-02 4.940656458412465442e-324
2.927047022758941935e-02 4.940656458412465442e-324
2.961079630057259979e-02 4.940656458412465442e-324
2.995308277155582163e-02 4.940656458412465442e-324
3.029732964053910224e-02 4.940656458412465442e-324
3.064353690752242426e-02 4.940656458412465442e-324
3.099170457250580504e-02 4.940656458412465442e-324
3.134183263548922377e-02 4.940656458412465442e-324
3.169392109647270472e-02 4.940656458412465442e-324
3.204796995545623056e-02 4.940656458412465442e-324
3.240397921243980128e-02 4.940656458412465442e-324
3.276194886742343076e-02 4.940656458412465442e-324
3.312187892040710513e-02 4.940656458412465442e-324
3.348376937139083825e-02 4.940656458412465442e-324
3.384762022037460932e-02 4.940656458412465442e-324
3.421343146735843915e-02 4.940656458412465442e-324
3.458120311234230693e-02 4.940656458412465442e-324
3.495093515532624040e-02 4.940656458412465442e-324
3.532262759631021182e-02 4.940656458412465442e-324
3.569628043529424199e-02 4.940656458412465442e-324
3.607189367227831706e-02 4.940656458412465442e-324
3.644946730726244394e-02 4.940656458412465442e-324
3.682900134024662264e-02 4.940656458412465442e-324
3.721049577123083929e-02 4.940656458412465442e-324
3.759395060021512164e-02 4.940656458412465442e-324
3.797936582719944193e-02 4.940656458412465442e-324
3.836674145218382098e-02 4.940656458412465442e-324
3.875607747516824492e-02 4.940656458412465442e-324
3.914737389615272761e-02 4.940656458412465442e-324
3.954063071513724825e-02 4.940656458412465442e-324
3.993584793212182765e-02 4.940656458412465442e-324
4.033302554710645887e-02 4.940656458412465442e-324
4.073216356009112804e-02 4.940656458412465442e-324
4.113326197107585597e-02 4.940656458412465442e-324
4.153632078006062878e-02 4.940656458412465442e-324
4.194133998704546035e-02 4.940656458412465442e-324
4.234831959203032986e-02 4.940656458412465442e-324
4.275725959501525814e-02 4.940656458412465442e-324
4.316815999600023129e-02 4.940656458412465442e-324
4.358102079498526321e-02 4.940656458412465442e-324
4.399584199197033307e-02 4.940656458412465442e-324
4.441262358695546170e-02 4.940656458412465442e-324
4.483136557994064214e-02 4.940656458412465442e-324
4.525206797092586747e-02 4.940656458412465442e-324
4.567473075991114462e-02 4.940656458412465442e-324
4.609935394689646665e-02 4.940656458412465442e-324
4.652593753188184744e-02 4.940656458412465442e-324
4.695448151486726618e-02 4.940656458412465442e-324
4.738498589585275061e-02 4.940656458412465442e-324
4.781745067483826606e-02 4.940656458412465442e-324
4.825187585182384720e-02 4.940656458412465442e-324
4.868826142680946628e-02 4.940656458412465442e-324
4.912660739979515107e-02 4.940656458412465442e-324
4.956691377078088073e-02 4.940656458412465442e-324
5.000918053976664834e-02 4.940656458412465442e-324
5.045340770675248165e-02 4.940656458412465442e-324
5.089959527173835291e-02 4.940656458412465442e-324
5.134774323472428292e-02 4.940656458412465442e-324
5.179785159571025088e-02 4.940656458412465442e-324
5.224992035469628454e-02 4.940656458412465442e-324
5.270394951168235614e-02 4.940656458412465442e-324
5.315993906666848651e-02 4.940656458412465442e-324
5.361788901965465481e-02 4.940656458412465442e-324
5.407779937064088882e-02 4.940656458412465442e-324
5.453967011962716771e-02 4.940656458412465442e-324
5.500350126661349148e-02 4.940656458412465442e-324
5.546929281159986708e-02 4.940656458412465442e-324
5.593704475458628755e-02 4.940656458412465442e-324
5.640675709557277373e-02 4.940656458412465442e-324
5.687842983455929091e-02 4.940656458412465442e-324
5.735206297154587379e-02 4.940656458412465442e-324
5.782765650653248768e-02 4.940656458412465442e-324
5.830521043951917420e-02 4.940656458412465442e-324
5.878472477050590561e-02 4.940656458412465442e-324
5.926619949949267496e-02 4.940656458412465442e-324
5.974963462647950307e-02 4.940656458412465442e-324
6.023503015146637607e-02 4.940656458412465442e-324
6.072238607445330782e-02 4.940656458412465442e-324
6.121170239544027752e-02 4.940656458412465442e-324
6.170297911442730598e-02 4.940656458412465442e-324
6.219621623141437933e-02 4.940656458412465442e-324
6.269141374640151143e-02 4.940656458412465442e-324
6.318857165938866760e-02 4.940656458412465442e-324
6.368768997037589641e-02 4.940656458412465442e-324
6.418876867936318398e-02 4.940656458412465442e-324
6.469180778635051643e-02 4.940656458412465442e-324
6.519680729133789376e-02 4.940656458412465442e-324
6.570376719432530210e-02 4.940656458412465442e-324
6.621268749531278308e-02 4.940656458412465442e-324
6.672356819430030894e-02 4.940656458412465442e-324
6.723640929128789356e-02 4.940656458412465442e-324
6.775121078627552307e-02 4.940656458412465442e-324
6.826797267926318358e-02 4.940656458412465442e-324
6.878669497025091673e-02 4.940656458412465442e-324
6.930737765923869476e-02 4.940656458412465442e-324
6.983002074622653155e-02 4.940656458412465442e-324
7.035462423121441322e-02 4.940656458412465442e-324
7.088118811420231202e-02 4.940656458412465442e-324
7.140971239519029734e-02 4.940656458412465442e-324
7.194019707417832754e-02 4.940656458412465442e-324
7.247264215116641650e-02 4.940656458412465442e-324
7.300704762615452259e-02 4.940656458412465442e-324
7.354341349914270132e-02 4.940656458412465442e-324
7.408173977013092493e-02 4.940656458412465442e-324
7.462202643911922118e-02 4.940656458412465442e-324
7.516427350610754843e-02 4.940656458412465442e-324
7.570848097109590669e-02 9.881312916824930884e-324
7.625464883408433758e-02 9.881312916824930884e-324
7.680277709507281336e-02 9.881312916824930884e-324
7.735286575406134790e-02 9.881312916824930884e-324
7.790491481104989957e-02 9.881312916824930884e-324
7.845892426603853775e-02 9.881312916824930884e-324
7.901489411902722082e-02 9.881312916824930884e-324
7.957282437001594877e-02 9.881312916824930884e-324
8.013271501900470772e-02 9.881312916824930884e-324
8.069456606599353932e-02 9.881312916824930884e-324
8.125837751098241579e-02 9.881312916824930884e-324
8.182414935397135103e-02 9.881312916824930884e-324
8.239188159496033115e-02 9.881312916824930884e-324
8.296157423394934227e-02 9.881312916824930884e-324
8.353322727093842603e-02 9.881312916824930884e-324
8.410684070592755468e-02 9.881312916824930884e-324
8.468241453891674209e-02 9.881312916824930884e-324
8.525994876990593274e-02 9.881312916824930884e-324
8.583944339889522379e-02 9.881312916824930884e-324
8.642089842588455972e-02 9.881312916824930884e-324
8.700431385087394054e-02 9.881312916824930884e-324
8.758968967386336624e-02 9.881312916824930884e-324
8.817702589485282294e-02 9.881312916824930884e-324
8.876632251384235228e-02 9.881312916824930884e-324
8.935757953083194038e-02 9.881312916824930884e-324
8.995079694582157337e-02 9.881312916824930884e-324
9.054597475881122348e-02 9.881312916824930884e-324
9.114311296980096011e-02 9.881312916824930884e-324
9.174221157879074162e-02 9.881312916824930884e-324
9.234327058578056802e-02 9.881312916824930884e-324
9.294628999077042542e-02 9.881312916824930884e-324
9.355126979376035545e-02 9.881312916824930884e-324
9.415820999475034425e-02 9.881312916824930884e-324
9.476711059374037793e-02 9.881312916824930884e-324
9.537797159073045650e-02 9.881312916824930884e-324
9.599079298572055219e-02 9.881312916824930884e-324
9.660557477871074827e-02 9.881312916824930884e-324
9.722231696970097536e-02 9.881312916824930884e-324
9.784101955869126122e-02 9.881312916824930884e-324
9.846168254568156419e-02 9.881312916824930884e-324
9.908430593067193981e-02 9.881312916824930884e-324
9.970888971366237419e-02 9.881312916824930884e-324
1.003354338946528534e-01 9.881312916824930884e-324
1.009639384736433915e-01 1.482196937523739633e-323
1.015944034506339466e-01 1.482196937523739633e-323
1.022268288256245744e-01 1.482196937523739633e-323
1.028612145986152610e-01 1.482196937523739633e-323
1.034975607696059924e-01 1.482196937523739633e-323
1.041358673385967409e-01 1.482196937523739633e-323
1.047761343055875760e-01 1.482196937523739633e-323
1.054183616705784560e-01 1.482196937523739633e-323
1.060625494335693947e-01 1.482196937523739633e-323
1.067086975945603783e-01 1.482196937523739633e-323
1.073568061535513790e-01 1.482196937523739633e-323
1.080068751105424663e-01 1.482196937523739633e-323
1.086589044655335984e-01 1.482196937523739633e-323
1.093128942185247754e-01 1.482196937523739633e-323
1.099688443695159834e-01 1.482196937523739633e-323
1.106267549185072641e-01 1.482196937523739633e-323
1.112866258654986035e-01 1.976262583364986177e-323
1.119484572104899878e-01 5.247312629407564506e-317
1.126122489534813753e-01 1.133683484141093170e-310
1.132780010944728633e-01 2.019892278296747068e-304
1.139457136334643961e-01 2.970628189111255047e-298
1.146153865704559877e-01 3.609612183131461409e-292
1.152870199054476102e-01 3.627267965297757066e-286
1.159606136384392638e-01 3.017355294065546506e-280
1.166361677694310039e-01 2.079830506840307725e-274
1.173136822984227889e-01 1.189096556681848439e-268
1.179931572254146188e-01 5.644597179514708803e-263
1.186745925504064658e-01 2.227000490739755725e-257
1.193579882733983993e-01 7.310210722209819790e-252
1.200433443943903777e-01 1.998564474580936873e-246
1.207306609133824149e-01 4.555617608048819210e-241
1.214199378303744969e-01 8.667322576403360593e-236
1.221111751453665961e-01 1.377858331479748868e-230
1.228043728583587818e-01 1.832250572759495566e-225
1.234995309693510124e-01 2.040375153163343450e-220
1.241966494783433017e-01 1.904888616975984182e-215
1.248957283853355943e-01 1.492651057482529063e-210
1.255967676903279873e-01 9.828247418898202765e-206
1.262997673933204390e-01 5.444123715443203336e-201
1.270047274943129079e-01 2.539943554886576921e-196
1.277116479933054216e-01 9.992618870443354848e-192
1.284205288902980080e-01 3.319048741148319659e-187
1.291313701852906393e-01 9.318620934520217581e-183
1.298441718782833154e-01 2.214230041125016171e-178
1.305589339692760642e-01 4.458213954558764852e-174
1.312756564582688024e-01 7.615610021944391991e-170
1.319943393452616409e-01 1.105088657075267701e-165
1.327149826302545244e-01 1.363909575024999762e-161
1.334375863132474527e-01 1.433579452128493421e-157
1.341621503942403981e-01 1.284877153318939162e-153
1.348886748732334440e-01 9.832527017382767135e-150
1.356171597502265069e-01 6.432747204711554646e-146
1.363476050252196425e-01 3.602663468880453812e-142
1.370800106982128508e-01 1.729492631456110208e-138
1.378143767692060206e-01 7.126188025663002868e-135
1.385507032381993187e-01 2.523590088463004415e-131
1.392889901051926616e-01 7.691063051666662847e-128
1.400292373701860493e-01 2.019977471974446184e-124
1.407714450331794265e-01 4.578142256484231574e-121
1.415156130941729040e-01 8.966191206798405773e-118
1.422617415531664542e-01 1.519494979425092287e-114
1.430098304101600493e-01 2.231325199136356785e-111
1.437598796651536337e-01 2.843162178921175433e-108
1.445118893181473185e-01 3.147903204798928515e-105
1.452658593691410482e-01 3.032709218066998908e-102
1.460217898181348506e-01 2.545899857107113872e-99
1.467796806651286701e-01 1.864949903419223772e-96
1.475395319101225067e-01 1.193782220717846090e-93
1.483013435531164437e-01 6.687047133880242232e-91
1.490651155941104256e-01 3.282590191834212103e-88
1.498308480331044801e-01 1.414151448002946828e-85
1.505985408700985240e-01 5.354245984206659587e-83
1.513681941050926405e-01 1.784235323139744292e-80
1.521398077380868297e-01 5.240679983466395992e-78
1.529133817690810637e-01 1.358742074611641116e-75
1.536889161980753704e-01 3.114112261522168412e-73
1.544664110250696387e-01 6.318515331071784507e-71
1.552458662500640352e-01 1.136623518173153631e-68
1.560272818730584765e-01 1.815422915818411011e-66
1.568106578940529627e-01 2.578331363868153990e-64
1.575959943130474383e-01 3.260925145565326582e-62
1.583832911300420421e-01 3.678127024125718920e-60
1.591725483450366629e-01 3.705442678994236642e-58
1.599637659580313565e-01 3.339070639643711313e-56
1.607569439690260948e-01 2.695434302817274132e-54
1.615520823780208504e-01 1.952071783157456656e-52
1.623491811850156785e-01 1.270204348508034112e-50
1.631482403900105516e-01 7.437202436347967610e-49
1.639492599930054972e-01 3.924204582186230055e-47
1.647522399940004323e-01 1.868735572954444384e-45
1.655571803929954677e-01 8.043527938591179488e-44
1.663640811899905481e-01 3.133980026278556757e-42
1.671729423849857010e-01 1.106993800937526604e-40
1.679837639779808434e-01 3.550109190171450683e-39
1.687965459689760583e-01 1.035222667767195607e-37
1.696112883579713460e-01 2.748963566280799290e-36
1.704279911449667062e-01 6.657243800746038892e-35
1.712466543299620836e-01 1.472504798409135901e-33
1.720672779129574781e-01 2.979212907105346578e-32
1.728898618939529452e-01 5.521713605294106841e-31
1.737144062729484850e-01 9.388964869341914814e-30
1.745409110499440697e-01 1.466817082982831985e-28
1.753693762249396715e-01 2.108581164651166023e-27
1.761998017979353459e-01 2.793194614501006340e-26
1.770321877689310930e-01 3.414660500935466558e-25
1.778665341379268849e-01 3.858039931367614223e-24
1.787028409049227218e-01 4.034544086395182665e-23
1.795411080699185480e-01 3.910791617356550227e-22
1.803813356329145023e-01 3.518919411972196160e-21
1.812235235939104738e-01 2.943461239300053827e-20
1.820676719529065180e-01 2.292130910867859043e-19
1.829137807099025514e-01 1.664094747518864252e-18
1.837618498648986853e-01 1.127969162220839517e-17
1.846118794178948919e-01 7.148540836803993932e-17
1.854638693688911155e-01 4.241860176244537762e-16
1.863178197178873563e-01 2.360092520350015609e-15
1.871737304648836975e-01 1.232955676651966925e-14
1.880316016098800835e-01 6.056484540016143374e-14
1.888914331528765145e-01 2.801265247810166578e-13
1.897532250938729903e-01 1.221661138128312456e-12
1.906169774328694833e-01 5.030476964258007250e-12
1.914826901698660766e-01 1.958505687119206190e-11
1.923503633048627148e-01 7.219206143771441394e-11
1.932199968378593979e-01 2.522846322619861092e-10
1.940915907688560982e-01 8.369754602301576071e-10
1.949651450978528711e-01 2.639580652632347098e-09
1.958406598248497166e-01 7.923788708281349301e-09
1.967181349498466070e-01 2.267136355977613092e-08
1.975975704728435423e-01 6.190642782148743848e-08
1.984789663938404669e-01 1.615359097221109256e-07
1.993623227128375197e-01 4.033060557658545398e-07
2.002476394298345896e-01 9.646835876432981457e-07
2.011349165448317322e-01 2.213434222997589775e-06
2.020241540578288642e-01 4.877775866813558661e-06
2.029153519688260965e-01 1.033682441168558127e-05
2.038085102778234015e-01 2.109083028477165030e-05
2.047036289848207236e-01 4.148270742733878189e-05
2.056007080898180628e-01 7.874580800081902262e-05
2.064997475928155024e-01 1.444405649299256944e-04
2.074007474938129869e-01 2.563074237732534109e-04
2.083037077928105441e-01 4.405010092844014705e-04
2.092086284898081183e-01 7.340819729165564897e-04
2.101155095848057097e-01 1.187537804602020438e-03
2.110243510778034015e-01 1.867000315316112149e-03
2.119351529688011382e-01 2.855750644867544562e-03
2.128479152577989197e-01 4.254579622364096543e-03
2.137626379447967184e-01 6.180623798671352684e-03
2.146793210297945897e-01 8.764434053004968236e-03
2.155979645127925337e-01 1.214524392913930023e-02
2.165185683937905226e-01 1.646465860916720980e-02
2.174411326727885563e-01 2.185923679229004324e-02
2.183656573497865794e-01 2.845263618797454902e-02
2.192921424247847306e-01 3.634809584882818523e-02
2.202205878977829268e-01 4.562201151835959534e-02
2.211509937687811678e-01 5.631922676025025859e-02
2.220833600377793982e-01 6.845043982933360360e-02
2.230176867047777289e-01 8.199185965962858813e-02
2.239539737697761046e-01 9.688698329502552775e-02
2.248922212327745529e-01 1.130501545880041175e-01
2.258324290937730461e-01 1.303714255388832288e-01
2.267745973527715286e-01 1.487221876348156224e-01
2.277187260097701116e-01 1.679610589571078061e-01
2.286648150647687394e-01 1.879395874658166266e-01
2.296128645177674399e-01 2.085074367433679965e-01
2.305628743687661297e-01 2.295168346861740649e-01
2.315148446177649200e-01 2.508261747393322749e-01
2.324687752647637551e-01 2.723027474786891000e-01
2.334246663097626351e-01 2.938246477119308975e-01
2.343825177527615322e-01 3.152819462644598780e-01
2.353423295937605020e-01 3.365772380904583638e-01
2.363041018327595444e-01 3.576256879566139246e-01
2.372678344697586317e-01 3.783546897241191753e-01
2.382335275047577638e-01 3.987032453411017419e-01
2.392011809377569131e-01 4.186211552873472241e-01
2.401707947687561351e-01 4.380680949318275230e-01
2.411423689977554297e-01 4.570126377465573153e-01
2.421159036247547691e-01 4.754312701947698283e-01
2.430913986497540979e-01 4.933074317453227109e-01
2.440688540727535549e-01 5.106306034342037448e-01
2.450482698937530290e-01 5.273954587216189704e-01
2.460296461127525758e-01 5.436010862149580625e-01
2.470129827297521674e-01 5.592502869649050856e-01
2.479982797447517484e-01 5.743489465634911140e-01
2.489855371577514298e-01 5.889054800472092177e-01
2.499747549687511561e-01 6.029303445168135989e-01
2.509659331777509550e-01 6.164356157154139426e-01
2.519590717847506878e-01 6.294346222041453665e-01
2.529541707897505765e-01 6.419416316832621261e-01
2.539512301927505100e-01 6.539715843050030175e-01
2.549502499937504885e-01 6.655398665766899535e-01
2.559512301927505673e-01 6.766621221193961366e-01
2.569541707897506355e-01 6.873540938271898160e-01
2.579590717847507486e-01 6.976314934694294312e-01
2.589659331777509621e-01 7.075098954088999692e-01
2.599747549687512205e-01 7.170046500464530848e-01
2.609855371577514682e-01 7.261308152861521981e-01
2.619982797447518164e-01 7.349031025814899420e-01
2.630129827297520984e-01 7.433358355130221806e-01
2.640296461127525363e-01 7.514429193380566252e-01
2.650482698937530190e-01 7.592378187908911391e-01
2.660688540727535467e-01 7.667335438707755246e-01
2.670913986497541748e-01 7.739426415358949818e-01
2.681159036247547922e-01 7.808771925149060600e-01
2.691423689977554545e-01 7.875488121225959759e-01
2.701707947687562172e-01 7.939686550686576583e-01
2.712011809377570248e-01 8.001474218394861726e-01
2.722335275047577108e-01 8.060953682154090583e-01
2.732678344697586081e-01 8.118223159855976201e-01
2.743041018327595504e-01 8.173376648657473265e-01
2.753423295937605375e-01 8.226504059249586387e-01
2.763825177527615695e-01 8.277691346103405179e-01
2.774246663097627019e-01 8.327020651203368429e-01
2.784687752647638237e-01 8.374570445755328274e-01
2.795148446177649904e-01 8.420415672101155824e-01
2.805628743687662574e-01 8.464627890404334831e-01
2.816128645177674028e-01 8.507275414208570474e-01
2.826648150647687596e-01 8.548423452096071129e-01
2.837187260097701613e-01 8.588134242436609167e-01
2.847745973527716079e-01 8.626467184196312532e-01
2.858324290937730994e-01 8.663478968615431208e-01
2.868922212327746357e-01 8.699223698277818162e-01
2.879539737697762170e-01 8.733753009381046706e-01
2.890176867047778431e-01 8.767116186147613233e-01
2.900833600377795141e-01 8.799360270397984518e-01
2.911509937687811744e-01 8.830530170736718976e-01
2.922205878977829352e-01 8.860668760001808586e-01
2.932921424247847964e-01 8.889816974776433289e-01
2.943656573497866469e-01 8.918013907665713891e-01
2.954411326727885978e-01 8.945296895083275635e-01
2.965185683937905936e-01 8.971701604376390859e-01
2.975979645127926343e-01 8.997262110955153158e-01
2.986793210297947199e-01 9.022010976937429039e-01
2.997626379447967393e-01 9.045979323713131404e-01
3.008479152577989146e-01 9.069196901390542687e-01
3.019351529688011904e-01 9.091692153739433513e-01
3.030243510778034555e-01 9.113492284725556170e-01
3.041155095848058210e-01 9.134623313299377045e-01
3.052086284898081758e-01 9.155110132983669269e-01
3.063037077928106311e-01 9.174976565100700920e-01
3.074007474938131312e-01 9.194245409065183727e-01
3.084997475928156763e-01 9.212938493926651207e-01
3.096007080898180996e-01 9.231076720700810423e-01
3.107036289848207899e-01 9.248680108431196478e-01
3.118085102778234696e-01 9.265767835309216549e-01
3.129153519688261942e-01 9.282358278188975742e-01
3.140241540578289636e-01 9.298469049003548204e-01
3.151349165448318335e-01 9.314117034190609878e-01
3.162476394298346927e-01 9.329318423548187411e-01
3.173623227128376523e-01 9.344088745327249201e-01
3.184789663938406568e-01 9.358442896093138730e-01
3.195975704728435396e-01 9.372395168899624318e-01
3.207181349498466338e-01 9.385959283620819438e-01
3.218406598248497730e-01 9.399148409494729739e-01
3.229651450978529570e-01 9.411975192127356449e-01
3.240915907688562414e-01 9.424451776655334845e-01
3.252199968378595152e-01 9.436589830212402941e-01
3.263503633048628338e-01 9.448400562329274388e-01
3.274826901698662529e-01 9.459894748536459286e-01
3.286169774328696613e-01 9.471082745345535958e-01
3.297532250938730591e-01 9.481974511189533716e-01
3.308914331528765573e-01 9.492579623324340909e-01
3.320316016098801559e-01 9.502907293799639499e-01
3.331737304648837994e-01 9.512966387506336385e-01
3.343178197178874878e-01 9.522765434358214653e-01
3.354638693688912210e-01 9.532312645322832401e-01
3.366118794178950546e-01 9.541615925707156443e-01
3.377618498648988776e-01 9.550682888166701634e-01
3.389137807099027455e-01 9.559520864389932093e-01
3.400676719529066028e-01 9.568136919321352796e-01
3.412235235939105604e-01 9.576537859257512331e-01
3.423813356329146185e-01 9.584730244437412727e-01
3.435411080699187214e-01 9.592720398856694475e-01
3.447028409049228137e-01 9.600514420022762119e-01
3.458665341379270064e-01 9.608118187534877563e-01
3.470321877689312440e-01 9.615537374445498608e-01
3.481998017979355819e-01 9.622777452466929615e-01
3.493693762249399093e-01 9.629843701989667659e-01
3.505409110499441705e-01 9.636741219370430489e-01
3.517144062729485876e-01 9.643474924301731477e-01
3.528898618939531051e-01 9.650049566148619640e-01
3.540672779129576120e-01 9.656469733097348129e-01
3.552466543299622193e-01 9.662739855387690868e-01
3.564279911449668714e-01 9.668864213348731251e-01
3.576112883579715684e-01 9.674846942846145881e-01
3.587965459689763104e-01 9.680692040893759120e-01
3.599837639779809306e-01 9.686403370370653132e-01
3.611729423849858178e-01 9.691984667400285192e-01
3.623640811899906944e-01 9.697439543302539544e-01
3.635571803929956158e-01 9.702771491051176422e-01
3.647522399940006377e-01 9.707983889379588893e-01
3.659492599930056489e-01 9.713080007086961620e-01
3.671482403900107605e-01 9.718063006592009279e-01
3.683491811850159170e-01 9.722935949848795500e-01
3.695520823780210629e-01 9.727701799541175198e-01
3.707569439690261981e-01 9.732363424241060601e-01
3.719637659580314892e-01 9.736923601540959927e-01
3.731725483450368253e-01 9.741385021382261700e-01
3.743832911300422062e-01 9.745750289248070741e-01
3.755959943130476320e-01 9.750021928479389866e-01
3.768106578940531581e-01 9.754202385819261689e-01
3.780272818730586737e-01 9.758294030746531567e-01
3.792458662500642896e-01 9.762299160267315923e-01
3.804664110250698950e-01 9.766220001035739173e-01
3.816889161980754896e-01 9.770058711840493570e-01
3.829133817690812402e-01 9.773817385405640934e-01
3.841398077380869802e-01 9.777498052739851397e-01
3.853681941050928206e-01 9.781102682608298071e-01
3.865985408700987613e-01 9.784633185279714152e-01
3.878308480331046915e-01 9.788091414193755835e-01
3.890651155941106665e-01 9.791479167913176296e-01
3.903013435531166864e-01 9.794798192002078796e-01
3.915395319101228067e-01 9.798050180154163069e-01
3.927796806651288053e-01 9.801236778312609754e-01
3.940217898181350153e-01 9.804359583142723267e-01
3.952658593691412148e-01 9.807420145561309699e-01
3.965118893181475146e-01 9.810419971843838960e-01
3.977598796651538593e-01 9.813360525109862120e-01
3.990098304101602489e-01 9.816243226273737577e-01
4.002617415531666833e-01 9.819069457089143471e-01
4.015156130941732182e-01 9.821840559258081527e-01
4.027714450331797424e-01 9.824557837027603213e-01
4.040292373701862005e-01 9.827222558120580764e-01
4.052889901051928145e-01 9.829835954919328156e-01
4.065507032381995289e-01 9.832399225604335768e-01
4.078143767692062882e-01 9.834913534765167276e-01
4.090800106982130369e-01 9.837380016165900853e-01
4.103476050252198859e-01 9.839799771485966406e-01
4.116171597502267798e-01 9.842173872667748791e-01
4.128886748732337186e-01 9.844503362555916404e-01
4.141621503942407023e-01 9.846789255811361219e-01
4.154375863132476199e-01 9.849032539791608976e-01
4.167149826302546933e-01 9.851234174939011989e-01
4.179943393452618672e-01 9.853395097224721955e-01
4.192756564582690304e-01 9.855516216767989945e-01
4.205589339692762940e-01 9.857598419901745235e-01
4.218441718782836025e-01 9.859642569615505447e-01
4.231313701852909004e-01 9.861649506266797482e-01
4.244205288902982987e-01 9.863620048266709128e-01
4.257116479933056308e-01 9.865554992743351681e-01
4.270047274943131188e-01 9.867455115575601843e-01
4.282997673933206517e-01 9.869321174176937106e-01
4.295967676903282295e-01 9.871153905158583930e-01
4.308957283853359077e-01 9.872954026689122475e-01
4.321966494783435753e-01 9.874722238643711680e-01
4.334995309693513432e-01 9.876459223143291277e-01
4.348043728583591006e-01 9.878165645074951096e-01
4.361111751453669583e-01 9.879842152094697738e-01
4.374199378303746943e-01 9.881489376900145505e-01
4.387306609133826418e-01 9.883107935286503665e-01
4.400433443943906342e-01 9.884698428065405995e-01
4.413579882733986715e-01 9.886261441171182440e-01
4.426745925504067536e-01 9.887797546086775080e-01
4.439931572254149361e-01 9.889307300255388844e-01
4.453136822984231080e-01 9.890791247479931991e-01
4.466361677694313248e-01 9.892249917749595944e-01
4.479606136384396420e-01 9.893683829622342829e-01
4.492870199054478375e-01 9.895093487851287506e-01
4.506153865704562445e-01 9.896479385402964235e-01
4.519457136334646408e-01 9.897842003412957723e-01
4.532780010944731375e-01 9.899181811513977358e-01
4.546122489534816791e-01 9.900499268153694077e-01
4.559484572104903211e-01 9.901794820502930472e-01
4.572866258654989524e-01 9.903068906180060305e-01
4.586267549185076287e-01 9.904321951611899655e-01
4.599688443695163498e-01 9.905554373480606190e-01
4.613128942185250048e-01 9.906766578729997441e-01
4.626589044655338712e-01 9.907958964827916493e-01
4.640068751105427269e-01 9.909131920021683193e-01
4.653568061535516831e-01 9.910285823584505938e-01
4.667086975945606842e-01 9.911421045674020380e-01
4.680625494335697301e-01 9.912537948930294496e-01
4.694183616705788209e-01 9.913636886850097918e-01
4.707761343055879566e-01 9.914718205127907025e-01
4.721358673385971372e-01 9.915782241612706160e-01
4.734975607696062516e-01 9.916829326512861531e-01
4.748612145986155220e-01 9.917859782595783713e-01
4.762268288256248927e-01 9.918873925382042378e-01
4.775944034506342528e-01 9.919872063332290102e-01
4.789639384736437133e-01 9.920854497556819140e-01
4.803354338946532187e-01 9.921821523708839186e-01
4.817088897136627690e-01 9.922773429803600775e-01
4.830843059306723641e-01 9.923710497828139854e-01
4.844616825456818376e-01 9.924633003569632850e-01
4.858410195586915226e-01 9.925541216773738906e-01
4.872223169697012524e-01 9.926435401295983230e-01
4.886055747787110826e-01 9.927315815251561704e-01
4.899907929857209021e-01 9.928182710779051012e-01
4.913779715907308221e-01 9.929036335551360004e-01
4.927671105937407314e-01 9.929876931039420818e-01
4.941582099947507412e-01 9.930704733787915073e-01
4.955512697937607958e-01 9.931519975282006030e-01
4.969462899907707287e-01 9.932322882070896419e-01
4.983432705857808731e-01 9.933113675890088423e-01
4.997422115787910624e-01 9.933892573778616564e-01
5.011431129698012965e-01 9.934659788194410979e-01
5.025459747588115755e-01 9.935415526738841097e-01
5.039507969458218994e-01 9.936159993669624324e-01
5.053575795308323793e-01 9.936893388078180678e-01
5.067663225138427929e-01 9.937615905175199993e-01
5.081770258948532515e-01 9.938327736118088840e-01
5.095896896738636439e-01 9.939029068106801645e-01
5.110043138508743032e-01 9.939720084479228834e-01
5.124208984258848965e-01 9.940400964802356132e-01
5.138394433988955345e-01 9.941071884961886207e-01
5.152599487699063285e-01 9.941733016893883335e-01
5.166824145389171674e-01 9.942384529962434714e-01
5.181068407059279401e-01 9.943026589264284398e-01
5.195332272709388688e-01 9.943659356800897964e-01
5.209615742339498423e-01 9.944282991304291830e-01
5.223918815949606387e-01 9.944897648313584249e-01
5.238241493539717020e-01 9.945503480247969152e-01
5.252583775109828101e-01 9.946100636479324741e-01
5.266945660659939632e-01 9.946689263402193060e-01
5.281327150190051611e-01 9.947269504502125326e-01
5.295728243700164040e-01 9.947841500022885919e-01
5.310148941190276917e-01 9.948405388496364132e-01
5.324589242660390243e-01 9.948961304776562375e-01
5.339049148110504017e-01 9.949509381356098636e-01
5.353528657540617131e-01 9.950049748134582872e-01
5.368027770950731803e-01 9.950582532476417441e-01
5.382546488340846924e-01 9.951107859267834810e-01
5.397084809710962494e-01 9.951625850972761755e-01
5.411642735061079623e-01 9.952136627685749248e-01
5.426220264391196091e-01 9.952640307185615098e-01
5.440817397701314118e-01 9.953137004590326686e-01
5.455434134991431483e-01 9.953626833867792456e-01
5.470070476261550407e-01 9.954109905852819296e-01
5.484726421511667560e-01 9.954586329556628366e-01
5.499401970741787382e-01 9.955056211918165143e-01
5.514097123951906543e-01 9.955519657849410953e-01
5.528811881142027262e-01 9.955976770279957311e-01
5.543546242312148431e-01 9.956427650199102253e-01
5.558300207462270048e-01 9.956872396698290828e-01
5.573073776592392115e-01 9.957311107012251084e-01
5.587866949702514630e-01 9.957743876209652623e-01
5.602679726792635373e-01 9.958170798520330491e-01
5.617512107862758786e-01 9.958591965580162464e-01
5.632364092912882647e-01 9.959007467581941775e-01
5.647235681943006957e-01 9.959417393051960277e-01
5.662126874953131717e-01 9.959821828884373174e-01
5.677037671943258035e-01 9.960220860376399754e-01
5.691968072913383692e-01 9.960614571261767747e-01
5.706918077863509797e-01 9.961003043742834295e-01
5.721887686793637462e-01 9.961386358523921514e-01
5.736876899703762245e-01 9.961764594841401310e-01
5.751885716593890807e-01 9.962137830139949912e-01
5.766914137464018708e-01 9.962506141419236183e-01
5.781962162314148168e-01 9.962869603421512510e-01
5.797029791144278077e-01 9.963228289808712113e-01
5.812117023954407324e-01 9.963582272920805671e-01
5.827223860744538131e-01 9.963931623803123916e-01
5.842350301514669386e-01 9.964276412232571101e-01
5.857496346264799980e-01 9.964616706743506525e-01
5.872661994994931023e-01 9.964952574653037631e-01
5.887847247705062514e-01 9.965284082085903439e-01
5.903052104395195565e-01 9.965611293998177800e-01
5.918276565065329065e-01 9.965934273888470418e-01
5.933520629715463013e-01 9.966253084982971133e-01
5.948784298345597410e-01 9.966567788631144342e-01
5.964067570955732256e-01 9.966878445342771675e-01
5.979370447545868661e-01 9.967185114572445492e-01
5.994692928116004405e-01 9.967487854738970032e-01
6.010035012666138377e-01 9.967786723247159530e-01
6.025396701196276128e-01 9.968081776507012881e-01
6.040777993706413218e-01 9.968373069953846421e-01
6.056178890196550757e-01 9.968660658067119984e-01
6.071599390666689855e-01 9.968944594389548275e-01
6.087039495116828292e-01 9.969224931544639068e-01
6.102499203546968287e-01 9.969501720951375878e-01
6.117978515957107621e-01 9.969775013976772682e-01
6.133477432347248515e-01 9.970044860356954697e-01
6.148995952717387636e-01 9.970311309214108242e-01
6.164534077067529427e-01 9.970574408837268310e-01
6.180091805397671667e-01 9.970834206698535596e-01
6.195669137707813245e-01 9.971090749468263237e-01
6.211266073997956383e-01 9.971344083031056238e-01
6.226882614268099969e-01 9.971594252499789146e-01
6.242518758518244004e-01 9.971841302231529980e-01
6.258174506748388488e-01 9.972085275840528729e-01
6.273849858958533421e-01 9.972326216213439620e-01
6.289544815148676582e-01 9.972564165521938806e-01
6.305259375318823523e-01 9.972799164922943049e-01
6.320993539468969802e-01 9.973031255750969271e-01
6.336747307599116530e-01 9.973260477864397400e-01
6.352520679709263707e-01 9.973486870707344298e-01
6.368313655799411332e-01 9.973710473073840177e-01
6.384126235869560517e-01 9.973931323119682446e-01
6.399958419919709041e-01 9.974149458374629296e-01
6.415810207949856903e-01 9.974364915753293204e-01
6.431681599960007434e-01 9.974577731567432215e-01
6.447572595950157304e-01 9.974787941535604441e-01
6.463483195920308733e-01 9.974995580795548156e-01
6.479413399870459500e-01 9.975200683913733046e-01
6.495363207800611827e-01 9.975403284895884015e-01
6.511332619710764602e-01 9.975603417197435041e-01
6.527321635600916716e-01 9.975801113402767983e-01
6.543330255471070389e-01 9.975996406484026746e-01
6.559358479321222291e-01 9.976189328036245696e-01
6.575406307151376861e-01 9.976379909409095470e-01
6.591473738961531881e-01 9.976568181449945172e-01
6.607560774751687349e-01 9.976754174512413309e-01
6.623667414521843266e-01 9.976937918464957589e-01
6.639793658271999632e-01 9.977119442699572405e-01
6.655939506002157557e-01 9.977298776140650638e-01
6.672104957712314821e-01 9.977475947252660848e-01
6.688290013402472534e-01 9.977650984048171967e-01
6.704494673072629585e-01 9.977823914096433100e-01
6.720718936722788195e-01 9.977994764530563332e-01
6.736962804352947254e-01 9.978163562055095692e-01
6.753226275963107872e-01 9.978330332674315573e-01
6.769509351553267829e-01 9.978495102757851676e-01
6.785812031123429344e-01 9.978657897541340915e-01
6.802134314673590199e-01 9.978818742087691707e-01
6.818476202203752612e-01 9.978977661067913729e-01
6.834837693713914364e-01 9.979134678766335975e-01
6.851218789204075454e-01 9.979289819088547064e-01
6.867619488674239214e-01 9.979443105566730976e-01
6.884039792124403423e-01 9.979594561367103323e-01
6.900479699554568080e-01 9.979744209295143831e-01
6.916939210964733187e-01 9.979892071802209941e-01
6.933418326354898742e-01 9.980038170991067936e-01
6.949917045725064746e-01 9.980182528622471017e-01
6.966435369075231199e-01 9.980325166119942137e-01
6.982973296405398100e-01 9.980466104576362074e-01
6.999530827715563230e-01 9.980605364758384779e-01
7.016107963005731030e-01 9.980742967112913311e-01
7.032704702275899278e-01 9.980878931446598434e-01
7.049321045526069085e-01 9.981013278172167213e-01
7.065956992756238231e-01 9.981146026534218896e-01
7.082612543966407825e-01 9.981277195749437281e-01
7.099287699156578979e-01 9.981406804740104999e-01
7.115982458326749471e-01 9.981534872138054793e-01
7.132696821476921523e-01 9.981661416290233957e-01
7.149430788607090692e-01 9.981786455262515734e-01
7.166184359717263641e-01 9.981910006844724181e-01
7.182957534807437039e-01 9.982032088554719795e-01
7.199750313877609775e-01 9.982152717642992501e-01
7.216562696927784071e-01 9.982271911096983752e-01
7.233394683957958815e-01 9.982389685644731392e-01
7.250246274968132898e-01 9.982506057759625850e-01
7.267117469958308540e-01 9.982621043664270388e-01
7.284008268928482410e-01 9.982734659333878380e-01
7.300918671878658950e-01 9.982846920500805243e-01
7.317848678808835938e-01 9.982957842381043889e-01
7.334798289719013376e-01 9.983067440738868648e-01
7.351767504609192372e-01 9.983175730364641787e-01
7.368756323479370707e-01 9.983282726054933942e-01
7.385764746329549491e-01 9.983388442381241346e-01
7.402792773159728723e-01 9.983492893693944881e-01
7.419840403969908404e-01 9.983596094125259945e-01
7.436907638760087425e-01 9.983698057592390596e-01
7.453994477530268004e-01 9.983798797801167746e-01
7.471100920280450142e-01 9.983898328249186660e-01
7.488226967010631618e-01 9.983996662228450392e-01
7.505372617720814654e-01 9.984093812829273329e-01
7.522537872410997029e-01 9.984189792942315123e-01
7.539722731081180962e-01 9.984284615262425389e-01
7.556927193731364234e-01 9.984378292290808643e-01
7.574151260361549065e-01 9.984470836338384947e-01
7.591394930971732125e-01 9.984562259528009243e-01
7.608658205561917853e-01 9.984652573797946351e-01
7.625941084132104031e-01 9.984741790903903791e-01
7.643243566682289547e-01 9.984829922421828430e-01
7.660565653212476622e-01 9.984916979750505517e-01
7.677907343722664146e-01 9.985002973813438265e-01
7.695268638212852119e-01 9.985087916222327165e-01
7.712649536683040541e-01 9.985171817596869559e-01
7.730050039133229411e-01 9.985254688652012156e-01
7.747470145563417621e-01 9.985336539937506029e-01
7.764909855973607389e-01 9.985417381840442363e-01
7.782369170363797606e-01 9.985497224587384091e-01
7.799848088733989382e-01 9.985576078246634069e-01
7.817346611084180497e-01 9.985653952730332295e-01
7.834864737414372060e-01 9.985730857796658588e-01
7.852402467724565183e-01 9.985806803051862079e-01
7.869959802014757644e-01 9.985881797952184113e-01
7.887536740284951664e-01 9.985955851805988770e-01
7.905133282535142802e-01 9.986028973775802342e-01
7.922749428765337720e-01 9.986101172879969790e-01
7.940385178975533087e-01 9.986172457994724194e-01
7.958040533165727792e-01 9.986242837855870969e-01
7.975715491335924057e-01 9.986312321060800690e-01
7.993410053486120770e-01 9.986380916070073388e-01
8.011124219616317932e-01 9.986448631209140503e-01
8.028857989726515543e-01 9.986515474670397685e-01
8.046611363816711382e-01 9.986581454514322775e-01
8.064384341886909890e-01 9.986646578671272145e-01
8.082176923937108848e-01 9.986710854943450233e-01
8.099989109967308254e-01 9.986774290718297697e-01
8.117820899977508109e-01 9.986836894087715022e-01
8.135672293967708413e-01 9.986898672220797524e-01
8.153543291937909165e-01 9.986959632420939759e-01
8.171433893888111477e-01 9.987019781870587476e-01
8.189344099818313127e-01 9.987079127632561004e-01
8.207273909728513006e-01 9.987137676651791640e-01
8.225223323618716664e-01 9.987195435755882311e-01
8.243192341488919661e-01 9.987252411657329132e-01
8.261180963339124217e-01 9.987308610954432897e-01
8.279189189169328111e-01 9.987364040132029608e-01
8.297217018979533565e-01 9.987418705563705368e-01
8.315264452769738357e-01 9.987472613512486941e-01
8.333331490539944708e-01 9.987525770131808756e-01
8.351418132290151508e-01 9.987578181466905125e-01
8.369524378020356536e-01 9.987629853456161388e-01
8.387650227730564234e-01 9.987680791931898838e-01
8.405795681420771270e-01 9.987731002621267340e-01
8.423960739090979866e-01 9.987780491147920658e-01
8.442145400741188910e-01 9.987829263032431681e-01
8.460349666371398403e-01 9.987877323693650222e-01
8.478573535981608345e-01 9.987924678449429106e-01
8.496817009571818735e-01 9.987971332517773249e-01
8.515080087142030685e-01 9.988017291017611266e-01
8.533362768692239753e-01 9.988062558969906801e-01
8.551665054222451490e-01 9.988107141298271374e-01
8.569986943732663676e-01 9.988151042829827020e-01
8.588328437222877421e-01 9.988194268296439748e-01
8.606689534693090504e-01 9.988236822334904952e-01
8.625070236143304037e-01 9.988278709488271900e-01
8.643470541573519128e-01 9.988319934206275619e-01
8.661890450983733558e-01 9.988360500580566459e-01
8.680329964373949547e-01 9.988400413386531174e-01
8.698789081744163765e-01 9.988439676553801938e-01
8.717267803094379541e-01 9.988478294166244220e-01
8.735766128424596877e-01 9.988516270218593673e-01
8.754284057734814661e-01 9.988553608616029811e-01
8.772821591025032895e-01 9.988590313175328417e-01
8.791378728295250466e-01 9.988626387625512137e-01
8.809955469545469597e-01 9.988661835608093620e-01
8.828551814775689177e-01 9.988696660678103578e-01
8.847167763985909206e-01 9.988730866303796585e-01
8.865803317176127463e-01 9.988764455868220926e-01
8.884458474346348389e-01 9.988797432668764520e-01
8.903133235496569764e-01 9.988829799918270691e-01
8.921827600626792698e-01 9.988861560744963786e-01
8.940541569737014971e-01 9.988892718193262965e-01
8.959275142827237692e-01 9.988923275223942078e-01
8.978028319897460863e-01 9.988953234714962326e-01
8.996801100947685592e-01 9.988982599460977108e-01
9.015593485977907440e-01 9.989011372174608772e-01
9.034405474988133067e-01 9.989039555485819122e-01
9.053237067978358033e-01 9.989067151943327172e-01
9.072088264948584557e-01 9.989094164013900823e-01
9.090959065898810421e-01 9.989120594083253923e-01
9.109849470829037843e-01 9.989146444455762053e-01
9.128759479739264604e-01 9.989171717355175284e-01
9.147689092629492924e-01 9.989196414924658152e-01
9.166638309499721693e-01 9.989220539226594253e-01
9.185607130349948690e-01 9.989244092243425577e-01
9.204595555180178357e-01 9.989267075877369395e-01
9.223603583990407362e-01 9.989289491950436028e-01
9.242631216780637926e-01 9.989311342204829636e-01
9.261678453550868939e-01 9.989332628302729500e-01
9.280745294301100401e-01 9.989353351826959493e-01
9.299831739031333422e-01 9.989373514279885624e-01
9.318937787741565781e-01 9.989393117084863771e-01
9.338063440431798590e-01 9.989412161584828587e-01
9.357208697102029626e-01 9.989430649043539168e-01
9.376373557752263332e-01 9.989448580644439968e-01
9.395558022382498597e-01 9.989465957491495685e-01
9.414762090992733201e-01 9.989482780608370804e-01
9.433985763582968254e-01 9.989499050938838165e-01
9.453229040153204865e-01 9.989514769346322653e-01
9.472491920703440815e-01 9.989529936614057748e-01
9.491774405233678324e-01 9.989544553444602570e-01
9.511076493743915172e-01 9.989558620459799698e-01
9.530398186234151359e-01 9.989572138200568663e-01
9.549739482704390214e-01 9.989585107126587316e-01
9.569100383154629519e-01 9.989597527616056460e-01
9.588480887584868162e-01 9.989609399965614367e-01
9.607880995995108364e-01 9.989620724389481898e-01
9.627300708385349015e-01 9.989631501019650139e-01
9.646740024755590115e-01 9.989641729905641698e-01
9.666198945105831664e-01 9.989651411013391602e-01
9.685677469436073661e-01 9.989660544225495986e-01
9.705175597746313887e-01 9.989669129340639220e-01
9.724693330036556782e-01 9.989677166072883363e-01
9.744230666306800126e-01 9.989684654051467216e-01
9.763787606557043919e-01 9.989691592820421073e-01
9.783364150787289271e-01 9.989697981837548646e-01
9.802960298997533961e-01 9.989703820474239437e-01
9.822576051187779100e-01 9.989709108014644956e-01
9.842211407358025799e-01 9.989713843655310122e-01
9.861866367508271836e-01 9.989718026504619264e-01
9.881540931638517211e-01 9.989721655581642601e-01
9.901235099748764146e-01 9.989724729815794291e-01
9.920948871839012639e-01 9.989727248046045283e-01
9.940682247909260472e-01 9.989729209020193901e-01
9.960435227959509863e-01 9.989730611393988768e-01
9.980207811989759703e-01 9.989731453730626987e-01
1.000000000000000666e+00 9.989731734499025517e-01
