0.000000000000000000e+00 0.000000000000000000e+00
2.078119897502626434e-05 0.000000000000000000e+00
4.352279595010249372e-05 0.000000000000000000e+00
6.822479092522875592e-05 -3.414673791398569167e-31
9.488718390040502381e-05 0.000000000000000000e+00
1.235099748756312839e-04 0.000000000000000000e+00
1.540931638509075632e-04 0.000000000000000000e+00
1.866367508262337669e-04 0.000000000000000000e+00
2.211407358016100034e-04 0.000000000000000000e+00
2.576051187770363269e-04 0.000000000000000000e+00
2.960298997525126832e-04 0.000000000000000000e+00
3.364150787280388555e-04 0.000000000000000000e+00
3.787606557036150606e-04 0.000000000000000000e+00
4.230666306792412444e-04 0.000000000000000000e+00
4.693330036549174067e-04 0.000000000000000000e+00
5.175597746306437102e-04 0.000000000000000000e+00
5.677469436064200466e-04 0.000000000000000000e+00
6.198945105822462531e-04 0.000000000000000000e+00
6.740024755581224382e-04 0.000000000000000000e+00
7.300708385340486020e-04 0.000000000000000000e+00
7.880995995100251780e-04 0.000000000000000000e+00
8.480887584860512989e-04 0.000000000000000000e+00
9.100383154621275068e-04 0.000000000000000000e+00
9.739482704382536934e-04 0.000000000000000000e+00
1.039818623414429750e-03 0.000000000000000000e+00
1.107649374390655894e-03 0.000000000000000000e+00
1.177440523366932558e-03 1.847069124392863655e-293
1.249192070343258659e-03 2.112678454898714161e-262
1.322904015319634847e-03 1.462633549958629677e-233
1.398576358296060905e-03 7.530775930265474708e-207
1.476209099272537051e-03 3.452820391842923235e-182
1.555802238249063716e-03 1.660523817266404164e-159
1.637355775225640036e-03 9.775839469947665154e-139
1.720869710202266008e-03 8.192423744179545242e-120
1.806344043178942285e-03 1.137211390996333613e-102
1.893778774155669082e-03 3.055398661808450069e-87
1.983173903132445098e-03 1.869364799443099067e-73
2.074529430109271419e-03 3.091568237110950370e-61
2.167845355086147393e-03 1.657538395664219938e-50
2.263121678063073454e-03 3.494231181118178773e-41
2.360358399040050469e-03 3.553432898132490210e-33
2.459555518017076271e-03 2.163023990567264801e-26
2.560713034994152593e-03 9.882438996083932741e-21
2.663830949971278568e-03 4.288589774924694034e-16
2.768909262948454630e-03 2.253385041822544490e-12
2.875947973925680780e-03 1.836354844283086436e-09
2.984947082902957450e-03 2.978697374173721019e-07
3.095906589880283773e-03 1.232611288086996865e-05
3.208826494857659750e-03 1.665407488596370490e-04
3.323706797835085814e-03 9.486927863438944074e-04
3.440547498812561965e-03 2.969411825170045066e-03
3.559348597790088636e-03 6.414366457684506952e-03
3.680110094767664961e-03 1.112306814477313950e-02
3.802831989745290939e-03 1.687256434121054208e-02
3.927514282722965704e-03 2.347864165655771593e-02
4.054156973700691856e-03 3.080209866245682548e-02
4.182760062678468095e-03 3.873713347267835477e-02
4.313323549656295289e-03 4.720095292499548040e-02
4.445847434634171702e-03 5.612667432814266721e-02
4.580331717612097335e-03 6.545869975541891705e-02
4.716776398590073922e-03 7.514968304074134964e-02
4.855181477568099729e-03 8.515849710915369963e-02
4.995546954546175623e-03 9.544883610219175030e-02
5.137872829524301604e-03 1.059882291175258812e-01
5.282159102502477672e-03 1.167473274555282658e-01
5.428405773480703828e-03 1.276993780441173787e-01
5.576612842458980070e-03 1.388198264926210623e-01
5.726780309437305531e-03 1.500860122843239164e-01
5.878908174415681948e-03 1.614769306927292258e-01
6.032996437394107583e-03 1.729730438327292952e-01
6.189045098372585908e-03 1.845557824636330502e-01
6.347054157351111718e-03 1.962087949471191528e-01
6.507023614329687615e-03 2.079157995235370870e-01
6.668953469308313599e-03 2.196618512130485701e-01
6.832843722286989670e-03 2.314329323632512703e-01
6.998694373265715828e-03 2.432158894445760333e-01
7.166505422244492073e-03 2.549983780325193461e-01
7.336276869223317537e-03 2.667688143759538999e-01
7.508008714202193956e-03 2.785163323057491258e-01
7.681700957181119595e-03 2.902307445070274050e-01
7.857353598160098790e-03 3.019025073845411078e-01
8.034966637139125470e-03 3.135226889099183567e-01
8.214540074118200502e-03 3.250829389631244015e-01
8.396073909097327356e-03 3.365754617778159985e-01
8.579568142076502563e-03 3.479929901765617117e-01
8.765022773055727856e-03 3.593287613427782468e-01
8.952437802035004971e-03 3.705764939243528788e-01
9.141813229014330439e-03 3.817303663028168148e-01
9.333149053993705993e-03 3.927849958928429919e-01
9.526445276973131635e-03 4.037354193619114850e-01
9.721701897952607363e-03 4.145770736801666634e-01
9.918918916932136648e-03 4.253057779267998550e-01
1.011809633391171255e-02 4.359177157925400170e-01
1.031923414889133854e-02 4.464094187284324278e-01
1.052233236187101462e-02 4.567777496998700615e-01
1.072739097285074078e-02 4.670198875117000936e-01
1.093440998183051703e-02 4.771333116760577142e-01
1.114338938881034163e-02 4.871157877988127605e-01
1.135432919379021806e-02 4.969653534645964710e-01
1.156722939677014457e-02 5.066803046028277580e-01
1.178208999775011943e-02 5.162591823197896224e-01
1.199891099673014612e-02 5.257007601834716715e-01
1.221769239371022463e-02 5.350040319493404306e-01
1.243843418869035149e-02 5.441681997163071438e-01
1.266113638167052670e-02 5.531926625029275346e-01
1.288579897265075200e-02 5.620770052346298895e-01
1.311242196163102738e-02 5.708209881329485702e-01
1.334100534861135459e-02 5.794245364984343949e-01
1.357154913359173015e-02 5.878877308786863987e-01
1.380405331657215580e-02 5.962107976134422005e-01
1.403851789755263153e-02 6.043940997485132138e-01
1.427494287653315735e-02 6.124381283104355367e-01
1.451332825351373326e-02 6.203434939337164611e-01
1.475367402849436273e-02 6.281109188324676129e-01
1.499598020147503881e-02 6.357412291081966371e-01
1.524024677245576498e-02 6.432353473855424442e-01
1.548647374143653950e-02 6.505942857675006685e-01
1.573466110841736931e-02 6.578191391018796130e-01
1.598480887339824227e-02 6.649110785504844801e-01
1.623691703637917053e-02 6.718713454526279438e-01
1.649098559736014366e-02 6.787012454744516532e-01
1.674701455634117209e-02 6.854021430356426192e-01
1.700500391332224540e-02 6.919754560050366266e-01
1.726495366830337400e-02 6.984226506566848514e-01
1.752686382128455442e-02 7.047452368780319221e-01
1.779073437226577625e-02 7.109447636217472999e-01
1.805656532124705685e-02 7.170228145931591968e-01
1.832435666822837886e-02 7.229810041648162544e-01
1.859410841320975616e-02 7.288209735102041398e-01
1.886582055619118528e-02 7.345443869482286559e-01
1.913949309717265929e-02 7.401529284896063432e-01
1.941512603615418858e-02 7.456482985752100889e-01
1.969271937313575929e-02 7.510314198799317165e-01
1.997227310811738876e-02 7.563055489506452789e-01
2.025378724109906312e-02 7.614716738683116048e-01
2.053726177208079276e-02 7.665315317757095404e-01
2.082269670106256382e-02 7.714868626335033008e-01
2.111009202804439364e-02 7.763394069872268100e-01
2.139944775302626487e-02 7.810909038774854762e-01
2.169076387600819486e-02 7.857430888883186748e-01
2.198404039699017321e-02 7.902976923281692656e-01
2.227927731597219643e-02 7.947564375375812951e-01
2.257647463295427495e-02 7.991210393177927696e-01
2.287563234793639835e-02 8.033932024745842337e-01
2.317675046091857705e-02 8.075746204717793031e-01
2.347982897190080062e-02 8.116669741891071599e-01
2.378486788088307949e-02 8.156719307791518991e-01
2.409186718786539977e-02 8.195911426185228388e-01
2.440082689284778228e-02 8.234262463483077443e-01
2.471174699583020273e-02 8.271788619993188929e-01
2.502462749681268195e-02 8.308505921974462805e-01
2.533946839579521298e-02 8.344430214450913041e-01
2.565626969277778543e-02 8.379577154743454992e-01
2.597503138776041318e-02 8.413962206680865030e-01
2.629575348074308580e-02 8.447600635450683848e-01
2.661843597172581372e-02 8.480507503055125795e-01
2.694307886070858651e-02 8.512697664335661107e-01
2.726968214769141807e-02 8.544185763533557187e-01
2.759824583267428758e-02 8.574986231354617683e-01
2.792876991565721931e-02 8.605113282505097994e-01
2.826125439664019939e-02 8.634580913669839264e-01
2.859569927562322089e-02 8.663400508604074401e-01
2.893210455260630115e-02 8.691590132174767946e-01
2.927047022758941935e-02 8.719160979264526379e-01
2.961079630057259979e-02 8.746126160355750523e-01
2.995308277155582163e-02 8.772498563486893497e-01
3.029732964053910224e-02 8.798290854359195334e-01
3.064353690752242426e-02 8.823515476717597172e-01
3.099170457250580504e-02 8.848184652984142362e-01
3.134183263548922377e-02 8.872310385128824306e-01
3.169392109647270472e-02 8.895904455758534279e-01
3.204796995545623056e-02 8.918978429407313779e-01
3.240397921243980128e-02 8.941543654012940046e-01
3.276194886742343076e-02 8.963611262564106230e-01
3.312187892040710513e-02 8.985192174903809947e-01
3.348376937139083825e-02 9.006297099675912854e-01
3.384762022037460932e-02 9.026936077599302388e-01
3.421343146735843915e-02 9.047120220209471375e-01
3.458120311234230693e-02 9.066859240313388524e-01
3.495093515532624040e-02 9.086163021847848409e-01
3.532262759631021182e-02 9.105041248948055888e-01
3.569628043529424199e-02 9.123503408508366608e-01
3.607189367227831706e-02 9.141558792809234557e-01
3.644946730726244394e-02 9.159216502205159705e-01
3.682900134024662264e-02 9.176485447863199640e-01
3.721049577123083929e-02 9.193374354545964522e-01
3.759395060021512164e-02 9.209891618735025487e-01
3.797936582719944193e-02 9.226045843428095639e-01
3.836674145218382098e-02 9.241845102869381545e-01
3.875607747516824492e-02 9.257297402999413727e-01
3.914737389615272761e-02 9.272410577654547348e-01
3.954063071513724825e-02 9.287192291484420714e-01
3.993584793212182765e-02 9.301650042874995972e-01
4.033302554710645887e-02 9.315791166871142392e-01
4.073216356009112804e-02 9.329622760691638206e-01
4.113326197107585597e-02 9.343151964955842548e-01
4.153632078006062878e-02 9.356385587439679519e-01
4.194133998704546035e-02 9.369330337325516567e-01
4.234831959203032986e-02 9.381992774900446141e-01
4.275725959501525814e-02 9.394379314409071480e-01
4.316815999600023129e-02 9.406496192514274268e-01
4.358102079498526321e-02 9.418349590160216556e-01
4.399584199197033307e-02 9.429945477942356380e-01
4.441262358695546170e-02 9.441289712498431852e-01
4.483136557994064214e-02 9.452388018279748172e-01
4.525206797092586747e-02 9.463245990246166306e-01
4.567473075991114462e-02 9.473869069566357437e-01
4.609935394689646665e-02 9.484262638364927556e-01
4.652593753188184744e-02 9.494431901726139156e-01
4.695448151486726618e-02 9.504381961494139386e-01
4.738498589585275061e-02 9.514117802954827896e-01
4.781745067483826606e-02 9.523644280175213028e-01
4.825187585182384720e-02 9.532966175279451448e-01
4.868826142680946628e-02 9.542088128094370347e-01
4.912660739979515107e-02 9.551014680809575275e-01
4.956691377078088073e-02 9.559750271084239692e-01
5.000918053976664834e-02 9.568299218318401245e-01
5.045340770675248165e-02 9.576665778762101233e-01
5.089959527173835291e-02 9.584854080251062891e-01
5.134774323472428292e-02 9.592868163595664743e-01
5.179785159571025088e-02 9.600711966278925313e-01
5.224992035469628454e-02 9.608389355837256840e-01
5.270394951168235614e-02 9.615904093040716916e-01
5.315993906666848651e-02 9.623259856064434459e-01
5.361788901965465481e-02 9.630460230087842799e-01
5.407779937064088882e-02 9.637508733084316770e-01
5.453967011962716771e-02 9.644408788503103791e-01
5.500350126661349148e-02 9.651163743621713476e-01
5.546929281159986708e-02 9.657776861090162646e-01
5.593704475458628755e-02 9.664251341748193447e-01
5.640675709557277373e-02 9.670590300798052041e-01
5.687842983455929091e-02 9.676796783941118418e-01
5.735206297154587379e-02 9.682873758742582826e-01
5.782765650653248768e-02 9.688824138882754511e-01
5.830521043951917420e-02 9.694650758139631286e-01
5.878472477050590561e-02 9.700356383503382363e-01
5.926619949949267496e-02 9.705943725389020171e-01
5.974963462647950307e-02 9.711415425034470861e-01
6.023503015146637607e-02 9.716774063761340896e-01
6.072238607445330782e-02 9.722022157251096752e-01
6.121170239544027752e-02 9.727162173983793236e-01
6.170297911442730598e-02 9.732196516123475805e-01
6.219621623141437933e-02 9.737127528537785626e-01
6.269141374640151143e-02 9.741957508919528719e-01
6.318857165938866760e-02 9.746688695875170838e-01
6.368768997037589641e-02 9.751323274747869529e-01
6.418876867936318398e-02 9.755863385054897030e-01
6.469180778635051643e-02 9.760311112882072981e-01
6.519680729133789376e-02 9.764668496877788595e-01
6.570376719432530210e-02 9.768937523516586507e-01
6.621268749531278308e-02 9.773120143162964402e-01
6.672356819430030894e-02 9.777218253279671423e-01
6.723640929128789356e-02 9.781233705445950832e-01
6.775121078627552307e-02 9.785168316399865951e-01
6.826797267926318358e-02 9.789023854702028071e-01
6.878669497025091673e-02 9.792802046160413720e-01
6.930737765923869476e-02 9.796504583651686193e-01
6.983002074622653155e-02 9.800133115678756335e-01
7.035462423121441322e-02 9.803689250992659865e-01
7.088118811420231202e-02 9.807174567373230234e-01
7.140971239519029734e-02 9.810590601624737950e-01
7.194019707417832754e-02 9.813938853467896184e-01
7.247264215116641650e-02 9.817220793882254215e-01
7.300704762615452259e-02 9.820437855705820285e-01
7.354341349914270132e-02 9.823591437241084856e-01
7.408173977013092493e-02 9.826682910168828000e-01
7.462202643911922118e-02 9.829713610633099563e-01
7.516427350610754843e-02 9.832684842513079726e-01
7.570848097109590669e-02 9.835597885303219989e-01
7.625464883408433758e-02 9.838453985167894267e-01
7.680277709507281336e-02 9.841254358166579008e-01
7.735286575406134790e-02 9.844000198067317520e-01
7.790491481104989957e-02 9.846692667352247019e-01
7.845892426603853775e-02 9.849332900330576290e-01
7.901489411902722082e-02 9.851922011157779879e-01
7.957282437001594877e-02 9.854461083223100548e-01
8.013271501900470772e-02 9.856951178461935692e-01
8.069456606599353932e-02 9.859393333324084630e-01
8.125837751098241579e-02 9.861788559910997787e-01
8.182414935397135103e-02 9.864137849611145370e-01
8.239188159496033115e-02 9.866442169855130784e-01
8.296157423394934227e-02 9.868702465334604490e-01
8.353322727093842603e-02 9.870919661821744295e-01
8.410684070592755468e-02 9.873094662537288402e-01
8.468241453891674209e-02 9.875228349437962239e-01
8.525994876990593274e-02 9.877321587284267901e-01
8.583944339889522379e-02 9.879375219546355780e-01
8.642089842588455972e-02 9.881390069800843889e-01
8.700431385087394054e-02 9.883366946052907220e-01
8.758968967386336624e-02 9.885306636169661765e-01
8.817702589485282294e-02 9.887209909385551443e-01
8.876632251384235228e-02 9.889077520913198693e-01
8.935757953083194038e-02 9.890910206863361420e-01
8.995079694582157337e-02 9.892708685883331299e-01
9.054597475881122348e-02 9.894473664065692731e-01
9.114311296980096011e-02 9.896205829339440596e-01
9.174221157879074162e-02 9.897905853254557185e-01
9.234327058578056802e-02 9.899574396189348979e-01
9.294628999077042542e-02 9.901212100384541026e-01
9.355126979376035545e-02 9.902819596011400716e-01
9.415820999475034425e-02 9.904397498419694745e-01
9.476711059374037793e-02 9.905946408832411176e-01
9.537797159073045650e-02 9.907466916773205456e-01
9.599079298572055219e-02 9.908959597774367190e-01
9.660557477871074827e-02 9.910425014145898270e-01
9.722231696970097536e-02 9.911863717559254994e-01
9.784101955869126122e-02 9.913276246455530183e-01
9.846168254568156419e-02 9.914663126898968226e-01
9.908430593067193981e-02 9.916024875293423246e-01
9.970888971366237419e-02 9.917361995523878981e-01
1.003354338946528534e-01 9.918674979880428566e-01
1.009639384736433915e-01 9.919964311907834009e-01
1.015944034506339466e-01 9.921230463287095125e-01
1.022268288256245744e-01 9.922473894838780284e-01
1.028612145986152610e-01 9.923695059472716906e-01
1.034975607696059924e-01 9.924894398854489097e-01
1.041358673385967409e-01 9.926072344471811304e-01
1.047761343055875760e-01 9.927229320672772417e-01
1.054183616705784560e-01 9.928365741138654998e-01
1.060625494335693947e-01 9.929482010017218752e-01
1.067086975945603783e-01 9.930578525008577628e-01
1.073568061535513790e-01 9.931655673701562659e-01
1.080068751105424663e-01 9.932713834751524251e-01
1.086589044655335984e-01 9.933753380995483662e-01
1.093128942185247754e-01 9.934774675685170697e-01
1.099688443695159834e-01 9.935778073707228764e-01
1.106267549185072641e-01 9.936763924684399729e-01
1.112866258654986035e-01 9.937732569166551899e-01
1.119484572104899878e-01 9.938684339871004525e-01
1.126122489534813753e-01 9.939619564743384927e-01
1.132780010944728633e-01 9.940538563150226326e-01
1.139457136334643961e-01 9.941441647129966031e-01
1.146153865704559877e-01 9.942329124374362781e-01
1.152870199054476102e-01 9.943201294480803476e-01
1.159606136384392638e-01 9.944058450193162813e-01
1.166361677694310039e-01 9.944900880275295840e-01
1.173136822984227889e-01 9.945728865869917223e-01
1.179931572254146188e-01 9.946542681714857226e-01
1.186745925504064658e-01 9.947342598877494391e-01
1.193579882733983993e-01 9.948128881269029389e-01
1.200433443943903777e-01 9.948901786818976634e-01
1.207306609133824149e-01 9.949661570045326142e-01
1.214199378303744969e-01 9.950408478765427889e-01
1.221111751453665961e-01 9.951142755214623659e-01
1.228043728583587818e-01 9.951864638429132048e-01
1.234995309693510124e-01 9.952574361190987817e-01
1.241966494783433017e-01 9.953272151077211527e-01
1.248957283853355943e-01 9.953958232637489800e-01
1.255967676903279873e-01 9.954632824603611985e-01
1.262997673933204390e-01 9.955296140856290110e-01
1.270047274943129079e-01 9.955948392388100920e-01
1.277116479933054216e-01 9.956589784796465725e-01
1.284205288902980080e-01 9.957220519161054106e-01
1.291313701852906393e-01 9.957840793783764299e-01
1.298441718782833154e-01 9.958450801980285316e-01
1.305589339692760642e-01 9.959050732860441624e-01
1.312756564582688024e-01 9.959640772846222179e-01
1.319943393452616409e-01 9.960221103764288486e-01
1.327149826302545244e-01 9.960791903528081193e-01
1.334375863132474527e-01 9.961353347436334715e-01
1.341621503942403981e-01 9.961905606565065741e-01
1.348886748732334440e-01 9.962448848349484409e-01
1.356171597502265069e-01 9.962983237673646020e-01
1.363476050252196425e-01 9.963508935549821866e-01
1.370800106982128508e-01 9.964026099603218167e-01
1.378143767692060206e-01 9.964534884965059458e-01
1.385507032381993187e-01 9.965035443223988487e-01
1.392889901051926616e-01 9.965527923101821228e-01
1.400292373701860493e-01 9.966012469739801150e-01
1.407714450331794265e-01 9.966489226755725905e-01
1.415156130941729040e-01 9.966958333912285806e-01
1.422617415531664542e-01 9.967419927984940697e-01
1.430098304101600493e-01 9.967874144131138037e-01
1.437598796651536337e-01 9.968321114048037668e-01
1.445118893181473185e-01 9.968760966665358714e-01
1.452658593691410482e-01 9.969193829219558101e-01
1.460217898181348506e-01 9.969619825844350247e-01
1.467796806651286701e-01 9.970039078107518771e-01
1.475395319101225067e-01 9.970451705829332933e-01
1.483013435531164437e-01 9.970857826048334926e-01
1.490651155941104256e-01 9.971257553666882378e-01
1.498308480331044801e-01 9.971651000823035238e-01
1.505985408700985240e-01 9.972038278635616537e-01
1.513681941050926405e-01 9.972419495198772132e-01
1.521398077380868297e-01 9.972794756359804058e-01
1.529133817690810637e-01 9.973164166775660977e-01
1.536889161980753704e-01 9.973527828453837563e-01
1.544664110250696387e-01 9.973885841325004220e-01
1.552458662500640352e-01 9.974238304003131272e-01
1.560272818730584765e-01 9.974585312775573476e-01
1.568106578940529627e-01 9.974926962223056304e-01
1.575959943130474383e-01 9.975263344653362285e-01
1.583832911300420421e-01 9.975594551630823092e-01
1.591725483450366629e-01 9.975920672203155704e-01
1.599637659580313565e-01 9.976241793610638453e-01
1.607569439690260948e-01 9.976558002140860637e-01
1.615520823780208504e-01 9.976869381923760827e-01
1.623491811850156785e-01 9.977176015419289001e-01
1.631482403900105516e-01 9.977477983989356813e-01
1.639492599930054972e-01 9.977775367132686313e-01
1.647522399940004323e-01 9.978068242953246347e-01
1.655571803929954677e-01 9.978356687749753151e-01
1.663640811899905481e-01 9.978640777121643435e-01
1.671729423849857010e-01 9.978920584700382568e-01
1.679837639779808434e-01 9.979196182673362170e-01
1.687965459689760583e-01 9.979467642341737221e-01
1.696112883579713460e-01 9.979735033342315154e-01
1.704279911449667062e-01 9.979998424118698974e-01
1.712466543299620836e-01 9.980257881528779018e-01
1.720672779129574781e-01 9.980513471877077158e-01
1.728898618939529452e-01 9.980765259720257854e-01
1.737144062729484850e-01 9.981013308369595105e-01
1.745409110499440697e-01 9.981257680380386521e-01
1.753693762249396715e-01 9.981498436855487100e-01
1.761998017979353459e-01 9.981735637865050137e-01
1.770321877689310930e-01 9.981969342109655585e-01
1.778665341379268849e-01 9.982199607795152474e-01
1.787028409049227218e-01 9.982426491622289344e-01
1.795411080699185480e-01 9.982650049389063529e-01
1.803813356329145023e-01 9.982870335532304518e-01
1.812235235939104738e-01 9.983087404262784847e-01
1.820676719529065180e-01 9.983301308213068381e-01
1.829137807099025514e-01 9.983512099021635278e-01
1.837618498648986853e-01 9.983719827831217808e-01
1.846118794178948919e-01 9.983924544530740075e-01
1.854638693688911155e-01 9.984126298206975614e-01
1.863178197178873563e-01 9.984325136809452106e-01
1.871737304648836975e-01 9.984521107980655064e-01
1.880316016098800835e-01 9.984714258081366367e-01
1.888914331528765145e-01 9.984904632767422905e-01
1.897532250938729903e-01 9.985092276579419224e-01
1.906169774328694833e-01 9.985277233929962248e-01
1.914826901698660766e-01 9.985459547917722167e-01
1.923503633048627148e-01 9.985639260854115573e-01
1.932199968378593979e-01 9.985816414652638473e-01
1.940915907688560982e-01 9.985991050217301046e-01
1.949651450978528711e-01 9.986163207805461850e-01
1.958406598248497166e-01 9.986332926774373897e-01
1.967181349498466070e-01 9.986500246196731156e-01
1.975975704728435423e-01 9.986665204142729513e-01
1.984789663938404669e-01 9.986827838104812560e-01
1.993623227128375197e-01 9.986988184710493544e-01
2.002476394298345896e-01 9.987146280400556186e-01
2.011349165448317322e-01 9.987302160624620395e-01
2.020241540578288642e-01 9.987455860316548639e-01
2.029153519688260965e-01 9.987607413581625071e-01
2.038085102778234015e-01 9.987756854418655683e-01
2.047036289848207236e-01 9.987904215853918855e-01
2.056007080898180628e-01 9.988049530451809099e-01
2.064997475928155024e-01 9.988192829988092880e-01
2.074007474938129869e-01 9.988334146192308083e-01
2.083037077928105441e-01 9.988473509849095100e-01
2.092086284898081183e-01 9.988610951328323884e-01
2.101155095848057097e-01 9.988746500253429250e-01
2.110243510778034015e-01 9.988880186242866666e-01
2.119351529688011382e-01 9.989012038007528682e-01
2.128479152577989197e-01 9.989142083883393308e-01
2.137626379447967184e-01 9.989270351505497025e-01
2.146793210297945897e-01 9.989396868525801665e-01
2.155979645127925337e-01 9.989521661736818769e-01
2.165185683937905226e-01 9.989644757588421742e-01
2.174411326727885563e-01 9.989766181878014795e-01
2.183656573497865794e-01 9.989885960424805811e-01
2.192921424247847306e-01 9.990004118245593423e-01
2.202205878977829268e-01 9.990120680040531775e-01
2.211509937687811678e-01 9.990235669907936433e-01
2.220833600377793982e-01 9.990349111958134465e-01
2.230176867047777289e-01 9.990461029563701967e-01
2.239539737697761046e-01 9.990571445800793260e-01
2.248922212327745529e-01 9.990680383195449377e-01
2.258324290937730461e-01 9.990787864264742968e-01
2.267745973527715286e-01 9.990893910857405746e-01
2.277187260097701116e-01 9.990998544542237791e-01
2.286648150647687394e-01 9.991101786388404404e-01
2.296128645177674399e-01 9.991203657428294749e-01
2.305628743687661297e-01 9.991304178097697442e-01
2.315148446177649200e-01 9.991403368564685250e-01
2.324687752647637551e-01 9.991501248548043668e-01
2.334246663097626351e-01 9.991597837696655215e-01
2.343825177527615322e-01 9.991693155135099591e-01
2.353423295937605020e-01 9.991787219729938441e-01
2.363041018327595444e-01 9.991880050040645722e-01
2.372678344697586317e-01 9.991971664144202459e-01
2.382335275047577638e-01 9.992062080231458587e-01
2.392011809377569131e-01 9.992151315863921912e-01
2.401707947687561351e-01 9.992239388412437195e-01
2.411423689977554297e-01 9.992326314825044076e-01
2.421159036247547691e-01 9.992412112091243470e-01
2.430913986497540979e-01 9.992496796670133907e-01
2.440688540727535549e-01 9.992580384826517115e-01
2.450482698937530290e-01 9.992662892457323531e-01
2.460296461127525758e-01 9.992744335435901348e-01
2.470129827297521674e-01 9.992824729194793587e-01
2.479982797447517484e-01 9.992904088969856158e-01
2.489855371577514298e-01 9.992982429753740625e-01
2.499747549687511561e-01 9.993059766154913648e-01
2.509659331777509550e-01 9.993136112878870936e-01
2.519590717847506878e-01 9.993211484126269806e-01
2.529541707897505765e-01 9.993285893948745668e-01
2.539512301927505100e-01 9.993359356071578325e-01
2.549502499937504885e-01 9.993431884230568052e-01
2.559512301927505673e-01 9.993503491760155066e-01
2.569541707897506355e-01 9.993574191834345699e-01
2.579590717847507486e-01 9.993643997420216252e-01
2.589659331777509621e-01 9.993712921151038930e-01
2.599747549687512205e-01 9.993780975757582397e-01
2.609855371577514682e-01 9.993848173527645207e-01
2.619982797447518164e-01 9.993914526624724237e-01
2.630129827297520984e-01 9.993980046936757899e-01
2.640296461127525363e-01 9.994044746354252551e-01
2.650482698937530190e-01 9.994108636430485415e-01
2.660688540727535467e-01 9.994171728579934744e-01
2.670913986497541748e-01 9.994234034039790604e-01
2.681159036247547922e-01 9.994295563772974678e-01
2.691423689977554545e-01 9.994356328799018918e-01
2.701707947687562172e-01 9.994416339781637681e-01
2.712011809377570248e-01 9.994475607271154916e-01
2.722335275047577108e-01 9.994534141655588844e-01
2.732678344697586081e-01 9.994591953051393807e-01
2.743041018327595504e-01 9.994649051676457452e-01
2.753423295937605375e-01 9.994705447379708119e-01
2.763825177527615695e-01 9.994761149918667265e-01
2.774246663097627019e-01 9.994816168901835551e-01
2.784687752647638237e-01 9.994870513672236001e-01
2.795148446177649904e-01 9.994924193707342974e-01
2.805628743687662574e-01 9.994977218109953876e-01
2.816128645177674028e-01 9.995029595909699083e-01
2.826648150647687596e-01 9.995081335999391747e-01
2.837187260097701613e-01 9.995132447016099597e-01
2.847745973527716079e-01 9.995182937750497487e-01
2.858324290937730994e-01 9.995232816623115246e-01
2.868922212327746357e-01 9.995282091994769358e-01
2.879539737697762170e-01 9.995330772100512462e-01
2.890176867047778431e-01 9.995378864933260887e-01
2.900833600377795141e-01 9.995426378645817511e-01
2.911509937687811744e-01 9.995473321034126224e-01
2.922205878977829352e-01 9.995519699844380712e-01
2.932921424247847964e-01 9.995565522706956196e-01
2.943656573497866469e-01 9.995610797026984740e-01
2.954411326727885978e-01 9.995655530363385388e-01
2.965185683937905936e-01 9.995699729940922262e-01
2.975979645127926343e-01 9.995743402940314715e-01
2.986793210297947199e-01 9.995786556435580783e-01
2.997626379447967393e-01 9.995829197295448276e-01
3.008479152577989146e-01 9.995871332525587682e-01
3.019351529688011904e-01 9.995912968828037926e-01
3.030243510778034555e-01 9.995954112862932561e-01
3.041155095848058210e-01 9.995994771192411310e-01
3.052086284898081758e-01 9.996034950194594426e-01
3.063037077928106311e-01 9.996074656360410815e-01
3.074007474938131312e-01 9.996113895912859260e-01
3.084997475928156763e-01 9.996152675032742296e-01
3.096007080898180996e-01 9.996190999810525835e-01
3.107036289848207899e-01 9.996228876175317080e-01
3.118085102778234696e-01 9.996266310139449995e-01
3.129153519688261942e-01 9.996303307486436029e-01
3.140241540578289636e-01 9.996339873955349953e-01
3.151349165448318335e-01 9.996376015202079746e-01
3.162476394298346927e-01 9.996411736800657755e-01
3.173623227128376523e-01 9.996447044147910299e-01
3.184789663938406568e-01 9.996481942795245601e-01
3.195975704728435396e-01 9.996516438017252204e-01
3.207181349498466338e-01 9.996550535068881027e-01
3.218406598248497730e-01 9.996584239129658878e-01
3.229651450978529570e-01 9.996617555231015473e-01
3.240915907688562414e-01 9.996650488507538013e-01
3.252199968378595152e-01 9.996683043872911512e-01
3.263503633048628338e-01 9.996715226212309346e-01
3.274826901698662529e-01 9.996747040341317225e-01
3.286169774328696613e-01 9.996778491006768075e-01
3.297532250938730591e-01 9.996809582799954796e-01
3.308914331528765573e-01 9.996840320460542717e-01
3.320316016098801559e-01 9.996870708479355105e-01
3.331737304648837994e-01 9.996900751335817681e-01
3.343178197178874878e-01 9.996930453445812548e-01
3.354638693688912210e-01 9.996959819101615130e-01
3.366118794178950546e-01 9.996988852681044646e-01
3.377618498648988776e-01 9.997017558377250257e-01
3.389137807099027455e-01 9.997045940359260419e-01
3.400676719529066028e-01 9.997074002737348364e-01
3.412235235939105604e-01 9.997101749564224482e-01
3.423813356329146185e-01 9.997129184768913657e-01
3.435411080699187214e-01 9.997156312386896726e-01
3.447028409049228137e-01 9.997183136260453518e-01
3.458665341379270064e-01 9.997209660217418747e-01
3.470321877689312440e-01 9.997235888032086626e-01
3.481998017979355819e-01 9.997261823426475402e-01
3.493693762249399093e-01 9.997287470002402809e-01
3.505409110499441705e-01 9.997312831478242234e-01
3.517144062729485876e-01 9.997337911379166053e-01
3.528898618939531051e-01 9.997362713222162078e-01
3.540672779129576120e-01 9.997387240475693604e-01
3.552466543299622193e-01 9.997411496560361099e-01
3.564279911449668714e-01 9.997435484783168125e-01
3.576112883579715684e-01 9.997459208568408862e-01
3.587965459689763104e-01 9.997482671154382938e-01
3.599837639779809306e-01 9.997505875774790329e-01
3.611729423849858178e-01 9.997528825619182991e-01
3.623640811899906944e-01 9.997551523833589915e-01
3.635571803929956158e-01 9.997573973459603636e-01
3.647522399940006377e-01 9.997596177647507520e-01
3.659492599930056489e-01 9.997618139376582835e-01
3.671482403900107605e-01 9.997639861622115154e-01
3.683491811850159170e-01 9.997661347319326541e-01
3.695520823780210629e-01 9.997682599363443279e-01
3.707569439690261981e-01 9.997703620557221171e-01
3.719637659580314892e-01 9.997724413795705534e-01
3.731725483450368253e-01 9.997744981823971644e-01
3.743832911300422062e-01 9.997765327381478162e-01
3.755959943130476320e-01 9.997785453171174064e-01
3.768106578940531581e-01 9.997805361859337658e-01
3.780272818730586737e-01 9.997825056076525829e-01
3.792458662500642896e-01 9.997844538350049159e-01
3.804664110250698950e-01 9.997863811343498108e-01
3.816889161980754896e-01 9.997882877537417334e-01
3.829133817690812402e-01 9.997901739422376810e-01
3.841398077380869802e-01 9.997920399455693108e-01
3.853681941050928206e-01 9.997938860061782451e-01
3.865985408700987613e-01 9.997957123579818139e-01
3.878308480331046915e-01 9.997975192449555237e-01
3.890651155941106665e-01 9.997993068965081997e-01
3.903013435531166864e-01 9.998010755422849227e-01
3.915395319101228067e-01 9.998028254088893174e-01
3.927796806651288053e-01 9.998045567199204120e-01
3.940217898181350153e-01 9.998062696960422491e-01
3.952658593691412148e-01 9.998079645490294265e-01
3.965118893181475146e-01 9.998096415028725481e-01
3.977598796651538593e-01 9.998113007656039830e-01
3.990098304101602489e-01 9.998129425463210262e-01
4.002617415531666833e-01 9.998145670513876038e-01
4.015156130941732182e-01 9.998161744844561438e-01
4.027714450331797424e-01 9.998177650424144858e-01
4.040292373701862005e-01 9.998193389297267419e-01
4.052889901051928145e-01 9.998208963395046611e-01
4.065507032381995289e-01 9.998224374648044810e-01
4.078143767692062882e-01 9.998239624961978711e-01
4.090800106982130369e-01 9.998254716217859217e-01
4.103476050252198859e-01 9.998269650271878195e-01
4.116171597502267798e-01 9.998284428916046629e-01
4.128886748732337186e-01 9.998299054019983423e-01
4.141621503942407023e-01 9.998313527342170826e-01
4.154375863132476199e-01 9.998327850643506931e-01
4.167149826302546933e-01 9.998342025662179111e-01
4.179943393452618672e-01 9.998356054113816116e-01
4.192756564582690304e-01 9.998369937692299647e-01
4.205589339692762940e-01 9.998383678069521219e-01
4.218441718782836025e-01 9.998397276840147452e-01
4.231313701852909004e-01 9.998410735721007248e-01
4.244205288902982987e-01 9.998424056281934869e-01
4.257116479933056308e-01 9.998437240109705471e-01
4.270047274943131188e-01 9.998450288770810435e-01
4.282997673933206517e-01 9.998463203811625011e-01
4.295967676903282295e-01 9.998475986759084444e-01
4.308957283853359077e-01 9.998488639072633521e-01
4.321966494783435753e-01 9.998501162315405200e-01
4.334995309693513432e-01 9.998513557923722761e-01
4.348043728583591006e-01 9.998525827347204409e-01
4.361111751453669583e-01 9.998537972017234043e-01
4.374199378303746943e-01 9.998549993347057852e-01
4.387306609133826418e-01 9.998561892731955281e-01
4.400433443943906342e-01 9.998573671511631344e-01
4.413579882733986715e-01 9.998585331105512841e-01
4.426745925504067536e-01 9.998596872831168048e-01
4.439931572254149361e-01 9.998608298013899054e-01
4.453136822984231080e-01 9.998619607962657696e-01
4.466361677694313248e-01 9.998630803969873471e-01
4.479606136384396420e-01 9.998641887311795484e-01
4.492870199054478375e-01 9.998652859248795544e-01
4.506153865704562445e-01 9.998663720984215519e-01
4.519457136334646408e-01 9.998674473812126928e-01
4.532780010944731375e-01 9.998685118917681747e-01
4.546122489534816791e-01 9.998695657498631872e-01
4.559484572104903211e-01 9.998706090738055385e-01
4.572866258654989524e-01 9.998716419804015709e-01
4.586267549185076287e-01 9.998726645850363193e-01
4.599688443695163498e-01 9.998736770016417585e-01
4.613128942185250048e-01 9.998746793387086607e-01
4.626589044655338712e-01 9.998756717138492789e-01
4.640068751105427269e-01 9.998766542340032926e-01
4.653568061535516831e-01 9.998776270075007133e-01
4.667086975945606842e-01 9.998785901413717037e-01
4.680625494335697301e-01 9.998795437413090514e-01
4.694183616705788209e-01 9.998804879117146882e-01
4.707761343055879566e-01 9.998814227557007994e-01
4.721358673385971372e-01 9.998823483714432969e-01
4.734975607696062516e-01 9.998832648654505384e-01
4.748612145986155220e-01 9.998841723345102128e-01
4.762268288256248927e-01 9.998850708767306195e-01
4.775944034506342528e-01 9.998859605890069169e-01
4.789639384736437133e-01 9.998868415670709719e-01
4.803354338946532187e-01 9.998877139054741514e-01
4.817088897136627690e-01 9.998885776976429440e-01
4.830843059306723641e-01 9.998894330358402138e-01
4.844616825456818376e-01 9.998902800069026098e-01
4.858410195586915226e-01 9.998911187079668750e-01
4.872223169697012524e-01 9.998919492248616869e-01
4.886055747787110826e-01 9.998927716454238945e-01
4.899907929857209021e-01 9.998935860564205358e-01
4.913779715907308221e-01 9.998943925435790359e-01
4.927671105937407314e-01 9.998951911915937574e-01
4.941582099947507412e-01 9.998959820841515356e-01
4.955512697937607958e-01 9.998967653006034517e-01
4.969462899907707287e-01 9.998975409279793336e-01
4.983432705857808731e-01 9.998983090446293964e-01
4.997422115787910624e-01 9.998990697302218011e-01
5.011431129698012965e-01 9.998998230635055551e-01
5.025459747588115755e-01 9.999005691222473402e-01
5.039507969458218994e-01 9.999013079833143358e-01
5.053575795308323793e-01 9.999020397226356938e-01
5.067663225138427929e-01 9.999027644152673755e-01
5.081770258948532515e-01 9.999034821321602928e-01
5.095896896738636439e-01 9.999041929517629157e-01
5.110043138508743032e-01 9.999048969442024815e-01
5.124208984258848965e-01 9.999055941809550374e-01
5.138394433988955345e-01 9.999062847326586345e-01
5.152599487699063285e-01 9.999069686691287595e-01
5.166824145389171674e-01 9.999076460593311344e-01
5.181068407059279401e-01 9.999083169714496622e-01
5.195332272709388688e-01 9.999089814728328030e-01
5.209615742339498423e-01 9.999096396300607426e-01
5.223918815949606387e-01 9.999102915051266693e-01
5.238241493539717020e-01 9.999109371693687409e-01
5.252583775109828101e-01 9.999115766841991659e-01
5.266945660659939632e-01 9.999122101130969442e-01
5.281327150190051611e-01 9.999128375187534834e-01
5.295728243700164040e-01 9.999134589631536452e-01
5.310148941190276917e-01 9.999140745075407732e-01
5.324589242660390243e-01 9.999146842124538859e-01
5.339049148110504017e-01 9.999152881377113555e-01
5.353528657540617131e-01 9.999158863424504329e-01
5.368027770950731803e-01 9.999164788811620852e-01
5.382546488340846924e-01 9.999170658182565674e-01
5.397084809710962494e-01 9.999176472078623590e-01
5.411642735061079623e-01 9.999182231063519222e-01
5.426220264391196091e-01 9.999187935694705542e-01
5.440817397701314118e-01 9.999193586522995281e-01
5.455434134991431483e-01 9.999199184092850690e-01
5.470070476261550407e-01 9.999204728942516773e-01
5.484726421511667560e-01 9.999210221603805904e-01
5.499401970741787382e-01 9.999215662602694010e-01
5.514097123951906543e-01 9.999221052422158085e-01
5.528811881142027262e-01 9.999226391638101896e-01
5.543546242312148431e-01 9.999231680730671368e-01
5.558300207462270048e-01 9.999236920201397538e-01
5.573073776592392115e-01 9.999242110546179285e-01
5.587866949702514630e-01 9.999247252255260010e-01
5.602679726792635373e-01 9.999252345813134379e-01
5.617512107862758786e-01 9.999257391698785913e-01
5.632364092912882647e-01 9.999262390385744714e-01
5.647235681943006957e-01 9.999267342342036402e-01
5.662126874953131717e-01 9.999272248000400376e-01
5.677037671943258035e-01 9.999277107869111170e-01
5.691968072913383692e-01 9.999281922377682985e-01
5.706918077863509797e-01 9.999286691972848473e-01
5.721887686793637462e-01 9.999291417096320966e-01
5.736876899703762245e-01 9.999296098184686787e-01
5.751885716593890807e-01 9.999300735669525153e-01
5.766914137464018708e-01 9.999305329977719037e-01
5.781962162314148168e-01 9.999309881530960009e-01
5.797029791144278077e-01 9.999314390746427694e-01
5.812117023954407324e-01 9.999318858036447821e-01
5.827223860744538131e-01 9.999323283780314764e-01
5.842350301514669386e-01 9.999327668429525140e-01
5.857496346264799980e-01 9.999332012360770960e-01
5.872661994994931023e-01 9.999336315967837230e-01
5.887847247705062514e-01 9.999340579640035864e-01
5.903052104395195565e-01 9.999344803762235667e-01
5.918276565065329065e-01 9.999348988714854558e-01
5.933520629715463013e-01 9.999353134874089388e-01
5.948784298345597410e-01 9.999357242612083585e-01
5.964067570955732256e-01 9.999361312296182192e-01
5.979370447545868661e-01 9.999365344290394031e-01
5.994692928116004405e-01 9.999369338953987274e-01
6.010035012666138377e-01 9.999373296612712458e-01
6.025396701196276128e-01 9.999377217669596085e-01
6.040777993706413218e-01 9.999381102448867686e-01
6.056178890196550757e-01 9.999384951293897039e-01
6.071599390666689855e-01 9.999388764544377972e-01
6.087039495116828292e-01 9.999392542535823214e-01
6.102499203546968287e-01 9.999396285600321566e-01
6.117978515957107621e-01 9.999399994065950592e-01
6.133477432347248515e-01 9.999403668257397237e-01
6.148995952717387636e-01 9.999407308495364965e-01
6.164534077067529427e-01 9.999410915097280972e-01
6.180091805397671667e-01 9.999414488376862087e-01
6.195669137707813245e-01 9.999418028644254663e-01
6.211266073997956383e-01 9.999421536172939939e-01
6.226882614268099969e-01 9.999425011324717394e-01
6.242518758518244004e-01 9.999428454372975006e-01
6.258174506748388488e-01 9.999431865614061277e-01
6.273849858958533421e-01 9.999435245341107281e-01
6.289544815148676582e-01 9.999438593843885670e-01
6.305259375318823523e-01 9.999441911408915029e-01
6.320993539468969802e-01 9.999445198319586448e-01
6.336747307599116530e-01 9.999448454856085799e-01
6.352520679709263707e-01 9.999451681295515870e-01
6.368313655799411332e-01 9.999454877911643225e-01
6.384126235869560517e-01 9.999458044975447768e-01
6.399958419919709041e-01 9.999461182754946220e-01
6.415810207949856903e-01 9.999464291483948220e-01
6.431681599960007434e-01 9.999467371479094924e-01
6.447572595950157304e-01 9.999470422974439110e-01
6.463483195920308733e-01 9.999473446225967121e-01
6.479413399870459500e-01 9.999476441486799816e-01
6.495363207800611827e-01 9.999479409007291375e-01
6.511332619710764602e-01 9.999482349034790607e-01
6.527321635600916716e-01 9.999485261814072823e-01
6.543330255471070389e-01 9.999488147587097808e-01
6.559358479321222291e-01 9.999491006593176357e-01
6.575406307151376861e-01 9.999493839068830381e-01
6.591473738961531881e-01 9.999496645248094895e-01
6.607560774751687349e-01 9.999499425362198268e-01
6.623667414521843266e-01 9.999502179640000765e-01
6.639793658271999632e-01 9.999504908278706861e-01
6.655939506002157557e-01 9.999507611553584141e-01
6.672104957712314821e-01 9.999510289662231211e-01
6.688290013402472534e-01 9.999512942823075567e-01
6.704494673072629585e-01 9.999515571252454160e-01
6.720718936722788195e-01 9.999518175163865097e-01
6.736962804352947254e-01 9.999520754768780328e-01
6.753226275963107872e-01 9.999523310276037247e-01
6.769509351553267829e-01 9.999525841892187294e-01
6.785812031123429344e-01 9.999528349821528161e-01
6.802134314673590199e-01 9.999530834266048274e-01
6.818476202203752612e-01 9.999533295425355739e-01
6.834837693713914364e-01 9.999535733496919265e-01
6.851218789204075454e-01 9.999538148675984894e-01
6.867619488674239214e-01 9.999540541155435003e-01
6.884039792124403423e-01 9.999542911100006704e-01
6.900479699554568080e-01 9.999545258745542453e-01
6.916939210964733187e-01 9.999547584256822663e-01
6.933418326354898742e-01 9.999549887818273142e-01
6.949917045725064746e-01 9.999552169612127006e-01
6.966435369075231199e-01 9.999554429818540147e-01
6.982973296405398100e-01 9.999556668615811050e-01
6.999530827715563230e-01 9.999558886179850115e-01
7.016107963005731030e-01 9.999561082684982338e-01
7.032704702275899278e-01 9.999563258303170166e-01
7.049321045526069085e-01 9.999565413204632991e-01
7.065956992756238231e-01 9.999567547557561831e-01
7.082612543966407825e-01 9.999569661528243669e-01
7.099287699156578979e-01 9.999571755281058127e-01
7.115982458326749471e-01 9.999573828978484125e-01
7.132696821476921523e-01 9.999575882781228664e-01
7.149430788607090692e-01 9.999577916847914860e-01
7.166184359717263641e-01 9.999579931309358072e-01
7.182957534807437039e-01 9.999581926368351636e-01
7.199750313877609775e-01 9.999583902156158333e-01
7.216562696927784071e-01 9.999585858824360241e-01
7.233394683957958815e-01 9.999587796522549921e-01
7.250246274968132898e-01 9.999589715398810030e-01
7.267117469958308540e-01 9.999591615599304761e-01
7.284008268928482410e-01 9.999593497268698394e-01
7.300918671878658950e-01 9.999595360549670131e-01
7.317848678808835938e-01 9.999597205583505843e-01
7.334798289719013376e-01 9.999599032509637331e-01
7.351767504609192372e-01 9.999600841465938750e-01
7.368756323479370707e-01 9.999602632588600049e-01
7.385764746329549491e-01 9.999604406012249092e-01
7.402792773159728723e-01 9.999606161869761811e-01
7.419840403969908404e-01 9.999607900292744045e-01
7.436907638760087425e-01 9.999609621410758820e-01
7.453994477530268004e-01 9.999611325352236735e-01
7.471100920280450142e-01 9.999613012243755428e-01
7.488226967010631618e-01 9.999614682184762016e-01
7.505372617720814654e-01 9.999616335346523943e-01
7.522537872410997029e-01 9.999617971828904661e-01
7.539722731081180962e-01 9.999619591752590964e-01
7.556927193731364234e-01 9.999621195236747528e-01
7.574151260361549065e-01 9.999622782398993603e-01
7.591394930971732125e-01 9.999624353355542894e-01
7.608658205561917853e-01 9.999625908221145831e-01
7.625941084132104031e-01 9.999627447109173950e-01
7.643243566682289547e-01 9.999628970131555494e-01
7.660565653212476622e-01 9.999630477398799844e-01
7.677907343722664146e-01 9.999631969019948663e-01
7.695268638212852119e-01 9.999633445102823481e-01
7.712649536683040541e-01 9.999634905753749248e-01
7.730050039133229411e-01 9.999636351077662022e-01
7.747470145563417621e-01 9.999637781178276619e-01
7.764909855973607389e-01 9.999639196157850130e-01
7.782369170363797606e-01 9.999640596117321811e-01
7.799848088733989382e-01 9.999641981156419668e-01
7.817346611084180497e-01 9.999643351373302957e-01
7.834864737414372060e-01 9.999644706865240540e-01
7.852402467724565183e-01 9.999646047727701603e-01
7.869959802014757644e-01 9.999647374030008473e-01
7.887536740284951664e-01 9.999648685912643220e-01
7.905133282535142802e-01 9.999649983445164647e-01
7.922749428765337720e-01 9.999651266718266873e-01
7.940385178975533087e-01 9.999652535821399457e-01
7.958040533165727792e-01 9.999653790842683021e-01
7.975715491335924057e-01 9.999655031869040256e-01
7.993410053486120770e-01 9.999656258986193702e-01
8.011124219616317932e-01 9.999657472278561388e-01
8.028857989726515543e-01 9.999658671829653178e-01
8.046611363816711382e-01 9.999659857721410194e-01
8.064384341886909890e-01 9.999661030034753262e-01
8.082176923937108848e-01 9.999662188849425259e-01
8.099989109967308254e-01 9.999663334244014434e-01
8.117820899977508109e-01 9.999664466295936638e-01
8.135672293967708413e-01 9.999665585081354280e-01
8.153543291937909165e-01 9.999666690675370617e-01
8.171433893888111477e-01 9.999667783151841016e-01
8.189344099818313127e-01 9.999668862583768192e-01
8.207273909728513006e-01 9.999669929042530603e-01
8.225223323618716664e-01 9.999670982598971580e-01
8.243192341488919661e-01 9.999672023322226933e-01
8.261180963339124217e-01 9.999673051280680847e-01
8.279189189169328111e-01 9.999674066541582862e-01
8.297217018979533565e-01 9.999675069170912423e-01
8.315264452769738357e-01 9.999676059233714165e-01
8.333331490539944708e-01 9.999677036793865881e-01
8.351418132290151508e-01 9.999678001889555912e-01
8.369524378020356536e-01 9.999678954629276362e-01
8.387650227730564234e-01 9.999679895051304390e-01
8.405795681420771270e-01 9.999680823215248981e-01
8.423960739090979866e-01 9.999681739179568929e-01
8.442145400741188910e-01 9.999682643001770455e-01
8.460349666371398403e-01 9.999683534738195156e-01
8.478573535981608345e-01 9.999684414444007796e-01
8.496817009571818735e-01 9.999685282173750300e-01
8.515080087142030685e-01 9.999686137980282608e-01
8.533362768692239753e-01 9.999686981916048323e-01
8.551665054222451490e-01 9.999687814032054423e-01
8.569986943732663676e-01 9.999688634378379737e-01
8.588328437222877421e-01 9.999689443004138312e-01
8.606689534693090504e-01 9.999690239957311766e-01
8.625070236143304037e-01 9.999691025284797030e-01
8.643470541573519128e-01 9.999691799032734973e-01
8.661890450983733558e-01 9.999692561245850930e-01
8.680329964373949547e-01 9.999693311968235188e-01
8.698789081744163765e-01 9.999694051242697945e-01
8.717267803094379541e-01 9.999694779111156784e-01
8.735766128424596877e-01 9.999695495614343566e-01
8.754284057734814661e-01 9.999696200792281831e-01
8.772821591025032895e-01 9.999696894683718362e-01
8.791378728295250466e-01 9.999697577326461806e-01
8.809955469545469597e-01 9.999698248757421526e-01
8.828551814775689177e-01 9.999698909012250114e-01
8.847167763985909206e-01 9.999699558125918486e-01
8.865803317176127463e-01 9.999700196132051966e-01
8.884458474346348389e-01 9.999700823063546462e-01
8.903133235496569764e-01 9.999701438952154353e-01
8.921827600626792698e-01 9.999702043828601061e-01
8.940541569737014971e-01 9.999702637722722720e-01
8.959275142827237692e-01 9.999703220663302972e-01
8.978028319897460863e-01 9.999703792677938630e-01
8.996801100947685592e-01 9.999704353793561484e-01
9.015593485977907440e-01 9.999704904035866537e-01
9.034405474988133067e-01 9.999705443429588447e-01
9.053237067978358033e-01 9.999705971998398280e-01
9.072088264948584557e-01 9.999706489765017858e-01
9.090959065898810421e-01 9.999706996727208974e-01
9.109849470829037843e-01 9.999707492952399912e-01
9.128759479739264604e-01 9.999707978437588629e-01
9.147689092629492924e-01 9.999708453201371361e-01
9.166638309499721693e-01 9.999708917261476149e-01
9.185607130349948690e-01 9.999709370634407568e-01
9.204595555180178357e-01 9.999709813335948549e-01
9.223603583990407362e-01 9.999710245380591944e-01
9.242631216780637926e-01 9.999710666781981283e-01
9.261678453550868939e-01 9.999711077552718708e-01
9.280745294301100401e-01 9.999711477704052998e-01
9.299831739031333422e-01 9.999711867246791064e-01
9.318937787741565781e-01 9.999712246190211040e-01
9.338063440431798590e-01 9.999712614542649591e-01
9.357208697102029626e-01 9.999712972311559644e-01
9.376373557752263332e-01 9.999713319503221731e-01
9.395558022382498597e-01 9.999713656122861671e-01
9.414762090992733201e-01 9.999713982174754934e-01
9.433985763582968254e-01 9.999714297661954632e-01
9.453229040153204865e-01 9.999714602586554646e-01
9.472491920703440815e-01 9.999714896949488674e-01
9.491774405233678324e-01 9.999715180750726740e-01
9.511076493743915172e-01 9.999715453989150848e-01
9.530398186234151359e-01 9.999715716662423981e-01
9.549739482704390214e-01 9.999715968767218799e-01
9.569100383154629519e-01 9.999716210299116614e-01
9.588480887584868162e-01 9.999716441252541888e-01
9.607880995995108364e-01 9.999716661620784430e-01
9.627300708385349015e-01 9.999716871396108209e-01
9.646740024755590115e-01 9.999717070569491550e-01
9.666198945105831664e-01 9.999717259131051250e-01
9.685677469436073661e-01 9.999717437069535197e-01
9.705175597746313887e-01 9.999717604372465596e-01
9.724693330036556782e-01 9.999717761026575280e-01
9.744230666306800126e-01 9.999717907017033891e-01
9.763787606557043919e-01 9.999718042328001877e-01
9.783364150787289271e-01 9.999718166942553887e-01
9.802960298997533961e-01 9.999718280842363471e-01
9.822576051187779100e-01 9.999718384008142724e-01
9.842211407358025799e-01 9.999718476419180435e-01
9.861866367508271836e-01 9.999718558053684037e-01
9.881540931638517211e-01 9.999718628888523142e-01
9.901235099748764146e-01 9.999718688899342789e-01
9.920948871839012639e-01 9.999718738060681122e-01
9.940682247909260472e-01 9.999718776345642990e-01
9.960435227959509863e-01 9.999718803726130867e-01
9.980207811989759703e-01 9.999718820172852629e-01
1.000000000000000666e+00 9.999718825654890786e-01
