0.000000000000000000e+00 7.372931570697897063e-01
2.078119897502626434e-05 7.307865749936748312e-01
4.352279595010249372e-05 7.236662018453587919e-01
6.822479092522875592e-05 7.159320358095196957e-01
9.488718390040502381e-05 7.075840754933937493e-01
1.235099748756312839e-04 6.986223201435727281e-01
1.540931638509075632e-04 6.890467696759106087e-01
1.866367508262337669e-04 6.788574245877075919e-01
2.211407358016100034e-04 6.680542857950620972e-01
2.576051187770363269e-04 6.566373544732473366e-01
2.960298997525126832e-04 6.446066319231605890e-01
3.364150787280388555e-04 6.319621195016691395e-01
3.787606557036150606e-04 6.187038186019605535e-01
4.230666306792412444e-04 6.048317306664763304e-01
4.693330036549174067e-04 5.903458572287155759e-01
5.175597746306437102e-04 5.752461999482681998e-01
5.677469436064200466e-04 5.595327606464988168e-01
6.198945105822462531e-04 5.432055413248468856e-01
6.740024755581224382e-04 5.262645441768929455e-01
7.300708385340486020e-04 5.087097715961343969e-01
7.880995995100251780e-04 4.905412261790260686e-01
8.480887584860512989e-04 4.717589107299053341e-01
9.100383154621275068e-04 4.523628282747447771e-01
9.739482704382536934e-04 4.323529820681806246e-01
1.039818623414429750e-03 4.117293756154020712e-01
1.107649374390655894e-03 3.904920126931483715e-01
1.177440523366932558e-03 3.686408973791083232e-01
1.249192070343258659e-03 3.461760340841513739e-01
1.322904015319634847e-03 3.230974275882237401e-01
1.398576358296060905e-03 2.994050830600024082e-01
1.476209099272537051e-03 2.750990060545234761e-01
1.555802238249063716e-03 2.501792024411340631e-01
1.637355775225640036e-03 2.246458504214724761e-01
1.720869710202266008e-03 1.986524699952168238e-01
1.806344043178942285e-03 1.753890436401499275e-01
1.893778774155669082e-03 1.600785071449247199e-01
1.983173903132445098e-03 1.511362668537609422e-01
2.074529430109271419e-03 1.455072347151407375e-01
2.167845355086147393e-03 1.416203613020445840e-01
2.263121678063073454e-03 1.387416364203183927e-01
2.360358399040050469e-03 1.364989088263351968e-01
2.459555518017076271e-03 1.346853647987314995e-01
2.560713034994152593e-03 1.331768877953738162e-01
2.663830949971278568e-03 1.318942524358434343e-01
2.768909262948454630e-03 1.307843196157824628e-01
2.875947973925680780e-03 1.298099818929024374e-01
2.984947082902957450e-03 1.289444510393627785e-01
3.095906589880283773e-03 1.281678429716141543e-01
3.208826494857659750e-03 1.274650463404333467e-01
3.323706797835085814e-03 1.268243425579649863e-01
3.440547498812561965e-03 1.262364836699421955e-01
3.559348597790088636e-03 1.256940590346294351e-01
3.680110094767664961e-03 1.251910497809325395e-01
3.802831989745290939e-03 1.247225086560653784e-01
3.927514282722965704e-03 1.242843256022297255e-01
4.054156973700691856e-03 1.238730531933720791e-01
4.182760062678468095e-03 1.234857746661239541e-01
4.313323549656295289e-03 1.231200027799038837e-01
4.445847434634171702e-03 1.227736013381603153e-01
4.580331717612097335e-03 1.224447236032246006e-01
4.716776398590073922e-03 1.221317634685920306e-01
4.855181477568099729e-03 1.218333163805603858e-01
4.995546954546175623e-03 1.215481477928532505e-01
5.137872829524301604e-03 1.212751675022440412e-01
5.282159102502477672e-03 1.210134086201280906e-01
5.428405773480703828e-03 1.207620102328962469e-01
5.576612842458980070e-03 1.205202030238090860e-01
5.726780309437305531e-03 1.202872972940648155e-01
5.878908174415681948e-03 1.200626729451076680e-01
6.032996437394107583e-03 1.198457710795569342e-01
6.189045098372585908e-03 1.196360869517944792e-01
6.347054157351111718e-03 1.194331640569744613e-01
6.507023614329687615e-03 1.192365891928895416e-01
6.668953469308313599e-03 1.190459883660795332e-01
6.832843722286989670e-03 1.188610231684567448e-01
6.998694373265715828e-03 1.186812782143672335e-01
7.166505422244492073e-03 1.185064723001169468e-01
7.336276869223317537e-03 1.183363431807572252e-01
7.508008714202193956e-03 1.181706465330782246e-01
7.681700957181119595e-03 1.180091546894822957e-01
7.857353598160098790e-03 1.178516554288358692e-01
8.034966637139125470e-03 1.176979508332362673e-01
8.214540074118200502e-03 1.175478562151086870e-01
8.396073909097327356e-03 1.174011991160596458e-01
8.579568142076502563e-03 1.172578183768097776e-01
8.765022773055727856e-03 1.171175632760586144e-01
8.952437802035004971e-03 1.169802927353268129e-01
9.141813229014330439e-03 1.168458745861182257e-01
9.333149053993705993e-03 1.167141848956315259e-01
9.526445276973131635e-03 1.165851073469626603e-01
9.721701897952607363e-03 1.164585326699003054e-01
9.918918916932136648e-03 1.163343581184507342e-01
1.011809633391171255e-02 1.162124869913863656e-01
1.031923414889133854e-02 1.160928281923242350e-01
1.052233236187101462e-02 1.159752958260760608e-01
1.072739097285074078e-02 1.158598088281872079e-01
1.093440998183051703e-02 1.157462906248355322e-01
1.114338938881034163e-02 1.156346688204797635e-01
1.135432919379021806e-02 1.155248749108500894e-01
1.156722939677014457e-02 1.154168440190564138e-01
1.178208999775011943e-02 1.153105146528203284e-01
1.199891099673014612e-02 1.152058284809628352e-01
1.221769239371022463e-02 1.151027301274756692e-01
1.243843418869035149e-02 1.150011669816378423e-01
1.266113638167052670e-02 1.149010890227741138e-01
1.288579897265075200e-02 1.148024486584021397e-01
1.311242196163102738e-02 1.147052005745906739e-01
1.334100534861135459e-02 1.146093015974972013e-01
1.357154913359173015e-02 1.145147105651175834e-01
1.380405331657215580e-02 1.144213882083811307e-01
1.403851789755263153e-02 1.143292970408170267e-01
1.427494287653315735e-02 1.142384012560557632e-01
1.451332825351373326e-02 1.141486666325272903e-01
1.475367402849436273e-02 1.140600604447595395e-01
1.499598020147503881e-02 1.139725513807421792e-01
1.524024677245576498e-02 1.138861094648684208e-01
1.548647374143653950e-02 1.138007059859920955e-01
1.573466110841736931e-02 1.137163134302260764e-01
1.598480887339824227e-02 1.136329054180791887e-01
1.623691703637917053e-02 1.135504566456228409e-01
1.649098559736014366e-02 1.134689428293594871e-01
1.674701455634117209e-02 1.133883406545283801e-01
1.700500391332224540e-02 1.133086277265818176e-01
1.726495366830337400e-02 1.132297825256068508e-01
1.752686382128455442e-02 1.131517843634747000e-01
1.779073437226577625e-02 1.130746133435195366e-01
1.805656532124705685e-02 1.129982503225735041e-01
1.832435666822837886e-02 1.129226768751903920e-01
1.859410841320975616e-02 1.128478752599077345e-01
1.886582055619118528e-02 1.127738283874068492e-01
1.913949309717265929e-02 1.127005197904437372e-01
1.941512603615418858e-02 1.126279335954338406e-01
1.969271937313575929e-02 1.125560544955842707e-01
1.997227310811738876e-02 1.124848677254569190e-01
2.025378724109906312e-02 1.124143590369008905e-01
2.053726177208079276e-02 1.123445146762237640e-01
2.082269670106256382e-02 1.122753213625626856e-01
2.111009202804439364e-02 1.122067662673468663e-01
2.139944775302626487e-02 1.121388369947953212e-01
2.169076387600819486e-02 1.120715215633872469e-01
2.198404039699017321e-02 1.120048083882271145e-01
2.227927731597219643e-02 1.119386862642543917e-01
2.257647463295427495e-02 1.118731443502435918e-01
2.287563234793639835e-02 1.118081721535390954e-01
2.317675046091857705e-02 1.117437595154746749e-01
2.347982897190080062e-02 1.116798965974338254e-01
2.378486788088307949e-02 1.116165738675199276e-01
2.409186718786539977e-02 1.115537820877741809e-01
2.440082689284778228e-02 1.114915123019494664e-01
2.471174699583020273e-02 1.114297558237761221e-01
2.502462749681268195e-02 1.113685042257403501e-01
2.533946839579521298e-02 1.113077493283406577e-01
2.565626969277778543e-02 1.112474831898503796e-01
2.597503138776041318e-02 1.111876980965865042e-01
2.629575348074308580e-02 1.111283865537468912e-01
2.661843597172581372e-02 1.110695412768377827e-01
2.694307886070858651e-02 1.110111551838022237e-01
2.726968214769141807e-02 1.109532213879130813e-01
2.759824583267428758e-02 1.108957331915852024e-01
2.792876991565721931e-02 1.108386840812120161e-01
2.826125439664019939e-02 1.107820677232177753e-01
2.859569927562322089e-02 1.107258779614556654e-01
2.893210455260630115e-02 1.106701088161212432e-01
2.927047022758941935e-02 1.106147544842854824e-01
2.961079630057259979e-02 1.105598093420597644e-01
2.995308277155582163e-02 1.105052679482795286e-01
3.029732964053910224e-02 1.104511250493332986e-01
3.064353690752242426e-02 1.103973755843677129e-01
3.099170457250580504e-02 1.103440146895632995e-01
3.134183263548922377e-02 1.102910376992884411e-01
3.169392109647270472e-02 1.102384401407619924e-01
3.204796995545623056e-02 1.101862177171120949e-01
3.240397921243980128e-02 1.101343662713231281e-01
3.276194886742343076e-02 1.100828817202287591e-01
3.312187892040710513e-02 1.100317599431029914e-01
3.348376937139083825e-02 1.099809966031971703e-01
3.384762022037460932e-02 1.099305868720731466e-01
3.421343146735843915e-02 1.098805250152194019e-01
3.458120311234230693e-02 1.098308037822096489e-01
3.495093515532624040e-02 1.097814135243199984e-01
3.532262759631021182e-02 1.097323409356029955e-01
3.569628043529424199e-02 1.096835672289172559e-01
3.607189367227831706e-02 1.096351528687148497e-01
3.644946730726244394e-02 1.095870813558501439e-01
3.682900134024662264e-02 1.095393406422008609e-01
3.721049577123083929e-02 1.094919218899250840e-01
3.759395060021512164e-02 1.094448185119513417e-01
3.797936582719944193e-02 1.093980254659206314e-01
3.836674145218382098e-02 1.093515387420642970e-01
3.875607747516824492e-02 1.093053549981388151e-01
3.914737389615272761e-02 1.092594713046082938e-01
3.954063071513724825e-02 1.092138849714920368e-01
3.993584793212182765e-02 1.091685934347710607e-01
4.033302554710645887e-02 1.091235941855114855e-01
4.073216356009112804e-02 1.090788847289163727e-01
4.113326197107585597e-02 1.090344625638065557e-01
4.153632078006062878e-02 1.089903251754950481e-01
4.194133998704546035e-02 1.089464700370041533e-01
4.234831959203032986e-02 1.089028946150233657e-01
4.275725959501525814e-02 1.088595963781600062e-01
4.316815999600023129e-02 1.088165728058201887e-01
4.358102079498526321e-02 1.087738213967197332e-01
4.399584199197033307e-02 1.087313396764221091e-01
4.441262358695546170e-02 1.086891252035894484e-01
4.483136557994064214e-02 1.086471755748664447e-01
4.525206797092586747e-02 1.086054884284004263e-01
4.567473075991114462e-02 1.085640614460777614e-01
4.609935394689646665e-02 1.085228923545592666e-01
4.652593753188184744e-02 1.084819789252010891e-01
4.695448151486726618e-02 1.084413189728960503e-01
4.738498589585275061e-02 1.084009103538333546e-01
4.781745067483826606e-02 1.083607509621361403e-01
4.825187585182384720e-02 1.083208387252794502e-01
4.868826142680946628e-02 1.082811715982209128e-01
4.912660739979515107e-02 1.082417475561952419e-01
4.956691377078088073e-02 1.082025645862698809e-01
5.000918053976664834e-02 1.081636206780358239e-01
5.045340770675248165e-02 1.081249138142980487e-01
5.089959527173835291e-02 1.080864419634279261e-01
5.134774323472428292e-02 1.080482030763219581e-01
5.179785159571025088e-02 1.080101950928990528e-01
5.224992035469628454e-02 1.079724159660118560e-01
5.270394951168235614e-02 1.079348637150533419e-01
5.315993906666848651e-02 1.078975365279421367e-01
5.361788901965465481e-02 1.078604329393829386e-01
5.407779937064088882e-02 1.078235521265177438e-01
5.453967011962716771e-02 1.077868943817195252e-01
5.500350126661349148e-02 1.077504618485273513e-01
5.546929281159986708e-02 1.077142596326241819e-01
5.593704475458628755e-02 1.076782621686294267e-01
5.640675709557277373e-02 1.076424733358797570e-01
5.687842983455929091e-02 1.076068948344444942e-01
5.735206297154587379e-02 1.075715269458056289e-01
5.782765650653248768e-02 1.075363690553860913e-01
5.830521043951917420e-02 1.075014200093082350e-01
5.878472477050590561e-02 1.074666783522825325e-01
5.926619949949267496e-02 1.074321424815829068e-01
5.974963462647950307e-02 1.073978107428877199e-01
6.023503015146637607e-02 1.073636814867978545e-01
6.072238607445330782e-02 1.073297530995633436e-01
6.121170239544027752e-02 1.072960240176014657e-01
6.170297911442730598e-02 1.072624927324252742e-01
6.219621623141437933e-02 1.072291577903867754e-01
6.269141374640151143e-02 1.071960177899195649e-01
6.318857165938866760e-02 1.071630713775753169e-01
6.368768997037589641e-02 1.071303172428847983e-01
6.418876867936318398e-02 1.070977541107236974e-01
6.469180778635051643e-02 1.070653807282325037e-01
6.519680729133789376e-02 1.070331958411125522e-01
6.570376719432530210e-02 1.070011981509673415e-01
6.621268749531278308e-02 1.069693862407699175e-01
6.672356819430030894e-02 1.069377584488120647e-01
6.723640929128789356e-02 1.069063126617728204e-01
6.775121078627552307e-02 1.068750459816531634e-01
6.826797267926318358e-02 1.068439622761026275e-01
6.878669497025091673e-02 1.068130591346207053e-01
6.930737765923869476e-02 1.067823346601801254e-01
6.983002074622653155e-02 1.067517872845532290e-01
7.035462423121441322e-02 1.067214156427314375e-01
7.088118811420231202e-02 1.066912184899403565e-01
7.140971239519029734e-02 1.066611946480912343e-01
7.194019707417832754e-02 1.066313429723073913e-01
7.247264215116641650e-02 1.066016623310415551e-01
7.300704762615452259e-02 1.065721515956622872e-01
7.354341349914270132e-02 1.065428096373495087e-01
7.408173977013092493e-02 1.065136353310353057e-01
7.462202643911922118e-02 1.064846275681712029e-01
7.516427350610754843e-02 1.064557852826251844e-01
7.570848097109590669e-02 1.064271074974277170e-01
7.625464883408433758e-02 1.063985934048528731e-01
7.680277709507281336e-02 1.063702424988069578e-01
7.735286575406134790e-02 1.063420521167200428e-01
7.790491481104989957e-02 1.063140215640771685e-01
7.845892426603853775e-02 1.062861499942963361e-01
7.901489411902722082e-02 1.062584364718775903e-01
7.957282437001594877e-02 1.062308800139794285e-01
8.013271501900470772e-02 1.062034796173191853e-01
8.069456606599353932e-02 1.061762342747997745e-01
8.125837751098241579e-02 1.061491429846127404e-01
8.182414935397135103e-02 1.061222047529523371e-01
8.239188159496033115e-02 1.060954185899608687e-01
8.296157423394934227e-02 1.060687834965708676e-01
8.353322727093842603e-02 1.060422984374086858e-01
8.410684070592755468e-02 1.060159622914114558e-01
8.468241453891674209e-02 1.059897737663824807e-01
8.525994876990593274e-02 1.059637327695784476e-01
8.583944339889522379e-02 1.059378381562899041e-01
8.642089842588455972e-02 1.059120888779991471e-01
8.700431385087394054e-02 1.058864839456791357e-01
8.758968967386336624e-02 1.058610224061884153e-01
8.817702589485282294e-02 1.058357033284311466e-01
8.876632251384235228e-02 1.058105257975497787e-01
8.935757953083194038e-02 1.057854889171368357e-01
8.995079694582157337e-02 1.057605918214788998e-01
9.054597475881122348e-02 1.057358337024685291e-01
9.114311296980096011e-02 1.057112138593627598e-01
9.174221157879074162e-02 1.056867309813339234e-01
9.234327058578056802e-02 1.056623842983445138e-01
9.294628999077042542e-02 1.056381730013030706e-01
9.355126979376035545e-02 1.056140962614687817e-01
9.415820999475034425e-02 1.055901532427481887e-01
9.476711059374037793e-02 1.055663431086449472e-01
9.537797159073045650e-02 1.055426650243437708e-01
9.599079298572055219e-02 1.055191181532392219e-01
9.660557477871074827e-02 1.054957016455096291e-01
9.722231696970097536e-02 1.054724146140543495e-01
9.784101955869126122e-02 1.054492560896156533e-01
9.846168254568156419e-02 1.054262256109755047e-01
9.908430593067193981e-02 1.054033222879418308e-01
9.970888971366237419e-02 1.053805452739235426e-01
1.003354338946528534e-01 1.053578937495366075e-01
1.009639384736433915e-01 1.053353669134486775e-01
1.015944034506339466e-01 1.053129639797110856e-01
1.022268288256245744e-01 1.052906841823669226e-01
1.028612145986152610e-01 1.052685267901111998e-01
1.034975607696059924e-01 1.052464911365810774e-01
1.041358673385967409e-01 1.052245762444645044e-01
1.047761343055875760e-01 1.052027814104701947e-01
1.054183616705784560e-01 1.051811059129310194e-01
1.060625494335693947e-01 1.051595490221948342e-01
1.067086975945603783e-01 1.051381100062353940e-01
1.073568061535513790e-01 1.051167881317671970e-01
1.080068751105424663e-01 1.050955826598786585e-01
1.086589044655335984e-01 1.050744928334982620e-01
1.093128942185247754e-01 1.050535178515225737e-01
1.099688443695159834e-01 1.050326571644629586e-01
1.106267549185072641e-01 1.050119100193353389e-01
1.112866258654986035e-01 1.049912756863246865e-01
1.119484572104899878e-01 1.049707534502798550e-01
1.126122489534813753e-01 1.049503426061907108e-01
1.132780010944728633e-01 1.049300424586148972e-01
1.139457136334643961e-01 1.049098523261877275e-01
1.146153865704559877e-01 1.048897715540390435e-01
1.152870199054476102e-01 1.048697995394836380e-01
1.159606136384392638e-01 1.048499354510256804e-01
1.166361677694310039e-01 1.048301786596000651e-01
1.173136822984227889e-01 1.048105285221052202e-01
1.179931572254146188e-01 1.047909843896256271e-01
1.186745925504064658e-01 1.047715456108273130e-01
1.193579882733983993e-01 1.047522115302395029e-01
1.200433443943903777e-01 1.047329814794766001e-01
1.207306609133824149e-01 1.047138547571361822e-01
1.214199378303744969e-01 1.046948308398642641e-01
1.221111751453665961e-01 1.046759090629128530e-01
1.228043728583587818e-01 1.046570887792677429e-01
1.234995309693510124e-01 1.046383693529274322e-01
1.241966494783433017e-01 1.046197501553919190e-01
1.248957283853355943e-01 1.046012305654287905e-01
1.255967676903279873e-01 1.045828099733401295e-01
1.262997673933204390e-01 1.045644877926714816e-01
1.270047274943129079e-01 1.045462634849505384e-01
1.277116479933054216e-01 1.045281363102857908e-01
1.284205288902980080e-01 1.045101057078571122e-01
1.291313701852906393e-01 1.044921711031033401e-01
1.298441718782833154e-01 1.044743319161891004e-01
1.305589339692760642e-01 1.044565875653765685e-01
1.312756564582688024e-01 1.044389374650370045e-01
1.319943393452616409e-01 1.044213810160841555e-01
1.327149826302545244e-01 1.044039175838506334e-01
1.334375863132474527e-01 1.043865467159301591e-01
1.341621503942403981e-01 1.043692678120226591e-01
1.348886748732334440e-01 1.043520802914107565e-01
1.356171597502265069e-01 1.043349835851333229e-01
1.363476050252196425e-01 1.043179771328006655e-01
1.370800106982128508e-01 1.043010603843749634e-01
1.378143767692060206e-01 1.042842328090163029e-01
1.385507032381993187e-01 1.042674939158776404e-01
1.392889901051926616e-01 1.042508430560323829e-01
1.400292373701860493e-01 1.042342797215830563e-01
1.407714450331794265e-01 1.042178033932962822e-01
1.415156130941729040e-01 1.042014135481396514e-01
1.422617415531664542e-01 1.041851096623320067e-01
1.430098304101600493e-01 1.041688912097125663e-01
1.437598796651536337e-01 1.041527576533498312e-01
1.445118893181473185e-01 1.041367084256117348e-01
1.452658593691410482e-01 1.041207431111762921e-01
1.460217898181348506e-01 1.041048611713935451e-01
1.467796806651286701e-01 1.040890620851626230e-01
1.475395319101225067e-01 1.040733453415075005e-01
1.483013435531164437e-01 1.040577104364984878e-01
1.490651155941104256e-01 1.040421568746626863e-01
1.498308480331044801e-01 1.040266841768740930e-01
1.505985408700985240e-01 1.040112918994385433e-01
1.513681941050926405e-01 1.039959794636022006e-01
1.521398077380868297e-01 1.039807464117115249e-01
1.529133817690810637e-01 1.039655922755827466e-01
1.536889161980753704e-01 1.039505165838265910e-01
1.544664110250696387e-01 1.039355188648980327e-01
1.552458662500640352e-01 1.039205986458322795e-01
1.560272818730584765e-01 1.039057554447809922e-01
1.568106578940529627e-01 1.038909887526860698e-01
1.575959943130474383e-01 1.038762981916753203e-01
1.583832911300420421e-01 1.038616832775686866e-01
1.591725483450366629e-01 1.038471435424013628e-01
1.599637659580313565e-01 1.038326785271883740e-01
1.607569439690260948e-01 1.038182877788367264e-01
1.615520823780208504e-01 1.038039708511604986e-01
1.623491811850156785e-01 1.037897273117662084e-01
1.631482403900105516e-01 1.037755567593078576e-01
1.639492599930054972e-01 1.037614586782692888e-01
1.647522399940004323e-01 1.037474326560717808e-01
1.655571803929954677e-01 1.037334782704973091e-01
1.663640811899905481e-01 1.037195950966726676e-01
1.671729423849857010e-01 1.037057827100433677e-01
1.679837639779808434e-01 1.036920406855271620e-01
1.687965459689760583e-01 1.036783685911939340e-01
1.696112883579713460e-01 1.036647659721831316e-01
1.704279911449667062e-01 1.036512324816468850e-01
1.712466543299620836e-01 1.036377676855536195e-01
1.720672779129574781e-01 1.036243711642107629e-01
1.728898618939529452e-01 1.036110425056380735e-01
1.737144062729484850e-01 1.035977813026782574e-01
1.745409110499440697e-01 1.035845871536049817e-01
1.753693762249396715e-01 1.035714596676924198e-01
1.761998017979353459e-01 1.035583984797300572e-01
1.770321877689310930e-01 1.035454031351729642e-01
1.778665341379268849e-01 1.035324732605650971e-01
1.787028409049227218e-01 1.035196084745988038e-01
1.795411080699185480e-01 1.035068083941416833e-01
1.803813356329145023e-01 1.034940726368693414e-01
1.812235235939104738e-01 1.034814008208209263e-01
1.820676719529065180e-01 1.034687925595773605e-01
1.829137807099025514e-01 1.034562474494742923e-01
1.837618498648986853e-01 1.034437651673806302e-01
1.846118794178948919e-01 1.034313453264253529e-01
1.854638693688911155e-01 1.034189875513125828e-01
1.863178197178873563e-01 1.034066914728599268e-01
1.871737304648836975e-01 1.033944567251852270e-01
1.880316016098800835e-01 1.033822829448945435e-01
1.888914331528765145e-01 1.033701697727345270e-01
1.897532250938729903e-01 1.033581168597719341e-01
1.906169774328694833e-01 1.033461238827433765e-01
1.914826901698660766e-01 1.033341904291043972e-01
1.923503633048627148e-01 1.033223161679539259e-01
1.932199968378593979e-01 1.033105007592335922e-01
1.940915907688560982e-01 1.032987438606025460e-01
1.949651450978528711e-01 1.032870451304323534e-01
1.958406598248497166e-01 1.032754042276191747e-01
1.967181349498466070e-01 1.032638208070547486e-01
1.975975704728435423e-01 1.032522945071682463e-01
1.984789663938404669e-01 1.032408250409748846e-01
1.993623227128375197e-01 1.032294120617952976e-01
2.002476394298345896e-01 1.032180552344278968e-01
2.011349165448317322e-01 1.032067542294695106e-01
2.020241540578288642e-01 1.031955087204657479e-01
2.029153519688260965e-01 1.031843183830000593e-01
2.038085102778234015e-01 1.031731828959885772e-01
2.047036289848207236e-01 1.031621019470130574e-01
2.056007080898180628e-01 1.031510752460599728e-01
2.064997475928155024e-01 1.031401024275641898e-01
2.074007474938129869e-01 1.031291831953549676e-01
2.083037077928105441e-01 1.031183172447677210e-01
2.092086284898081183e-01 1.031075042691767668e-01
2.101155095848057097e-01 1.030967439631743643e-01
2.110243510778034015e-01 1.030860360235966167e-01
2.119351529688011382e-01 1.030753801482258980e-01
2.128479152577989197e-01 1.030647760303079752e-01
2.137626379447967184e-01 1.030542233442437589e-01
2.146793210297945897e-01 1.030437218454020726e-01
2.155979645127925337e-01 1.030332712221931207e-01
2.165185683937905226e-01 1.030228711762800897e-01
2.174411326727885563e-01 1.030125214154845453e-01
2.183656573497865794e-01 1.030022216503777149e-01
2.192921424247847306e-01 1.029919715931417595e-01
2.202205878977829268e-01 1.029817709587490387e-01
2.211509937687811678e-01 1.029716194702570559e-01
2.220833600377793982e-01 1.029615168729279412e-01
2.230176867047777289e-01 1.029514628377802554e-01
2.239539737697761046e-01 1.029414571043944099e-01
2.248922212327745529e-01 1.029314994028319719e-01
2.258324290937730461e-01 1.029215894608262183e-01
2.267745973527715286e-01 1.029117270071563811e-01
2.277187260097701116e-01 1.029019117727782845e-01
2.286648150647687394e-01 1.028921434897741016e-01
2.296128645177674399e-01 1.028824218864469453e-01
2.305628743687661297e-01 1.028727466740426977e-01
2.315148446177649200e-01 1.028631176349147497e-01
2.324687752647637551e-01 1.028535344922429373e-01
2.334246663097626351e-01 1.028439969816435789e-01
2.343825177527615322e-01 1.028345048443032872e-01
2.353423295937605020e-01 1.028250578237960289e-01
2.363041018327595444e-01 1.028156556649871128e-01
2.372678344697586317e-01 1.028062981148750721e-01
2.382335275047577638e-01 1.027969849268398211e-01
2.392011809377569131e-01 1.027877158724064127e-01
2.401707947687561351e-01 1.027784906651534602e-01
2.411423689977554297e-01 1.027693090725773362e-01
2.421159036247547691e-01 1.027601708542712072e-01
2.430913986497540979e-01 1.027510757679797604e-01
2.440688540727535549e-01 1.027420235724127023e-01
2.450482698937530290e-01 1.027330140284755666e-01
2.460296461127525758e-01 1.027240468994797679e-01
2.470129827297521674e-01 1.027151219498690926e-01
2.479982797447517484e-01 1.027062389403943510e-01
2.489855371577514298e-01 1.026973976148400219e-01
2.499747549687511561e-01 1.026885977845874431e-01
2.509659331777509550e-01 1.026798392038422575e-01
2.519590717847506878e-01 1.026711216394311926e-01
2.529541707897505765e-01 1.026624448635135023e-01
2.539512301927505100e-01 1.026538086503537561e-01
2.549502499937504885e-01 1.026452127752146837e-01
2.559512301927505673e-01 1.026366570149867402e-01
2.569541707897506355e-01 1.026281411518327052e-01
2.579590717847507486e-01 1.026196649836569885e-01
2.589659331777509621e-01 1.026112282598213715e-01
2.599747549687512205e-01 1.026028307752491070e-01
2.609855371577514682e-01 1.025944723177547729e-01
2.619982797447518164e-01 1.025861526736037976e-01
2.630129827297520984e-01 1.025778716299605570e-01
2.640296461127525363e-01 1.025696289759050334e-01
2.650482698937530190e-01 1.025614245026425231e-01
2.660688540727535467e-01 1.025532580026213281e-01
2.670913986497541748e-01 1.025451292659359248e-01
2.681159036247547922e-01 1.025370380699850148e-01
2.691423689977554545e-01 1.025289842416925584e-01
2.701707947687562172e-01 1.025209675665555847e-01
2.712011809377570248e-01 1.025129878400215383e-01
2.722335275047577108e-01 1.025050448618731874e-01
2.732678344697586081e-01 1.024971384338383557e-01
2.743041018327595504e-01 1.024892683586004355e-01
2.753423295937605375e-01 1.024814344393594756e-01
2.763825177527615695e-01 1.024736364797951271e-01
2.774246663097627019e-01 1.024658742851072279e-01
2.784687752647638237e-01 1.024581476662460161e-01
2.795148446177649904e-01 1.024504564524343075e-01
2.805628743687662574e-01 1.024428004162949851e-01
2.816128645177674028e-01 1.024351793838086666e-01
2.826648150647687596e-01 1.024275931712191057e-01
2.837187260097701613e-01 1.024200415924135937e-01
2.847745973527716079e-01 1.024125244619576575e-01
2.858324290937730994e-01 1.024050415962441535e-01
2.868922212327746357e-01 1.023975928137406954e-01
2.879539737697762170e-01 1.023901779341549745e-01
2.890176867047778431e-01 1.023827967748530410e-01
2.900833600377795141e-01 1.023754491401146355e-01
2.911509937687811744e-01 1.023681348830721843e-01
2.922205878977829352e-01 1.023608538151336289e-01
2.932921424247847964e-01 1.023536057581310582e-01
2.943656573497866469e-01 1.023463905380735534e-01
2.954411326727885978e-01 1.023392079826637852e-01
2.965185683937905936e-01 1.023320579203780972e-01
2.975979645127926343e-01 1.023249401801019920e-01
2.986793210297947199e-01 1.023178545910790882e-01
2.997626379447967393e-01 1.023108009837023491e-01
3.008479152577989146e-01 1.023037791930569845e-01
3.019351529688011904e-01 1.022967890699551380e-01
3.030243510778034555e-01 1.022898304182395107e-01
3.041155095848058210e-01 1.022829030863954269e-01
3.052086284898081758e-01 1.022760069142422401e-01
3.063037077928106311e-01 1.022691417396156544e-01
3.074007474938131312e-01 1.022623074009162830e-01
3.084997475928156763e-01 1.022555037379893894e-01
3.096007080898180996e-01 1.022487305924392187e-01
3.107036289848207899e-01 1.022419878076734068e-01
3.118085102778234696e-01 1.022352752281895372e-01
3.129153519688261942e-01 1.022285926962964997e-01
3.140241540578289636e-01 1.022219400416422980e-01
3.151349165448318335e-01 1.022153171391242954e-01
3.162476394298346927e-01 1.022087238244292901e-01
3.173623227128376523e-01 1.022021599435118111e-01
3.184789663938406568e-01 1.021956253461570735e-01
3.195975704728435396e-01 1.021891198836258480e-01
3.207181349498466338e-01 1.021826434079270846e-01
3.218406598248497730e-01 1.021761957715939251e-01
3.229651450978529570e-01 1.021697768275138252e-01
3.240915907688562414e-01 1.021633864288288979e-01
3.252199968378595152e-01 1.021570244295962465e-01
3.263503633048628338e-01 1.021506906882813093e-01
3.274826901698662529e-01 1.021443850793950781e-01
3.286169774328696613e-01 1.021381074301226655e-01
3.297532250938730591e-01 1.021318576128464189e-01
3.308914331528765573e-01 1.021256354902775054e-01
3.320316016098801559e-01 1.021194409229674444e-01
3.331737304648837994e-01 1.021132737719383232e-01
3.343178197178874878e-01 1.021071338994221089e-01
3.354638693688912210e-01 1.021010211690342590e-01
3.366118794178950546e-01 1.020949354459096542e-01
3.377618498648988776e-01 1.020888765967968570e-01
3.389137807099027455e-01 1.020828444894569254e-01
3.400676719529066028e-01 1.020768389892421635e-01
3.412235235939105604e-01 1.020708599473495737e-01
3.423813356329146185e-01 1.020649072631983761e-01
3.435411080699187214e-01 1.020589807934387527e-01
3.447028409049228137e-01 1.020530804063732172e-01
3.458665341379270064e-01 1.020472059741588805e-01
3.470321877689312440e-01 1.020413573701644538e-01
3.481998017979355819e-01 1.020355344682827431e-01
3.493693762249399093e-01 1.020297371427985184e-01
3.505409110499441705e-01 1.020239652682804754e-01
3.517144062729485876e-01 1.020182187194687701e-01
3.528898618939531051e-01 1.020124973717418115e-01
3.540672779129576120e-01 1.020068011041238148e-01
3.552466543299622193e-01 1.020011298099912228e-01
3.564279911449668714e-01 1.019954833416444884e-01
3.576112883579715684e-01 1.019898615908889361e-01
3.587965459689763104e-01 1.019842644405046517e-01
3.599837639779809306e-01 1.019786917714591845e-01
3.611729423849858178e-01 1.019731434652447061e-01
3.623640811899906944e-01 1.019676194044002032e-01
3.635571803929956158e-01 1.019621194725072039e-01
3.647522399940006377e-01 1.019566435541820193e-01
3.659492599930056489e-01 1.019511915352167425e-01
3.671482403900107605e-01 1.019457633027798377e-01
3.683491811850159170e-01 1.019403587450381649e-01
3.695520823780210629e-01 1.019349777481724645e-01
3.707569439690261981e-01 1.019296201853154837e-01
3.719637659580314892e-01 1.019242859724433237e-01
3.731725483450368253e-01 1.019189749871641237e-01
3.743832911300422062e-01 1.019136871180838233e-01
3.755959943130476320e-01 1.019084222571091242e-01
3.768106578940531581e-01 1.019031802970470357e-01
3.780272818730586737e-01 1.018979611311159050e-01
3.792458662500642896e-01 1.018927646529808606e-01
3.804664110250698950e-01 1.018875907567914213e-01
3.816889161980754896e-01 1.018824393370518361e-01
3.829133817690812402e-01 1.018773102884081433e-01
3.841398077380869802e-01 1.018722035059193148e-01
3.853681941050928206e-01 1.018671188876780903e-01
3.865985408700987613e-01 1.018620563449933736e-01
3.878308480331046915e-01 1.018570157523077668e-01
3.890651155941106665e-01 1.018519970197133140e-01
3.903013435531166864e-01 1.018470000485442312e-01
3.915395319101228067e-01 1.018420247385691951e-01
3.927796806651288053e-01 1.018370709901506299e-01
3.940217898181350153e-01 1.018321387046190601e-01
3.952658593691412148e-01 1.018272277841683615e-01
3.965118893181475146e-01 1.018223381317276410e-01
3.977598796651538593e-01 1.018174696509715205e-01
3.990098304101602489e-01 1.018126222465016578e-01
4.002617415531666833e-01 1.018077958241128400e-01
4.015156130941732182e-01 1.018029902905947387e-01
4.027714450331797424e-01 1.017982055511865436e-01
4.040292373701862005e-01 1.017934414992773401e-01
4.052889901051928145e-01 1.017886980657263657e-01
4.065507032381995289e-01 1.017839751475412280e-01
4.078143767692062882e-01 1.017792726519549940e-01
4.090800106982130369e-01 1.017745904889514608e-01
4.103476050252198859e-01 1.017699285691157224e-01
4.116171597502267798e-01 1.017652868033009778e-01
4.128886748732337186e-01 1.017606651027592318e-01
4.141621503942407023e-01 1.017560633792766039e-01
4.154375863132476199e-01 1.017514815451738136e-01
4.167149826302546933e-01 1.017469195131457671e-01
4.179943393452618672e-01 1.017423771959957701e-01
4.192756564582690304e-01 1.017378545067425671e-01
4.205589339692762940e-01 1.017333513607577428e-01
4.218441718782836025e-01 1.017288676848765033e-01
4.231313701852909004e-01 1.017244033749885035e-01
4.244205288902982987e-01 1.017199583570950056e-01
4.257116479933056308e-01 1.017155325493064727e-01
4.270047274943131188e-01 1.017111258685338970e-01
4.282997673933206517e-01 1.017067382323318669e-01
4.295967676903282295e-01 1.017023695591479926e-01
4.308957283853359077e-01 1.016980197681805614e-01
4.321966494783435753e-01 1.016936887792199845e-01
4.334995309693513432e-01 1.016893765125540389e-01
4.348043728583591006e-01 1.016850828889518665e-01
4.361111751453669583e-01 1.016808078297437717e-01
4.374199378303746943e-01 1.016765512570400876e-01
4.387306609133826418e-01 1.016723130940420522e-01
4.400433443943906342e-01 1.016680932649792757e-01
4.413579882733986715e-01 1.016638916927670722e-01
4.426745925504067536e-01 1.016597082886026432e-01
4.439931572254149361e-01 1.016555429991578691e-01
4.453136822984231080e-01 1.016513957386215861e-01
4.466361677694313248e-01 1.016472664315119373e-01
4.479606136384396420e-01 1.016431550047453003e-01
4.492870199054478375e-01 1.016390613855626401e-01
4.506153865704562445e-01 1.016349855013116282e-01
4.519457136334646408e-01 1.016309272796224600e-01
4.532780010944731375e-01 1.016268866485893485e-01
4.546122489534816791e-01 1.016228635368600086e-01
4.559484572104903211e-01 1.016188578736554327e-01
4.572866258654989524e-01 1.016148695886864295e-01
4.586267549185076287e-01 1.016108986119458463e-01
4.599688443695163498e-01 1.016069448733901842e-01
4.613128942185250048e-01 1.016030083029269282e-01
4.626589044655338712e-01 1.015990888325475766e-01
4.640068751105427269e-01 1.015951864063760618e-01
4.653568061535516831e-01 1.015913009363614006e-01
4.667086975945606842e-01 1.015874323658724765e-01
4.680625494335697301e-01 1.015835806292490623e-01
4.694183616705788209e-01 1.015797456596192472e-01
4.707761343055879566e-01 1.015759273908238280e-01
4.721358673385971372e-01 1.015721257575648989e-01
4.734975607696062516e-01 1.015683406952140738e-01
4.748612145986155220e-01 1.015645721396410128e-01
4.762268288256248927e-01 1.015608200271308492e-01
4.775944034506342528e-01 1.015570842943477881e-01
4.789639384736437133e-01 1.015533648783365633e-01
4.803354338946532187e-01 1.015496617165888155e-01
4.817088897136627690e-01 1.015459747472273327e-01
4.830843059306723641e-01 1.015423039093197588e-01
4.844616825456818376e-01 1.015386491429374760e-01
4.858410195586915226e-01 1.015350103872050685e-01
4.872223169697012524e-01 1.015313875705136093e-01
4.886055747787110826e-01 1.015277806523718906e-01
4.899907929857209021e-01 1.015241895635214525e-01
4.913779715907308221e-01 1.015206142443877829e-01
4.927671105937407314e-01 1.015170546373127813e-01
4.941582099947507412e-01 1.015135106847581403e-01
4.955512697937607958e-01 1.015099823292145015e-01
4.969462899907707287e-01 1.015064695134060280e-01
4.983432705857808731e-01 1.015029721804392021e-01
4.997422115787910624e-01 1.014994902738606264e-01
5.011431129698012965e-01 1.014960237376796859e-01
5.025459747588115755e-01 1.014925725163731141e-01
5.039507969458218994e-01 1.014891365548789975e-01
5.053575795308323793e-01 1.014857157985474267e-01
5.067663225138427929e-01 1.014823101929771543e-01
5.081770258948532515e-01 1.014789196837047047e-01
5.095896896738636439e-01 1.014755442160932830e-01
5.110043138508743032e-01 1.014721837370519131e-01
5.124208984258848965e-01 1.014688382043560794e-01
5.138394433988955345e-01 1.014655075479922591e-01
5.152599487699063285e-01 1.014621917252565980e-01
5.166824145389171674e-01 1.014588906850233119e-01
5.181068407059279401e-01 1.014556043752799508e-01
5.195332272709388688e-01 1.014523327447458406e-01
5.209615742339498423e-01 1.014490757428966883e-01
5.223918815949606387e-01 1.014458333197413853e-01
5.238241493539717020e-01 1.014426054256905158e-01
5.252583775109828101e-01 1.014393920115081171e-01
5.266945660659939632e-01 1.014361930283070451e-01
5.281327150190051611e-01 1.014330084275603394e-01
5.295728243700164040e-01 1.014298381610946737e-01
5.310148941190276917e-01 1.014266821810706626e-01
5.324589242660390243e-01 1.014235404399715934e-01
5.339049148110504017e-01 1.014204128906288221e-01
5.353528657540617131e-01 1.014172994863764693e-01
5.368027770950731803e-01 1.014142001813687216e-01
5.382546488340846924e-01 1.014111149307678761e-01
5.397084809710962494e-01 1.014080436890642811e-01
5.411642735061079623e-01 1.014049864002668916e-01
5.426220264391196091e-01 1.014019430373364339e-01
5.440817397701314118e-01 1.013989135461336871e-01
5.455434134991431483e-01 1.013958978821878770e-01
5.470070476261550407e-01 1.013928960025551190e-01
5.484726421511667560e-01 1.013899078642070128e-01
5.499401970741787382e-01 1.013869334240775077e-01
5.514097123951906543e-01 1.013839726393065827e-01
5.528811881142027262e-01 1.013810254673778305e-01
5.543546242312148431e-01 1.013780918661506963e-01
5.558300207462270048e-01 1.013751717938524283e-01
5.573073776592392115e-01 1.013722652090603832e-01
5.587866949702514630e-01 1.013693720706896756e-01
5.602679726792635373e-01 1.013664923380004496e-01
5.617512107862758786e-01 1.013636259706156006e-01
5.632364092912882647e-01 1.013607729285377762e-01
5.647235681943006957e-01 1.013579331721317783e-01
5.662126874953131717e-01 1.013551066619934743e-01
5.677037671943258035e-01 1.013522933586396141e-01
5.691968072913383692e-01 1.013494932222677031e-01
5.706918077863509797e-01 1.013467062142032610e-01
5.721887686793637462e-01 1.013439323062008124e-01
5.736876899703762245e-01 1.013411714442713774e-01
5.751885716593890807e-01 1.013384235998727595e-01
5.766914137464018708e-01 1.013356887359649766e-01
5.781962162314148168e-01 1.013329668148784113e-01
5.797029791144278077e-01 1.013302577997313852e-01
5.812117023954407324e-01 1.013275616543168473e-01
5.827223860744538131e-01 1.013248783428512961e-01
5.842350301514669386e-01 1.013222078298580270e-01
5.857496346264799980e-01 1.013195500801333665e-01
5.872661994994931023e-01 1.013169050587603148e-01
5.887847247705062514e-01 1.013142727311219238e-01
5.903052104395195565e-01 1.013116530629125239e-01
5.918276565065329065e-01 1.013090460201431092e-01
5.933520629715463013e-01 1.013064515691416145e-01
5.948784298345597410e-01 1.013038696765458380e-01
5.964067570955732256e-01 1.013013003092951420e-01
5.979370447545868661e-01 1.012987434346036275e-01
5.994692928116004405e-01 1.012961990199391787e-01
6.010035012666138377e-01 1.012936670330237821e-01
6.025396701196276128e-01 1.012911474419587871e-01
6.040777993706413218e-01 1.012886402155481341e-01
6.056178890196550757e-01 1.012861453236114928e-01
6.071599390666689855e-01 1.012836627356180075e-01
6.087039495116828292e-01 1.012811924107855366e-01
6.102499203546968287e-01 1.012787343352144764e-01
6.117978515957107621e-01 1.012762884695386778e-01
6.133477432347248515e-01 1.012738547840842523e-01
6.148995952717387636e-01 1.012714332502792774e-01
6.164534077067529427e-01 1.012690238392817688e-01
6.180091805397671667e-01 1.012666265221767309e-01
6.195669137707813245e-01 1.012642412702458722e-01
6.211266073997956383e-01 1.012618680550868566e-01
6.226882614268099969e-01 1.012595068486252109e-01
6.242518758518244004e-01 1.012571576230993781e-01
6.258174506748388488e-01 1.012548203510390404e-01
6.273849858958533421e-01 1.012524950052577366e-01
6.289544815148676582e-01 1.012501815588494197e-01
6.305259375318823523e-01 1.012478799851831424e-01
6.320993539468969802e-01 1.012455902579083994e-01
6.336747307599116530e-01 1.012433123509470373e-01
6.352520679709263707e-01 1.012410462384991106e-01
6.368313655799411332e-01 1.012387918950434229e-01
6.384126235869560517e-01 1.012365492953602036e-01
6.399958419919709041e-01 1.012343184145528263e-01
6.415810207949856903e-01 1.012320992280526799e-01
6.431681599960007434e-01 1.012298917115200952e-01
6.447572595950157304e-01 1.012276958405451122e-01
6.463483195920308733e-01 1.012255115902800789e-01
6.479413399870459500e-01 1.012233389365722325e-01
6.495363207800611827e-01 1.012211778653671485e-01
6.511332619710764602e-01 1.012190283387345013e-01
6.527321635600916716e-01 1.012168903425113980e-01
6.543330255471070389e-01 1.012147638539033362e-01
6.559358479321222291e-01 1.012126488498119453e-01
6.575406307151376861e-01 1.012105453079961692e-01
6.591473738961531881e-01 1.012084532068009413e-01
6.607560774751687349e-01 1.012063725249016943e-01
6.623667414521843266e-01 1.012043032412033861e-01
6.639793658271999632e-01 1.012022453348396661e-01
6.655939506002157557e-01 1.012001987851862267e-01
6.672104957712314821e-01 1.011981635718859490e-01
6.688290013402472534e-01 1.011961396748467940e-01
6.704494673072629585e-01 1.011941270742467425e-01
6.720718936722788195e-01 1.011921257505301874e-01
6.736962804352947254e-01 1.011901356844064487e-01
6.753226275963107872e-01 1.011881568568451240e-01
6.769509351553267829e-01 1.011861892490786285e-01
6.785812031123429344e-01 1.011842328425991977e-01
6.802134314673590199e-01 1.011822876191618564e-01
6.818476202203752612e-01 1.011803535607811444e-01
6.834837693713914364e-01 1.011784306497408997e-01
6.851218789204075454e-01 1.011765188685883332e-01
6.867619488674239214e-01 1.011746182001320299e-01
6.884039792124403423e-01 1.011727286274245741e-01
6.900479699554568080e-01 1.011708501337332394e-01
6.916939210964733187e-01 1.011689827025231830e-01
6.933418326354898742e-01 1.011671263175340230e-01
6.949917045725064746e-01 1.011652809630787103e-01
6.966435369075231199e-01 1.011634466244846625e-01
6.982973296405398100e-01 1.011616232871290350e-01
6.999530827715563230e-01 1.011598109266470813e-01
7.016107963005731030e-01 1.011580095428134402e-01
7.032704702275899278e-01 1.011562191122942767e-01
7.049321045526069085e-01 1.011544396212568503e-01
7.065956992756238231e-01 1.011526710564775861e-01
7.082612543966407825e-01 1.011509134043284130e-01
7.099287699156578979e-01 1.011491666511348808e-01
7.115982458326749471e-01 1.011474307834457076e-01
7.132696821476921523e-01 1.011457057881136878e-01
7.149430788607090692e-01 1.011439916522846455e-01
7.166184359717263641e-01 1.011422883633743275e-01
7.182957534807437039e-01 1.011405959090525136e-01
7.199750313877609775e-01 1.011389142772351202e-01
7.216562696927784071e-01 1.011372434560887656e-01
7.233394683957958815e-01 1.011355834340309096e-01
7.250246274968132898e-01 1.011339341997304353e-01
7.267117469958308540e-01 1.011322957421120355e-01
7.284008268928482410e-01 1.011306680503503558e-01
7.300918671878658950e-01 1.011290511138753928e-01
7.317848678808835938e-01 1.011274449223690808e-01
7.334798289719013376e-01 1.011258494657659851e-01
7.351767504609192372e-01 1.011242647342520118e-01
7.368756323479370707e-01 1.011226907182666279e-01
7.385764746329549491e-01 1.011211274085010575e-01
7.402792773159728723e-01 1.011195747958998359e-01
7.419840403969908404e-01 1.011180328716607679e-01
7.436907638760087425e-01 1.011165016272332628e-01
7.453994477530268004e-01 1.011149810543198468e-01
7.471100920280450142e-01 1.011134711448699319e-01
7.488226967010631618e-01 1.011119718910799548e-01
7.505372617720814654e-01 1.011104832853936403e-01
7.522537872410997029e-01 1.011090053205167122e-01
7.539722731081180962e-01 1.011075379894445514e-01
7.556927193731364234e-01 1.011060812854928104e-01
7.574151260361549065e-01 1.011046352022464956e-01
7.591394930971732125e-01 1.011031997332760418e-01
7.608658205561917853e-01 1.011017748716161457e-01
7.625941084132104031e-01 1.011003606104976527e-01
7.643243566682289547e-01 1.010989569534389981e-01
7.660565653212476622e-01 1.010975638810335669e-01
7.677907343722664146e-01 1.010961813969353251e-01
7.695268638212852119e-01 1.010948094955730764e-01
7.712649536683040541e-01 1.010934481715619615e-01
7.730050039133229411e-01 1.010920974204904399e-01
7.747470145563417621e-01 1.010907572384667913e-01
7.764909855973607389e-01 1.010894276218507887e-01
7.782369170363797606e-01 1.010881085671968549e-01
7.799848088733989382e-01 1.010868000712805831e-01
7.817346611084180497e-01 1.010855021311257984e-01
7.834864737414372060e-01 1.010842147440156324e-01
7.852402467724565183e-01 1.010829379074975609e-01
7.869959802014757644e-01 1.010816716193807391e-01
7.887536740284951664e-01 1.010804158777336564e-01
7.905133282535142802e-01 1.010791706808815138e-01
7.922749428765337720e-01 1.010779360274106503e-01
7.940385178975533087e-01 1.010767119161643385e-01
7.958040533165727792e-01 1.010754983462469059e-01
7.975715491335924057e-01 1.010742953170230135e-01
7.993410053486120770e-01 1.010731028281182803e-01
8.011124219616317932e-01 1.010719208794207263e-01
8.028857989726515543e-01 1.010707494710802179e-01
8.046611363816711382e-01 1.010695886035103269e-01
8.064384341886909890e-01 1.010684382773869155e-01
8.082176923937108848e-01 1.010672984936505092e-01
8.099989109967308254e-01 1.010661692535079897e-01
8.117820899977508109e-01 1.010650505584291120e-01
8.135672293967708413e-01 1.010639424101514305e-01
8.153543291937909165e-01 1.010628448106782179e-01
8.171433893888111477e-01 1.010617577622813235e-01
8.189344099818313127e-01 1.010606812675011873e-01
8.207273909728513006e-01 1.010596153291461602e-01
8.225223323618716664e-01 1.010585599502942938e-01
8.243192341488919661e-01 1.010575151342959221e-01
8.261180963339124217e-01 1.010564808847712742e-01
8.279189189169328111e-01 1.010554572056140410e-01
8.297217018979533565e-01 1.010544441009898209e-01
8.315264452769738357e-01 1.010534415753398668e-01
8.333331490539944708e-01 1.010524496333800593e-01
8.351418132290151508e-01 1.010514682801006286e-01
8.369524378020356536e-01 1.010504975207714567e-01
8.387650227730564234e-01 1.010495373609360398e-01
8.405795681420771270e-01 1.010485878064182885e-01
8.423960739090979866e-01 1.010476488633205439e-01
8.442145400741188910e-01 1.010467205380292804e-01
8.460349666371398403e-01 1.010458028372175632e-01
8.478573535981608345e-01 1.010448957678507370e-01
8.496817009571818735e-01 1.010439993371767403e-01
8.515080087142030685e-01 1.010431135527022073e-01
8.533362768692239753e-01 1.010422384221504599e-01
8.551665054222451490e-01 1.010413739534764266e-01
8.569986943732663676e-01 1.010405201551202170e-01
8.588328437222877421e-01 1.010396770366238789e-01
8.606689534693090504e-01 1.010388446082540748e-01
8.625070236143304037e-01 1.010380228704148287e-01
8.643470541573519128e-01 1.010372118462271041e-01
8.661890450983733558e-01 1.010364115368795335e-01
8.680329964373949547e-01 1.010356219537123373e-01
8.698789081744163765e-01 1.010348431080142495e-01
8.717267803094379541e-01 1.010340750105915703e-01
8.735766128424596877e-01 1.010333176723533233e-01
8.754284057734814661e-01 1.010325711045617914e-01
8.772821591025032895e-01 1.010318353188509460e-01
8.791378728295250466e-01 1.010311103271848282e-01
8.809955469545469597e-01 1.010303961418363983e-01
8.828551814775689177e-01 1.010296927753780438e-01
8.847167763985909206e-01 1.010290002406872834e-01
8.865803317176127463e-01 1.010283185509509435e-01
8.884458474346348389e-01 1.010276477196706962e-01
8.903133235496569764e-01 1.010269877606617683e-01
8.921827600626792698e-01 1.010263386880583120e-01
8.940541569737014971e-01 1.010257005163134741e-01
8.959275142827237692e-01 1.010250732601996604e-01
8.978028319897460863e-01 1.010244569348123511e-01
8.996801100947685592e-01 1.010238515555701849e-01
9.015593485977907440e-01 1.010232571382178035e-01
9.034405474988133067e-01 1.010226736988284052e-01
9.053237067978358033e-01 1.010221012538030094e-01
9.072088264948584557e-01 1.010215398198760633e-01
9.090959065898810421e-01 1.010209894141151782e-01
9.109849470829037843e-01 1.010204500539239325e-01
9.128759479739264604e-01 1.010199217570428298e-01
9.147689092629492924e-01 1.010194045415541420e-01
9.166638309499721693e-01 1.010188984258800354e-01
9.185607130349948690e-01 1.010184034287891358e-01
9.204595555180178357e-01 1.010179195693952231e-01
9.223603583990407362e-01 1.010174468671614229e-01
9.242631216780637926e-01 1.010169853419023989e-01
9.261678453550868939e-01 1.010165350137853940e-01
9.280745294301100401e-01 1.010160959033337830e-01
9.299831739031333422e-01 1.010156680314301114e-01
9.318937787741565781e-01 1.010152514193166512e-01
9.338063440431798590e-01 1.010148460885992167e-01
9.357208697102029626e-01 1.010144520612496488e-01
9.376373557752263332e-01 1.010140693596080080e-01
9.395558022382498597e-01 1.010136980063851692e-01
9.414762090992733201e-01 1.010133380246664020e-01
9.433985763582968254e-01 1.010129894379123011e-01
9.453229040153204865e-01 1.010126522699637541e-01
9.472491920703440815e-01 1.010123265450427882e-01
9.491774405233678324e-01 1.010120122877563587e-01
9.511076493743915172e-01 1.010117095230996381e-01
9.530398186234151359e-01 1.010114182764581675e-01
9.549739482704390214e-01 1.010111385736102013e-01
9.569100383154629519e-01 1.010108704407326891e-01
9.588480887584868162e-01 1.010106139044004425e-01
9.607880995995108364e-01 1.010103689915917979e-01
9.627300708385349015e-01 1.010101357296914609e-01
9.646740024755590115e-01 1.010099141464924216e-01
9.666198945105831664e-01 1.010097042702022968e-01
9.685677469436073661e-01 1.010095061294425112e-01
9.705175597746313887e-01 1.010093197532541953e-01
9.724693330036556782e-01 1.010091451711023214e-01
9.744230666306800126e-01 1.010089824128772573e-01
9.763787606557043919e-01 1.010088315088986388e-01
9.783364150787289271e-01 1.010086924899210731e-01
9.802960298997533961e-01 1.010085653871342221e-01
9.822576051187779100e-01 1.010084502321704769e-01
9.842211407358025799e-01 1.010083470571059849e-01
9.861866367508271836e-01 1.010082558944640774e-01
9.881540931638517211e-01 1.010081767772229161e-01
9.901235099748764146e-01 1.010081097388143972e-01
9.920948871839012639e-01 1.010080548131323391e-01
9.940682247909260472e-01 1.010080120345349664e-01
9.960435227959509863e-01 1.010079814378475188e-01
9.980207811989759703e-01 1.010079630583695376e-01
1.000000000000000666e+00 1.010079569318768772e-01
