0.000000000000000000e+00 6.792373363372593564e-01
2.078119897502626434e-05 6.712930202433325944e-01
4.352279595010249372e-05 6.625992858076709124e-01
6.822479092522875592e-05 6.531561326355218577e-01
9.488718390040502381e-05 6.429635603650933895e-01
1.235099748756312839e-04 6.320215689020297622e-01
1.540931638509075632e-04 6.203301585683348440e-01
1.866367508262337669e-04 6.078893301827432705e-01
2.211407358016100034e-04 5.946990850603225409e-01
2.576051187770363269e-04 5.807594249714302936e-01
2.960298997525126832e-04 5.660703520649056353e-01
3.364150787280388555e-04 5.506318688001545780e-01
3.787606557036150606e-04 5.344439778921592499e-01
4.230666306792412444e-04 5.175066822753032758e-01
4.693330036549174067e-04 4.998199851058217069e-01
5.175597746306437102e-04 4.813838897766012370e-01
5.677469436064200466e-04 4.621983999573626156e-01
6.198945105822462531e-04 4.422635196346191844e-01
6.740024755581224382e-04 4.215792531555351275e-01
7.300708385340486020e-04 4.001456052675004815e-01
7.880995995100251780e-04 3.779625811422797632e-01
8.480887584860512989e-04 3.550301863858018048e-01
9.100383154621275068e-04 3.313484270367441087e-01
9.739482704382536934e-04 3.069173095288478259e-01
1.039818623414429750e-03 2.817368406462048558e-01
1.107649374390655894e-03 2.558070279942009084e-01
1.177440523366932558e-03 2.291322404968234583e-01
1.249192070343258659e-03 2.022889801117590258e-01
1.322904015319634847e-03 1.798154206977853609e-01
1.398576358296060905e-03 1.654163332298314304e-01
1.476209099272537051e-03 1.566569349358757912e-01
1.555802238249063716e-03 1.509028800019096839e-01
1.637355775225640036e-03 1.468086805244626647e-01
1.720869710202266008e-03 1.437130769234596095e-01
1.806344043178942285e-03 1.412654882524378153e-01
1.893778774155669082e-03 1.392643813893068017e-01
1.983173903132445098e-03 1.375856842046261075e-01
2.074529430109271419e-03 1.361486300980996045e-01
2.167845355086147393e-03 1.348982016325780409e-01
2.263121678063073454e-03 1.337954973851080143e-01
2.360358399040050469e-03 1.328121442269999120e-01
2.459555518017076271e-03 1.319268997790748743e-01
2.560713034994152593e-03 1.311235019380427025e-01
2.663830949971278568e-03 1.303892599899217630e-01
2.768909262948454630e-03 1.297141036105920464e-01
2.875947973925680780e-03 1.290899240003808290e-01
2.984947082902957450e-03 1.285101068377024758e-01
3.095906589880283773e-03 1.279691944233754819e-01
3.208826494857659750e-03 1.274626368225718065e-01
3.323706797835085814e-03 1.269866055671749205e-01
3.440547498812561965e-03 1.265378521402981127e-01
3.559348597790088636e-03 1.261135990479897717e-01
3.680110094767664961e-03 1.257114549598629671e-01
3.802831989745290939e-03 1.253293478707109831e-01
3.927514282722965704e-03 1.249654719238414147e-01
4.054156973700691856e-03 1.246182447106229108e-01
4.182760062678468095e-03 1.242862726889401581e-01
4.313323549656295289e-03 1.239683229555688659e-01
4.445847434634171702e-03 1.236633000366426788e-01
4.580331717612097335e-03 1.233702266752218363e-01
4.716776398590073922e-03 1.230882278281781872e-01
4.855181477568099729e-03 1.228165172595453991e-01
4.995546954546175623e-03 1.225543862495529490e-01
5.137872829524301604e-03 1.223011940397543268e-01
5.282159102502477672e-03 1.220563597122397009e-01
5.428405773480703828e-03 1.218193552615737252e-01
5.576612842458980070e-03 1.215896996652128387e-01
5.726780309437305531e-03 1.213669537958125960e-01
5.878908174415681948e-03 1.211507160484826262e-01
6.032996437394107583e-03 1.209406185800786099e-01
6.189045098372585908e-03 1.207363240770419899e-01
6.347054157351111718e-03 1.205375229843202028e-01
6.507023614329687615e-03 1.203439311410676171e-01
6.668953469308313599e-03 1.201552877800847463e-01
6.832843722286989670e-03 1.199713535835384426e-01
6.998694373265715828e-03 1.197918174270000552e-01
7.166505422244492073e-03 1.196164754291110660e-01
7.336276869223317537e-03 1.194451356960083421e-01
7.508008714202193956e-03 1.192776178152720745e-01
7.681700957181119595e-03 1.191137521183257553e-01
7.857353598160098790e-03 1.189533789825185373e-01
8.034966637139125470e-03 1.187963481733348564e-01
8.214540074118200502e-03 1.186425182262578204e-01
8.396073909097327356e-03 1.184917558673359711e-01
8.579568142076502563e-03 1.183439354711207925e-01
8.765022773055727856e-03 1.181989385543504856e-01
8.952437802035004971e-03 1.180566533036872950e-01
9.141813229014330439e-03 1.179169741356106832e-01
9.333149053993705993e-03 1.177798012866876493e-01
9.526445276973131635e-03 1.176450404323006182e-01
9.721701897952607363e-03 1.175126023320806901e-01
9.918918916932136648e-03 1.173824025002795229e-01
1.011809633391171255e-02 1.172543608993941722e-01
1.031923414889133854e-02 1.171284016554465096e-01
1.052233236187101462e-02 1.170044527934224060e-01
1.072739097285074078e-02 1.168824459914222930e-01
1.093440998183051703e-02 1.167623163521836482e-01
1.114338938881034163e-02 1.166440021907283048e-01
1.135432919379021806e-02 1.165274448369566229e-01
1.156722939677014457e-02 1.164125884520771648e-01
1.178208999775011943e-02 1.162993798578793314e-01
1.199891099673014612e-02 1.161877683778812925e-01
1.221769239371022463e-02 1.160777056894777975e-01
1.243843418869035149e-02 1.159691456862765868e-01
1.266113638167052670e-02 1.158620443498574876e-01
1.288579897265075200e-02 1.157563596302664533e-01
1.311242196163102738e-02 1.156520513345851847e-01
1.334100534861135459e-02 1.155490810229846538e-01
1.357154913359173015e-02 1.154474119117041425e-01
1.380405331657215580e-02 1.153470087824411960e-01
1.403851789755263153e-02 1.152478378976926898e-01
1.427494287653315735e-02 1.151498669215894471e-01
1.451332825351373326e-02 1.150530648458388538e-01
1.475367402849436273e-02 1.149574019203909031e-01
1.499598020147503881e-02 1.148628495884913281e-01
1.524024677245576498e-02 1.147693804258053257e-01
1.548647374143653950e-02 1.146769680833005511e-01
1.573466110841736931e-02 1.145855872336498243e-01
1.598480887339824227e-02 1.144952135208736621e-01
1.623691703637917053e-02 1.144058235130136908e-01
1.649098559736014366e-02 1.143173946576097333e-01
1.674701455634117209e-02 1.142299052397910963e-01
1.700500391332224540e-02 1.141433343428010644e-01
1.726495366830337400e-02 1.140576618107817242e-01
1.752686382128455442e-02 1.139728682136706556e-01
1.779073437226577625e-02 1.138889348140568747e-01
1.805656532124705685e-02 1.138058435358768605e-01
1.832435666822837886e-02 1.137235769348133169e-01
1.859410841320975616e-02 1.136421181702965688e-01
1.886582055619118528e-02 1.135614509789917986e-01
1.913949309717265929e-02 1.134815596496812351e-01
1.941512603615418858e-02 1.134024289994512297e-01
1.969271937313575929e-02 1.133240443510958595e-01
1.997227310811738876e-02 1.132463915116560665e-01
2.025378724109906312e-02 1.131694567520382527e-01
2.053726177208079276e-02 1.130932267876158387e-01
2.082269670106256382e-02 1.130176887597804519e-01
2.111009202804439364e-02 1.129428302183598382e-01
2.139944775302626487e-02 1.128686391048582399e-01
2.169076387600819486e-02 1.127951037364726683e-01
2.198404039699017321e-02 1.127222127908235616e-01
2.227927731597219643e-02 1.126499552913652474e-01
2.257647463295427495e-02 1.125783205934354214e-01
2.287563234793639835e-02 1.125072983709043961e-01
2.317675046091857705e-02 1.124368786033916601e-01
2.347982897190080062e-02 1.123670515640233791e-01
2.378486788088307949e-02 1.122978078077104952e-01
2.409186718786539977e-02 1.122291381599161836e-01
2.440082689284778228e-02 1.121610337059274348e-01
2.471174699583020273e-02 1.120934857805956780e-01
2.502462749681268195e-02 1.120264859585780870e-01
2.533946839579521298e-02 1.119600260450770990e-01
2.565626969277778543e-02 1.118940980671060959e-01
2.597503138776041318e-02 1.118286942653176630e-01
2.629575348074308580e-02 1.117638070864470506e-01
2.661843597172581372e-02 1.116994291764171476e-01
2.694307886070858651e-02 1.116355533741952982e-01
2.726968214769141807e-02 1.115721727064627883e-01
2.759824583267428758e-02 1.115092803832120338e-01
2.792876991565721931e-02 1.114468697943334224e-01
2.826125439664019939e-02 1.113849345072954744e-01
2.859569927562322089e-02 1.113234682659597075e-01
2.893210455260630115e-02 1.112624649905421675e-01
2.927047022758941935e-02 1.112019187786643104e-01
2.961079630057259979e-02 1.111418239072756997e-01
2.995308277155582163e-02 1.110821748350892813e-01
3.029732964053910224e-02 1.110229662048633076e-01
3.064353690752242426e-02 1.109641928444705383e-01
3.099170457250580504e-02 1.109058497651717184e-01
3.134183263548922377e-02 1.108479321546951835e-01
3.169392109647270472e-02 1.107904353617160526e-01
3.204796995545623056e-02 1.107333548668629486e-01
3.240397921243980128e-02 1.106766862334735008e-01
3.276194886742343076e-02 1.106204250287305541e-01
3.312187892040710513e-02 1.105645667023732459e-01
3.348376937139083825e-02 1.105091064056642897e-01
3.384762022037460932e-02 1.104540387273074964e-01
3.421343146735843915e-02 1.103993573151946933e-01
3.458120311234230693e-02 1.103450543426855168e-01
3.495093515532624040e-02 1.102911197648297759e-01
3.532262759631021182e-02 1.102375402927901205e-01
3.569628043529424199e-02 1.101842979391687016e-01
3.607189367227831706e-02 1.101314532609272978e-01
3.644946730726244394e-02 1.100789906699993354e-01
3.682900134024662264e-02 1.100268982635120713e-01
3.721049577123083929e-02 1.099751669105989288e-01
3.759395060021512164e-02 1.099237895088941430e-01
3.797936582719944193e-02 1.098727604170481736e-01
3.836674145218382098e-02 1.098220750263830259e-01
3.875607747516824492e-02 1.097717294417791672e-01
3.914737389615272761e-02 1.097217202475430919e-01
3.954063071513724825e-02 1.096720443388142230e-01
3.993584793212182765e-02 1.096226988029242178e-01
4.033302554710645887e-02 1.095736808384031313e-01
4.073216356009112804e-02 1.095249877018903556e-01
4.113326197107585597e-02 1.094766166754105735e-01
4.153632078006062878e-02 1.094285650481422734e-01
4.194133998704546035e-02 1.093808301082349471e-01
4.234831959203032986e-02 1.093334091413023373e-01
4.275725959501525814e-02 1.092862994331186832e-01
4.316815999600023129e-02 1.092394982746841131e-01
4.358102079498526321e-02 1.091930029683941261e-01
4.399584199197033307e-02 1.091468108344171017e-01
4.441262358695546170e-02 1.091009192166727954e-01
4.483136557994064214e-02 1.090553254880530371e-01
4.525206797092586747e-02 1.090100270546411065e-01
4.567473075991114462e-02 1.089650213588050642e-01
4.609935394689646665e-02 1.089203058810914171e-01
4.652593753188184744e-02 1.088758781408893511e-01
4.695448151486726618e-02 1.088317356958313636e-01
4.738498589585275061e-02 1.087878761399228428e-01
4.781745067483826606e-02 1.087442971003888398e-01
4.825187585182384720e-02 1.087009962332468049e-01
4.868826142680946628e-02 1.086579712176872076e-01
4.912660739979515107e-02 1.086152197494368865e-01
4.956691377078088073e-02 1.085727395334890738e-01
5.000918053976664834e-02 1.085305282769031543e-01
5.045340770675248165e-02 1.084885836829091593e-01
5.089959527173835291e-02 1.084469034483178385e-01
5.134774323472428292e-02 1.084054852674122826e-01
5.179785159571025088e-02 1.083643268472132271e-01
5.224992035469628454e-02 1.083234259414405237e-01
5.270394951168235614e-02 1.082827804139727124e-01
5.315993906666848651e-02 1.082423883474994686e-01
5.361788901965465481e-02 1.082022482198250479e-01
5.407779937064088882e-02 1.081623591797055139e-01
5.453967011962716771e-02 1.081227214669747000e-01
5.500350126661349148e-02 1.080833370393049914e-01
5.546929281159986708e-02 1.080442104802502440e-01
5.593704475458628755e-02 1.080053154414416516e-01
5.640675709557277373e-02 1.079666552046437134e-01
5.687842983455929091e-02 1.079282311939170069e-01
5.735206297154587379e-02 1.078900435702494359e-01
5.782765650653248768e-02 1.078520916542049651e-01
5.830521043951917420e-02 1.078143742273313804e-01
5.878472477050590561e-02 1.077768897433019762e-01
5.926619949949267496e-02 1.077396364726977140e-01
5.974963462647950307e-02 1.077026125996985995e-01
6.023503015146637607e-02 1.076658162845304245e-01
6.072238607445330782e-02 1.076292457020403409e-01
6.121170239544027752e-02 1.075928990640614702e-01
6.170297911442730598e-02 1.075567746310891609e-01
6.219621623141437933e-02 1.075208707171108335e-01
6.269141374640151143e-02 1.074851856900399527e-01
6.318857165938866760e-02 1.074497179690069859e-01
6.368768997037589641e-02 1.074144660186337752e-01
6.418876867936318398e-02 1.073794283392024845e-01
6.469180778635051643e-02 1.073446034501990137e-01
6.519680729133789376e-02 1.073099898628706306e-01
6.570376719432530210e-02 1.072755860349363377e-01
6.621268749531278308e-02 1.072413902971489225e-01
6.672356819430030894e-02 1.072074007365335507e-01
6.723640929128789356e-02 1.071736150143897948e-01
6.775121078627552307e-02 1.071400300857098947e-01
6.826797267926318358e-02 1.071066497809231854e-01
6.878669497025091673e-02 1.070734715752641730e-01
6.930737765923869476e-02 1.070404933854022661e-01
6.983002074622653155e-02 1.070077134250142364e-01
7.035462423121441322e-02 1.069751301019585404e-01
7.088118811420231202e-02 1.069427419470677931e-01
7.140971239519029734e-02 1.069105475657805282e-01
7.194019707417832754e-02 1.068785456062094491e-01
7.247264215116641650e-02 1.068467347390863464e-01
7.300704762615452259e-02 1.068151136466708728e-01
7.354341349914270132e-02 1.067836810191245545e-01
7.408173977013092493e-02 1.067524355583032436e-01
7.462202643911922118e-02 1.067213759905038112e-01
7.516427350610754843e-02 1.066905010916273655e-01
7.570848097109590669e-02 1.066598097307786125e-01
7.625464883408433758e-02 1.066293009417266652e-01
7.680277709507281336e-02 1.065989740359792604e-01
7.735286575406134790e-02 1.065688261242182244e-01
7.790491481104989957e-02 1.065388563171111164e-01
7.845892426603853775e-02 1.065090635976502914e-01
7.901489411902722082e-02 1.064794468710259512e-01
7.957282437001594877e-02 1.064500049988536812e-01
8.013271501900470772e-02 1.064207368222886141e-01
8.069456606599353932e-02 1.063916411768229542e-01
8.125837751098241579e-02 1.063627169004853490e-01
8.182414935397135103e-02 1.063339628360004951e-01
8.239188159496033115e-02 1.063053778263559346e-01
8.296157423394934227e-02 1.062769607017472057e-01
8.353322727093842603e-02 1.062487102540081163e-01
8.410684070592755468e-02 1.062206251920953526e-01
8.468241453891674209e-02 1.061927040683186968e-01
8.525994876990593274e-02 1.061649466649710327e-01
8.583944339889522379e-02 1.061373516941833406e-01
8.642089842588455972e-02 1.061099179528686293e-01
8.700431385087394054e-02 1.060826442940166064e-01
8.758968967386336624e-02 1.060555296075710308e-01
8.817702589485282294e-02 1.060285728090343133e-01
8.876632251384235228e-02 1.060017728349319094e-01
8.935757953083194038e-02 1.059751286454638508e-01
8.995079694582157337e-02 1.059486392361352475e-01
9.054597475881122348e-02 1.059223036620555863e-01
9.114311296980096011e-02 1.058961210810366871e-01
9.174221157879074162e-02 1.058700900256270006e-01
9.234327058578056802e-02 1.058442095815027989e-01
9.294628999077042542e-02 1.058184788031911461e-01
9.355126979376035545e-02 1.057928967291373035e-01
9.415820999475034425e-02 1.057674623914994089e-01
9.476711059374037793e-02 1.057421748216127583e-01
9.537797159073045650e-02 1.057170330511551376e-01
9.599079298572055219e-02 1.056920361081912230e-01
9.660557477871074827e-02 1.056671830060205985e-01
9.722231696970097536e-02 1.056424727210808073e-01
9.784101955869126122e-02 1.056179041536561003e-01
9.846168254568156419e-02 1.055934767280640452e-01
9.908430593067193981e-02 1.055691894310036155e-01
9.970888971366237419e-02 1.055450412886635853e-01
1.003354338946528534e-01 1.055210313542221806e-01
1.009639384736433915e-01 1.054971587009216338e-01
1.015944034506339466e-01 1.054734224205761822e-01
1.022268288256245744e-01 1.054498216284417283e-01
1.028612145986152610e-01 1.054263554767829320e-01
1.034975607696059924e-01 1.054030231814547525e-01
1.041358673385967409e-01 1.053798236387518544e-01
1.047761343055875760e-01 1.053567560267636150e-01
1.054183616705784560e-01 1.053338195097335561e-01
1.060625494335693947e-01 1.053110132458327658e-01
1.067086975945603783e-01 1.052883363912104631e-01
1.073568061535513790e-01 1.052657881002154461e-01
1.080068751105424663e-01 1.052433675207513214e-01
1.086589044655335984e-01 1.052210737825144404e-01
1.093128942185247754e-01 1.051989059740620069e-01
1.099688443695159834e-01 1.051768634447029366e-01
1.106267549185072641e-01 1.051549453357427527e-01
1.112866258654986035e-01 1.051331508099390133e-01
1.119484572104899878e-01 1.051114790451349590e-01
1.126122489534813753e-01 1.050899292310258359e-01
1.132780010944728633e-01 1.050685005693647450e-01
1.139457136334643961e-01 1.050471922787315771e-01
1.146153865704559877e-01 1.050260036062305724e-01
1.152870199054476102e-01 1.050049338503057650e-01
1.159606136384392638e-01 1.049839820733013268e-01
1.166361677694310039e-01 1.049631475464602864e-01
1.173136822984227889e-01 1.049424295304028504e-01
1.179931572254146188e-01 1.049218272811834191e-01
1.186745925504064658e-01 1.049013400524551609e-01
1.193579882733983993e-01 1.048809670932076554e-01
1.200433443943903777e-01 1.048607076393542059e-01
1.207306609133824149e-01 1.048405608957719420e-01
1.214199378303744969e-01 1.048205262525658266e-01
1.221111751453665961e-01 1.048006029548864265e-01
1.228043728583587818e-01 1.047807902644485450e-01
1.234995309693510124e-01 1.047610874544786241e-01
1.241966494783433017e-01 1.047414938072276924e-01
1.248957283853355943e-01 1.047220086144121792e-01
1.255967676903279873e-01 1.047026311817661481e-01
1.262997673933204390e-01 1.046833608401880333e-01
1.270047274943129079e-01 1.046641969678362150e-01
1.277116479933054216e-01 1.046451387342240136e-01
1.284205288902980080e-01 1.046261854942727443e-01
1.291313701852906393e-01 1.046073365922259579e-01
1.298441718782833154e-01 1.045885913679966278e-01
1.305589339692760642e-01 1.045699491593504032e-01
1.312756564582688024e-01 1.045514092993806710e-01
1.319943393452616409e-01 1.045329711073239159e-01
1.327149826302545244e-01 1.045146338687755749e-01
1.334375863132474527e-01 1.044963970595864100e-01
1.341621503942403981e-01 1.044782600033867109e-01
1.348886748732334440e-01 1.044602220421359390e-01
1.356171597502265069e-01 1.044422825302201985e-01
1.363476050252196425e-01 1.044244408323399681e-01
1.370800106982128508e-01 1.044066963257819919e-01
1.378143767692060206e-01 1.043890484089287779e-01
1.385507032381993187e-01 1.043714965198767330e-01
1.392889901051926616e-01 1.043540399325362106e-01
1.400292373701860493e-01 1.043366780674327421e-01
1.407714450331794265e-01 1.043194103363308117e-01
1.415156130941729040e-01 1.043022361479563620e-01
1.422617415531664542e-01 1.042851549100340391e-01
1.430098304101600493e-01 1.042681660271759791e-01
1.437598796651536337e-01 1.042512688927706571e-01
1.445118893181473185e-01 1.042344628710846627e-01
1.452658593691410482e-01 1.042177474859293934e-01
1.460217898181348506e-01 1.042011221337369314e-01
1.467796806651286701e-01 1.041845862273914208e-01
1.475395319101225067e-01 1.041681391905220633e-01
1.483013435531164437e-01 1.041517804553615673e-01
1.490651155941104256e-01 1.041355094646032597e-01
1.498308480331044801e-01 1.041193256790356042e-01
1.505985408700985240e-01 1.041032285946870417e-01
1.513681941050926405e-01 1.040872175667926919e-01
1.521398077380868297e-01 1.040712920769064215e-01
1.529133817690810637e-01 1.040554515983213163e-01
1.536889161980753704e-01 1.040396956017385216e-01
1.544664110250696387e-01 1.040240235574265426e-01
1.552458662500640352e-01 1.040084349335187175e-01
1.560272818730584765e-01 1.039929291887622953e-01
1.568106578940529627e-01 1.039775057560129168e-01
1.575959943130474383e-01 1.039621642060144929e-01
1.583832911300420421e-01 1.039469039993036470e-01
1.591725483450366629e-01 1.039317246116299304e-01
1.599637659580313565e-01 1.039166255282846646e-01
1.607569439690260948e-01 1.039016062418337549e-01
1.615520823780208504e-01 1.038866662535331414e-01
1.623491811850156785e-01 1.038718050800218201e-01
1.631482403900105516e-01 1.038570222688729033e-01
1.639492599930054972e-01 1.038423172481926504e-01
1.647522399940004323e-01 1.038276895538224470e-01
1.655571803929954677e-01 1.038131387139391848e-01
1.663640811899905481e-01 1.037986642545590393e-01
1.671729423849857010e-01 1.037842657017552239e-01
1.679837639779808434e-01 1.037699425804281678e-01
1.687965459689760583e-01 1.037556944081378107e-01
1.696112883579713460e-01 1.037415206805675921e-01
1.704279911449667062e-01 1.037274210073487052e-01
1.712466543299620836e-01 1.037133949074107303e-01
1.720672779129574781e-01 1.036994419131754830e-01
1.728898618939529452e-01 1.036855615652790413e-01
1.737144062729484850e-01 1.036717534103519384e-01
1.745409110499440697e-01 1.036580170019591046e-01
1.753693762249396715e-01 1.036443519060457757e-01
1.761998017979353459e-01 1.036307577140645614e-01
1.770321877689310930e-01 1.036172339236429152e-01
1.778665341379268849e-01 1.036037801175783285e-01
1.787028409049227218e-01 1.035903958724350288e-01
1.795411080699185480e-01 1.035770807633648871e-01
1.803813356329145023e-01 1.035638343661560989e-01
1.812235235939104738e-01 1.035506562564886407e-01
1.820676719529065180e-01 1.035375460052000152e-01
1.829137807099025514e-01 1.035245031666746501e-01
1.837618498648986853e-01 1.035115273805970737e-01
1.846118794178948919e-01 1.034986182201096810e-01
1.854638693688911155e-01 1.034857752692600469e-01
1.863178197178873563e-01 1.034729981185184416e-01
1.871737304648836975e-01 1.034602863624156516e-01
1.880316016098800835e-01 1.034476395990308606e-01
1.888914331528765145e-01 1.034350574318866900e-01
1.897532250938729903e-01 1.034225394760408118e-01
1.906169774328694833e-01 1.034100853720572311e-01
1.914826901698660766e-01 1.033976946662348018e-01
1.923503633048627148e-01 1.033853669908844364e-01
1.932199968378593979e-01 1.033731019707254672e-01
1.940915907688560982e-01 1.033608992285027783e-01
1.949651450978528711e-01 1.033487583874243831e-01
1.958406598248497166e-01 1.033366790706990029e-01
1.967181349498466070e-01 1.033246608970851549e-01
1.975975704728435423e-01 1.033127034695630192e-01
1.984789663938404669e-01 1.033008064704052098e-01
1.993623227128375197e-01 1.032889695192847762e-01
2.002476394298345896e-01 1.032771922466987347e-01
2.011349165448317322e-01 1.032654742892371580e-01
2.020241540578288642e-01 1.032538152871138731e-01
2.029153519688260965e-01 1.032422148834879067e-01
2.038085102778234015e-01 1.032306727259702517e-01
2.047036289848207236e-01 1.032191884719078218e-01
2.056007080898180628e-01 1.032077618009312608e-01
2.064997475928155024e-01 1.031963923125456539e-01
2.074007474938129869e-01 1.031850796796517783e-01
2.083037077928105441e-01 1.031738235680401822e-01
2.092086284898081183e-01 1.031626236418717452e-01
2.101155095848057097e-01 1.031514795664619372e-01
2.110243510778034015e-01 1.031403910090763626e-01
2.119351529688011382e-01 1.031293576374140292e-01
2.128479152577989197e-01 1.031183791141527251e-01
2.137626379447967184e-01 1.031074550838619319e-01
2.146793210297945897e-01 1.030965852775297259e-01
2.155979645127925337e-01 1.030857693555325416e-01
2.165185683937905226e-01 1.030750069907015315e-01
2.174411326727885563e-01 1.030642978623187572e-01
2.183656573497865794e-01 1.030536416530799387e-01
2.192921424247847306e-01 1.030430380481546088e-01
2.202205878977829268e-01 1.030324867365684655e-01
2.211509937687811678e-01 1.030219874164796934e-01
2.220833600377793982e-01 1.030115398081038747e-01
2.230176867047777289e-01 1.030011435525183261e-01
2.239539737697761046e-01 1.029907983635861279e-01
2.248922212327745529e-01 1.029805039469415401e-01
2.258324290937730461e-01 1.029702600060979634e-01
2.267745973527715286e-01 1.029600662454857318e-01
2.277187260097701116e-01 1.029499223714127748e-01
2.286648150647687394e-01 1.029398280908248725e-01
2.296128645177674399e-01 1.029297831063923224e-01
2.305628743687661297e-01 1.029197871043275037e-01
2.315148446177649200e-01 1.029098398470613684e-01
2.324687752647637551e-01 1.028999410343363063e-01
2.334246663097626351e-01 1.028900903776376746e-01
2.343825177527615322e-01 1.028802875943246320e-01
2.353423295937605020e-01 1.028705324047280295e-01
2.363041018327595444e-01 1.028608245311759817e-01
2.372678344697586317e-01 1.028511636989946770e-01
2.382335275047577638e-01 1.028415496407710517e-01
2.392011809377569131e-01 1.028319821071633222e-01
2.401707947687561351e-01 1.028224607867477408e-01
2.411423689977554297e-01 1.028129854255553088e-01
2.421159036247547691e-01 1.028035557627162283e-01
2.430913986497540979e-01 1.027941715356736757e-01
2.440688540727535549e-01 1.027848324828324611e-01
2.450482698937530290e-01 1.027755383447637311e-01
2.460296461127525758e-01 1.027662888642982691e-01
2.470129827297521674e-01 1.027570837850003554e-01
2.479982797447517484e-01 1.027479228462383071e-01
2.489855371577514298e-01 1.027388057709204133e-01
2.499747549687511561e-01 1.027297323547200214e-01
2.509659331777509550e-01 1.027207023323974677e-01
2.519590717847506878e-01 1.027117154506569235e-01
2.529541707897505765e-01 1.027027714618589938e-01
2.539512301927505100e-01 1.026938701210104304e-01
2.549502499937504885e-01 1.026850111847239511e-01
2.559512301927505673e-01 1.026761944119764097e-01
2.569541707897506355e-01 1.026674195677962781e-01
2.579590717847507486e-01 1.026586864329314536e-01
2.589659331777509621e-01 1.026499947358427561e-01
2.599747549687512205e-01 1.026413442537483650e-01
2.609855371577514682e-01 1.026327347575607535e-01
2.619982797447518164e-01 1.026241660167135639e-01
2.630129827297520984e-01 1.026156378015053022e-01
2.640296461127525363e-01 1.026071498841389373e-01
2.650482698937530190e-01 1.025987020388678117e-01
2.660688540727535467e-01 1.025902940409140623e-01
2.670913986497541748e-01 1.025819256627498177e-01
2.681159036247547922e-01 1.025735966644927694e-01
2.691423689977554545e-01 1.025653068598581796e-01
2.701707947687562172e-01 1.025570560182464952e-01
2.712011809377570248e-01 1.025488439185819473e-01
2.722335275047577108e-01 1.025406703444155104e-01
2.732678344697586081e-01 1.025325350815848718e-01
2.743041018327595504e-01 1.025244379171258297e-01
2.753423295937605375e-01 1.025163786387961184e-01
2.763825177527615695e-01 1.025083570351751350e-01
2.774246663097627019e-01 1.025003728970057537e-01
2.784687752647638237e-01 1.024924260216238947e-01
2.795148446177649904e-01 1.024845162246039859e-01
2.805628743687662574e-01 1.024766432602300659e-01
2.816128645177674028e-01 1.024688069402142215e-01
2.826648150647687596e-01 1.024610070673594442e-01
2.837187260097701613e-01 1.024532434420384330e-01
2.847745973527716079e-01 1.024455158651560172e-01
2.858324290937730994e-01 1.024378241393850836e-01
2.868922212327746357e-01 1.024301680693843059e-01
2.879539737697762170e-01 1.024225474607560471e-01
2.890176867047778431e-01 1.024149621162979279e-01
2.900833600377795141e-01 1.024074118259758748e-01
2.911509937687811744e-01 1.023998964328881878e-01
2.922205878977829352e-01 1.023924157352096298e-01
2.932921424247847964e-01 1.023849695411417349e-01
2.943656573497866469e-01 1.023775576634051582e-01
2.954411326727885978e-01 1.023701799167706927e-01
2.965185683937905936e-01 1.023628361169946627e-01
2.975979645127926343e-01 1.023555260803883926e-01
2.986793210297947199e-01 1.023482496238700135e-01
2.997626379447967393e-01 1.023410065660314561e-01
3.008479152577989146e-01 1.023337967309124741e-01
3.019351529688011904e-01 1.023266199583185987e-01
3.030243510778034555e-01 1.023194760368895534e-01
3.041155095848058210e-01 1.023123648035555305e-01
3.052086284898081758e-01 1.023052860871972863e-01
3.063037077928106311e-01 1.022982397145591887e-01
3.074007474938131312e-01 1.022912255128022724e-01
3.084997475928156763e-01 1.022842433105479176e-01
3.096007080898180996e-01 1.022772929382747553e-01
3.107036289848207899e-01 1.022703742282680267e-01
3.118085102778234696e-01 1.022634870136363422e-01
3.129153519688261942e-01 1.022566311247914556e-01
3.140241540578289636e-01 1.022498063796143108e-01
3.151349165448318335e-01 1.022430126454525606e-01
3.162476394298346927e-01 1.022362497471519804e-01
3.173623227128376523e-01 1.022295175195069988e-01
3.184789663938406568e-01 1.022228158015426325e-01
3.195975704728435396e-01 1.022161444341320863e-01
3.207181349498466338e-01 1.022095032590776414e-01
3.218406598248497730e-01 1.022028921187472378e-01
3.229651450978529570e-01 1.021963108558850142e-01
3.240915907688562414e-01 1.021897593136710941e-01
3.252199968378595152e-01 1.021832373367100588e-01
3.263503633048628338e-01 1.021767447748270635e-01
3.274826901698662529e-01 1.021702814940055742e-01
3.286169774328696613e-01 1.021638473083562731e-01
3.297532250938730591e-01 1.021574420811869471e-01
3.308914331528765573e-01 1.021510656666385075e-01
3.320316016098801559e-01 1.021447179163937624e-01
3.331737304648837994e-01 1.021383986823710260e-01
3.343178197178874878e-01 1.021321078176875841e-01
3.354638693688912210e-01 1.021258451769947451e-01
3.366118794178950546e-01 1.021196106166404882e-01
3.377618498648988776e-01 1.021134039946079153e-01
3.389137807099027455e-01 1.021072251695705896e-01
3.400676719529066028e-01 1.021010739971401904e-01
3.412235235939105604e-01 1.020949503187820462e-01
3.423813356329146185e-01 1.020888540289813101e-01
3.435411080699187214e-01 1.020827849755082117e-01
3.447028409049228137e-01 1.020767430175009705e-01
3.458665341379270064e-01 1.020707280184563331e-01
3.470321877689312440e-01 1.020647398434940678e-01
3.481998017979355819e-01 1.020587783584309960e-01
3.493693762249399093e-01 1.020528434294830922e-01
3.505409110499441705e-01 1.020469349231209050e-01
3.517144062729485876e-01 1.020410527060959943e-01
3.528898618939531051e-01 1.020351966462277327e-01
3.540672779129576120e-01 1.020293666157385121e-01
3.552466543299622193e-01 1.020235625013941883e-01
3.564279911449668714e-01 1.020177841446348876e-01
3.576112883579715684e-01 1.020120314301926762e-01
3.587965459689763104e-01 1.020063042341275011e-01
3.599837639779809306e-01 1.020006024303294623e-01
3.611729423849858178e-01 1.019949258929545438e-01
3.623640811899906944e-01 1.019892744971661741e-01
3.635571803929956158e-01 1.019836481192908928e-01
3.647522399940006377e-01 1.019780466368882393e-01
3.659492599930056489e-01 1.019724699288740016e-01
3.671482403900107605e-01 1.019669178755646943e-01
3.683491811850159170e-01 1.019613903579632969e-01
3.695520823780210629e-01 1.019558872544185368e-01
3.707569439690261981e-01 1.019504084301172675e-01
3.719637659580314892e-01 1.019449537976609699e-01
3.731725483450368253e-01 1.019395232274189766e-01
3.743832911300422062e-01 1.019341166005884175e-01
3.755959943130476320e-01 1.019287338022025619e-01
3.768106578940531581e-01 1.019233747185983585e-01
3.780272818730586737e-01 1.019180392366886845e-01
3.792458662500642896e-01 1.019127272438348497e-01
3.804664110250698950e-01 1.019074386278096822e-01
3.816889161980754896e-01 1.019021732766798582e-01
3.829133817690812402e-01 1.018969310787320171e-01
3.841398077380869802e-01 1.018917119230532270e-01
3.853681941050928206e-01 1.018865157025076046e-01
3.865985408700987613e-01 1.018813423234445903e-01
3.878308480331046915e-01 1.018761916512316568e-01
3.890651155941106665e-01 1.018710635906038969e-01
3.903013435531166864e-01 1.018659580377581225e-01
3.915395319101228067e-01 1.018608748869204300e-01
3.927796806651288053e-01 1.018558140326425582e-01
3.940217898181350153e-01 1.018507753703920965e-01
3.952658593691412148e-01 1.018457587965805738e-01
3.965118893181475146e-01 1.018407642085034648e-01
3.977598796651538593e-01 1.018357915043751616e-01
3.990098304101602489e-01 1.018308405834900954e-01
4.002617415531666833e-01 1.018259113463592658e-01
4.015156130941732182e-01 1.018210036942077540e-01
4.027714450331797424e-01 1.018161175260534207e-01
4.040292373701862005e-01 1.018112527288479591e-01
4.052889901051928145e-01 1.018064092313216290e-01
4.065507032381995289e-01 1.018015869246248900e-01
4.078143767692062882e-01 1.017967857100729456e-01
4.090800106982130369e-01 1.017920054922707013e-01
4.103476050252198859e-01 1.017872461767887898e-01
4.116171597502267798e-01 1.017825076696049769e-01
4.128886748732337186e-01 1.017777898771067557e-01
4.141621503942407023e-01 1.017730927061688273e-01
4.154375863132476199e-01 1.017684160641337404e-01
4.167149826302546933e-01 1.017637598586647041e-01
4.179943393452618672e-01 1.017591239975876444e-01
4.192756564582690304e-01 1.017545083892647806e-01
4.205589339692762940e-01 1.017499129450834122e-01
4.218441718782836025e-01 1.017453375882224759e-01
4.231313701852909004e-01 1.017407822071660778e-01
4.244205288902982987e-01 1.017362467239312368e-01
4.257116479933056308e-01 1.017317310527363072e-01
4.270047274943131188e-01 1.017272351061979940e-01
4.282997673933206517e-01 1.017227587973473790e-01
4.295967676903282295e-01 1.017183020400750509e-01
4.308957283853359077e-01 1.017138647490791609e-01
4.321966494783435753e-01 1.017094468397294060e-01
4.334995309693513432e-01 1.017050482279735629e-01
4.348043728583591006e-01 1.017006688303319639e-01
4.361111751453669583e-01 1.016963085640029824e-01
4.374199378303746943e-01 1.016919673470908642e-01
4.387306609133826418e-01 1.016876450988210973e-01
4.400433443943906342e-01 1.016833417391864863e-01
4.413579882733986715e-01 1.016790571861836689e-01
4.426745925504067536e-01 1.016747913457583113e-01
4.439931572254149361e-01 1.016705441637596602e-01
4.453136822984231080e-01 1.016663155496234511e-01
4.466361677694313248e-01 1.016621054231688914e-01
4.479606136384396420e-01 1.016579137071878386e-01
4.492870199054478375e-01 1.016537403251288191e-01
4.506153865704562445e-01 1.016495852006434608e-01
4.519457136334646408e-01 1.016454482576665264e-01
4.532780010944731375e-01 1.016413294205809753e-01
4.546122489534816791e-01 1.016372286143186060e-01
4.559484572104903211e-01 1.016331457643711578e-01
4.572866258654989524e-01 1.016290807966828830e-01
4.586267549185076287e-01 1.016250336374276697e-01
4.599688443695163498e-01 1.016210042127659446e-01
4.613128942185250048e-01 1.016169924491105298e-01
4.626589044655338712e-01 1.016129982756875938e-01
4.640068751105427269e-01 1.016090216342999675e-01
4.653568061535516831e-01 1.016050624303222460e-01
4.667086975945606842e-01 1.016011206044763193e-01
4.680625494335697301e-01 1.015971960884016062e-01
4.694183616705788209e-01 1.015932888120133909e-01
4.707761343055879566e-01 1.015893987057017583e-01
4.721358673385971372e-01 1.015855257007072521e-01
4.734975607696062516e-01 1.015816697290172627e-01
4.748612145986155220e-01 1.015778307231926664e-01
4.762268288256248927e-01 1.015740086162600364e-01
4.775944034506342528e-01 1.015702033416612665e-01
4.789639384736437133e-01 1.015664148332693917e-01
4.803354338946532187e-01 1.015626430254908397e-01
4.817088897136627690e-01 1.015588878534783440e-01
4.830843059306723641e-01 1.015551492533831868e-01
4.844616825456818376e-01 1.015514271621506537e-01
4.858410195586915226e-01 1.015477215151281282e-01
4.872223169697012524e-01 1.015440322364959819e-01
4.886055747787110826e-01 1.015403592857909709e-01
4.899907929857209021e-01 1.015367025899494152e-01
4.913779715907308221e-01 1.015330620857712585e-01
4.927671105937407314e-01 1.015294377125448844e-01
4.941582099947507412e-01 1.015258294099506270e-01
4.955512697937607958e-01 1.015222371177411931e-01
4.969462899907707287e-01 1.015186607758682552e-01
4.983432705857808731e-01 1.015151003246407557e-01
4.997422115787910624e-01 1.015115557048144879e-01
5.011431129698012965e-01 1.015080268576392941e-01
5.025459747588115755e-01 1.015045137248669488e-01
5.039507969458218994e-01 1.015010162487240269e-01
5.053575795308323793e-01 1.014975343718212825e-01
5.067663225138427929e-01 1.014940680369509907e-01
5.081770258948532515e-01 1.014906171868260598e-01
5.095896896738636439e-01 1.014871817642099966e-01
5.110043138508743032e-01 1.014837617140827153e-01
5.124208984258848965e-01 1.014803569928140192e-01
5.138394433988955345e-01 1.014769675249507508e-01
5.152599487699063285e-01 1.014735932661165047e-01
5.166824145389171674e-01 1.014702341633151317e-01
5.181068407059279401e-01 1.014668901621476466e-01
5.195332272709388688e-01 1.014635612087509409e-01
5.209615742339498423e-01 1.014602472500391733e-01
5.223918815949606387e-01 1.014569482335482137e-01
5.238241493539717020e-01 1.014536641072904533e-01
5.252583775109828101e-01 1.014503948196756600e-01
5.266945660659939632e-01 1.014471403194799060e-01
5.281327150190051611e-01 1.014439005558438883e-01
5.295728243700164040e-01 1.014406754782589820e-01
5.310148941190276917e-01 1.014374650365593294e-01
5.324589242660390243e-01 1.014342691809333036e-01
5.339049148110504017e-01 1.014310878619954920e-01
5.353528657540617131e-01 1.014279210309809304e-01
5.368027770950731803e-01 1.014247686400283066e-01
5.382546488340846924e-01 1.014216306421149294e-01
5.397084809710962494e-01 1.014185069888838969e-01
5.411642735061079623e-01 1.014153976209211799e-01
5.426220264391196091e-01 1.014123025121089205e-01
5.440817397701314118e-01 1.014092216052132484e-01
5.455434134991431483e-01 1.014061548530107854e-01
5.470070476261550407e-01 1.014031022104085189e-01
5.484726421511667560e-01 1.014000636324593474e-01
5.499401970741787382e-01 1.013970390741778249e-01
5.514097123951906543e-01 1.013940284907273726e-01
5.528811881142027262e-01 1.013910318375778191e-01
5.543546242312148431e-01 1.013880490705713899e-01
5.558300207462270048e-01 1.013850801459380002e-01
5.573073776592392115e-01 1.013821250202878582e-01
5.587866949702514630e-01 1.013791836506031802e-01
5.602679726792635373e-01 1.013762559942466834e-01
5.617512107862758786e-01 1.013733420089721476e-01
5.632364092912882647e-01 1.013704416529211810e-01
5.647235681943006957e-01 1.013675548845649477e-01
5.662126874953131717e-01 1.013646816625265179e-01
5.677037671943258035e-01 1.013618219452945279e-01
5.691968072913383692e-01 1.013589756912071649e-01
5.706918077863509797e-01 1.013561428603915321e-01
5.721887686793637462e-01 1.013533234240573816e-01
5.736876899703762245e-01 1.013505173235323131e-01
5.751885716593890807e-01 1.013477245295107132e-01
5.766914137464018708e-01 1.013449450038117622e-01
5.781962162314148168e-01 1.013421787070739599e-01
5.797029791144278077e-01 1.013394256005601402e-01
5.812117023954407324e-01 1.013366856462573906e-01
5.827223860744538131e-01 1.013339588066668184e-01
5.842350301514669386e-01 1.013312450446582080e-01
5.857496346264799980e-01 1.013285443234026029e-01
5.872661994994931023e-01 1.013258566063697796e-01
5.887847247705062514e-01 1.013231818573347709e-01
5.903052104395195565e-01 1.013205200403938938e-01
5.918276565065329065e-01 1.013178711199716753e-01
5.933520629715463013e-01 1.013152350608219482e-01
5.948784298345597410e-01 1.013126118280148202e-01
5.964067570955732256e-01 1.013100013869254329e-01
5.979370447545868661e-01 1.013074037032051233e-01
5.994692928116004405e-01 1.013048187427761926e-01
6.010035012666138377e-01 1.013022464718734139e-01
6.025396701196276128e-01 1.012996868572236808e-01
6.040777993706413218e-01 1.012971398663607553e-01
6.056178890196550757e-01 1.012946054677166530e-01
6.071599390666689855e-01 1.012920836287041493e-01
6.087039495116828292e-01 1.012895743057375675e-01
6.102499203546968287e-01 1.012870774866143353e-01
6.117978515957107621e-01 1.012845931294205221e-01
6.133477432347248515e-01 1.012821212024767187e-01
6.148995952717387636e-01 1.012796616758345064e-01
6.164534077067529427e-01 1.012772145194499873e-01
6.180091805397671667e-01 1.012747797031615382e-01
6.195669137707813245e-01 1.012723571969321723e-01
6.211266073997956383e-01 1.012699469710096056e-01
6.226882614268099969e-01 1.012675489959736080e-01
6.242518758518244004e-01 1.012651632427382098e-01
6.258174506748388488e-01 1.012627896825328416e-01
6.273849858958533421e-01 1.012604282868879713e-01
6.289544815148676582e-01 1.012580790276296910e-01
6.305259375318823523e-01 1.012557418768674083e-01
6.320993539468969802e-01 1.012534168069998686e-01
6.336747307599116530e-01 1.012511037907103117e-01
6.352520679709263707e-01 1.012488028009750629e-01
6.368313655799411332e-01 1.012465138110739821e-01
6.384126235869560517e-01 1.012442367946135569e-01
6.399958419919709041e-01 1.012419717255373802e-01
6.415810207949856903e-01 1.012397185780962439e-01
6.431681599960007434e-01 1.012374773266890710e-01
6.447572595950157304e-01 1.012352479455540105e-01
6.463483195920308733e-01 1.012330304085972549e-01
6.479413399870459500e-01 1.012308246910681997e-01
6.495363207800611827e-01 1.012286307791410433e-01
6.511332619710764602e-01 1.012264486307895561e-01
6.527321635600916716e-01 1.012242782319104778e-01
6.543330255471070389e-01 1.012221195591655742e-01
6.559358479321222291e-01 1.012199725883309448e-01
6.575406307151376861e-01 1.012178372959283978e-01
6.591473738961531881e-01 1.012157136591517043e-01
6.607560774751687349e-01 1.012136016556146323e-01
6.623667414521843266e-01 1.012115012632087557e-01
6.639793658271999632e-01 1.012094124600662615e-01
6.655939506002157557e-01 1.012073352245597413e-01
6.672104957712314821e-01 1.012052695353290177e-01
6.688290013402472534e-01 1.012032153712842941e-01
6.704494673072629585e-01 1.012011727116133714e-01
6.720718936722788195e-01 1.011991415357817864e-01
6.736962804352947254e-01 1.011971218235308417e-01
6.753226275963107872e-01 1.011951135548748160e-01
6.769509351553267829e-01 1.011931167100989098e-01
6.785812031123429344e-01 1.011911312697612586e-01
6.802134314673590199e-01 1.011891572146928903e-01
6.818476202203752612e-01 1.011871945259978645e-01
6.834837693713914364e-01 1.011852431850570333e-01
6.851218789204075454e-01 1.011833031735217547e-01
6.867619488674239214e-01 1.011813744733025822e-01
6.884039792124403423e-01 1.011794570665483645e-01
6.900479699554568080e-01 1.011775509356214742e-01
6.916939210964733187e-01 1.011756560631184160e-01
6.933418326354898742e-01 1.011737724320091042e-01
6.949917045725064746e-01 1.011719000259646284e-01
6.966435369075231199e-01 1.011700388296232767e-01
6.982973296405398100e-01 1.011681888270322544e-01
6.999530827715563230e-01 1.011663499915446823e-01
7.016107963005731030e-01 1.011645223252668202e-01
7.032704702275899278e-01 1.011627058027613213e-01
7.049321045526069085e-01 1.011609004088858121e-01
7.065956992756238231e-01 1.011591061297318211e-01
7.082612543966407825e-01 1.011573229510835392e-01
7.099287699156578979e-01 1.011555508585868235e-01
7.115982458326749471e-01 1.011537898380385214e-01
7.132696821476921523e-01 1.011520398755185735e-01
7.149430788607090692e-01 1.011503009574127587e-01
7.166184359717263641e-01 1.011485730704002328e-01
7.182957534807437039e-01 1.011468562014315592e-01
7.199750313877609775e-01 1.011451503377174682e-01
7.216562696927784071e-01 1.011434554667265395e-01
7.233394683957958815e-01 1.011417715761850633e-01
7.250246274968132898e-01 1.011400986540776509e-01
7.267117469958308540e-01 1.011384366886512037e-01
7.284008268928482410e-01 1.011367856684108196e-01
7.300918671878658950e-01 1.011351455821249690e-01
7.317848678808835938e-01 1.011335164188232050e-01
7.334798289719013376e-01 1.011318981677950812e-01
7.351767504609192372e-01 1.011302908185903043e-01
7.368756323479370707e-01 1.011286943610211209e-01
7.385764746329549491e-01 1.011271087851592920e-01
7.402792773159728723e-01 1.011255340813378423e-01
7.419840403969908404e-01 1.011239702401501711e-01
7.436907638760087425e-01 1.011224172524484016e-01
7.453994477530268004e-01 1.011208751093413127e-01
7.471100920280450142e-01 1.011193438021925489e-01
7.488226967010631618e-01 1.011178233226206202e-01
7.505372617720814654e-01 1.011163136625087694e-01
7.522537872410997029e-01 1.011148148140266073e-01
7.539722731081180962e-01 1.011133267696558702e-01
7.556927193731364234e-01 1.011118495221921126e-01
7.574151260361549065e-01 1.011103830646239571e-01
7.591394930971732125e-01 1.011089273897962937e-01
7.608658205561917853e-01 1.011074824900364405e-01
7.625941084132104031e-01 1.011060483585198566e-01
7.643243566682289547e-01 1.011046249998494295e-01
7.660565653212476622e-01 1.011032123908500308e-01
7.677907343722664146e-01 1.011018105361522618e-01
7.695268638212852119e-01 1.011004194301782094e-01
7.712649536683040541e-01 1.010990390669169042e-01
7.730050039133229411e-01 1.010976694413016491e-01
7.747470145563417621e-01 1.010963105489156716e-01
7.764909855973607389e-01 1.010949623856815249e-01
7.782369170363797606e-01 1.010936249477404902e-01
7.799848088733989382e-01 1.010922982314513274e-01
7.817346611084180497e-01 1.010909822334122438e-01
7.834864737414372060e-01 1.010896769504783521e-01
7.852402467724565183e-01 1.010883823797762426e-01
7.869959802014757644e-01 1.010870985187019427e-01
7.887536740284951664e-01 1.010858253649195848e-01
7.905133282535142802e-01 1.010845629163604903e-01
7.922749428765337720e-01 1.010833111712229199e-01
7.940385178975533087e-01 1.010820701279710188e-01
7.958040533165727792e-01 1.010808397853350249e-01
7.975715491335924057e-01 1.010796201423137114e-01
7.993410053486120770e-01 1.010784111981728600e-01
8.011124219616317932e-01 1.010772129524479118e-01
8.028857989726515543e-01 1.010760254049430096e-01
8.046611363816711382e-01 1.010748485557334958e-01
8.064384341886909890e-01 1.010736824051639560e-01
8.082176923937108848e-01 1.010725269538500226e-01
8.099989109967308254e-01 1.010713822026814285e-01
8.117820899977508109e-01 1.010702481528178015e-01
8.135672293967708413e-01 1.010691248056928560e-01
8.153543291937909165e-01 1.010680121630136430e-01
8.171433893888111477e-01 1.010669102267625630e-01
8.189344099818313127e-01 1.010658189991973932e-01
8.207273909728513006e-01 1.010647384828503026e-01
8.225223323618716664e-01 1.010636686805311546e-01
8.243192341488919661e-01 1.010626095953287423e-01
8.261180963339124217e-01 1.010615612306081101e-01
8.279189189169328111e-01 1.010605235900152166e-01
8.297217018979533565e-01 1.010594966774749498e-01
8.315264452769738357e-01 1.010584804971947637e-01
8.333331490539944708e-01 1.010574750536620964e-01
8.351418132290151508e-01 1.010564803516474791e-01
8.369524378020356536e-01 1.010554963962053548e-01
8.387650227730564234e-01 1.010545231926729265e-01
8.405795681420771270e-01 1.010535607466736124e-01
8.423960739090979866e-01 1.010526090641199332e-01
8.442145400741188910e-01 1.010516681512174803e-01
8.460349666371398403e-01 1.010507380144670120e-01
8.478573535981608345e-01 1.010498186606636345e-01
8.496817009571818735e-01 1.010489100968742227e-01
8.515080087142030685e-01 1.010480123304127037e-01
8.533362768692239753e-01 1.010471253688141752e-01
8.551665054222451490e-01 1.010462492199209750e-01
8.569986943732663676e-01 1.010453838922243386e-01
8.588328437222877421e-01 1.010445293953851492e-01
8.606689534693090504e-01 1.010436857391696364e-01
8.625070236143304037e-01 1.010428529220775001e-01
8.643470541573519128e-01 1.010420309706209774e-01
8.661890450983733558e-01 1.010412198841677406e-01
8.680329964373949547e-01 1.010404196735694843e-01
8.698789081744163765e-01 1.010396303502565929e-01
8.717267803094379541e-01 1.010388519251384648e-01
8.735766128424596877e-01 1.010380844090846553e-01
8.754284057734814661e-01 1.010373278132560004e-01
8.772821591025032895e-01 1.010365821491911176e-01
8.791378728295250466e-01 1.010358474287866154e-01
8.809955469545469597e-01 1.010351236642695327e-01
8.828551814775689177e-01 1.010344108681798803e-01
8.847167763985909206e-01 1.010337090533674348e-01
8.865803317176127463e-01 1.010330182329969156e-01
8.884458474346348389e-01 1.010323384205514818e-01
8.903133235496569764e-01 1.010316696298352440e-01
8.921827600626792698e-01 1.010310118749778441e-01
8.940541569737014971e-01 1.010303651704354821e-01
8.959275142827237692e-01 1.010297295309919435e-01
8.978028319897460863e-01 1.010291049717604306e-01
8.996801100947685592e-01 1.010284915081861024e-01
9.015593485977907440e-01 1.010278891560458803e-01
9.034405474988133067e-01 1.010272979314536246e-01
9.053237067978358033e-01 1.010267178508581914e-01
9.072088264948584557e-01 1.010261489310490535e-01
9.090959065898810421e-01 1.010255911891558001e-01
9.109849470829037843e-01 1.010250446426523563e-01
9.128759479739264604e-01 1.010245093093569829e-01
9.147689092629492924e-01 1.010239852074360650e-01
9.166638309499721693e-01 1.010234723554053887e-01
9.185607130349948690e-01 1.010229707721330139e-01
9.204595555180178357e-01 1.010224804768404538e-01
9.223603583990407362e-01 1.010220014891066720e-01
9.242631216780637926e-01 1.010215338288695947e-01
9.261678453550868939e-01 1.010210775164269298e-01
9.280745294301100401e-01 1.010206325724412324e-01
9.299831739031333422e-01 1.010201990179417225e-01
9.318937787741565781e-01 1.010197768743243546e-01
9.338063440431798590e-01 1.010193661633580348e-01
9.357208697102029626e-01 1.010189669071847179e-01
9.376373557752263332e-01 1.010185791283225304e-01
9.395558022382498597e-01 1.010182028496692669e-01
9.414762090992733201e-01 1.010178380945041671e-01
9.433985763582968254e-01 1.010174848864908714e-01
9.453229040153204865e-01 1.010171432496804744e-01
9.472491920703440815e-01 1.010168132085153964e-01
9.491774405233678324e-01 1.010164947878288283e-01
9.511076493743915172e-01 1.010161880128521983e-01
9.530398186234151359e-01 1.010158929092148106e-01
9.549739482704390214e-01 1.010156095029485779e-01
9.569100383154629519e-01 1.010153378204905056e-01
9.588480887584868162e-01 1.010150778886861056e-01
9.607880995995108364e-01 1.010148297347918112e-01
9.627300708385349015e-01 1.010145933864796813e-01
9.646740024755590115e-01 1.010143688718385946e-01
9.666198945105831664e-01 1.010141562193807990e-01
9.685677469436073661e-01 1.010139554580416765e-01
9.705175597746313887e-01 1.010137666171852522e-01
9.724693330036556782e-01 1.010135897266078719e-01
9.744230666306800126e-01 1.010134248165410475e-01
9.763787606557043919e-01 1.010132719176544819e-01
9.783364150787289271e-01 1.010131310610619809e-01
9.802960298997533961e-01 1.010130022783224807e-01
9.822576051187779100e-01 1.010128856014459592e-01
9.842211407358025799e-01 1.010127810628962119e-01
9.861866367508271836e-01 1.010126886955940440e-01
9.881540931638517211e-01 1.010126085329244167e-01
9.901235099748764146e-01 1.010125406087358374e-01
9.920948871839012639e-01 1.010124849573491024e-01
9.940682247909260472e-01 1.010124416135577408e-01
9.960435227959509863e-01 1.010124106126342597e-01
9.980207811989759703e-01 1.010123919903347933e-01
1.000000000000000666e+00 1.010123857829016286e-01
