0.000000000000000000e+00 7.949204444852963070e-01
2.078119897502626434e-05 7.944125009524757308e-01
4.352279595010249372e-05 7.938566405255506053e-01
6.822479092522875592e-05 7.932528631663420260e-01
9.488718390040502381e-05 7.926011688777455655e-01
1.235099748756312839e-04 7.919015576780032983e-01
1.540931638509075632e-04 7.911540295844814441e-01
1.866367508262337669e-04 7.903585846080685151e-01
2.211407358016100034e-04 7.895152227553861035e-01
2.576051187770363269e-04 7.886239440320407246e-01
2.960298997525126832e-04 7.876847484454039261e-01
3.364150787280388555e-04 7.866976360049967587e-01
3.787606557036150606e-04 7.856626067217780118e-01
4.230666306792412444e-04 7.845796606074155743e-01
4.693330036549174067e-04 7.834487976737930515e-01
5.175597746306437102e-04 7.822700179330703829e-01
5.677469436064200466e-04 7.810433213979772749e-01
6.198945105822462531e-04 7.797687080818321848e-01
6.740024755581224382e-04 7.784461779987582597e-01
7.300708385340486020e-04 7.770757311635725362e-01
7.880995995100251780e-04 7.756573675917657340e-01
8.480887584860512989e-04 7.741910872995515502e-01
9.100383154621275068e-04 7.726768903038002678e-01
9.739482704382536934e-04 7.711147766221486677e-01
1.039818623414429750e-03 7.695047462729643906e-01
1.107649374390655894e-03 7.678467992753912341e-01
1.177440523366932558e-03 7.661409356493614764e-01
1.249192070343258659e-03 7.643871554156079773e-01
1.322904015319634847e-03 7.625854585957055898e-01
1.398576358296060905e-03 7.607358452120479564e-01
1.476209099272537051e-03 7.588383152879129012e-01
1.555802238249063716e-03 7.568928688474617639e-01
1.637355775225640036e-03 7.548995059157663778e-01
1.720869710202266008e-03 7.528582265188176192e-01
1.806344043178942285e-03 7.507690306835869132e-01
1.893778774155669082e-03 7.486319184379904845e-01
1.983173903132445098e-03 7.464468898109802852e-01
2.074529430109271419e-03 7.442139448325071349e-01
2.167845355086147393e-03 7.419330835335894436e-01
2.263121678063073454e-03 7.396043059463157654e-01
2.360358399040050469e-03 7.372276121038752184e-01
2.459555518017076271e-03 7.348030020406096652e-01
2.560713034994152593e-03 7.323304757919835151e-01
2.663830949971278568e-03 7.298100333946738738e-01
2.768909262948454630e-03 7.272416748865599967e-01
2.875947973925680780e-03 7.246254003067694738e-01
2.984947082902957450e-03 7.219612096956921077e-01
3.095906589880283773e-03 7.192491030950398656e-01
3.208826494857659750e-03 7.164890805478362212e-01
3.323706797835085814e-03 7.136811420984817689e-01
3.440547498812561965e-03 7.108252877927723201e-01
3.559348597790088636e-03 7.079215176779251051e-01
3.680110094767664961e-03 7.049698318026272892e-01
3.802831989745290939e-03 7.019702302170558461e-01
3.927514282722965704e-03 6.989227129729205235e-01
4.054156973700691856e-03 6.958272801234843818e-01
4.182760062678468095e-03 6.926839317236204163e-01
4.313323549656295289e-03 6.894926678298282097e-01
4.445847434634171702e-03 6.862534885002802287e-01
4.580331717612097335e-03 6.829663937948546870e-01
4.716776398590073922e-03 6.796313837751708498e-01
4.855181477568099729e-03 6.762484585046337759e-01
4.995546954546175623e-03 6.728176180484731761e-01
5.137872829524301604e-03 6.693388624737645065e-01
5.282159102502477672e-03 6.658121918494415148e-01
5.428405773480703828e-03 6.622376062466520663e-01
5.576612842458980070e-03 6.586151057376815610e-01
5.726780309437305531e-03 6.549446903986514412e-01
5.878908174415681948e-03 6.512263603046591909e-01
6.032996437394107583e-03 6.474601155372181616e-01
6.189045098372585908e-03 6.436459561749021674e-01
6.347054157351111718e-03 6.397838823036249289e-01
6.507023614329687615e-03 6.358738940070123302e-01
6.668953469308313599e-03 6.319159913744279988e-01
6.832843722286989670e-03 6.279101744952479969e-01
6.998694373265715828e-03 6.238564434625606392e-01
7.166505422244492073e-03 6.197547983711941821e-01
7.336276869223317537e-03 6.156052393187287919e-01
7.508008714202193956e-03 6.114077664051444927e-01
7.681700957181119595e-03 6.071623797330150119e-01
7.857353598160098790e-03 6.028690794075027837e-01
8.034966637139125470e-03 5.985278655364348888e-01
8.214540074118200502e-03 5.941387382303328080e-01
8.396073909097327356e-03 5.897016976024728185e-01
8.579568142076502563e-03 5.852167437689365093e-01
8.765022773055727856e-03 5.806838768486557445e-01
8.952437802035004971e-03 5.761030969634713950e-01
9.141813229014330439e-03 5.714744042381814104e-01
9.333149053993705993e-03 5.667977988005895584e-01
9.526445276973131635e-03 5.620732807815709275e-01
9.721701897952607363e-03 5.573008503151111181e-01
9.918918916932136648e-03 5.524805075383708575e-01
1.011809633391171255e-02 5.476122525917391792e-01
1.031923414889133854e-02 5.426960856188800530e-01
1.052233236187101462e-02 5.377320067668049930e-01
1.072739097285074078e-02 5.327200161859098060e-01
1.093440998183051703e-02 5.276601140300529735e-01
1.114338938881034163e-02 5.225523004565910679e-01
1.135432919379021806e-02 5.173965756264554683e-01
1.156722939677014457e-02 5.121929397042012111e-01
1.178208999775011943e-02 5.069413928580677187e-01
1.199891099673014612e-02 5.016419352600413051e-01
1.221769239371022463e-02 4.962945670859134628e-01
1.243843418869035149e-02 4.908992885153424801e-01
1.266113638167052670e-02 4.854560997319103399e-01
1.288579897265075200e-02 4.799650009231968273e-01
1.311242196163102738e-02 4.744259922808276575e-01
1.334100534861135459e-02 4.688390740005475288e-01
1.357154913359173015e-02 4.632042462822781870e-01
1.380405331657215580e-02 4.575215093301875924e-01
1.403851789755263153e-02 4.517908633527499829e-01
1.427494287653315735e-02 4.460123085628147632e-01
1.451332825351373326e-02 4.401858451776694547e-01
1.475367402849436273e-02 4.343114734191081405e-01
1.499598020147503881e-02 4.283891935134991336e-01
1.524024677245576498e-02 4.224190056918483704e-01
1.548647374143653950e-02 4.164009101898748511e-01
1.573466110841736931e-02 4.103349072480689252e-01
1.598480887339824227e-02 4.042209971117724510e-01
1.623691703637917053e-02 3.980591800312404116e-01
1.649098559736014366e-02 3.918494562617156340e-01
1.674701455634117209e-02 3.855918260634985106e-01
1.700500391332224540e-02 3.792862897020158885e-01
1.726495366830337400e-02 3.729328474478963429e-01
1.752686382128455442e-02 3.665314995770430073e-01
1.779073437226577625e-02 3.600822463707027410e-01
1.805656532124705685e-02 3.535850881155424563e-01
1.832435666822837886e-02 3.470400251037236705e-01
1.859410841320975616e-02 3.404470576329776677e-01
1.886582055619118528e-02 3.338061860066731112e-01
1.913949309717265929e-02 3.271174105339083593e-01
1.941512603615418858e-02 3.203807315295663094e-01
1.969271937313575929e-02 3.135961493144126533e-01
1.997227310811738876e-02 3.067636642151533866e-01
2.025378724109906312e-02 2.998832765645325638e-01
2.053726177208079276e-02 2.929549867013920283e-01
2.082269670106256382e-02 2.859787949707653931e-01
2.111009202804439364e-02 2.789547017239468185e-01
2.139944775302626487e-02 2.718827073185796084e-01
2.169076387600819486e-02 2.647628121187314831e-01
2.198404039699017321e-02 2.575950164949781795e-01
2.227927731597219643e-02 2.503793208244828317e-01
2.257647463295427495e-02 2.431157254910830123e-01
2.287563234793639835e-02 2.358042308853691704e-01
2.317675046091857705e-02 2.284448374047690911e-01
2.347982897190080062e-02 2.210375454536343820e-01
2.378486788088307949e-02 2.135823554433224636e-01
2.409186718786539977e-02 2.060792677922819727e-01
2.440082689284778228e-02 1.985282829261335036e-01
2.471174699583020273e-02 1.909294012777741079e-01
2.502462749681268195e-02 1.832826232874876782e-01
2.533946839579521298e-02 1.755879494028553256e-01
2.565626969277778543e-02 1.678453800786963712e-01
2.597503138776041318e-02 1.600549157792841570e-01
2.629575348074308580e-02 1.522165569836347876e-01
2.661843597172581372e-02 1.443304036874992480e-01
2.694307886070858651e-02 1.364264150714416812e-01
2.726968214769141807e-02 1.290533873999020753e-01
2.759824583267428758e-02 1.235191073580851617e-01
2.792876991565721931e-02 1.199607216235147877e-01
2.826125439664019939e-02 1.176353998374051746e-01
2.859569927562322089e-02 1.160068176741823887e-01
2.893210455260630115e-02 1.147924102071855162e-01
2.927047022758941935e-02 1.138420907282523264e-01
2.961079630057259979e-02 1.130708303450669722e-01
2.995308277155582163e-02 1.124271563333179985e-01
3.029732964053910224e-02 1.118780837898913083e-01
3.064353690752242426e-02 1.114014501909874610e-01
3.099170457250580504e-02 1.109817679871379775e-01
3.134183263548922377e-02 1.106078533284603344e-01
3.169392109647270472e-02 1.102714037118793372e-01
3.204796995545623056e-02 1.099661087830500622e-01
3.240397921243980128e-02 1.096870741990284420e-01
3.276194886742343076e-02 1.094304365189012751e-01
3.312187892040710513e-02 1.091930986587894975e-01
3.348376937139083825e-02 1.089725439698478598e-01
3.384762022037460932e-02 1.087667042317389393e-01
3.421343146735843915e-02 1.085738571207185837e-01
3.458120311234230693e-02 1.083925596901988836e-01
3.495093515532624040e-02 1.082215890174780953e-01
3.532262759631021182e-02 1.080599013462810454e-01
3.569628043529424199e-02 1.079065994469208117e-01
3.607189367227831706e-02 1.077609068893621014e-01
3.644946730726244394e-02 1.076221476736048815e-01
3.682900134024662264e-02 1.074897299561164282e-01
3.721049577123083929e-02 1.073631328772855636e-01
3.759395060021512164e-02 1.072418954890210496e-01
3.797936582719944193e-02 1.071256090520616711e-01
3.836674145218382098e-02 1.070139083492392534e-01
3.875607747516824492e-02 1.069064665997198627e-01
3.914737389615272761e-02 1.068029901365319806e-01
3.954063071513724825e-02 1.067032141243967613e-01
3.993584793212182765e-02 1.066068989602768496e-01
4.033302554710645887e-02 1.065138272248332962e-01
4.073216356009112804e-02 1.064238012306753384e-01
4.113326197107585597e-02 1.063366402867057386e-01
4.153632078006062878e-02 1.062521793942457216e-01
4.194133998704546035e-02 1.061702671511942919e-01
4.234831959203032986e-02 1.060907644137888267e-01
4.275725959501525814e-02 1.060135430347550062e-01
4.316815999600023129e-02 1.059384846796752044e-01
4.358102079498526321e-02 1.058654800398767665e-01
4.399584199197033307e-02 1.057944277292740959e-01
4.441262358695546170e-02 1.057252336813482435e-01
4.483136557994064214e-02 1.056578104318527944e-01
4.525206797092586747e-02 1.055920765181605769e-01
4.567473075991114462e-02 1.055279559980197568e-01
4.609935394689646665e-02 1.054653778371254930e-01
4.652593753188184744e-02 1.054042756589861352e-01
4.695448151486726618e-02 1.053445872527963290e-01
4.738498589585275061e-02 1.052862542603292262e-01
4.781745067483826606e-02 1.052292218400192325e-01
4.825187585182384720e-02 1.051734384684088336e-01
4.868826142680946628e-02 1.051188555862809931e-01
4.912660739979515107e-02 1.050654274321741743e-01
4.956691377078088073e-02 1.050131108180564488e-01
5.000918053976664834e-02 1.049618649662434067e-01
5.045340770675248165e-02 1.049116512660815403e-01
5.089959527173835291e-02 1.048624332081991573e-01
5.134774323472428292e-02 1.048141761843743441e-01
5.179785159571025088e-02 1.047668473555914553e-01
5.224992035469628454e-02 1.047204155746102178e-01
5.270394951168235614e-02 1.046748512240145007e-01
5.315993906666848651e-02 1.046301261456029918e-01
5.361788901965465481e-02 1.045862135508981022e-01
5.407779937064088882e-02 1.045430879038258820e-01
5.453967011962716771e-02 1.045007248792493015e-01
5.500350126661349148e-02 1.044591012673782154e-01
5.546929281159986708e-02 1.044181949013898575e-01
5.593704475458628755e-02 1.043779846214978740e-01
5.640675709557277373e-02 1.043384501842963274e-01
5.687842983455929091e-02 1.042995722277135495e-01
5.735206297154587379e-02 1.042613322269473758e-01
5.782765650653248768e-02 1.042237124200770387e-01
5.830521043951917420e-02 1.041866957983494379e-01
5.878472477050590561e-02 1.041502660387597645e-01
5.926619949949267496e-02 1.041144074864535363e-01
5.974963462647950307e-02 1.040791051025837660e-01
6.023503015146637607e-02 1.040443444408226670e-01
6.072238607445330782e-02 1.040101116222502259e-01
6.121170239544027752e-02 1.039763932866019369e-01
6.170297911442730598e-02 1.039431765895019177e-01
6.219621623141437933e-02 1.039104491565662203e-01
6.269141374640151143e-02 1.038781990766167035e-01
6.318857165938866760e-02 1.038464148642324475e-01
6.368768997037589641e-02 1.038150854518396921e-01
6.418876867936318398e-02 1.037842001586352647e-01
6.469180778635051643e-02 1.037537486823182503e-01
6.519680729133789376e-02 1.037237210763221618e-01
6.570376719432530210e-02 1.036941077277581807e-01
6.621268749531278308e-02 1.036648993583705325e-01
6.672356819430030894e-02 1.036360869896719439e-01
6.723640929128789356e-02 1.036076619475479327e-01
6.775121078627552307e-02 1.035796158325160699e-01
6.826797267926318358e-02 1.035519405232909890e-01
6.878669497025091673e-02 1.035246281502420346e-01
6.930737765923869476e-02 1.034976710984619463e-01
6.983002074622653155e-02 1.034710619836916590e-01
7.035462423121441322e-02 1.034447936551965014e-01
7.088118811420231202e-02 1.034188591741355273e-01
7.140971239519029734e-02 1.033932518164981940e-01
7.194019707417832754e-02 1.033679650532338956e-01
7.247264215116641650e-02 1.033429925534127408e-01
7.300704762615452259e-02 1.033183281655669222e-01
7.354341349914270132e-02 1.032939659210544980e-01
7.408173977013092493e-02 1.032699000166940051e-01
7.462202643911922118e-02 1.032461248185416874e-01
7.516427350610754843e-02 1.032226348454632070e-01
7.570848097109590669e-02 1.031994247733791364e-01
7.625464883408433758e-02 1.031764894193896442e-01
7.680277709507281336e-02 1.031538237463939106e-01
7.735286575406134790e-02 1.031314228478701217e-01
7.790491481104989957e-02 1.031092819530076421e-01
7.845892426603853775e-02 1.030873964118331348e-01
7.901489411902722082e-02 1.030657617009467786e-01
7.957282437001594877e-02 1.030443734110331189e-01
8.013271501900470772e-02 1.030232272460241266e-01
8.069456606599353932e-02 1.030023190207518813e-01
8.125837751098241579e-02 1.029816446534859015e-01
8.182414935397135103e-02 1.029612001662814080e-01
8.239188159496033115e-02 1.029409816776586523e-01
8.296157423394934227e-02 1.029209854032886312e-01
8.353322727093842603e-02 1.029012076487233612e-01
8.410684070592755468e-02 1.028816448105799586e-01
8.468241453891674209e-02 1.028622933693438685e-01
8.525994876990593274e-02 1.028431498910449687e-01
8.583944339889522379e-02 1.028242110200198733e-01
8.642089842588455972e-02 1.028054734810226190e-01
8.700431385087394054e-02 1.027869340719385766e-01
8.758968967386336624e-02 1.027685896663743936e-01
8.817702589485282294e-02 1.027504372063505755e-01
8.876632251384235228e-02 1.027324737053239151e-01
8.935757953083194038e-02 1.027146962407707864e-01
8.995079694582157337e-02 1.026971019575988187e-01
9.054597475881122348e-02 1.026796880606316714e-01
9.114311296980096011e-02 1.026624518184456047e-01
9.174221157879074162e-02 1.026453905556917595e-01
9.234327058578056802e-02 1.026285016572750647e-01
9.294628999077042542e-02 1.026117825620266877e-01
9.355126979376035545e-02 1.025952307629687255e-01
9.415820999475034425e-02 1.025788438066775193e-01
9.476711059374037793e-02 1.025626192895557204e-01
9.537797159073045650e-02 1.025465548588516407e-01
9.599079298572055219e-02 1.025306482088380322e-01
9.660557477871074827e-02 1.025148970819865640e-01
9.722231696970097536e-02 1.024992992650734791e-01
9.784101955869126122e-02 1.024838525906063696e-01
9.846168254568156419e-02 1.024685549329061168e-01
9.908430593067193981e-02 1.024534042097298286e-01
9.970888971366237419e-02 1.024383983783209717e-01
1.003354338946528534e-01 1.024235354372029505e-01
1.009639384736433915e-01 1.024088134221917967e-01
1.015944034506339466e-01 1.023942304083786115e-01
1.022268288256245744e-01 1.023797845061266559e-01
1.028612145986152610e-01 1.023654738632055194e-01
1.034975607696059924e-01 1.023512966607621477e-01
1.041358673385967409e-01 1.023372511155672959e-01
1.047761343055875760e-01 1.023233354759929964e-01
1.054183616705784560e-01 1.023095480243819688e-01
1.060625494335693947e-01 1.022958870730354686e-01
1.067086975945603783e-01 1.022823509666702796e-01
1.073568061535513790e-01 1.022689380784193303e-01
1.080068751105424663e-01 1.022556468123471812e-01
1.086589044655335984e-01 1.022424755994858492e-01
1.093128942185247754e-01 1.022294229004116345e-01
1.099688443695159834e-01 1.022164872013357900e-01
1.106267549185072641e-01 1.022036670167030536e-01
1.112866258654986035e-01 1.021909608853342893e-01
1.119484572104899878e-01 1.021783673730222580e-01
1.126122489534813753e-01 1.021658850687664905e-01
1.132780010944728633e-01 1.021535125873540700e-01
1.139457136334643961e-01 1.021412485656937597e-01
1.146153865704559877e-01 1.021290916653614378e-01
1.152870199054476102e-01 1.021170405690298849e-01
1.159606136384392638e-01 1.021050939829552667e-01
1.166361677694310039e-01 1.020932506335412715e-01
1.173136822984227889e-01 1.020815092697536508e-01
1.179931572254146188e-01 1.020698686598244809e-01
1.186745925504064658e-01 1.020583275935742495e-01
1.193579882733983993e-01 1.020468848792575184e-01
1.200433443943903777e-01 1.020355393457786641e-01
1.207306609133824149e-01 1.020242898396986342e-01
1.214199378303744969e-01 1.020131352273460912e-01
1.221111751453665961e-01 1.020020743919849565e-01
1.228043728583587818e-01 1.019911062357961307e-01
1.234995309693510124e-01 1.019802296772116257e-01
1.241966494783433017e-01 1.019694436527734116e-01
1.248957283853355943e-01 1.019587471146275182e-01
1.255967676903279873e-01 1.019481390322632269e-01
1.262997673933204390e-01 1.019376183901830185e-01
1.270047274943129079e-01 1.019271841894831970e-01
1.277116479933054216e-01 1.019168354457133663e-01
1.284205288902980080e-01 1.019065711903078680e-01
1.291313701852906393e-01 1.018963904686261968e-01
1.298441718782833154e-01 1.018862923412374444e-01
1.305589339692760642e-01 1.018762758821410985e-01
1.312756564582688024e-01 1.018663401798975271e-01
1.319943393452616409e-01 1.018564843360259403e-01
1.327149826302545244e-01 1.018467074659941962e-01
1.334375863132474527e-01 1.018370086977761768e-01
1.341621503942403981e-01 1.018273871727148061e-01
1.348886748732334440e-01 1.018178420442329424e-01
1.356171597502265069e-01 1.018083724785646127e-01
1.363476050252196425e-01 1.017989776536193103e-01
1.370800106982128508e-01 1.017896567595966001e-01
1.378143767692060206e-01 1.017804089979712223e-01
1.385507032381993187e-01 1.017712335819234287e-01
1.392889901051926616e-01 1.017621297358811266e-01
1.400292373701860493e-01 1.017530966948977239e-01
1.407714450331794265e-01 1.017441337054989098e-01
1.415156130941729040e-01 1.017352400241191696e-01
1.422617415531664542e-01 1.017264149182674909e-01
1.430098304101600493e-01 1.017176576651055292e-01
1.437598796651536337e-01 1.017089675523853154e-01
1.445118893181473185e-01 1.017003438772357826e-01
1.452658593691410482e-01 1.016917859469326085e-01
1.460217898181348506e-01 1.016832930778648475e-01
1.467796806651286701e-01 1.016748645961506603e-01
1.475395319101225067e-01 1.016664998367649564e-01
1.483013435531164437e-01 1.016581981439369509e-01
1.490651155941104256e-01 1.016499588707711482e-01
1.498308480331044801e-01 1.016417813787962449e-01
1.505985408700985240e-01 1.016336650386039514e-01
1.513681941050926405e-01 1.016256092286658974e-01
1.521398077380868297e-01 1.016176133362164113e-01
1.529133817690810637e-01 1.016096767561971287e-01
1.536889161980753704e-01 1.016017988919292042e-01
1.544664110250696387e-01 1.015939791542485870e-01
1.552458662500640352e-01 1.015862169620213445e-01
1.560272818730584765e-01 1.015785117415129724e-01
1.568106578940529627e-01 1.015708629264669843e-01
1.575959943130474383e-01 1.015632699582092180e-01
1.583832911300420421e-01 1.015557322848948674e-01
1.591725483450366629e-01 1.015482493622212878e-01
1.599637659580313565e-01 1.015408206524893026e-01
1.607569439690260948e-01 1.015334456252110912e-01
1.615520823780208504e-01 1.015261237563765684e-01
1.623491811850156785e-01 1.015188545288826100e-01
1.631482403900105516e-01 1.015116374319670473e-01
1.639492599930054972e-01 1.015044719614468655e-01
1.647522399940004323e-01 1.014973576194796168e-01
1.655571803929954677e-01 1.014902939143052657e-01
1.663640811899905481e-01 1.014832803605699163e-01
1.671729423849857010e-01 1.014763164786833677e-01
1.679837639779808434e-01 1.014694017952507965e-01
1.687965459689760583e-01 1.014625358425350621e-01
1.696112883579713460e-01 1.014557181586931006e-01
1.704279911449667062e-01 1.014489482875480519e-01
1.712466543299620836e-01 1.014422257783795522e-01
1.720672779129574781e-01 1.014355501861947395e-01
1.728898618939529452e-01 1.014289210711758205e-01
1.737144062729484850e-01 1.014223379990505103e-01
1.745409110499440697e-01 1.014158005406314844e-01
1.753693762249396715e-01 1.014093082720105843e-01
1.761998017979353459e-01 1.014028607743686083e-01
1.770321877689310930e-01 1.013964576337953172e-01
1.778665341379268849e-01 1.013900984415019996e-01
1.787028409049227218e-01 1.013837827934201130e-01
1.795411080699185480e-01 1.013775102903028691e-01
1.803813356329145023e-01 1.013712805377543907e-01
1.812235235939104738e-01 1.013650931458072724e-01
1.820676719529065180e-01 1.013589477293291435e-01
1.829137807099025514e-01 1.013528439074896925e-01
1.837618498648986853e-01 1.013467813040812154e-01
1.846118794178948919e-01 1.013407595471777223e-01
1.854638693688911155e-01 1.013347782691930016e-01
1.863178197178873563e-01 1.013288371068887944e-01
1.871737304648836975e-01 1.013229357010811404e-01
1.880316016098800835e-01 1.013170736968487529e-01
1.888914331528765145e-01 1.013112507433264337e-01
1.897532250938729903e-01 1.013054664935776894e-01
1.906169774328694833e-01 1.012997206048019405e-01
1.914826901698660766e-01 1.012940127379209077e-01
1.923503633048627148e-01 1.012883425578716967e-01
1.932199968378593979e-01 1.012827097332668347e-01
1.940915907688560982e-01 1.012771139365405693e-01
1.949651450978528711e-01 1.012715548438081203e-01
1.958406598248497166e-01 1.012660321347718384e-01
1.967181349498466070e-01 1.012605454928193205e-01
1.975975704728435423e-01 1.012550946047983680e-01
1.984789663938404669e-01 1.012496791610708324e-01
1.993623227128375197e-01 1.012442988554945189e-01
2.002476394298345896e-01 1.012389533852282170e-01
2.011349165448317322e-01 1.012336424508657462e-01
2.020241540578288642e-01 1.012283657562840777e-01
2.029153519688260965e-01 1.012231230085639255e-01
2.038085102778234015e-01 1.012179139181049042e-01
2.047036289848207236e-01 1.012127381983885938e-01
2.056007080898180628e-01 1.012075955660498988e-01
2.064997475928155024e-01 1.012024857408675566e-01
2.074007474938129869e-01 1.011974084455649209e-01
2.083037077928105441e-01 1.011923634059569421e-01
2.092086284898081183e-01 1.011873503508017441e-01
2.101155095848057097e-01 1.011823690117319569e-01
2.110243510778034015e-01 1.011774191233614228e-01
2.119351529688011382e-01 1.011725004230712571e-01
2.128479152577989197e-01 1.011676126510789031e-01
2.137626379447967184e-01 1.011627555504217152e-01
2.146793210297945897e-01 1.011579288667891624e-01
2.155979645127925337e-01 1.011531323486503792e-01
2.165185683937905226e-01 1.011483657471191067e-01
2.174411326727885563e-01 1.011436288159020674e-01
2.183656573497865794e-01 1.011389213113825791e-01
2.192921424247847306e-01 1.011342429924404207e-01
2.202205878977829268e-01 1.011295936205105633e-01
2.211509937687811678e-01 1.011249729595626867e-01
2.220833600377793982e-01 1.011203807759672446e-01
2.230176867047777289e-01 1.011158168385909717e-01
2.239539737697761046e-01 1.011112809186882622e-01
2.248922212327745529e-01 1.011067727898594532e-01
2.258324290937730461e-01 1.011022922281070019e-01
2.267745973527715286e-01 1.010978390116990255e-01
2.277187260097701116e-01 1.010934129212077565e-01
2.286648150647687394e-01 1.010890137394847427e-01
2.296128645177674399e-01 1.010846412515667980e-01
2.305628743687661297e-01 1.010802952447348718e-01
2.315148446177649200e-01 1.010759755084271461e-01
2.324687752647637551e-01 1.010716818342168033e-01
2.334246663097626351e-01 1.010674140158294848e-01
2.343825177527615322e-01 1.010631718490534875e-01
2.353423295937605020e-01 1.010589551317736534e-01
2.363041018327595444e-01 1.010547636638882141e-01
2.372678344697586317e-01 1.010505972473578207e-01
2.382335275047577638e-01 1.010464556860839608e-01
2.392011809377569131e-01 1.010423387859840788e-01
2.401707947687561351e-01 1.010382463549038268e-01
2.411423689977554297e-01 1.010341782025940965e-01
2.421159036247547691e-01 1.010301341407438686e-01
2.430913986497540979e-01 1.010261139828819155e-01
2.440688540727535549e-01 1.010221175444079023e-01
2.450482698937530290e-01 1.010181446425608143e-01
2.460296461127525758e-01 1.010141950963637930e-01
2.470129827297521674e-01 1.010102687266588861e-01
2.479982797447517484e-01 1.010063653560284297e-01
2.489855371577514298e-01 1.010024848088254545e-01
2.499747549687511561e-01 1.009986269110977330e-01
2.509659331777509550e-01 1.009947914906348665e-01
2.519590717847506878e-01 1.009909783768792590e-01
2.529541707897505765e-01 1.009871874009531101e-01
2.539512301927505100e-01 1.009834183956302006e-01
2.549502499937504885e-01 1.009796711952909987e-01
2.559512301927505673e-01 1.009759456359461544e-01
2.569541707897506355e-01 1.009722415551746327e-01
2.579590717847507486e-01 1.009685587921465566e-01
2.589659331777509621e-01 1.009648971875577034e-01
2.599747549687512205e-01 1.009612565836684461e-01
2.609855371577514682e-01 1.009576368242299516e-01
2.619982797447518164e-01 1.009540377545047884e-01
2.630129827297520984e-01 1.009504592212400742e-01
2.640296461127525363e-01 1.009469010726362914e-01
2.650482698937530190e-01 1.009433631583550178e-01
2.660688540727535467e-01 1.009398453294781672e-01
2.670913986497541748e-01 1.009363474385150672e-01
2.681159036247547922e-01 1.009328693393595489e-01
2.691423689977554545e-01 1.009294108873076551e-01
2.701707947687562172e-01 1.009259719390029897e-01
2.712011809377570248e-01 1.009225523524609064e-01
2.722335275047577108e-01 1.009191519870174941e-01
2.732678344697586081e-01 1.009157707033483953e-01
2.743041018327595504e-01 1.009124083634175967e-01
2.753423295937605375e-01 1.009090648305016880e-01
2.763825177527615695e-01 1.009057399691389717e-01
2.774246663097627019e-01 1.009024336451482678e-01
2.784687752647638237e-01 1.008991457255807300e-01
2.795148446177649904e-01 1.008958760787452696e-01
2.805628743687662574e-01 1.008926245741529476e-01
2.816128645177674028e-01 1.008893910825434809e-01
2.826648150647687596e-01 1.008861754758345330e-01
2.837187260097701613e-01 1.008829776271470552e-01
2.847745973527716079e-01 1.008797974107517592e-01
2.858324290937730994e-01 1.008766347020953191e-01
2.868922212327746357e-01 1.008734893777544356e-01
2.879539737697762170e-01 1.008703613154523782e-01
2.890176867047778431e-01 1.008672503940170051e-01
2.900833600377795141e-01 1.008641564934028290e-01
2.911509937687811744e-01 1.008610794946415840e-01
2.922205878977829352e-01 1.008580192798666647e-01
2.932921424247847964e-01 1.008549757322694668e-01
2.943656573497866469e-01 1.008519487361174000e-01
2.954411326727885978e-01 1.008489381767124216e-01
2.965185683937905936e-01 1.008459439404109786e-01
2.975979645127926343e-01 1.008429659145834989e-01
2.986793210297947199e-01 1.008400039876286292e-01
2.997626379447967393e-01 1.008370580489410112e-01
3.008479152577989146e-01 1.008341279889209546e-01
3.019351529688011904e-01 1.008312136989446689e-01
3.030243510778034555e-01 1.008283150713707721e-01
3.041155095848058210e-01 1.008254319995144227e-01
3.052086284898081758e-01 1.008225643776537589e-01
3.063037077928106311e-01 1.008197121010028646e-01
3.074007474938131312e-01 1.008168750657176815e-01
3.084997475928156763e-01 1.008140531688724029e-01
3.096007080898180996e-01 1.008112463084628319e-01
3.107036289848207899e-01 1.008084543833832475e-01
3.118085102778234696e-01 1.008056772934324691e-01
3.129153519688261942e-01 1.008029149392883350e-01
3.140241540578289636e-01 1.008001672225119077e-01
3.151349165448318335e-01 1.007974340455333462e-01
3.162476394298346927e-01 1.007947153116364597e-01
3.173623227128376523e-01 1.007920109249665630e-01
3.184789663938406568e-01 1.007893207905004584e-01
3.195975704728435396e-01 1.007866448140581211e-01
3.207181349498466338e-01 1.007839829022784267e-01
3.218406598248497730e-01 1.007813349626220240e-01
3.229651450978529570e-01 1.007787009033533632e-01
3.240915907688562414e-01 1.007760806335446235e-01
3.252199968378595152e-01 1.007734740630518711e-01
3.263503633048628338e-01 1.007708811025224832e-01
3.274826901698662529e-01 1.007683016633788564e-01
3.286169774328696613e-01 1.007657356578087471e-01
3.297532250938730591e-01 1.007631829987683525e-01
3.308914331528765573e-01 1.007606435999579553e-01
3.320316016098801559e-01 1.007581173758341636e-01
3.331737304648837994e-01 1.007556042415835157e-01
3.343178197178874878e-01 1.007531041131302790e-01
3.354638693688912210e-01 1.007506169071180208e-01
3.366118794178950546e-01 1.007481425409121195e-01
3.377618498648988776e-01 1.007456809325827374e-01
3.389137807099027455e-01 1.007432320009069709e-01
3.400676719529066028e-01 1.007407956653568609e-01
3.412235235939105604e-01 1.007383718460911071e-01
3.423813356329146185e-01 1.007359604639564143e-01
3.435411080699187214e-01 1.007335614404685914e-01
3.447028409049228137e-01 1.007311746978191425e-01
3.458665341379270064e-01 1.007288001588568793e-01
3.470321877689312440e-01 1.007264377470906969e-01
3.481998017979355819e-01 1.007240873866778880e-01
3.493693762249399093e-01 1.007217490024183842e-01
3.505409110499441705e-01 1.007194225197533821e-01
3.517144062729485876e-01 1.007171078647500356e-01
3.528898618939531051e-01 1.007148049641059112e-01
3.540672779129576120e-01 1.007125137451342772e-01
3.552466543299622193e-01 1.007102341357631603e-01
3.564279911449668714e-01 1.007079660645299052e-01
3.576112883579715684e-01 1.007057094605697672e-01
3.587965459689763104e-01 1.007034642536169256e-01
3.599837639779809306e-01 1.007012303739951015e-01
3.611729423849858178e-01 1.006990077526136312e-01
3.623640811899906944e-01 1.006967963209592365e-01
3.635571803929956158e-01 1.006945960110940119e-01
3.647522399940006377e-01 1.006924067556490415e-01
3.659492599930056489e-01 1.006902284878159609e-01
3.671482403900107605e-01 1.006880611413472765e-01
3.683491811850159170e-01 1.006859046505463456e-01
3.695520823780210629e-01 1.006837589502641850e-01
3.707569439690261981e-01 1.006816239758949183e-01
3.719637659580314892e-01 1.006794996633685185e-01
3.731725483450368253e-01 1.006773859491492673e-01
3.743832911300422062e-01 1.006752827702274977e-01
3.755959943130476320e-01 1.006731900641166799e-01
3.768106578940531581e-01 1.006711077688480227e-01
3.780272818730586737e-01 1.006690358229653248e-01
3.792458662500642896e-01 1.006669741655204231e-01
3.804664110250698950e-01 1.006649227360715132e-01
3.816889161980754896e-01 1.006628814746711592e-01
3.829133817690812402e-01 1.006608503218700407e-01
3.841398077380869802e-01 1.006588292187082651e-01
3.853681941050928206e-01 1.006568181067103163e-01
3.865985408700987613e-01 1.006548169278829313e-01
3.878308480331046915e-01 1.006528256247084946e-01
3.890651155941106665e-01 1.006508441401435527e-01
3.903013435531166864e-01 1.006488724176114596e-01
3.915395319101228067e-01 1.006469104010003085e-01
3.927796806651288053e-01 1.006449580346577971e-01
3.940217898181350153e-01 1.006430152633877168e-01
3.952658593691412148e-01 1.006410820324449423e-01
3.965118893181475146e-01 1.006391582875339058e-01
3.977598796651538593e-01 1.006372439747987707e-01
3.990098304101602489e-01 1.006353390408285392e-01
4.002617415531666833e-01 1.006334434326444927e-01
4.015156130941732182e-01 1.006315570977001084e-01
4.027714450331797424e-01 1.006296799838797829e-01
4.040292373701862005e-01 1.006278120394890757e-01
4.052889901051928145e-01 1.006259532132571521e-01
4.065507032381995289e-01 1.006241034543274016e-01
4.078143767692062882e-01 1.006222627122590058e-01
4.090800106982130369e-01 1.006204309370196948e-01
4.103476050252198859e-01 1.006186080789839010e-01
4.116171597502267798e-01 1.006167940889284573e-01
4.128886748732337186e-01 1.006149889180295437e-01
4.141621503942407023e-01 1.006131925178593844e-01
4.154375863132476199e-01 1.006114048403814326e-01
4.167149826302546933e-01 1.006096258379506059e-01
4.179943393452618672e-01 1.006078554633039329e-01
4.192756564582690304e-01 1.006060936695641062e-01
4.205589339692762940e-01 1.006043404102303224e-01
4.218441718782836025e-01 1.006025956391798509e-01
4.231313701852909004e-01 1.006008593106605536e-01
4.244205288902982987e-01 1.005991313792912040e-01
4.257116479933056308e-01 1.005974118000557554e-01
4.270047274943131188e-01 1.005957005283027589e-01
4.282997673933206517e-01 1.005939975197394087e-01
4.295967676903282295e-01 1.005923027304311962e-01
4.308957283853359077e-01 1.005906161167972879e-01
4.321966494783435753e-01 1.005889376356085690e-01
4.334995309693513432e-01 1.005872672439825921e-01
4.348043728583591006e-01 1.005856048993840762e-01
4.361111751453669583e-01 1.005839505596188566e-01
4.374199378303746943e-01 1.005823041828338982e-01
4.387306609133826418e-01 1.005806657275110511e-01
4.400433443943906342e-01 1.005790351524675497e-01
4.413579882733986715e-01 1.005774124168511696e-01
4.426745925504067536e-01 1.005757974801390342e-01
4.439931572254149361e-01 1.005741903021330069e-01
4.453136822984231080e-01 1.005725908429586091e-01
4.466361677694313248e-01 1.005709990630627021e-01
4.479606136384396420e-01 1.005694149232083667e-01
4.492870199054478375e-01 1.005678383844755691e-01
4.506153865704562445e-01 1.005662694082561232e-01
4.519457136334646408e-01 1.005647079562524138e-01
4.532780010944731375e-01 1.005631539904744270e-01
4.546122489534816791e-01 1.005616074732374465e-01
4.559484572104903211e-01 1.005600683671600409e-01
4.572866258654989524e-01 1.005585366351599841e-01
4.586267549185076287e-01 1.005570122404537137e-01
4.599688443695163498e-01 1.005554951465542357e-01
4.613128942185250048e-01 1.005539853172656845e-01
4.626589044655338712e-01 1.005524827166846547e-01
4.640068751105427269e-01 1.005509873091961492e-01
4.653568061535516831e-01 1.005494990594708316e-01
4.667086975945606842e-01 1.005480179324639151e-01
4.680625494335697301e-01 1.005465438934133593e-01
4.694183616705788209e-01 1.005450769078344159e-01
4.707761343055879566e-01 1.005436169415218489e-01
4.721358673385971372e-01 1.005421639605452028e-01
4.734975607696062516e-01 1.005407179312467342e-01
4.748612145986155220e-01 1.005392788202398441e-01
4.762268288256248927e-01 1.005378465944074401e-01
4.775944034506342528e-01 1.005364212208981339e-01
4.789639384736437133e-01 1.005350026671268243e-01
4.803354338946532187e-01 1.005335909007695067e-01
4.817088897136627690e-01 1.005321858897646192e-01
4.830843059306723641e-01 1.005307876023079222e-01
4.844616825456818376e-01 1.005293960068526643e-01
4.858410195586915226e-01 1.005280110721074593e-01
4.872223169697012524e-01 1.005266327670319565e-01
4.886055747787110826e-01 1.005252610608391578e-01
4.899907929857209021e-01 1.005238959229898255e-01
4.913779715907308221e-01 1.005225373231918296e-01
4.927671105937407314e-01 1.005211852313991072e-01
4.941582099947507412e-01 1.005198396178091091e-01
4.955512697937607958e-01 1.005185004528601073e-01
4.969462899907707287e-01 1.005171677072311948e-01
4.983432705857808731e-01 1.005158413518395522e-01
4.997422115787910624e-01 1.005145213578386293e-01
5.011431129698012965e-01 1.005132076966169380e-01
5.025459747588115755e-01 1.005119003397945965e-01
5.039507969458218994e-01 1.005105992592245368e-01
5.053575795308323793e-01 1.005093044269886188e-01
5.067663225138427929e-01 1.005080158153966591e-01
5.081770258948532515e-01 1.005067333969843768e-01
5.095896896738636439e-01 1.005054571445124084e-01
5.110043138508743032e-01 1.005041870309647256e-01
5.124208984258848965e-01 1.005029230295458043e-01
5.138394433988955345e-01 1.005016651136811517e-01
5.152599487699063285e-01 1.005004132570128522e-01
5.166824145389171674e-01 1.004991674334009960e-01
5.181068407059279401e-01 1.004979276169206542e-01
5.195332272709388688e-01 1.004966937818597278e-01
5.209615742339498423e-01 1.004954659027196273e-01
5.223918815949606387e-01 1.004942439542099580e-01
5.238241493539717020e-01 1.004930279112528912e-01
5.252583775109828101e-01 1.004918177489751291e-01
5.266945660659939632e-01 1.004906134427116238e-01
5.281327150190051611e-01 1.004894149680012339e-01
5.295728243700164040e-01 1.004882223005862940e-01
5.310148941190276917e-01 1.004870354164116297e-01
5.324589242660390243e-01 1.004858542916219344e-01
5.339049148110504017e-01 1.004846789025620746e-01
5.353528657540617131e-01 1.004835092257739398e-01
5.368027770950731803e-01 1.004823452379962345e-01
5.382546488340846924e-01 1.004811869161639365e-01
5.397084809710962494e-01 1.004800342374038286e-01
5.411642735061079623e-01 1.004788871790372323e-01
5.426220264391196091e-01 1.004777457185753731e-01
5.440817397701314118e-01 1.004766098337211006e-01
5.455434134991431483e-01 1.004754795023644898e-01
5.470070476261550407e-01 1.004743547025839095e-01
5.484726421511667560e-01 1.004732354126440241e-01
5.499401970741787382e-01 1.004721216109947385e-01
5.514097123951906543e-01 1.004710132762692276e-01
5.528811881142027262e-01 1.004699103872840615e-01
5.543546242312148431e-01 1.004688129230370680e-01
5.558300207462270048e-01 1.004677208627060003e-01
5.573073776592392115e-01 1.004666341856482459e-01
5.587866949702514630e-01 1.004655528713992857e-01
5.602679726792635373e-01 1.004644768996712095e-01
5.617512107862758786e-01 1.004634062503518832e-01
5.632364092912882647e-01 1.004623409035042408e-01
5.647235681943006957e-01 1.004612808393640644e-01
5.662126874953131717e-01 1.004602260383402751e-01
5.677037671943258035e-01 1.004591764810136290e-01
5.691968072913383692e-01 1.004581321481334277e-01
5.706918077863509797e-01 1.004570930206203500e-01
5.721887686793637462e-01 1.004560590795619546e-01
5.736876899703762245e-01 1.004550303062138744e-01
5.751885716593890807e-01 1.004540066819972349e-01
5.766914137464018708e-01 1.004529881884988901e-01
5.781962162314148168e-01 1.004519748074693686e-01
5.797029791144278077e-01 1.004509665208235120e-01
5.812117023954407324e-01 1.004499633106377271e-01
5.827223860744538131e-01 1.004489651591483762e-01
5.842350301514669386e-01 1.004479720487553712e-01
5.857496346264799980e-01 1.004469839620143051e-01
5.872661994994931023e-01 1.004460008816427524e-01
5.887847247705062514e-01 1.004450227905126919e-01
5.903052104395195565e-01 1.004440496716552944e-01
5.918276565065329065e-01 1.004430815082559825e-01
5.933520629715463013e-01 1.004421182836551102e-01
5.948784298345597410e-01 1.004411599813479633e-01
5.964067570955732256e-01 1.004402065849818865e-01
5.979370447545868661e-01 1.004392580783567412e-01
5.994692928116004405e-01 1.004383144454242399e-01
6.010035012666138377e-01 1.004373756702861553e-01
6.025396701196276128e-01 1.004364417371943624e-01
6.040777993706413218e-01 1.004355126305489093e-01
6.056178890196550757e-01 1.004345883348989055e-01
6.071599390666689855e-01 1.004336688349401624e-01
6.087039495116828292e-01 1.004327541155149439e-01
6.102499203546968287e-01 1.004318441616113833e-01
6.117978515957107621e-01 1.004309389583630946e-01
6.133477432347248515e-01 1.004300384910461891e-01
6.148995952717387636e-01 1.004291427450823976e-01
6.164534077067529427e-01 1.004282517060347268e-01
6.180091805397671667e-01 1.004273653596081534e-01
6.195669137707813245e-01 1.004264836916494708e-01
6.211266073997956383e-01 1.004256066881454718e-01
6.226882614268099969e-01 1.004247343352232258e-01
6.242518758518244004e-01 1.004238666191478446e-01
6.258174506748388488e-01 1.004230035263239951e-01
6.273849858958533421e-01 1.004221450432936369e-01
6.289544815148676582e-01 1.004212911567352456e-01
6.305259375318823523e-01 1.004204418534648535e-01
6.320993539468969802e-01 1.004195971204324550e-01
6.336747307599116530e-01 1.004187569447249073e-01
6.352520679709263707e-01 1.004179213135617116e-01
6.368313655799411332e-01 1.004170902142979965e-01
6.384126235869560517e-01 1.004162636344207438e-01
6.399958419919709041e-01 1.004154415615492180e-01
6.415810207949856903e-01 1.004146239834361326e-01
6.431681599960007434e-01 1.004138108879640140e-01
6.447572595950157304e-01 1.004130022631469638e-01
6.463483195920308733e-01 1.004121980971286743e-01
6.479413399870459500e-01 1.004113983781831781e-01
6.495363207800611827e-01 1.004106030947125305e-01
6.511332619710764602e-01 1.004098122352475170e-01
6.527321635600916716e-01 1.004090257884483334e-01
6.543330255471070389e-01 1.004082437430998814e-01
6.559358479321222291e-01 1.004074660881158348e-01
6.575406307151376861e-01 1.004066928125348090e-01
6.591473738961531881e-01 1.004059239055234837e-01
6.607560774751687349e-01 1.004051593563703854e-01
6.623667414521843266e-01 1.004043991544921466e-01
6.639793658271999632e-01 1.004036432894271913e-01
6.655939506002157557e-01 1.004028917508387880e-01
6.672104957712314821e-01 1.004021445285134678e-01
6.688290013402472534e-01 1.004014016123609132e-01
6.704494673072629585e-01 1.004006629924119043e-01
6.720718936722788195e-01 1.003999286588203171e-01
6.736962804352947254e-01 1.003991986018607369e-01
6.753226275963107872e-01 1.003984728119298592e-01
6.769509351553267829e-01 1.003977512795424104e-01
6.785812031123429344e-01 1.003970339953371566e-01
6.802134314673590199e-01 1.003963209500685350e-01
6.818476202203752612e-01 1.003956121346126773e-01
6.834837693713914364e-01 1.003949075399642038e-01
6.851218789204075454e-01 1.003942071572358763e-01
6.867619488674239214e-01 1.003935109776582235e-01
6.884039792124403423e-01 1.003928189925809428e-01
6.900479699554568080e-01 1.003921311934689309e-01
6.916939210964733187e-01 1.003914475719060451e-01
6.933418326354898742e-01 1.003907681195914114e-01
6.949917045725064746e-01 1.003900928283409516e-01
6.966435369075231199e-01 1.003894216900864111e-01
6.982973296405398100e-01 1.003887546968749295e-01
6.999530827715563230e-01 1.003880918408691647e-01
7.016107963005731030e-01 1.003874331143459336e-01
7.032704702275899278e-01 1.003867785096987514e-01
7.049321045526069085e-01 1.003861280194319472e-01
7.065956992756238231e-01 1.003854816361665903e-01
7.082612543966407825e-01 1.003848393526369509e-01
7.099287699156578979e-01 1.003842011616891267e-01
7.115982458326749471e-01 1.003835670562842897e-01
7.132696821476921523e-01 1.003829370294953283e-01
7.149430788607090692e-01 1.003823110745078878e-01
7.166184359717263641e-01 1.003816891846199405e-01
7.182957534807437039e-01 1.003810713532409943e-01
7.199750313877609775e-01 1.003804575738937860e-01
7.216562696927784071e-01 1.003798478402105621e-01
7.233394683957958815e-01 1.003792421459364093e-01
7.250246274968132898e-01 1.003786404849271868e-01
7.267117469958308540e-01 1.003780428511488743e-01
7.284008268928482410e-01 1.003774492386790007e-01
7.300918671878658950e-01 1.003768596417052433e-01
7.317848678808835938e-01 1.003762740545253440e-01
7.334798289719013376e-01 1.003756924715473592e-01
7.351767504609192372e-01 1.003751148872887161e-01
7.368756323479370707e-01 1.003745412963774619e-01
7.385764746329549491e-01 1.003739716935503901e-01
7.402792773159728723e-01 1.003734060736536648e-01
7.419840403969908404e-01 1.003728444316435292e-01
7.436907638760087425e-01 1.003722867625841259e-01
7.453994477530268004e-01 1.003717330616491071e-01
7.471100920280450142e-01 1.003711833241211632e-01
7.488226967010631618e-01 1.003706375453913557e-01
7.505372617720814654e-01 1.003700957209590211e-01
7.522537872410997029e-01 1.003695578464323807e-01
7.539722731081180962e-01 1.003690239175281801e-01
7.556927193731364234e-01 1.003684939300708290e-01
7.574151260361549065e-01 1.003679678799929281e-01
7.591394930971732125e-01 1.003674457633357830e-01
7.608658205561917853e-01 1.003669275762478774e-01
7.625941084132104031e-01 1.003664133149863996e-01
7.643243566682289547e-01 1.003659029759160354e-01
7.660565653212476622e-01 1.003653965555088290e-01
7.677907343722664146e-01 1.003648940503457099e-01
7.695268638212852119e-01 1.003643954571142721e-01
7.712649536683040541e-01 1.003639007726104954e-01
7.730050039133229411e-01 1.003634099937375512e-01
7.747470145563417621e-01 1.003629231175069830e-01
7.764909855973607389e-01 1.003624401410371514e-01
7.782369170363797606e-01 1.003619610615548580e-01
7.799848088733989382e-01 1.003614858763937495e-01
7.817346611084180497e-01 1.003610145829964828e-01
7.834864737414372060e-01 1.003605471789116022e-01
7.852402467724565183e-01 1.003600836617973419e-01
7.869959802014757644e-01 1.003596240294180736e-01
7.887536740284951664e-01 1.003591682796471096e-01
7.905133282535142802e-01 1.003587164104656898e-01
7.922749428765337720e-01 1.003582684199615521e-01
7.940385178975533087e-01 1.003578243063324715e-01
7.958040533165727792e-01 1.003573840678828738e-01
7.975715491335924057e-01 1.003569477030260976e-01
7.993410053486120770e-01 1.003565152102841862e-01
8.011124219616317932e-01 1.003560865882857367e-01
8.028857989726515543e-01 1.003556618357699243e-01
8.046611363816711382e-01 1.003552409515838240e-01
8.064384341886909890e-01 1.003548239346826743e-01
8.082176923937108848e-01 1.003544107841320004e-01
8.099989109967308254e-01 1.003540014991046447e-01
8.117820899977508109e-01 1.003535960788835418e-01
8.135672293967708413e-01 1.003531945228620520e-01
8.153543291937909165e-01 1.003527968305410606e-01
8.171433893888111477e-01 1.003524030015319757e-01
8.189344099818313127e-01 1.003520130355566725e-01
8.207273909728513006e-01 1.003516269324469523e-01
8.225223323618716664e-01 1.003512446921444451e-01
8.243192341488919661e-01 1.003508663147009705e-01
8.261180963339124217e-01 1.003504918002807306e-01
8.279189189169328111e-01 1.003501211491573814e-01
8.297217018979533565e-01 1.003497543617160592e-01
8.315264452769738357e-01 1.003493914384540886e-01
8.333331490539944708e-01 1.003490323799797052e-01
8.351418132290151508e-01 1.003486771870138877e-01
8.369524378020356536e-01 1.003483258603891926e-01
8.387650227730564234e-01 1.003479784010515852e-01
8.405795681420771270e-01 1.003476348100595106e-01
8.423960739090979866e-01 1.003472950885837128e-01
8.442145400741188910e-01 1.003469592379103020e-01
8.460349666371398403e-01 1.003466272594380621e-01
8.478573535981608345e-01 1.003462991546795330e-01
8.496817009571818735e-01 1.003459749252631900e-01
8.515080087142030685e-01 1.003456545729312227e-01
8.533362768692239753e-01 1.003453380995417282e-01
8.551665054222451490e-01 1.003450255070680308e-01
8.569986943732663676e-01 1.003447167975998339e-01
8.588328437222877421e-01 1.003444119733427620e-01
8.606689534693090504e-01 1.003441110366199845e-01
8.625070236143304037e-01 1.003438139898717718e-01
8.643470541573519128e-01 1.003435208356556751e-01
8.661890450983733558e-01 1.003432315766474292e-01
8.680329964373949547e-01 1.003429462156422841e-01
8.698789081744163765e-01 1.003426647555534790e-01
8.717267803094379541e-01 1.003423871994139627e-01
8.735766128424596877e-01 1.003421135503774764e-01
8.754284057734814661e-01 1.003418438117176098e-01
8.772821591025032895e-01 1.003415779868292862e-01
8.791378728295250466e-01 1.003413160792287900e-01
8.809955469545469597e-01 1.003410580925549606e-01
8.828551814775689177e-01 1.003408040305685117e-01
8.847167763985909206e-01 1.003405538971542943e-01
8.865803317176127463e-01 1.003403076963210738e-01
8.884458474346348389e-01 1.003400654322001845e-01
8.903133235496569764e-01 1.003398271090504695e-01
8.921827600626792698e-01 1.003395927312544095e-01
8.940541569737014971e-01 1.003393623033222853e-01
8.959275142827237692e-01 1.003391358298896252e-01
8.978028319897460863e-01 1.003389133157202573e-01
8.996801100947685592e-01 1.003386947657072814e-01
9.015593485977907440e-01 1.003384801848705016e-01
9.034405474988133067e-01 1.003382695783605200e-01
9.053237067978358033e-01 1.003380629514587646e-01
9.072088264948584557e-01 1.003378603095760602e-01
9.090959065898810421e-01 1.003376616582561526e-01
9.109849470829037843e-01 1.003374670031749460e-01
9.128759479739264604e-01 1.003372763501414605e-01
9.147689092629492924e-01 1.003370897050988864e-01
9.166638309499721693e-01 1.003369070741245567e-01
9.185607130349948690e-01 1.003367284634328060e-01
9.204595555180178357e-01 1.003365538793728196e-01
9.223603583990407362e-01 1.003363833284320605e-01
9.242631216780637926e-01 1.003362168172357710e-01
9.261678453550868939e-01 1.003360543525482762e-01
9.280745294301100401e-01 1.003358959412738172e-01
9.299831739031333422e-01 1.003357415904571615e-01
9.318937787741565781e-01 1.003355913072851713e-01
9.338063440431798590e-01 1.003354450990866092e-01
9.357208697102029626e-01 1.003353029733351498e-01
9.376373557752263332e-01 1.003351649376479915e-01
9.395558022382498597e-01 1.003350309997877166e-01
9.414762090992733201e-01 1.003349011676642200e-01
9.433985763582968254e-01 1.003347754493350980e-01
9.453229040153204865e-01 1.003346538530053983e-01
9.472491920703440815e-01 1.003345363870312146e-01
9.491774405233678324e-01 1.003344230599187009e-01
9.511076493743915172e-01 1.003343138803257373e-01
9.530398186234151359e-01 1.003342088570639001e-01
9.549739482704390214e-01 1.003341079990981016e-01
9.569100383154629519e-01 1.003340113155493235e-01
9.588480887584868162e-01 1.003339188156944506e-01
9.607880995995108364e-01 1.003338305089682414e-01
9.627300708385349015e-01 1.003337464049639527e-01
9.646740024755590115e-01 1.003336665134362815e-01
9.666198945105831664e-01 1.003335908442996444e-01
9.685677469436073661e-01 1.003335194076316883e-01
9.705175597746313887e-01 1.003334522136755252e-01
9.724693330036556782e-01 1.003333892728369148e-01
9.744230666306800126e-01 1.003333305956902177e-01
9.763787606557043919e-01 1.003332761929777717e-01
9.783364150787289271e-01 1.003332260756102934e-01
9.802960298997533961e-01 1.003331802546701262e-01
9.822576051187779100e-01 1.003331387414116427e-01
9.842211407358025799e-01 1.003331015472640197e-01
9.861866367508271836e-01 1.003330686838296848e-01
9.881540931638517211e-01 1.003330401628896029e-01
9.901235099748764146e-01 1.003330159964022222e-01
9.920948871839012639e-01 1.003329961965064021e-01
9.940682247909260472e-01 1.003329807755223430e-01
9.960435227959509863e-01 1.003329697459530989e-01
9.980207811989759703e-01 1.003329631204869649e-01
1.000000000000000666e+00 1.003329609119982396e-01
