0.000000000000000000e+00 7.647973083157473262e-01
2.078119897502626434e-05 7.642147563895764772e-01
4.352279595010249372e-05 7.635772493953716378e-01
6.822479092522875592e-05 7.628847872878056213e-01
9.488718390040502381e-05 7.621373700637363857e-01
1.235099748756312839e-04 7.613349977422826376e-01
1.540931638509075632e-04 7.604776703477386102e-01
1.866367508262337669e-04 7.595653878999359954e-01
2.211407358016100034e-04 7.585981504129230002e-01
2.576051187770363269e-04 7.575759578970105990e-01
2.960298997525126832e-04 7.564988103625492899e-01
3.364150787280388555e-04 7.553667078219775677e-01
3.787606557036150606e-04 7.541796502902408106e-01
4.230666306792412444e-04 7.529376377842779133e-01
4.693330036549174067e-04 7.516406703221324426e-01
5.175597746306437102e-04 7.502887479224232825e-01
5.677469436064200466e-04 7.488818706043655071e-01
6.198945105822462531e-04 7.474200383878032428e-01
6.740024755581224382e-04 7.459032512936089043e-01
7.300708385340486020e-04 7.443315093436639884e-01
7.880995995100251780e-04 7.427048125609367890e-01
8.480887584860512989e-04 7.410231609695482335e-01
9.100383154621275068e-04 7.392865545945994654e-01
9.739482704382536934e-04 7.374949934623352688e-01
1.039818623414429750e-03 7.356484776000513648e-01
1.107649374390655894e-03 7.337470070362046570e-01
1.177440523366932558e-03 7.317905818004123430e-01
1.249192070343258659e-03 7.297792019234898842e-01
1.322904015319634847e-03 7.277128674374985229e-01
1.398576358296060905e-03 7.255915783757288517e-01
1.476209099272537051e-03 7.234153347727885208e-01
1.555802238249063716e-03 7.211841366645760365e-01
1.637355775225640036e-03 7.188979840883629180e-01
1.720869710202266008e-03 7.165568770827885903e-01
1.806344043178942285e-03 7.141608156879232228e-01
1.893778774155669082e-03 7.117097999452851598e-01
1.983173903132445098e-03 7.092038298978752264e-01
2.074529430109271419e-03 7.066429055902407885e-01
2.167845355086147393e-03 7.040270270684707565e-01
2.263121678063073454e-03 7.013561943802625320e-01
2.360358399040050469e-03 6.986304075749549813e-01
2.459555518017076271e-03 6.958496667035721783e-01
2.560713034994152593e-03 6.930139718188442766e-01
2.663830949971278568e-03 6.901233229752848919e-01
2.768909262948454630e-03 6.871777202291876607e-01
2.875947973925680780e-03 6.841771636387089517e-01
2.984947082902957450e-03 6.811216532639021715e-01
3.095906589880283773e-03 6.780111891667351953e-01
3.208826494857659750e-03 6.748457714111756323e-01
3.323706797835085814e-03 6.716254000632215782e-01
3.440547498812561965e-03 6.683500751909224880e-01
3.559348597790088636e-03 6.650197968644795399e-01
3.680110094767664961e-03 6.616345651562486330e-01
3.802831989745290939e-03 6.581943801408113304e-01
3.927514282722965704e-03 6.546992418950210446e-01
4.054156973700691856e-03 6.511491504980568834e-01
4.182760062678468095e-03 6.475441060314741648e-01
4.313323549656295289e-03 6.438841085792461616e-01
4.445847434634171702e-03 6.401691582278397075e-01
4.580331717612097335e-03 6.363992550662530556e-01
4.716776398590073922e-03 6.325743991860800497e-01
4.855181477568099729e-03 6.286945906815877283e-01
4.995546954546175623e-03 6.247598296496753578e-01
5.137872829524301604e-03 6.207701161898721010e-01
5.282159102502477672e-03 6.167254504052306352e-01
5.428405773480703828e-03 6.126258324018435397e-01
5.576612842458980070e-03 6.084712622809643756e-01
5.726780309437305531e-03 6.042617401761715135e-01
5.878908174415681948e-03 5.999972661564434429e-01
6.032996437394107583e-03 5.956778404092638590e-01
6.189045098372585908e-03 5.913034629696560796e-01
6.347054157351111718e-03 5.868741340474996626e-01
6.507023614329687615e-03 5.823898536989073893e-01
6.668953469308313599e-03 5.778506221034378498e-01
6.832843722286989670e-03 5.732564393677674897e-01
6.998694373265715828e-03 5.686073056418743388e-01
7.166505422244492073e-03 5.639032210629033592e-01
7.336276869223317537e-03 5.591441857766091816e-01
7.508008714202193956e-03 5.543301999316486706e-01
7.681700957181119595e-03 5.494612636803981598e-01
7.857353598160098790e-03 5.445373771791872652e-01
8.034966637139125470e-03 5.395585405882793451e-01
8.214540074118200502e-03 5.345247540719491042e-01
8.396073909097327356e-03 5.294360177985657501e-01
8.579568142076502563e-03 5.242923319406580518e-01
8.765022773055727856e-03 5.190936966750047121e-01
8.952437802035004971e-03 5.138401121827028684e-01
9.141813229014330439e-03 5.085315786492345946e-01
9.333149053993705993e-03 5.031680962645728172e-01
9.526445276973131635e-03 4.977496652232306640e-01
9.721701897952607363e-03 4.922762857243603296e-01
9.918918916932136648e-03 4.867479579718286264e-01
1.011809633391171255e-02 4.811646821742951441e-01
1.031923414889133854e-02 4.755264585452992354e-01
1.052233236187101462e-02 4.698332873033430057e-01
1.072739097285074078e-02 4.640851686719695834e-01
1.093440998183051703e-02 4.582821028798549357e-01
1.114338938881034163e-02 4.524240901608913012e-01
1.135432919379021806e-02 4.465111307542716790e-01
1.156722939677014457e-02 4.405432249045780346e-01
1.178208999775011943e-02 4.345203728618713401e-01
1.199891099673014612e-02 4.284425748817790036e-01
1.221769239371022463e-02 4.223098312255816889e-01
1.243843418869035149e-02 4.161221421603116255e-01
1.266113638167052670e-02 4.098795079588333223e-01
1.288579897265075200e-02 4.035819288999474841e-01
1.311242196163102738e-02 3.972294052684739452e-01
1.334100534861135459e-02 3.908219373553500353e-01
1.357154913359173015e-02 3.843595254577263365e-01
1.380405331657215580e-02 3.778421698790611072e-01
1.403851789755263153e-02 3.712698709292122090e-01
1.427494287653315735e-02 3.646426289245424113e-01
1.451332825351373326e-02 3.579604441880102073e-01
1.475367402849436273e-02 3.512233170492721213e-01
1.499598020147503881e-02 3.444312478447821846e-01
1.524024677245576498e-02 3.375842369178891911e-01
1.548647374143653950e-02 3.306822846189422238e-01
1.573466110841736931e-02 3.237253913053905197e-01
1.598480887339824227e-02 3.167135573418852212e-01
1.623691703637917053e-02 3.096467831003826277e-01
1.649098559736014366e-02 3.025250689602536625e-01
1.674701455634117209e-02 2.953484153083912322e-01
1.700500391332224540e-02 2.881168225392999327e-01
1.726495366830337400e-02 2.808302910551601084e-01
1.752686382128455442e-02 2.734888212661130691e-01
1.779073437226577625e-02 2.660924135905709531e-01
1.805656532124705685e-02 2.586410684534344862e-01
1.832435666822837886e-02 2.511347862875948356e-01
1.859410841320975616e-02 2.435735675530715794e-01
1.886582055619118528e-02 2.359574126385355630e-01
1.913949309717265929e-02 2.282863221469182413e-01
1.941512603615418858e-02 2.205602962987547599e-01
1.969271937313575929e-02 2.127793359067478574e-01
1.997227310811738876e-02 2.049434410898580972e-01
2.025378724109906312e-02 1.970526126656503563e-01
2.053726177208079276e-02 1.891068509101981043e-01
2.082269670106256382e-02 1.811061564609466046e-01
2.111009202804439364e-02 1.730505297902652784e-01
2.139944775302626487e-02 1.649399714418077756e-01
2.169076387600819486e-02 1.567744819575642434e-01
2.198404039699017321e-02 1.485540941081574251e-01
2.227927731597219643e-02 1.402936411032598418e-01
2.257647463295427495e-02 1.323838489853122746e-01
2.287563234793639835e-02 1.261334480754991438e-01
2.317675046091857705e-02 1.220205127868511513e-01
2.347982897190080062e-02 1.193451425656917031e-01
2.378486788088307949e-02 1.174907130537458794e-01
2.409186718786539977e-02 1.161206708167845658e-01
2.440082689284778228e-02 1.150564346372943691e-01
2.471174699583020273e-02 1.141976672964608586e-01
2.502462749681268195e-02 1.134841889961063083e-01
2.533946839579521298e-02 1.128777572596272871e-01
2.565626969277778543e-02 1.123528624019553696e-01
2.597503138776041318e-02 1.118917879029464879e-01
2.629575348074308580e-02 1.114818080812329665e-01
2.661843597172581372e-02 1.111135189615191643e-01
2.694307886070858651e-02 1.107798013503031309e-01
2.726968214769141807e-02 1.104751528542681771e-01
2.759824583267428758e-02 1.101952438476756085e-01
2.792876991565721931e-02 1.099366138362810746e-01
2.826125439664019939e-02 1.096964571208751682e-01
2.859569927562322089e-02 1.094724622131841713e-01
2.893210455260630115e-02 1.092627337439411733e-01
2.927047022758941935e-02 1.090656630161320195e-01
2.961079630057259979e-02 1.088798969449081694e-01
2.995308277155582163e-02 1.087042831950555954e-01
3.029732964053910224e-02 1.085378321923751027e-01
3.064353690752242426e-02 1.083796884182881004e-01
3.099170457250580504e-02 1.082291078050934413e-01
3.134183263548922377e-02 1.080854396089683811e-01
3.169392109647270472e-02 1.079481117374749971e-01
3.204796995545623056e-02 1.078166187894505496e-01
3.240397921243980128e-02 1.076905122352559974e-01
3.276194886742343076e-02 1.075693922949153558e-01
3.312187892040710513e-02 1.074529012066783445e-01
3.348376937139083825e-02 1.073407177982421551e-01
3.384762022037460932e-02 1.072325537617812019e-01
3.421343146735843915e-02 1.071281456532617721e-01
3.458120311234230693e-02 1.070272571618416796e-01
3.495093515532624040e-02 1.069296725643365253e-01
3.532262759631021182e-02 1.068351950261991479e-01
3.569628043529424199e-02 1.067436446223391094e-01
3.607189367227831706e-02 1.066548564922719655e-01
3.644946730726244394e-02 1.065686792233248442e-01
3.682900134024662264e-02 1.064849734456198016e-01
3.721049577123083929e-02 1.064036105589811487e-01
3.759395060021512164e-02 1.063244713826351634e-01
3.797936582719944193e-02 1.062474462771295092e-01
3.836674145218382098e-02 1.061724328513171667e-01
3.875607747516824492e-02 1.060993361465152190e-01
3.914737389615272761e-02 1.060280677880713340e-01
3.954063071513724825e-02 1.059585453572044061e-01
3.993584793212182765e-02 1.058906918657488844e-01
4.033302554710645887e-02 1.058244353165178342e-01
4.073216356009112804e-02 1.057597084289938344e-01
4.113326197107585597e-02 1.056964477511486561e-01
4.153632078006062878e-02 1.056345940156569602e-01
4.194133998704546035e-02 1.055740914036329553e-01
4.234831959203032986e-02 1.055148873610414484e-01
4.275725959501525814e-02 1.054569323598098518e-01
4.316815999600023129e-02 1.054001796104993699e-01
4.358102079498526321e-02 1.053445850646607396e-01
4.399584199197033307e-02 1.052901069503399678e-01
4.441262358695546170e-02 1.052367057671671352e-01
4.483136557994064214e-02 1.051843440941841873e-01
4.525206797092586747e-02 1.051329864453683233e-01
4.567473075991114462e-02 1.050825991857505387e-01
4.609935394689646665e-02 1.050331502555768709e-01
4.652593753188184744e-02 1.049846092647655355e-01
4.695448151486726618e-02 1.049369472689791055e-01
4.738498589585275061e-02 1.048901366987664702e-01
4.781745067483826606e-02 1.048441512486799759e-01
4.825187585182384720e-02 1.047989658917936467e-01
4.868826142680946628e-02 1.047545566847637027e-01
4.912660739979515107e-02 1.047109007697053229e-01
4.956691377078088073e-02 1.046679762985339851e-01
5.000918053976664834e-02 1.046257623990719671e-01
5.045340770675248165e-02 1.045842390352394180e-01
5.089959527173835291e-02 1.045433870663921017e-01
5.134774323472428292e-02 1.045031881336003082e-01
5.179785159571025088e-02 1.044636246126373624e-01
5.224992035469628454e-02 1.044246796253173598e-01
5.270394951168235614e-02 1.043863369386949236e-01
5.315993906666848651e-02 1.043485809662886843e-01
5.361788901965465481e-02 1.043113967400704917e-01
5.407779937064088882e-02 1.042747698404887513e-01
5.453967011962716771e-02 1.042386864137890695e-01
5.500350126661349148e-02 1.042031331173658149e-01
5.546929281159986708e-02 1.041680970880448226e-01
5.593704475458628755e-02 1.041335659514419920e-01
5.640675709557277373e-02 1.040995277588879220e-01
5.687842983455929091e-02 1.040659709898245633e-01
5.735206297154587379e-02 1.040328845393638513e-01
5.782765650653248768e-02 1.040002576642054671e-01
5.830521043951917420e-02 1.039680800069679306e-01
5.878472477050590561e-02 1.039363415473596314e-01
5.926619949949267496e-02 1.039050326099916072e-01
5.974963462647950307e-02 1.038741438282709262e-01
6.023503015146637607e-02 1.038436661428230323e-01
6.072238607445330782e-02 1.038135907951494297e-01
6.121170239544027752e-02 1.037839092892314380e-01
6.170297911442730598e-02 1.037546134102839829e-01
6.219621623141437933e-02 1.037256951885277001e-01
6.269141374640151143e-02 1.036971469091058778e-01
6.318857165938866760e-02 1.036689610828357561e-01
6.368768997037589641e-02 1.036411304526528854e-01
6.418876867936318398e-02 1.036136479706130376e-01
6.469180778635051643e-02 1.035865068024364177e-01
6.519680729133789376e-02 1.035597003117674358e-01
6.570376719432530210e-02 1.035332220453784036e-01
6.621268749531278308e-02 1.035070657475309630e-01
6.672356819430030894e-02 1.034812253266927246e-01
6.723640929128789356e-02 1.034556948716626734e-01
6.775121078627552307e-02 1.034304686241190596e-01
6.826797267926318358e-02 1.034055409929509201e-01
6.878669497025091673e-02 1.033809065297158492e-01
6.930737765923869476e-02 1.033565599410507657e-01
6.983002074622653155e-02 1.033324960657745484e-01
7.035462423121441322e-02 1.033087098860568376e-01
7.088118811420231202e-02 1.032851965068869587e-01
7.140971239519029734e-02 1.032619511668653733e-01
7.194019707417832754e-02 1.032389692192153402e-01
7.247264215116641650e-02 1.032162461420741417e-01
7.300704762615452259e-02 1.031937775200315183e-01
7.354341349914270132e-02 1.031715590539523109e-01
7.408173977013092493e-02 1.031495865436262704e-01
7.462202643911922118e-02 1.031278558978426102e-01
7.516427350610754843e-02 1.031063631178318063e-01
7.570848097109590669e-02 1.030851043074403062e-01
7.625464883408433758e-02 1.030640756565112531e-01
7.680277709507281336e-02 1.030432734509842962e-01
7.735286575406134790e-02 1.030226940566850991e-01
7.790491481104989957e-02 1.030023339299718926e-01
7.845892426603853775e-02 1.029821896017981409e-01
7.901489411902722082e-02 1.029622576890451696e-01
7.957282437001594877e-02 1.029425348805531326e-01
8.013271501900470772e-02 1.029230179390408229e-01
8.069456606599353932e-02 1.029037037015032990e-01
8.125837751098241579e-02 1.028845890719102263e-01
8.182414935397135103e-02 1.028656710243854439e-01
8.239188159496033115e-02 1.028469465959570145e-01
8.296157423394934227e-02 1.028284128899967231e-01
8.353322727093842603e-02 1.028100670687542295e-01
8.410684070592755468e-02 1.027919063573070196e-01
8.468241453891674209e-02 1.027739280360245172e-01
8.525994876990593274e-02 1.027561294450285295e-01
8.583944339889522379e-02 1.027385079763149661e-01
8.642089842588455972e-02 1.027210610785656425e-01
8.700431385087394054e-02 1.027037862490001591e-01
8.758968967386336624e-02 1.026866810387729728e-01
8.817702589485282294e-02 1.026697430446926879e-01
8.876632251384235228e-02 1.026529699151143976e-01
8.935757953083194038e-02 1.026363593412466663e-01
8.995079694582157337e-02 1.026199090633836686e-01
9.054597475881122348e-02 1.026036168618900679e-01
9.114311296980096011e-02 1.025874805640135112e-01
9.174221157879074162e-02 1.025714980346183192e-01
9.234327058578056802e-02 1.025556671835774480e-01
9.294628999077042542e-02 1.025399859578056821e-01
9.355126979376035545e-02 1.025244523428243959e-01
9.415820999475034425e-02 1.025090643633878307e-01
9.476711059374037793e-02 1.024938200792304133e-01
9.537797159073045650e-02 1.024787175876074458e-01
9.599079298572055219e-02 1.024637550189560903e-01
9.660557477871074827e-02 1.024489305395927807e-01
9.722231696970097536e-02 1.024342423471556879e-01
9.784101955869126122e-02 1.024196886736080669e-01
9.846168254568156419e-02 1.024052677805926265e-01
9.908430593067193981e-02 1.023909779626732963e-01
9.970888971366237419e-02 1.023768175425196214e-01
1.003354338946528534e-01 1.023627848743155072e-01
1.009639384736433915e-01 1.023488783388044610e-01
1.015944034506339466e-01 1.023350963469698838e-01
1.022268288256245744e-01 1.023214373350087303e-01
1.028612145986152610e-01 1.023078997681931557e-01
1.034975607696059924e-01 1.022944821356966821e-01
1.041358673385967409e-01 1.022811829545688111e-01
1.047761343055875760e-01 1.022680007644867356e-01
1.054183616705784560e-01 1.022549341319255317e-01
1.060625494335693947e-01 1.022419816448929125e-01
1.067086975945603783e-01 1.022291419171963839e-01
1.073568061535513790e-01 1.022164135830951476e-01
1.080068751105424663e-01 1.022037953016029371e-01
1.086589044655335984e-01 1.021912857511460826e-01
1.093128942185247754e-01 1.021788836339757173e-01
1.099688443695159834e-01 1.021665876708703763e-01
1.106267549185072641e-01 1.021543966055551145e-01
1.112866258654986035e-01 1.021423091993974436e-01
1.119484572104899878e-01 1.021303242357896185e-01
1.126122489534813753e-01 1.021184405149274249e-01
1.132780010944728633e-01 1.021066568582100209e-01
1.139457136334643961e-01 1.020949721031327445e-01
1.146153865704559877e-01 1.020833851076029253e-01
1.152870199054476102e-01 1.020718947449083397e-01
1.159606136384392638e-01 1.020604999079212649e-01
1.166361677694310039e-01 1.020491995042315803e-01
1.173136822984227889e-01 1.020379924602721755e-01
1.179931572254146188e-01 1.020268777166305485e-01
1.186745925504064658e-01 1.020158542320165757e-01
1.193579882733983993e-01 1.020049209787183414e-01
1.200433443943903777e-01 1.019940769464033337e-01
1.207306609133824149e-01 1.019833211377928622e-01
1.214199378303744969e-01 1.019726525723157473e-01
1.221111751453665961e-01 1.019620702820082936e-01
1.228043728583587818e-01 1.019515733149473913e-01
1.234995309693510124e-01 1.019411607313601004e-01
1.241966494783433017e-01 1.019308316068495007e-01
1.248957283853355943e-01 1.019205850287478732e-01
1.255967676903279873e-01 1.019104200991559628e-01
1.262997673933204390e-01 1.019003359315455298e-01
1.270047274943129079e-01 1.018903316535443720e-01
1.277116479933054216e-01 1.018804064037893142e-01
1.284205288902980080e-01 1.018705593344720883e-01
1.291313701852906393e-01 1.018607896084620240e-01
1.298441718782833154e-01 1.018510964016319520e-01
1.305589339692760642e-01 1.018414789002320825e-01
1.312756564582688024e-01 1.018319363029721453e-01
1.319943393452616409e-01 1.018224678186386983e-01
1.327149826302545244e-01 1.018130726679463277e-01
1.334375863132474527e-01 1.018037500814111124e-01
1.341621503942403981e-01 1.017944993009870791e-01
1.348886748732334440e-01 1.017853195781697612e-01
1.356171597502265069e-01 1.017762101754145915e-01
1.363476050252196425e-01 1.017671703644667386e-01
1.370800106982128508e-01 1.017581994275711804e-01
1.378143767692060206e-01 1.017492966559899459e-01
1.385507032381993187e-01 1.017404613509713951e-01
1.392889901051926616e-01 1.017316928231058876e-01
1.400292373701860493e-01 1.017229903914526751e-01
1.407714450331794265e-01 1.017143533852585824e-01
1.415156130941729040e-01 1.017057811414198015e-01
1.422617415531664542e-01 1.016972730066351693e-01
1.430098304101600493e-01 1.016888283351828071e-01
1.437598796651536337e-01 1.016804464906896632e-01
1.445118893181473185e-01 1.016721268442346421e-01
1.452658593691410482e-01 1.016638687758124049e-01
1.460217898181348506e-01 1.016556716727394921e-01
1.467796806651286701e-01 1.016475349308509218e-01
1.475395319101225067e-01 1.016394579531526426e-01
1.483013435531164437e-01 1.016314401507134590e-01
1.490651155941104256e-01 1.016234809420954455e-01
1.498308480331044801e-01 1.016155797526963334e-01
1.505985408700985240e-01 1.016077360161092846e-01
1.513681941050926405e-01 1.015999491721117504e-01
1.521398077380868297e-01 1.015922186683655415e-01
1.529133817690810637e-01 1.015845439587132193e-01
1.536889161980753704e-01 1.015769245044852720e-01
1.544664110250696387e-01 1.015693597731222586e-01
1.552458662500640352e-01 1.015618492392094951e-01
1.560272818730584765e-01 1.015543923834424378e-01
1.568106578940529627e-01 1.015469886929464827e-01
1.575959943130474383e-01 1.015396376615988333e-01
1.583832911300420421e-01 1.015323387887139550e-01
1.591725483450366629e-01 1.015250915805164522e-01
1.599637659580313565e-01 1.015178955485547818e-01
1.607569439690260948e-01 1.015107502108964638e-01
1.615520823780208504e-01 1.015036550909225316e-01
1.623491811850156785e-01 1.014966097182104787e-01
1.631482403900105516e-01 1.014896136276083327e-01
1.639492599930054972e-01 1.014826663598117212e-01
1.647522399940004323e-01 1.014757674609859245e-01
1.655571803929954677e-01 1.014689164824024437e-01
1.663640811899905481e-01 1.014621129811766470e-01
1.671729423849857010e-01 1.014553565191409490e-01
1.679837639779808434e-01 1.014486466637541801e-01
1.687965459689760583e-01 1.014419829871928552e-01
1.696112883579713460e-01 1.014353650669206353e-01
1.704279911449667062e-01 1.014287924853176787e-01
1.712466543299620836e-01 1.014222648293779810e-01
1.720672779129574781e-01 1.014157816913561772e-01
1.728898618939529452e-01 1.014093426677739468e-01
1.737144062729484850e-01 1.014029473602157810e-01
1.745409110499440697e-01 1.013965953745471216e-01
1.753693762249396715e-01 1.013902863213873573e-01
1.761998017979353459e-01 1.013840198158044575e-01
1.770321877689310930e-01 1.013777954770504891e-01
1.778665341379268849e-01 1.013716129291014484e-01
1.787028409049227218e-01 1.013654717998953431e-01
1.795411080699185480e-01 1.013593717216512008e-01
1.803813356329145023e-01 1.013533123310239314e-01
1.812235235939104738e-01 1.013472932682970978e-01
1.820676719529065180e-01 1.013413141783005011e-01
1.829137807099025514e-01 1.013353747094400403e-01
1.837618498648986853e-01 1.013294745143921149e-01
1.846118794178948919e-01 1.013236132494912539e-01
1.854638693688911155e-01 1.013177905749424040e-01
1.863178197178873563e-01 1.013120061549154377e-01
1.871737304648836975e-01 1.013062596569766632e-01
1.880316016098800835e-01 1.013005507526517079e-01
1.888914331528765145e-01 1.012948791170298207e-01
1.897532250938729903e-01 1.012892444285680982e-01
1.906169774328694833e-01 1.012836463696312750e-01
1.914826901698660766e-01 1.012780846256667033e-01
1.923503633048627148e-01 1.012725588858862935e-01
1.932199968378593979e-01 1.012670688426367122e-01
1.940915907688560982e-01 1.012616141917733609e-01
1.949651450978528711e-01 1.012561946324191109e-01
1.958406598248497166e-01 1.012508098668250117e-01
1.967181349498466070e-01 1.012454596006774482e-01
1.975975704728435423e-01 1.012401435426386193e-01
1.984789663938404669e-01 1.012348614045480016e-01
1.993623227128375197e-01 1.012296129014600421e-01
2.002476394298345896e-01 1.012243977512410631e-01
2.011349165448317322e-01 1.012192156749699701e-01
2.020241540578288642e-01 1.012140663966408088e-01
2.029153519688260965e-01 1.012089496430405716e-01
2.038085102778234015e-01 1.012038651440976406e-01
2.047036289848207236e-01 1.011988126323766779e-01
2.056007080898180628e-01 1.011937918433203909e-01
2.064997475928155024e-01 1.011888025152848647e-01
2.074007474938129869e-01 1.011838443891262124e-01
2.083037077928105441e-01 1.011789172086285937e-01
2.092086284898081183e-01 1.011740207201906744e-01
2.101155095848057097e-01 1.011691546727282176e-01
2.110243510778034015e-01 1.011643188180040426e-01
2.119351529688011382e-01 1.011595129101470897e-01
2.128479152577989197e-01 1.011547367058944491e-01
2.137626379447967184e-01 1.011499899646096934e-01
2.146793210297945897e-01 1.011452724479178084e-01
2.155979645127925337e-01 1.011405839200879009e-01
2.165185683937905226e-01 1.011359241477501059e-01
2.174411326727885563e-01 1.011312928998198413e-01
2.183656573497865794e-01 1.011266899477727549e-01
2.192921424247847306e-01 1.011221150652375361e-01
2.202205878977829268e-01 1.011175680282015016e-01
2.211509937687811678e-01 1.011130486150150359e-01
2.220833600377793982e-01 1.011085566061004637e-01
2.230176867047777289e-01 1.011040917842535025e-01
2.239539737697761046e-01 1.010996539344117262e-01
2.248922212327745529e-01 1.010952428436038553e-01
2.258324290937730461e-01 1.010908583011435463e-01
2.267745973527715286e-01 1.010865000983255657e-01
2.277187260097701116e-01 1.010821680285789725e-01
2.286648150647687394e-01 1.010778618874513951e-01
2.296128645177674399e-01 1.010735814724106479e-01
2.305628743687661297e-01 1.010693265830429760e-01
2.315148446177649200e-01 1.010650970208906707e-01
2.324687752647637551e-01 1.010608925894121018e-01
2.334246663097626351e-01 1.010567130941013858e-01
2.343825177527615322e-01 1.010525583422866858e-01
2.353423295937605020e-01 1.010484281432501574e-01
2.363041018327595444e-01 1.010443223080884356e-01
2.372678344697586317e-01 1.010402406498523004e-01
2.382335275047577638e-01 1.010361829832816388e-01
2.392011809377569131e-01 1.010321491250502218e-01
2.401707947687561351e-01 1.010281388935725250e-01
2.411423689977554297e-01 1.010241521089818711e-01
2.421159036247547691e-01 1.010201885932639210e-01
2.430913986497540979e-01 1.010162481700306869e-01
2.440688540727535549e-01 1.010123306646414504e-01
2.450482698937530290e-01 1.010084359041724250e-01
2.460296461127525758e-01 1.010045637172938687e-01
2.470129827297521674e-01 1.010007139343960941e-01
2.479982797447517484e-01 1.009968863874460415e-01
2.489855371577514298e-01 1.009930809100722110e-01
2.499747549687511561e-01 1.009892973374164199e-01
2.509659331777509550e-01 1.009855355062993232e-01
2.519590717847506878e-01 1.009817952550036979e-01
2.529541707897505765e-01 1.009780764233903505e-01
2.539512301927505100e-01 1.009743788528673775e-01
2.549502499937504885e-01 1.009707023862810998e-01
2.559512301927505673e-01 1.009670468680297778e-01
2.569541707897506355e-01 1.009634121439339088e-01
2.579590717847507486e-01 1.009597980613140128e-01
2.589659331777509621e-01 1.009562044688596533e-01
2.599747549687512205e-01 1.009526312167707413e-01
2.609855371577514682e-01 1.009490781565736128e-01
2.619982797447518164e-01 1.009455451412199917e-01
2.630129827297520984e-01 1.009420320250526554e-01
2.640296461127525363e-01 1.009385386637260268e-01
2.650482698937530190e-01 1.009350649142870954e-01
2.660688540727535467e-01 1.009316106350773012e-01
2.670913986497541748e-01 1.009281756857848961e-01
2.681159036247547922e-01 1.009247599273536272e-01
2.691423689977554545e-01 1.009213632220713336e-01
2.701707947687562172e-01 1.009179854334426168e-01
2.712011809377570248e-01 1.009146264262731074e-01
2.722335275047577108e-01 1.009112860665743877e-01
2.732678344697586081e-01 1.009079642216396677e-01
2.743041018327595504e-01 1.009046607599166090e-01
2.753423295937605375e-01 1.009013755511181110e-01
2.763825177527615695e-01 1.008981084661017130e-01
2.774246663097627019e-01 1.008948593769457142e-01
2.784687752647638237e-01 1.008916281568422030e-01
2.795148446177649904e-01 1.008884146802004195e-01
2.805628743687662574e-01 1.008852188225117796e-01
2.816128645177674028e-01 1.008820404604419269e-01
2.826648150647687596e-01 1.008788794717336845e-01
2.837187260097701613e-01 1.008757357352858958e-01
2.847745973527716079e-01 1.008726091310278850e-01
2.858324290937730994e-01 1.008694995400317013e-01
2.868922212327746357e-01 1.008664068443932693e-01
2.879539737697762170e-01 1.008633309273079259e-01
2.890176867047778431e-01 1.008602716729699311e-01
2.900833600377795141e-01 1.008572289666711114e-01
2.911509937687811744e-01 1.008542026946724346e-01
2.922205878977829352e-01 1.008511927442934664e-01
2.932921424247847964e-01 1.008481990038237325e-01
2.943656573497866469e-01 1.008452213625890409e-01
2.954411326727885978e-01 1.008422597108477037e-01
2.965185683937905936e-01 1.008393139398811866e-01
2.975979645127926343e-01 1.008363839418998514e-01
2.986793210297947199e-01 1.008334696100946642e-01
2.997626379447967393e-01 1.008305708385680982e-01
3.008479152577989146e-01 1.008276875223995117e-01
3.019351529688011904e-01 1.008248195575516398e-01
3.030243510778034555e-01 1.008219668409346265e-01
3.041155095848058210e-01 1.008191292703384256e-01
3.052086284898081758e-01 1.008163067444795141e-01
3.063037077928106311e-01 1.008134991629263399e-01
3.074007474938131312e-01 1.008107064261619390e-01
3.084997475928156763e-01 1.008079284355100913e-01
3.096007080898180996e-01 1.008051650931781340e-01
3.107036289848207899e-01 1.008024163022030739e-01
3.118085102778234696e-01 1.007996819664921107e-01
3.129153519688261942e-01 1.007969619907612552e-01
3.140241540578289636e-01 1.007942562805727443e-01
3.151349165448318335e-01 1.007915647423005545e-01
3.162476394298346927e-01 1.007888872831199795e-01
3.173623227128376523e-01 1.007862238110339981e-01
3.184789663938406568e-01 1.007835742348047459e-01
3.195975704728435396e-01 1.007809384640139111e-01
3.207181349498466338e-01 1.007783164089983557e-01
3.218406598248497730e-01 1.007757079808828948e-01
3.229651450978529570e-01 1.007731130915376361e-01
3.240915907688562414e-01 1.007705316536098156e-01
3.252199968378595152e-01 1.007679635804744067e-01
3.263503633048628338e-01 1.007654087862621256e-01
3.274826901698662529e-01 1.007628671858327302e-01
3.286169774328696613e-01 1.007603386947644591e-01
3.297532250938730591e-01 1.007578232293763476e-01
3.308914331528765573e-01 1.007553207066699125e-01
3.320316016098801559e-01 1.007528310443828873e-01
3.331737304648837994e-01 1.007503541609260506e-01
3.343178197178874878e-01 1.007478899754237767e-01
3.354638693688912210e-01 1.007454384076646864e-01
3.366118794178950546e-01 1.007429993781372990e-01
3.377618498648988776e-01 1.007405728079830004e-01
3.389137807099027455e-01 1.007381586190223416e-01
3.400676719529066028e-01 1.007357567337316823e-01
3.412235235939105604e-01 1.007333670752321580e-01
3.423813356329146185e-01 1.007309895673089567e-01
3.435411080699187214e-01 1.007286241343663957e-01
3.447028409049228137e-01 1.007262707014639075e-01
3.458665341379270064e-01 1.007239291942745724e-01
3.470321877689312440e-01 1.007215995390991770e-01
3.481998017979355819e-01 1.007192816628602189e-01
3.493693762249399093e-01 1.007169754930780370e-01
3.505409110499441705e-01 1.007146809578949170e-01
3.517144062729485876e-01 1.007123979860365948e-01
3.528898618939531051e-01 1.007101265068331558e-01
3.540672779129576120e-01 1.007078664501997733e-01
3.552466543299622193e-01 1.007056177466294222e-01
3.564279911449668714e-01 1.007033803272047723e-01
3.576112883579715684e-01 1.007011541235630081e-01
3.587965459689763104e-01 1.006989390679246116e-01
3.599837639779809306e-01 1.006967350930604022e-01
3.611729423849858178e-01 1.006945421323009182e-01
3.623640811899906944e-01 1.006923601195311158e-01
3.635571803929956158e-01 1.006901889891724244e-01
3.647522399940006377e-01 1.006880286761996646e-01
3.659492599930056489e-01 1.006858791161122230e-01
3.671482403900107605e-01 1.006837402449479862e-01
3.683491811850159170e-01 1.006816119992678532e-01
3.695520823780210629e-01 1.006794943161525568e-01
3.707569439690261981e-01 1.006773871332055231e-01
3.719637659580314892e-01 1.006752903885334144e-01
3.731725483450368253e-01 1.006732040207582307e-01
3.743832911300422062e-01 1.006711279689996158e-01
3.755959943130476320e-01 1.006690621728775908e-01
3.768106578940531581e-01 1.006670065725026458e-01
3.780272818730586737e-01 1.006649611084821094e-01
3.792458662500642896e-01 1.006629257218955853e-01
3.804664110250698950e-01 1.006609003543177533e-01
3.816889161980754896e-01 1.006588849477871028e-01
3.829133817690812402e-01 1.006568794448205878e-01
3.841398077380869802e-01 1.006548837884027464e-01
3.853681941050928206e-01 1.006528979219766390e-01
3.865985408700987613e-01 1.006509217894528685e-01
3.878308480331046915e-01 1.006489553351879035e-01
3.890651155941106665e-01 1.006469985039990800e-01
3.903013435531166864e-01 1.006450512411431603e-01
3.915395319101228067e-01 1.006431134923248122e-01
3.927796806651288053e-01 1.006411852036862148e-01
3.940217898181350153e-01 1.006392663218085709e-01
3.952658593691412148e-01 1.006373567936972580e-01
3.965118893181475146e-01 1.006354565667967743e-01
3.977598796651538593e-01 1.006335655889653152e-01
3.990098304101602489e-01 1.006316838084882898e-01
4.002617415531666833e-01 1.006298111740662748e-01
4.015156130941732182e-01 1.006279476348120594e-01
4.027714450331797424e-01 1.006260931402512410e-01
4.040292373701862005e-01 1.006242476403111930e-01
4.052889901051928145e-01 1.006224110853271431e-01
4.065507032381995289e-01 1.006205834260291143e-01
4.078143767692062882e-01 1.006187646135467129e-01
4.090800106982130369e-01 1.006169545993988862e-01
4.103476050252198859e-01 1.006151533354970595e-01
4.116171597502267798e-01 1.006133607741339780e-01
4.128886748732337186e-01 1.006115768679910344e-01
4.141621503942407023e-01 1.006098015701228504e-01
4.154375863132476199e-01 1.006080348339639247e-01
4.167149826302546933e-01 1.006062766133209302e-01
4.179943393452618672e-01 1.006045268623690925e-01
4.192756564582690304e-01 1.006027855356528833e-01
4.205589339692762940e-01 1.006010525880762368e-01
4.218441718782836025e-01 1.005993279749095304e-01
4.231313701852909004e-01 1.005976116517736246e-01
4.244205288902982987e-01 1.005959035746504804e-01
4.257116479933056308e-01 1.005942036998698774e-01
4.270047274943131188e-01 1.005925119841105664e-01
4.282997673933206517e-01 1.005908283843982426e-01
4.295967676903282295e-01 1.005891528581014382e-01
4.308957283853359077e-01 1.005874853629282473e-01
4.321966494783435753e-01 1.005858258569245767e-01
4.334995309693513432e-01 1.005841742984693032e-01
4.348043728583591006e-01 1.005825306462758695e-01
4.361111751453669583e-01 1.005808948593841234e-01
4.374199378303746943e-01 1.005792668971626225e-01
4.387306609133826418e-01 1.005776467193013612e-01
4.400433443943906342e-01 1.005760342858143808e-01
4.413579882733986715e-01 1.005744295570308033e-01
4.426745925504067536e-01 1.005728324935979551e-01
4.439931572254149361e-01 1.005712430564768972e-01
4.453136822984231080e-01 1.005696612069375412e-01
4.466361677694313248e-01 1.005680869065601057e-01
4.479606136384396420e-01 1.005665201172295103e-01
4.492870199054478375e-01 1.005649608011352364e-01
4.506153865704562445e-01 1.005634089207659287e-01
4.519457136334646408e-01 1.005618644389121297e-01
4.532780010944731375e-01 1.005603273186568419e-01
4.546122489534816791e-01 1.005587975233796644e-01
4.559484572104903211e-01 1.005572750167508800e-01
4.572866258654989524e-01 1.005557597627302624e-01
4.586267549185076287e-01 1.005542517255648555e-01
4.599688443695163498e-01 1.005527508697853650e-01
4.613128942185250048e-01 1.005512571602076854e-01
4.626589044655338712e-01 1.005497705619237264e-01
4.640068751105427269e-01 1.005482910403088931e-01
4.653568061535516831e-01 1.005468185610098319e-01
4.667086975945606842e-01 1.005453530899511061e-01
4.680625494335697301e-01 1.005438945933250228e-01
4.694183616705788209e-01 1.005424430375971290e-01
4.707761343055879566e-01 1.005409983894991061e-01
4.721358673385971372e-01 1.005395606160272154e-01
4.734975607696062516e-01 1.005381296844432282e-01
4.748612145986155220e-01 1.005367055622688466e-01
4.762268288256248927e-01 1.005352882172862727e-01
4.775944034506342528e-01 1.005338776175348503e-01
4.789639384736437133e-01 1.005324737313091910e-01
4.803354338946532187e-01 1.005310765271581058e-01
4.817088897136627690e-01 1.005296859738831206e-01
4.830843059306723641e-01 1.005283020405320638e-01
4.844616825456818376e-01 1.005269246964064916e-01
4.858410195586915226e-01 1.005255539110482405e-01
4.872223169697012524e-01 1.005241896542478502e-01
4.886055747787110826e-01 1.005228318960353084e-01
4.899907929857209021e-01 1.005214806066841021e-01
4.913779715907308221e-01 1.005201357567043624e-01
4.927671105937407314e-01 1.005187973168440024e-01
4.941582099947507412e-01 1.005174652580879402e-01
4.955512697937607958e-01 1.005161395516519091e-01
4.969462899907707287e-01 1.005148201689869125e-01
4.983432705857808731e-01 1.005135070817710363e-01
4.997422115787910624e-01 1.005122002619136951e-01
5.011431129698012965e-01 1.005108996815501227e-01
5.025459747588115755e-01 1.005096053130407757e-01
5.039507969458218994e-01 1.005083171289698346e-01
5.053575795308323793e-01 1.005070351021444264e-01
5.067663225138427929e-01 1.005057592055912385e-01
5.081770258948532515e-01 1.005044894125566995e-01
5.095896896738636439e-01 1.005032256965038145e-01
5.110043138508743032e-01 1.005019680311126512e-01
5.124208984258848965e-01 1.005007163902762596e-01
5.138394433988955345e-01 1.004994707481015742e-01
5.152599487699063285e-01 1.004982310789061251e-01
5.166824145389171674e-01 1.004969973572182318e-01
5.181068407059279401e-01 1.004957695577738536e-01
5.195332272709388688e-01 1.004945476555159367e-01
5.209615742339498423e-01 1.004933316255936931e-01
5.223918815949606387e-01 1.004921214433589505e-01
5.238241493539717020e-01 1.004909170843685251e-01
5.252583775109828101e-01 1.004897185243778107e-01
5.266945660659939632e-01 1.004885257393444975e-01
5.281327150190051611e-01 1.004873387054231737e-01
5.295728243700164040e-01 1.004861573989675183e-01
5.310148941190276917e-01 1.004849817965247361e-01
5.324589242660390243e-01 1.004838118748380416e-01
5.339049148110504017e-01 1.004826476108441891e-01
5.353528657540617131e-01 1.004814889816709605e-01
5.368027770950731803e-01 1.004803359646379846e-01
5.382546488340846924e-01 1.004791885372520316e-01
5.397084809710962494e-01 1.004780466772114966e-01
5.411642735061079623e-01 1.004769103623986970e-01
5.426220264391196091e-01 1.004757795708827450e-01
5.440817397701314118e-01 1.004746542809180770e-01
5.455434134991431483e-01 1.004735344709408729e-01
5.470070476261550407e-01 1.004724201195703326e-01
5.484726421511667560e-01 1.004713112056065116e-01
5.499401970741787382e-01 1.004702077080288497e-01
5.514097123951906543e-01 1.004691096059960598e-01
5.528811881142027262e-01 1.004680168788434080e-01
5.543546242312148431e-01 1.004669295060833939e-01
5.558300207462270048e-01 1.004658474674032242e-01
5.573073776592392115e-01 1.004647707426637310e-01
5.587866949702514630e-01 1.004636993119001342e-01
5.602679726792635373e-01 1.004626331553179347e-01
5.617512107862758786e-01 1.004615722532954808e-01
5.632364092912882647e-01 1.004605165863786120e-01
5.647235681943006957e-01 1.004594661352836565e-01
5.662126874953131717e-01 1.004584208808941143e-01
5.677037671943258035e-01 1.004573808042599214e-01
5.691968072913383692e-01 1.004563458865967429e-01
5.706918077863509797e-01 1.004553161092857777e-01
5.721887686793637462e-01 1.004542914538703313e-01
5.736876899703762245e-01 1.004532719020579390e-01
5.751885716593890807e-01 1.004522574357171738e-01
5.766914137464018708e-01 1.004512480368766059e-01
5.781962162314148168e-01 1.004502436877261901e-01
5.797029791144278077e-01 1.004492443706137134e-01
5.812117023954407324e-01 1.004482500680453499e-01
5.827223860744538131e-01 1.004472607626836489e-01
5.842350301514669386e-01 1.004462764373480754e-01
5.857496346264799980e-01 1.004452970750127627e-01
5.872661994994931023e-01 1.004443226588061649e-01
5.887847247705062514e-01 1.004433531720109740e-01
5.903052104395195565e-01 1.004423885980607889e-01
5.918276565065329065e-01 1.004414289205431549e-01
5.933520629715463013e-01 1.004404741231941650e-01
5.948784298345597410e-01 1.004395241899017910e-01
5.964067570955732256e-01 1.004385791047018583e-01
5.979370447545868661e-01 1.004376388517795732e-01
5.994692928116004405e-01 1.004367034154670657e-01
6.010035012666138377e-01 1.004357727802433486e-01
6.025396701196276128e-01 1.004348469307329295e-01
6.040777993706413218e-01 1.004339258517067124e-01
6.056178890196550757e-01 1.004330095280791951e-01
6.071599390666689855e-01 1.004320979449079138e-01
6.087039495116828292e-01 1.004311910873943725e-01
6.102499203546968287e-01 1.004302889408814348e-01
6.117978515957107621e-01 1.004293914908537255e-01
6.133477432347248515e-01 1.004284987229365211e-01
6.148995952717387636e-01 1.004276106228947918e-01
6.164534077067529427e-01 1.004267271766324798e-01
6.180091805397671667e-01 1.004258483701929855e-01
6.195669137707813245e-01 1.004249741897561554e-01
6.211266073997956383e-01 1.004241046216403505e-01
6.226882614268099969e-01 1.004232396522994342e-01
6.242518758518244004e-01 1.004223792683227728e-01
6.258174506748388488e-01 1.004215234564360959e-01
6.273849858958533421e-01 1.004206722034988730e-01
6.289544815148676582e-01 1.004198254965033149e-01
6.305259375318823523e-01 1.004189833225770379e-01
6.320993539468969802e-01 1.004181456689784147e-01
6.336747307599116530e-01 1.004173125230979208e-01
6.352520679709263707e-01 1.004164838724584674e-01
6.368313655799411332e-01 1.004156597047120431e-01
6.384126235869560517e-01 1.004148400076425723e-01
6.399958419919709041e-01 1.004140247691613502e-01
6.415810207949856903e-01 1.004132139773105947e-01
6.431681599960007434e-01 1.004124076202592974e-01
6.447572595950157304e-01 1.004116056863057077e-01
6.463483195920308733e-01 1.004108081638737798e-01
6.479413399870459500e-01 1.004100150415155740e-01
6.495363207800611827e-01 1.004092263079076619e-01
6.511332619710764602e-01 1.004084419518542493e-01
6.527321635600916716e-01 1.004076619622826932e-01
6.543330255471070389e-01 1.004068863282460283e-01
6.559358479321222291e-01 1.004061150389212176e-01
6.575406307151376861e-01 1.004053480836080148e-01
6.591473738961531881e-01 1.004045854517301301e-01
6.607560774751687349e-01 1.004038271328332316e-01
6.623667414521843266e-01 1.004030731165855284e-01
6.639793658271999632e-01 1.004023233927765768e-01
6.655939506002157557e-01 1.004015779513165174e-01
6.672104957712314821e-01 1.004008367822371711e-01
6.688290013402472534e-01 1.004000998756896801e-01
6.704494673072629585e-01 1.003993672219460204e-01
6.720718936722788195e-01 1.003986388113960737e-01
6.736962804352947254e-01 1.003979146345494872e-01
6.753226275963107872e-01 1.003971946820345629e-01
6.769509351553267829e-01 1.003964789445971201e-01
6.785812031123429344e-01 1.003957674131011335e-01
6.802134314673590199e-01 1.003950600785270819e-01
6.818476202203752612e-01 1.003943569319731693e-01
6.834837693713914364e-01 1.003936579646532712e-01
6.851218789204075454e-01 1.003929631678985301e-01
6.867619488674239214e-01 1.003922725331540394e-01
6.884039792124403423e-01 1.003915860519816461e-01
6.900479699554568080e-01 1.003909037160580220e-01
6.916939210964733187e-01 1.003902255171736785e-01
6.933418326354898742e-01 1.003895514472343820e-01
6.949917045725064746e-01 1.003888814982590028e-01
6.966435369075231199e-01 1.003882156623808475e-01
6.982973296405398100e-01 1.003875539318456328e-01
6.999530827715563230e-01 1.003868962990130398e-01
7.016107963005731030e-01 1.003862427563546877e-01
7.032704702275899278e-01 1.003855932964550224e-01
7.049321045526069085e-01 1.003849479120095811e-01
7.065956992756238231e-01 1.003843065958273939e-01
7.082612543966407825e-01 1.003836693408275832e-01
7.099287699156578979e-01 1.003830361400407933e-01
7.115982458326749471e-01 1.003824069866095237e-01
7.132696821476921523e-01 1.003817818737849782e-01
7.149430788607090692e-01 1.003811607949312290e-01
7.166184359717263641e-01 1.003805437435211084e-01
7.182957534807437039e-01 1.003799307131373192e-01
7.199750313877609775e-01 1.003793216974726288e-01
7.216562696927784071e-01 1.003787166903299111e-01
7.233394683957958815e-01 1.003781156856204115e-01
7.250246274968132898e-01 1.003775186773643996e-01
7.267117469958308540e-01 1.003769256596921816e-01
7.284008268928482410e-01 1.003763366268408813e-01
7.300918671878658950e-01 1.003757515731578676e-01
7.317848678808835938e-01 1.003751704930977012e-01
7.334798289719013376e-01 1.003745933812237312e-01
7.351767504609192372e-01 1.003740202322067343e-01
7.368756323479370707e-01 1.003734510408252206e-01
7.385764746329549491e-01 1.003728858019657666e-01
7.402792773159728723e-01 1.003723245106220852e-01
7.419840403969908404e-01 1.003717671618954976e-01
7.436907638760087425e-01 1.003712137509939067e-01
7.453994477530268004e-01 1.003706642732332260e-01
7.471100920280450142e-01 1.003701187240351872e-01
7.488226967010631618e-01 1.003695770989295744e-01
7.505372617720814654e-01 1.003690393935514069e-01
7.522537872410997029e-01 1.003685056036444923e-01
7.539722731081180962e-01 1.003679757250563187e-01
7.556927193731364234e-01 1.003674497537431765e-01
7.574151260361549065e-01 1.003669276857667575e-01
7.591394930971732125e-01 1.003664095172950160e-01
7.608658205561917853e-01 1.003658952446022795e-01
7.625941084132104031e-01 1.003653848640690543e-01
7.643243566682289547e-01 1.003648783721819981e-01
7.660565653212476622e-01 1.003643757655336005e-01
7.677907343722664146e-01 1.003638770408225578e-01
7.695268638212852119e-01 1.003633821948535509e-01
7.712649536683040541e-01 1.003628912245375371e-01
7.730050039133229411e-01 1.003624041268911943e-01
7.747470145563417621e-01 1.003619208990362000e-01
7.764909855973607389e-01 1.003614415382025060e-01
7.782369170363797606e-01 1.003609660417239813e-01
7.799848088733989382e-01 1.003604944070411731e-01
7.817346611084180497e-01 1.003600266317007939e-01
7.834864737414372060e-01 1.003595627133554019e-01
7.852402467724565183e-01 1.003591026497640537e-01
7.869959802014757644e-01 1.003586464387912491e-01
7.887536740284951664e-01 1.003581940784080417e-01
7.905133282535142802e-01 1.003577455666923440e-01
7.922749428765337720e-01 1.003573009018270540e-01
7.940385178975533087e-01 1.003568600821025947e-01
7.958040533165727792e-01 1.003564231059156653e-01
7.975715491335924057e-01 1.003559899717685333e-01
7.993410053486120770e-01 1.003555606782725179e-01
8.011124219616317932e-01 1.003551352241425082e-01
8.028857989726515543e-01 1.003547136082037772e-01
8.046611363816711382e-01 1.003542958293855702e-01
8.064384341886909890e-01 1.003538818867259208e-01
8.082176923937108848e-01 1.003534717793702624e-01
8.099989109967308254e-01 1.003530655065708044e-01
8.117820899977508109e-01 1.003526630676876558e-01
8.135672293967708413e-01 1.003522644621892557e-01
8.153543291937909165e-01 1.003518696896506107e-01
8.171433893888111477e-01 1.003514787497568755e-01
8.189344099818313127e-01 1.003510916422992727e-01
8.207273909728513006e-01 1.003507083671799360e-01
8.225223323618716664e-01 1.003503289244079000e-01
8.243192341488919661e-01 1.003499533141022360e-01
8.261180963339124217e-01 1.003495815364903038e-01
8.279189189169328111e-01 1.003492135919101663e-01
8.297217018979533565e-01 1.003488494808083276e-01
8.315264452769738357e-01 1.003484892037421611e-01
8.333331490539944708e-01 1.003481327613790358e-01
8.351418132290151508e-01 1.003477801544958165e-01
8.369524378020356536e-01 1.003474313839819304e-01
8.387650227730564234e-01 1.003470864508367866e-01
8.405795681420771270e-01 1.003467453561701916e-01
8.423960739090979866e-01 1.003464081012064302e-01
8.442145400741188910e-01 1.003460746872787135e-01
8.460349666371398403e-01 1.003457451158344810e-01
8.478573535981608345e-01 1.003454193884333462e-01
8.496817009571818735e-01 1.003450975067475548e-01
8.515080087142030685e-01 1.003447794725635667e-01
8.533362768692239753e-01 1.003444652877805571e-01
8.551665054222451490e-01 1.003441549544125677e-01
8.569986943732663676e-01 1.003438484745880904e-01
8.588328437222877421e-01 1.003435458505502614e-01
8.606689534693090504e-01 1.003432470846578883e-01
8.625070236143304037e-01 1.003429521793845619e-01
8.643470541573519128e-01 1.003426611373221394e-01
8.661890450983733558e-01 1.003423739611767757e-01
8.680329964373949547e-01 1.003420906537731416e-01
8.698789081744163765e-01 1.003418112180526206e-01
8.717267803094379541e-01 1.003415356570760836e-01
8.735766128424596877e-01 1.003412639740207252e-01
8.754284057734814661e-01 1.003409961721846988e-01
8.772821591025032895e-01 1.003407322549846881e-01
8.791378728295250466e-01 1.003404722259577803e-01
8.809955469545469597e-01 1.003402160887612166e-01
8.828551814775689177e-01 1.003399638471745986e-01
8.847167763985909206e-01 1.003397155050969464e-01
8.865803317176127463e-01 1.003394710665521244e-01
8.884458474346348389e-01 1.003392305356852199e-01
8.903133235496569764e-01 1.003389939167653871e-01
8.921827600626792698e-01 1.003387612141851959e-01
8.940541569737014971e-01 1.003385324324628652e-01
8.959275142827237692e-01 1.003383075762410981e-01
8.978028319897460863e-01 1.003380866502888297e-01
8.996801100947685592e-01 1.003378696595026431e-01
9.015593485977907440e-01 1.003376566089033833e-01
9.034405474988133067e-01 1.003374475036435676e-01
9.053237067978358033e-01 1.003372423490025700e-01
9.072088264948584557e-01 1.003370411503889809e-01
9.090959065898810421e-01 1.003368439133417583e-01
9.109849470829037843e-01 1.003366506435308669e-01
9.128759479739264604e-01 1.003364613467582905e-01
9.147689092629492924e-01 1.003362760289576577e-01
9.166638309499721693e-01 1.003360946961960876e-01
9.185607130349948690e-01 1.003359173546750222e-01
9.204595555180178357e-01 1.003357440107297965e-01
9.223603583990407362e-01 1.003355746708325114e-01
9.242631216780637926e-01 1.003354093415911585e-01
9.261678453550868939e-01 1.003352480297509813e-01
9.280745294301100401e-01 1.003350907421959731e-01
9.299831739031333422e-01 1.003349374859481280e-01
9.318937787741565781e-01 1.003347882681713682e-01
9.338063440431798590e-01 1.003346430961684771e-01
9.357208697102029626e-01 1.003345019773857622e-01
9.376373557752263332e-01 1.003343649194111953e-01
9.395558022382498597e-01 1.003342319299780488e-01
9.414762090992733201e-01 1.003341030169626197e-01
9.433985763582968254e-01 1.003339781883891002e-01
9.453229040153204865e-01 1.003338574524262616e-01
9.472491920703440815e-01 1.003337408173936574e-01
9.491774405233678324e-01 1.003336282917568351e-01
9.511076493743915172e-01 1.003335198841339843e-01
9.530398186234151359e-01 1.003334156032928692e-01
9.549739482704390214e-01 1.003333154581546732e-01
9.569100383154629519e-01 1.003332194577931935e-01
9.588480887584868162e-01 1.003331276114374088e-01
9.607880995995108364e-01 1.003330399284724367e-01
9.627300708385349015e-01 1.003329564184398393e-01
9.646740024755590115e-01 1.003328770910393575e-01
9.666198945105831664e-01 1.003328019561311457e-01
9.685677469436073661e-01 1.003327310237353415e-01
9.705175597746313887e-01 1.003326643040346328e-01
9.724693330036556782e-01 1.003326018073751047e-01
9.744230666306800126e-01 1.003325435442672803e-01
9.763787606557043919e-01 1.003324895253878551e-01
9.783364150787289271e-01 1.003324397615814323e-01
9.802960298997533961e-01 1.003323942638610911e-01
9.822576051187779100e-01 1.003323530434110378e-01
9.842211407358025799e-01 1.003323161115852180e-01
9.861866367508271836e-01 1.003322834799137836e-01
9.881540931638517211e-01 1.003322551600990126e-01
9.901235099748764146e-01 1.003322311640213321e-01
9.920948871839012639e-01 1.003322115037379031e-01
9.940682247909260472e-01 1.003321961914859228e-01
9.960435227959509863e-01 1.003321852396830832e-01
9.980207811989759703e-01 1.003321786609307903e-01
1.000000000000000666e+00 1.003321764680133593e-01
