0.000000000000000000e+00 9.856620265673151637e-01
2.078119897502626434e-05 9.856265145271553285e-01
4.352279595010249372e-05 9.855876523760379593e-01
6.822479092522875592e-05 9.855454400999577036e-01
9.488718390040502381e-05 9.854998776860790510e-01
1.235099748756312839e-04 9.854509651230743961e-01
1.540931638509075632e-04 9.853987024013328710e-01
1.866367508262337669e-04 9.853430895132715417e-01
2.211407358016100034e-04 9.852841264533920285e-01
2.576051187770363269e-04 9.852218132184527022e-01
2.960298997525126832e-04 9.851561498073855283e-01
3.364150787280388555e-04 9.850871362213097227e-01
3.787606557036150606e-04 9.850147724633828705e-01
4.230666306792412444e-04 9.849390585386101904e-01
4.693330036549174067e-04 9.848599944536932105e-01
5.175597746306437102e-04 9.847775802166683912e-01
5.677469436064200466e-04 9.846918158366925189e-01
6.198945105822462531e-04 9.846027013236570147e-01
6.740024755581224382e-04 9.845102366879661115e-01
7.300708385340486020e-04 9.844144219401249618e-01
7.880995995100251780e-04 9.843152570904908361e-01
8.480887584860512989e-04 9.842127421489655914e-01
9.100383154621275068e-04 9.841068771247502012e-01
9.739482704382536934e-04 9.839976620261522422e-01
1.039818623414429750e-03 9.838850968603591873e-01
1.107649374390655894e-03 9.837691816333620221e-01
1.177440523366932558e-03 9.836499163498554354e-01
1.249192070343258659e-03 9.835273010131573290e-01
1.322904015319634847e-03 9.834013356253072935e-01
1.398576358296060905e-03 9.832720201870051024e-01
1.476209099272537051e-03 9.831393546977781339e-01
1.555802238249063716e-03 9.830033391560519807e-01
1.637355775225640036e-03 9.828639735593041049e-01
1.720869710202266008e-03 9.827212579042272633e-01
1.806344043178942285e-03 9.825751921868879357e-01
1.893778774155669082e-03 9.824257764029150630e-01
1.983173903132445098e-03 9.822730105476499274e-01
2.074529430109271419e-03 9.821168946163398861e-01
2.167845355086147393e-03 9.819574286042741518e-01
2.263121678063073454e-03 9.817946125069482166e-01
2.360358399040050469e-03 9.816284463201544463e-01
2.459555518017076271e-03 9.814589300401161953e-01
2.560713034994152593e-03 9.812860636634817002e-01
2.663830949971278568e-03 9.811098471874927229e-01
2.768909262948454630e-03 9.809302806099419181e-01
2.875947973925680780e-03 9.807473639291548473e-01
2.984947082902957450e-03 9.805610971440694712e-01
3.095906589880283773e-03 9.803714802540743900e-01
3.208826494857659750e-03 9.801785132590988825e-01
3.323706797835085814e-03 9.799821961594543662e-01
3.440547498812561965e-03 9.797825289558645956e-01
3.559348597790088636e-03 9.795795116492711507e-01
3.680110094767664961e-03 9.793731442408963872e-01
3.802831989745290939e-03 9.791634267320636908e-01
3.927514282722965704e-03 9.789503591242046943e-01
4.054156973700691856e-03 9.787339414187645747e-01
4.182760062678468095e-03 9.785141736171480975e-01
4.313323549656295289e-03 9.782910557207225022e-01
4.445847434634171702e-03 9.780645877306722857e-01
4.580331717612097335e-03 9.778347696480607087e-01
4.716776398590073922e-03 9.776016014738203586e-01
4.855181477568099729e-03 9.773650832086905327e-01
4.995546954546175623e-03 9.771252148532327819e-01
5.137872829524301604e-03 9.768819964078642171e-01
5.282159102502477672e-03 9.766354278728252014e-01
5.428405773480703828e-03 9.763855092482141007e-01
5.576612842458980070e-03 9.761322405340002728e-01
5.726780309437305531e-03 9.758756217300902369e-01
5.878908174415681948e-03 9.756156528362563973e-01
6.032996437394107583e-03 9.753523338522843700e-01
6.189045098372585908e-03 9.750856647778641806e-01
6.347054157351111718e-03 9.748156456126787495e-01
6.507023614329687615e-03 9.745422763564467461e-01
6.668953469308313599e-03 9.742655570088653016e-01
6.832843722286989670e-03 9.739854875696690728e-01
6.998694373265715828e-03 9.737020680386577753e-01
7.166505422244492073e-03 9.734152984156219102e-01
7.336276869223317537e-03 9.731251787004365772e-01
7.508008714202193956e-03 9.728317088930091838e-01
7.681700957181119595e-03 9.725348889932833307e-01
7.857353598160098790e-03 9.722347190012551321e-01
8.034966637139125470e-03 9.719311989169632238e-01
8.214540074118200502e-03 9.716243287404794371e-01
8.396073909097327356e-03 9.713141084718562857e-01
8.579568142076502563e-03 9.710005381112413181e-01
8.765022773055727856e-03 9.706836176587370080e-01
8.952437802035004971e-03 9.703633471144704759e-01
9.141813229014330439e-03 9.700397264786054796e-01
9.333149053993705993e-03 9.697127557512598139e-01
9.526445276973131635e-03 9.693824349325866896e-01
9.721701897952607363e-03 9.690487640226859156e-01
9.918918916932136648e-03 9.687117430216914959e-01
1.011809633391171255e-02 9.683713719297176725e-01
1.031923414889133854e-02 9.680276507468632552e-01
1.052233236187101462e-02 9.676805794732014077e-01
1.072739097285074078e-02 9.673301581088256107e-01
1.093440998183051703e-02 9.669763866538203523e-01
1.114338938881034163e-02 9.666192651082217147e-01
1.135432919379021806e-02 9.662587934720962002e-01
1.156722939677014457e-02 9.658949717455019846e-01
1.178208999775011943e-02 9.655277999284670454e-01
1.199891099673014612e-02 9.651572780210381231e-01
1.221769239371022463e-02 9.647834060232796105e-01
1.243843418869035149e-02 9.644061839352017218e-01
1.266113638167052670e-02 9.640256117568933858e-01
1.288579897265075200e-02 9.636416894883673701e-01
1.311242196163102738e-02 9.632544171297117153e-01
1.334100534861135459e-02 9.628637946809984749e-01
1.357154913359173015e-02 9.624698221423449995e-01
1.380405331657215580e-02 9.620724995138536517e-01
1.403851789755263153e-02 9.616718267956644306e-01
1.427494287653315735e-02 9.612678039879515302e-01
1.451332825351373326e-02 9.608604310909349966e-01
1.475367402849436273e-02 9.604497081048510854e-01
1.499598020147503881e-02 9.600356350300034425e-01
1.524024677245576498e-02 9.596182118666898297e-01
1.548647374143653950e-02 9.591974386152652965e-01
1.573466110841736931e-02 9.587733152760679056e-01
1.598480887339824227e-02 9.583458418494688047e-01
1.623691703637917053e-02 9.579150183357169057e-01
1.649098559736014366e-02 9.574808447350503515e-01
1.674701455634117209e-02 9.570433210475143282e-01
1.700500391332224540e-02 9.566024472730015882e-01
1.726495366830337400e-02 9.561582234110745926e-01
1.752686382128455442e-02 9.557106494610240199e-01
1.779073437226577625e-02 9.552597254217268796e-01
1.805656532124705685e-02 9.548054512916777092e-01
1.832435666822837886e-02 9.543478270690499699e-01
1.859410841320975616e-02 9.538868527517396778e-01
1.886582055619118528e-02 9.534225283376793758e-01
1.913949309717265929e-02 9.529548538251483292e-01
1.941512603615418858e-02 9.524838292133874784e-01
1.969271937313575929e-02 9.520094545031890787e-01
1.997227310811738876e-02 9.515317296979113326e-01
2.025378724109906312e-02 9.510506548041994801e-01
2.053726177208079276e-02 9.505662298329089488e-01
2.082269670106256382e-02 9.500784547993913476e-01
2.111009202804439364e-02 9.495873297230721377e-01
2.139944775302626487e-02 9.490928546256471865e-01
2.169076387600819486e-02 9.485950295270979549e-01
2.198404039699017321e-02 9.480938544392610856e-01
2.227927731597219643e-02 9.475893293561041819e-01
2.257647463295427495e-02 9.470814542412820947e-01
2.287563234793639835e-02 9.465702290147706144e-01
2.317675046091857705e-02 9.460556535425221902e-01
2.347982897190080062e-02 9.455377276372701756e-01
2.378486788088307949e-02 9.450164510829822673e-01
2.409186718786539977e-02 9.444918237012870366e-01
2.440082689284778228e-02 9.439638454799988976e-01
2.471174699583020273e-02 9.434325167774573195e-01
2.502462749681268195e-02 9.428978385833850506e-01
2.533946839579521298e-02 9.423598127293056903e-01
2.565626969277778543e-02 9.418184417382476914e-01
2.597503138776041318e-02 9.412737275750190369e-01
2.629575348074308580e-02 9.407256677053320582e-01
2.661843597172581372e-02 9.401742452404220352e-01
2.694307886070858651e-02 9.396194069148374739e-01
2.726968214769141807e-02 9.390612835903464628e-01
2.759824583267428758e-02 9.384998231737512464e-01
2.792876991565721931e-02 9.379350084043153180e-01
2.826125439664019939e-02 9.373668365188982943e-01
2.859569927562322089e-02 9.367953095374828010e-01
2.893210455260630115e-02 9.362204301326236822e-01
2.927047022758941935e-02 9.356422002355657686e-01
2.961079630057259979e-02 9.350606208435655597e-01
2.995308277155582163e-02 9.344756922527224230e-01
3.029732964053910224e-02 9.338874143619906310e-01
3.064353690752242426e-02 9.332957869139033580e-01
3.099170457250580504e-02 9.327008096431588235e-01
3.134183263548922377e-02 9.321024823470864806e-01
3.169392109647270472e-02 9.315008049036199722e-01
3.204796995545623056e-02 9.308957772611696768e-01
3.240397921243980128e-02 9.302873994172681238e-01
3.276194886742343076e-02 9.296756713966547458e-01
3.312187892040710513e-02 9.290605932339575102e-01
3.348376937139083825e-02 9.284421649622917050e-01
3.384762022037460932e-02 9.278203866073908568e-01
3.421343146735843915e-02 9.271952581857869635e-01
3.458120311234230693e-02 9.265667797056564847e-01
3.495093515532624040e-02 9.259349511687734458e-01
3.532262759631021182e-02 9.252997725729125156e-01
3.569628043529424199e-02 9.246612439139068051e-01
3.607189367227831706e-02 9.240193651872568026e-01
3.644946730726244394e-02 9.233741363890614062e-01
3.682900134024662264e-02 9.227255575165480561e-01
3.721049577123083929e-02 9.220736285681226940e-01
3.759395060021512164e-02 9.214183495432790583e-01
3.797936582719944193e-02 9.207597204422924841e-01
3.836674145218382098e-02 9.200977412659757659e-01
3.875607747516824492e-02 9.194324120153625213e-01
3.914737389615272761e-02 9.187637326915681912e-01
3.954063071513724825e-02 9.180917032955974166e-01
3.993584793212182765e-02 9.174163238283647992e-01
4.033302554710645887e-02 9.167375942905584552e-01
4.073216356009112804e-02 9.160555146827674688e-01
4.113326197107585597e-02 9.153700850054385940e-01
4.153632078006062878e-02 9.146813052589051196e-01
4.194133998704546035e-02 9.139891754435338633e-01
4.234831959203032986e-02 9.132936955596170359e-01
4.275725959501525814e-02 9.125948656074943655e-01
4.316815999600023129e-02 9.118926855874938120e-01
4.358102079498526321e-02 9.111871555000139455e-01
4.399584199197033307e-02 9.104782753454447874e-01
4.441262358695546170e-02 9.097660451242520763e-01
4.483136557994064214e-02 9.090504648368701313e-01
4.525206797092586747e-02 9.083315344837887828e-01
4.567473075991114462e-02 9.076092540655031904e-01
4.609935394689646665e-02 9.068836235824960790e-01
4.652593753188184744e-02 9.061546430352783732e-01
4.695448151486726618e-02 9.054223124243555576e-01
4.738498589585275061e-02 9.046866317502223476e-01
4.781745067483826606e-02 9.039476010134002149e-01
4.825187585182384720e-02 9.032052202143939779e-01
4.868826142680946628e-02 9.024594893537256635e-01
4.912660739979515107e-02 9.017104084319207402e-01
4.956691377078088073e-02 9.009579774495056759e-01
5.000918053976664834e-02 9.002021964070091586e-01
5.045340770675248165e-02 8.994430653049796387e-01
5.089959527173835291e-02 8.986805841439705622e-01
5.134774323472428292e-02 8.979147529245300463e-01
5.179785159571025088e-02 8.971455716472357400e-01
5.224992035469628454e-02 8.963730403126582980e-01
5.270394951168235614e-02 8.955971589213728157e-01
5.315993906666848651e-02 8.948179274739589406e-01
5.361788901965465481e-02 8.940353459710226325e-01
5.407779937064088882e-02 8.932494144131436498e-01
5.453967011962716771e-02 8.924601328009293955e-01
5.500350126661349148e-02 8.916675011349751712e-01
5.546929281159986708e-02 8.908715194158826067e-01
5.593704475458628755e-02 8.900721876442879710e-01
5.640675709557277373e-02 8.892695058208091030e-01
5.687842983455929091e-02 8.884634739460882669e-01
5.735206297154587379e-02 8.876540920208297880e-01
5.782765650653248768e-02 8.868413600457417667e-01
5.830521043951917420e-02 8.860252780215697177e-01
5.878472477050590561e-02 8.852058459491242148e-01
5.926619949949267496e-02 8.843830638291898527e-01
5.974963462647950307e-02 8.835569316625505598e-01
6.023503015146637607e-02 8.827274494498659196e-01
6.072238607445330782e-02 8.818946171917009247e-01
6.121170239544027752e-02 8.810584348883275796e-01
6.170297911442730598e-02 8.802189025397982869e-01
6.219621623141437933e-02 8.793760201459557280e-01
6.269141374640151143e-02 8.785297877066603478e-01
6.318857165938866760e-02 8.776802052222449912e-01
6.368768997037589641e-02 8.768272726941030992e-01
6.418876867936318398e-02 8.759709901254820741e-01
6.469180778635051643e-02 8.751113575220090812e-01
6.519680729133789376e-02 8.742483748913584263e-01
6.570376719432530210e-02 8.733820422413632878e-01
6.621268749531278308e-02 8.725123595756175687e-01
6.672356819430030894e-02 8.716393268863572574e-01
6.723640929128789356e-02 8.707629441466130382e-01
6.775121078627552307e-02 8.698832113067952454e-01
6.826797267926318358e-02 8.690001283064032744e-01
6.878669497025091673e-02 8.681136951151774417e-01
6.930737765923869476e-02 8.672239118130933289e-01
6.983002074622653155e-02 8.663307786889291595e-01
7.035462423121441322e-02 8.654342962610219736e-01
7.088118811420231202e-02 8.645344649903118350e-01
7.140971239519029734e-02 8.636312843428411989e-01
7.194019707417832754e-02 8.627247511624261955e-01
7.247264215116641650e-02 8.618148593655582390e-01
7.300704762615452259e-02 8.609016105628362059e-01
7.354341349914270132e-02 8.599850681878994374e-01
7.408173977013092493e-02 8.590651200376810959e-01
7.462202643911922118e-02 8.581418282563917366e-01
7.516427350610754843e-02 8.572151948683537359e-01
7.570848097109590669e-02 8.562852139344295788e-01
7.625464883408433758e-02 8.553518823204330213e-01
7.680277709507281336e-02 8.544151995182313053e-01
7.735286575406134790e-02 8.534751660139223706e-01
7.790491481104989957e-02 8.525317823287945629e-01
7.845892426603853775e-02 8.515850487337439656e-01
7.901489411902722082e-02 8.506349652848519405e-01
7.957282437001594877e-02 8.496815319348471895e-01
8.013271501900470772e-02 8.487247486176354716e-01
8.069456606599353932e-02 8.477646152872672092e-01
8.125837751098241579e-02 8.468011319245893898e-01
8.182414935397135103e-02 8.458342985295426164e-01
8.239188159496033115e-02 8.448641151107457725e-01
8.296157423394934227e-02 8.438905816779646019e-01
8.353322727093842603e-02 8.429136982385565524e-01
8.410684070592755468e-02 8.419334647966159046e-01
8.468241453891674209e-02 8.409498813537793493e-01
8.525994876990593274e-02 8.399629479103463137e-01
8.583944339889522379e-02 8.389726644662522936e-01
8.642089842588455972e-02 8.379790310216389537e-01
8.700431385087394054e-02 8.369820475770591850e-01
8.758968967386336624e-02 8.359817141334564550e-01
8.817702589485282294e-02 8.349780306920765449e-01
8.876632251384235228e-02 8.339709972542984628e-01
8.935757953083194038e-02 8.329606138215259747e-01
8.995079694582157337e-02 8.319468803951574065e-01
9.054597475881122348e-02 8.309297969765531144e-01
9.114311296980096011e-02 8.299093635670158342e-01
9.174221157879074162e-02 8.288855801678468582e-01
9.234327058578056802e-02 8.278584467803217217e-01
9.294628999077042542e-02 8.268279634057107419e-01
9.355126979376035545e-02 8.257941300452777966e-01
9.415820999475034425e-02 8.247569467002685561e-01
9.476711059374037793e-02 8.237164133719582226e-01
9.537797159073045650e-02 8.226725300616349879e-01
9.599079298572055219e-02 8.216252967706497712e-01
9.660557477871074827e-02 8.205747135005485582e-01
9.722231696970097536e-02 8.195207802530680707e-01
9.784101955869126122e-02 8.184634970301736256e-01
9.846168254568156419e-02 8.174028638339255748e-01
9.908430593067193981e-02 8.163388806659768182e-01
9.970888971366237419e-02 8.152715475270060352e-01
1.003354338946528534e-01 8.142008644159129949e-01
1.009639384736433915e-01 8.131268313298057882e-01
1.015944034506339466e-01 8.120494482656084312e-01
1.022268288256245744e-01 8.109687152247077035e-01
1.028612145986152610e-01 8.098846322203570036e-01
1.034975607696059924e-01 8.087971992836262558e-01
1.041358673385967409e-01 8.077064164555151082e-01
1.047761343055875760e-01 8.066122837462553763e-01
1.054183616705784560e-01 8.055148010521328006e-01
1.060625494335693947e-01 8.044139680854512919e-01
1.067086975945603783e-01 8.033097845406571569e-01
1.073568061535513790e-01 8.022022509214393748e-01
1.080068751105424663e-01 8.010913699787364228e-01
1.086589044655335984e-01 7.999771444381492680e-01
1.093128942185247754e-01 7.988595478531437255e-01
1.099688443695159834e-01 7.977386220625750646e-01
1.106267549185072641e-01 7.966143413580223376e-01
1.112866258654986035e-01 7.954867081367633652e-01
1.119484572104899878e-01 7.943557250565467243e-01
1.126122489534813753e-01 7.932213926258180337e-01
1.132780010944728633e-01 7.920837105537851253e-01
1.139457136334643961e-01 7.909426785646754832e-01
1.146153865704559877e-01 7.897982965638320474e-01
1.152870199054476102e-01 7.886505645663131059e-01
1.159606136384392638e-01 7.874994826134831261e-01
1.166361677694310039e-01 7.863450507339896367e-01
1.173136822984227889e-01 7.851872689383444515e-01
1.179931572254146188e-01 7.840261372262867789e-01
1.186745925504064658e-01 7.828616555946051880e-01
1.193579882733983993e-01 7.816938240412696359e-01
1.200433443943903777e-01 7.805226425664910650e-01
1.207306609133824149e-01 7.793481111721239918e-01
1.214199378303744969e-01 7.781702298607260371e-01
1.221111751453665961e-01 7.769889986349537425e-01
1.228043728583587818e-01 7.758044174972119622e-01
1.234995309693510124e-01 7.746164864496015712e-01
1.241966494783433017e-01 7.734252054939497745e-01
1.248957283853355943e-01 7.722305746319466646e-01
1.255967676903279873e-01 7.710325938652895505e-01
1.262997673933204390e-01 7.698312631959106644e-01
1.270047274943129079e-01 7.686265826264427892e-01
1.277116479933054216e-01 7.674185521604356408e-01
1.284205288902980080e-01 7.662071718020615485e-01
1.291313701852906393e-01 7.649924415543268852e-01
1.298441718782833154e-01 7.637743614154895999e-01
1.305589339692760642e-01 7.625529313756211902e-01
1.312756564582688024e-01 7.613281514204989220e-01
1.319943393452616409e-01 7.601000215547953909e-01
1.327149826302545244e-01 7.588685418473338773e-01
1.334375863132474527e-01 7.576337124434158188e-01
1.341621503942403981e-01 7.563955333544061244e-01
1.348886748732334440e-01 7.551540038088352391e-01
1.356171597502265069e-01 7.539091223421654497e-01
1.363476050252196425e-01 7.526608972806239084e-01
1.370800106982128508e-01 7.514093162151378458e-01
1.378143767692060206e-01 7.501543871528033591e-01
1.385507032381993187e-01 7.488961088045033021e-01
1.392889901051926616e-01 7.476344804292373025e-01
1.400292373701860493e-01 7.463695020231472244e-01
1.407714450331794265e-01 7.451011737199308982e-01
1.415156130941729040e-01 7.438294955845270451e-01
1.422617415531664542e-01 7.425544676216143669e-01
1.430098304101600493e-01 7.412760898183534675e-01
1.437598796651536337e-01 7.399943621664677451e-01
1.445118893181473185e-01 7.387092846654703671e-01
1.452658593691410482e-01 7.374208573191463056e-01
1.460217898181348506e-01 7.361290801319889665e-01
1.467796806651286701e-01 7.348339531075207542e-01
1.475395319101225067e-01 7.335354762480934543e-01
1.483013435531164437e-01 7.322336495554224722e-01
1.490651155941104256e-01 7.309284730319086654e-01
1.498308480331044801e-01 7.296199466823352076e-01
1.505985408700985240e-01 7.283080705145726919e-01
1.513681941050926405e-01 7.269928445351820923e-01
1.521398077380868297e-01 7.256742687350404841e-01
1.529133817690810637e-01 7.243523430745263392e-01
1.536889161980753704e-01 7.230270675256608159e-01
1.544664110250696387e-01 7.216984422801326904e-01
1.552458662500640352e-01 7.203664678628050044e-01
1.560272818730584765e-01 7.190311419280344118e-01
1.568106578940529627e-01 7.176924678505008925e-01
1.575959943130474383e-01 7.163504434079085437e-01
1.583832911300420421e-01 7.150050690484776039e-01
1.591725483450366629e-01 7.136563449570492157e-01
1.599637659580313565e-01 7.123042711151570394e-01
1.607569439690260948e-01 7.109488474879412934e-01
1.615520823780208504e-01 7.095900740668509288e-01
1.623491811850156785e-01 7.082279508579100158e-01
1.631482403900105516e-01 7.068624778688787913e-01
1.639492599930054972e-01 7.054936551050854376e-01
1.647522399940004323e-01 7.041214825697724722e-01
1.655571803929954677e-01 7.027459602648762349e-01
1.663640811899905481e-01 7.013670881911562294e-01
1.671729423849857010e-01 6.999848663491738954e-01
1.679837639779808434e-01 6.985992947443584455e-01
1.687965459689760583e-01 6.972103733952154103e-01
1.696112883579713460e-01 6.958181023234631946e-01
1.704279911449667062e-01 6.944224814721022820e-01
1.712466543299620836e-01 6.930235106193308736e-01
1.720672779129574781e-01 6.916211906475514537e-01
1.728898618939529452e-01 6.902155203314738197e-01
1.737144062729484850e-01 6.888065004969704530e-01
1.745409110499440697e-01 6.873941309605225980e-01
1.753693762249396715e-01 6.859784116663759646e-01
1.761998017979353459e-01 6.845593426311583629e-01
1.770321877689310930e-01 6.831369238715548908e-01
1.778665341379268849e-01 6.817111553933558055e-01
1.787028409049227218e-01 6.802820371982308822e-01
1.795411080699185480e-01 6.788495692887670518e-01
1.803813356329145023e-01 6.774137516692591010e-01
1.812235235939104738e-01 6.759745843431036461e-01
1.820676719529065180e-01 6.745320673077151996e-01
1.829137807099025514e-01 6.730862005562765482e-01
1.837618498648986853e-01 6.716369841150523490e-01
1.846118794178948919e-01 6.701844180984333210e-01
1.854638693688911155e-01 6.687285021168011268e-01
1.863178197178873563e-01 6.672692367117009082e-01
1.871737304648836975e-01 6.658066215232136820e-01
1.880316016098800835e-01 6.643406566447439543e-01
1.888914331528765145e-01 6.628713421031041664e-01
1.897532250938729903e-01 6.613986778946397971e-01
1.906169774328694833e-01 6.599226640175338554e-01
1.914826901698660766e-01 6.584433004746778062e-01
1.923503633048627148e-01 6.569605872700885474e-01
1.932199968378593979e-01 6.554745244080280031e-01
1.940915907688560982e-01 6.539851118955553044e-01
1.949651450978528711e-01 6.524923497429927499e-01
1.958406598248497166e-01 6.509962379440212832e-01
1.967181349498466070e-01 6.494967764379041553e-01
1.975975704728435423e-01 6.479939654416905226e-01
1.984789663938404669e-01 6.464878046727197125e-01
1.993623227128375197e-01 6.449782943302955207e-01
2.002476394298345896e-01 6.434654343669913290e-01
2.011349165448317322e-01 6.419492247760012482e-01
2.020241540578288642e-01 6.404296655662157223e-01
2.029153519688260965e-01 6.389067567449876472e-01
2.038085102778234015e-01 6.373804983167852267e-01
2.047036289848207236e-01 6.358508902836262910e-01
2.056007080898180628e-01 6.343179326453359801e-01
2.064997475928155024e-01 6.327816254107793137e-01
2.074007474938129869e-01 6.312419686234909122e-01
2.083037077928105441e-01 6.296989621658419800e-01
2.092086284898081183e-01 6.281526062039212155e-01
2.101155095848057097e-01 6.266029006312708871e-01
2.110243510778034015e-01 6.250498454828917749e-01
2.119351529688011382e-01 6.234934407685244206e-01
2.128479152577989197e-01 6.219336864894051686e-01
2.137626379447967184e-01 6.203705826483103536e-01
2.146793210297945897e-01 6.188041292506346602e-01
2.155979645127925337e-01 6.172343263038810868e-01
2.165185683937905226e-01 6.156611738105224330e-01
2.174411326727885563e-01 6.140846717501972085e-01
2.183656573497865794e-01 6.125048202013738674e-01
2.192921424247847306e-01 6.109216190718217421e-01
2.202205878977829268e-01 6.093350684328113775e-01
2.211509937687811678e-01 6.077451682698472579e-01
2.220833600377793982e-01 6.061519185848304181e-01
2.230176867047777289e-01 6.045553193845742967e-01
2.239539737697761046e-01 6.029553706748871367e-01
2.248922212327745529e-01 6.013520724599017431e-01
2.258324290937730461e-01 5.997454247420697104e-01
2.267745973527715286e-01 5.981354275274167742e-01
2.277187260097701116e-01 5.965220808411076936e-01
2.286648150647687394e-01 5.949053846303020698e-01
2.296128645177674399e-01 5.932853389750690765e-01
2.305628743687661297e-01 5.916619438282885168e-01
2.315148446177649200e-01 5.900351992105947740e-01
2.324687752647637551e-01 5.884051051287689793e-01
2.334246663097626351e-01 5.867716615861355844e-01
2.343825177527615322e-01 5.851348685875555899e-01
2.353423295937605020e-01 5.834947261398560903e-01
2.363041018327595444e-01 5.818512342478052712e-01
2.372678344697586317e-01 5.802043929020331836e-01
2.382335275047577638e-01 5.785542021479697095e-01
2.392011809377569131e-01 5.769006619390458779e-01
2.401707947687561351e-01 5.752437723166671235e-01
2.411423689977554297e-01 5.735835332749343873e-01
2.421159036247547691e-01 5.719199448182362699e-01
2.430913986497540979e-01 5.702530069532342205e-01
2.440688540727535549e-01 5.685827196855083310e-01
2.450482698937530290e-01 5.669090830191598762e-01
2.460296461127525758e-01 5.652320969597708356e-01
2.470129827297521674e-01 5.635517615243444967e-01
2.479982797447517484e-01 5.618680766876905652e-01
2.489855371577514298e-01 5.601810424947282208e-01
2.499747549687511561e-01 5.584906589235151264e-01
2.509659331777509550e-01 5.567969259885159339e-01
2.519590717847506878e-01 5.550998436960089544e-01
2.529541707897505765e-01 5.533994120506763315e-01
2.539512301927505100e-01 5.516956310581497824e-01
2.549502499937504885e-01 5.499885007253213498e-01
2.559512301927505673e-01 5.482780210581107427e-01
2.569541707897506355e-01 5.465641920527658515e-01
2.579590717847507486e-01 5.448470137401267843e-01
2.589659331777509621e-01 5.431264860943577633e-01
2.599747549687512205e-01 5.414026091438179922e-01
2.609855371577514682e-01 5.396753828870761716e-01
2.619982797447518164e-01 5.379448073298004340e-01
2.630129827297520984e-01 5.362108824789262318e-01
2.640296461127525363e-01 5.344736083406286253e-01
2.650482698937530190e-01 5.327329849201084544e-01
2.660688540727535467e-01 5.309890122232991949e-01
2.670913986497541748e-01 5.292416902644504484e-01
2.681159036247547922e-01 5.274910190293705670e-01
2.691423689977554545e-01 5.257369985501685328e-01
2.701707947687562172e-01 5.239796288147614556e-01
2.712011809377570248e-01 5.222189098357765680e-01
2.722335275047577108e-01 5.204548416197930516e-01
2.732678344697586081e-01 5.186874241725498713e-01
2.743041018327595504e-01 5.169166575002309694e-01
2.753423295937605375e-01 5.151425416094536081e-01
2.763825177527615695e-01 5.133650765076746003e-01
2.774246663097627019e-01 5.115842622017988672e-01
2.784687752647638237e-01 5.098000986894261066e-01
2.795148446177649904e-01 5.080125859994886195e-01
2.805628743687662574e-01 5.062217241104559617e-01
2.816128645177674028e-01 5.044275130493125481e-01
2.826648150647687596e-01 5.026299528156121799e-01
2.837187260097701613e-01 5.008290434160848070e-01
2.847745973527716079e-01 4.990247848583707069e-01
2.858324290937730994e-01 4.972171771493981707e-01
2.868922212327746357e-01 4.954062202952604355e-01
2.879539737697762170e-01 4.935919143024366518e-01
2.890176867047778431e-01 4.917742591851095302e-01
2.900833600377795141e-01 4.899532549327750841e-01
2.911509937687811744e-01 4.881289015744985083e-01
2.922205878977829352e-01 4.863011991014189461e-01
2.932921424247847964e-01 4.844701475264439061e-01
2.943656573497866469e-01 4.826357468567071818e-01
2.954411326727885978e-01 4.807979970988116025e-01
2.965185683937905936e-01 4.789568982598219615e-01
2.975979645127926343e-01 4.771124503470805522e-01
2.986793210297947199e-01 4.752646533686284980e-01
2.997626379447967393e-01 4.734135073323215703e-01
3.008479152577989146e-01 4.715590122382681826e-01
3.019351529688011904e-01 4.697011681112464032e-01
3.030243510778034555e-01 4.678399749369604455e-01
3.041155095848058210e-01 4.659754327388198059e-01
3.052086284898081758e-01 4.641075415184258701e-01
3.063037077928106311e-01 4.622363012835400409e-01
3.074007474938131312e-01 4.603617120424451370e-01
3.084997475928156763e-01 4.584837738028722520e-01
3.096007080898180996e-01 4.566024865719693904e-01
3.107036289848207899e-01 4.547178503570166175e-01
3.118085102778234696e-01 4.528298651710613854e-01
3.129153519688261942e-01 4.509385310097206445e-01
3.140241540578289636e-01 4.490438478961242819e-01
3.151349165448318335e-01 4.471458158270139038e-01
3.162476394298346927e-01 4.452444348146030739e-01
3.173623227128376523e-01 4.433397048667389040e-01
3.184789663938406568e-01 4.414316259910822104e-01
3.195975704728435396e-01 4.395201981956934900e-01
3.207181349498466338e-01 4.376054214886737070e-01
3.218406598248497730e-01 4.356872958781662364e-01
3.229651450978529570e-01 4.337658213729211898e-01
3.240915907688562414e-01 4.318409979817732225e-01
3.252199968378595152e-01 4.299128257070258252e-01
3.263503633048628338e-01 4.279813045708140140e-01
3.274826901698662529e-01 4.260464345643291129e-01
3.286169774328696613e-01 4.241082157087437410e-01
3.297532250938730591e-01 4.221666480075252359e-01
3.308914331528765573e-01 4.202217314694722261e-01
3.320316016098801559e-01 4.182734661036038859e-01
3.331737304648837994e-01 4.163218519185957756e-01
3.343178197178874878e-01 4.143668889230757713e-01
3.354638693688912210e-01 4.124085771253022670e-01
3.366118794178950546e-01 4.104469165334805325e-01
3.377618498648988776e-01 4.084819071612416641e-01
3.389137807099027455e-01 4.065135490064729074e-01
3.400676719529066028e-01 4.045418420916382374e-01
3.412235235939105604e-01 4.025667864155247910e-01
3.423813356329146185e-01 4.005883819911493782e-01
3.435411080699187214e-01 3.986066288272247515e-01
3.447028409049228137e-01 3.966215269324642745e-01
3.458665341379270064e-01 3.946330763159672239e-01
3.470321877689312440e-01 3.926412769868730113e-01
3.481998017979355819e-01 3.906461289543192716e-01
3.493693762249399093e-01 3.886476322279144857e-01
3.505409110499441705e-01 3.866457868175027790e-01
3.517144062729485876e-01 3.846405927278213621e-01
3.528898618939531051e-01 3.826320499784547913e-01
3.540672779129576120e-01 3.806201585661681541e-01
3.552466543299622193e-01 3.786049185099197856e-01
3.564279911449668714e-01 3.765863298153397376e-01
3.576112883579715684e-01 3.745643924923219292e-01
3.587965459689763104e-01 3.725391065508008581e-01
3.599837639779809306e-01 3.705104720004017693e-01
3.611729423849858178e-01 3.684784888508321754e-01
3.623640811899906944e-01 3.664431571118949571e-01
3.635571803929956158e-01 3.644044767930852413e-01
3.647522399940006377e-01 3.623624479037186319e-01
3.659492599930056489e-01 3.603170704576182382e-01
3.671482403900107605e-01 3.582683444561171049e-01
3.683491811850159170e-01 3.562162699198506699e-01
3.695520823780210629e-01 3.541608468508323226e-01
3.707569439690261981e-01 3.521020752624990369e-01
3.719637659580314892e-01 3.500399551646534713e-01
3.731725483450368253e-01 3.479744865672064202e-01
3.743832911300422062e-01 3.459056694804361620e-01
3.755959943130476320e-01 3.438335039146737659e-01
3.768106578940531581e-01 3.417579898802103333e-01
3.780272818730586737e-01 3.396791273873583372e-01
3.792458662500642896e-01 3.375969164468351491e-01
3.804664110250698950e-01 3.355113570696934833e-01
3.816889161980754896e-01 3.334224492626432501e-01
3.829133817690812402e-01 3.313301930445457510e-01
3.841398077380869802e-01 3.292345884158187630e-01
3.853681941050928206e-01 3.271356353949104734e-01
3.865985408700987613e-01 3.250333339892526041e-01
3.878308480331046915e-01 3.229276842100118894e-01
3.890651155941106665e-01 3.208186860682922248e-01
3.903013435531166864e-01 3.187063395749346606e-01
3.915395319101228067e-01 3.165906447408382562e-01
3.927796806651288053e-01 3.144716015770386286e-01
3.940217898181350153e-01 3.123492100946475003e-01
3.952658593691412148e-01 3.102234703045343989e-01
3.965118893181475146e-01 3.080943822173267677e-01
3.977598796651538593e-01 3.059619458475212883e-01
3.990098304101602489e-01 3.038261611993367528e-01
4.002617415531666833e-01 3.016870282927534563e-01
4.015156130941732182e-01 2.995445471325148268e-01
4.027714450331797424e-01 2.973987177328984988e-01
4.040292373701862005e-01 2.952495401050127533e-01
4.052889901051928145e-01 2.930970142601609929e-01
4.065507032381995289e-01 2.909411402099520427e-01
4.078143767692062882e-01 2.887819179660618407e-01
4.090800106982130369e-01 2.866193475401773716e-01
4.103476050252198859e-01 2.844534289439880625e-01
4.116171597502267798e-01 2.822841621892214214e-01
4.128886748732337186e-01 2.801115472879312507e-01
4.141621503942407023e-01 2.779355842525436104e-01
4.154375863132476199e-01 2.757562730918844407e-01
4.167149826302546933e-01 2.735736138245702942e-01
4.179943393452618672e-01 2.713876064545314160e-01
4.192756564582690304e-01 2.691982510001285633e-01
4.205589339692762940e-01 2.670055474707878074e-01
4.218441718782836025e-01 2.648094958791120668e-01
4.231313701852909004e-01 2.626100962375913506e-01
4.244205288902982987e-01 2.604073485585241543e-01
4.257116479933056308e-01 2.582012528542721452e-01
4.270047274943131188e-01 2.559918091372875848e-01
4.282997673933206517e-01 2.537790174200952320e-01
4.295967676903282295e-01 2.515628777153549045e-01
4.308957283853359077e-01 2.493433900359661171e-01
4.321966494783435753e-01 2.471205543951215389e-01
4.334995309693513432e-01 2.448943708073123282e-01
4.348043728583591006e-01 2.426648392955483013e-01
4.361111751453669583e-01 2.404319598863562113e-01
4.374199378303746943e-01 2.381957326563723387e-01
4.387306609133826418e-01 2.359561577563272505e-01
4.400433443943906342e-01 2.337132355573610654e-01
4.413579882733986715e-01 2.314669669058618540e-01
4.426745925504067536e-01 2.292173536792987409e-01
4.439931572254149361e-01 2.269643998700384413e-01
4.453136822984231080e-01 2.247081136054027151e-01
4.466361677694313248e-01 2.224485107281991281e-01
4.479606136384396420e-01 2.201856208328070441e-01
4.492870199054478375e-01 2.179194969472994237e-01
4.506153865704562445e-01 2.156502303115891139e-01
4.519457136334646408e-01 2.133779718340680920e-01
4.532780010944731375e-01 2.111029617000540204e-01
4.546122489534816791e-01 2.088255681381956108e-01
4.559484572104903211e-01 2.065463354730134038e-01
4.572866258654989524e-01 2.042660401780825308e-01
4.586267549185076287e-01 2.019857520799088479e-01
4.599688443695163498e-01 1.997068958730006394e-01
4.613128942185250048e-01 1.974313066655731252e-01
4.626589044655338712e-01 1.951612721373708614e-01
4.640068751105427269e-01 1.928995538945018073e-01
4.653568061535516831e-01 1.906493817169788996e-01
4.667086975945606842e-01 1.884144167284992621e-01
4.680625494335697301e-01 1.861986827943785672e-01
4.694183616705788209e-01 1.840064691705663169e-01
4.707761343055879566e-01 1.818422109364976058e-01
4.721358673385971372e-01 1.797103564068434356e-01
4.734975607696062516e-01 1.776152320628107129e-01
4.748612145986155220e-01 1.755609153901325492e-01
4.762268288256248927e-01 1.735511244938211795e-01
4.775944034506342528e-01 1.715891308716184227e-01
4.789639384736437133e-01 1.696776987624692146e-01
4.803354338946532187e-01 1.678190516790729059e-01
4.817088897136627690e-01 1.660148641934645619e-01
4.830843059306723641e-01 1.642662755039362155e-01
4.844616825456818376e-01 1.625739201792001654e-01
4.858410195586915226e-01 1.609379713132130518e-01
4.872223169697012524e-01 1.593581914981990477e-01
4.886055747787110826e-01 1.578339876226702021e-01
4.899907929857209021e-01 1.563644662526430251e-01
4.913779715907308221e-01 1.549484871495826199e-01
4.927671105937407314e-01 1.535847132253351510e-01
4.941582099947507412e-01 1.522716558785058849e-01
4.955512697937607958e-01 1.510077151762025394e-01
4.969462899907707287e-01 1.497912147389910686e-01
4.983432705857808731e-01 1.486204314671183413e-01
4.997422115787910624e-01 1.474936204302374487e-01
5.011431129698012965e-01 1.464090353492006336e-01
5.025459747588115755e-01 1.453649451682767491e-01
5.039507969458218994e-01 1.443596471769439948e-01
5.053575795308323793e-01 1.433914772204377686e-01
5.067663225138427929e-01 1.424588173780559353e-01
5.081770258948532515e-01 1.415601015728882583e-01
5.095896896738636439e-01 1.406938194391982311e-01
5.110043138508743032e-01 1.398585187751852088e-01
5.124208984258848965e-01 1.390528068494057412e-01
5.138394433988955345e-01 1.382753507908894841e-01
5.152599487699063285e-01 1.375248772569596656e-01
5.166824145389171674e-01 1.368001715406128860e-01
5.181068407059279401e-01 1.361000762513236706e-01
5.195332272709388688e-01 1.354234896792107512e-01
5.209615742339498423e-01 1.347693639321629888e-01
5.223918815949606387e-01 1.341367029183487825e-01
5.238241493539717020e-01 1.335245602321764868e-01
5.252583775109828101e-01 1.329320369896532517e-01
5.266945660659939632e-01 1.323582796496178271e-01
5.281327150190051611e-01 1.318024778517161433e-01
5.295728243700164040e-01 1.312638622798455446e-01
5.310148941190276917e-01 1.307417025984740633e-01
5.324589242660390243e-01 1.302353054234333118e-01
5.339049148110504017e-01 1.297440123931905553e-01
5.353528657540617131e-01 1.292671982978309264e-01
5.368027770950731803e-01 1.288042692980572168e-01
5.382546488340846924e-01 1.283546612242672247e-01
5.397084809710962494e-01 1.279178379581932812e-01
5.411642735061079623e-01 1.274932898964953876e-01
5.426220264391196091e-01 1.270805324945288028e-01
5.440817397701314118e-01 1.266791048880746007e-01
5.455434134991431483e-01 1.262885685904147903e-01
5.470070476261550407e-01 1.259085062618811313e-01
5.484726421511667560e-01 1.255385205487507538e-01
5.499401970741787382e-01 1.251782329883224520e-01
5.514097123951906543e-01 1.248272829769135339e-01
5.528811881142027262e-01 1.244853267975680883e-01
5.543546242312148431e-01 1.241520367044620654e-01
5.558300207462270048e-01 1.238271000608130307e-01
5.573073776592392115e-01 1.235102185249565554e-01
5.587866949702514630e-01 1.232011072921067873e-01
5.602679726792635373e-01 1.228994943643870186e-01
5.617512107862758786e-01 1.226051198858415237e-01
5.632364092912882647e-01 1.223177354944522677e-01
5.647235681943006957e-01 1.220371037273443177e-01
5.662126874953131717e-01 1.217629974533679799e-01
5.677037671943258035e-01 1.214951993405624375e-01
5.691968072913383692e-01 1.212335013544106332e-01
5.706918077863509797e-01 1.209777042849041195e-01
5.721887686793637462e-01 1.207276173007664349e-01
5.736876899703762245e-01 1.204830575291770955e-01
5.751885716593890807e-01 1.202438496594111089e-01
5.766914137464018708e-01 1.200098255689310556e-01
5.781962162314148168e-01 1.197808239705314554e-01
5.797029791144278077e-01 1.195566900792653237e-01
5.812117023954407324e-01 1.193372752979215690e-01
5.827223860744538131e-01 1.191224369199363753e-01
5.842350301514669386e-01 1.189120378486800828e-01
5.857496346264799980e-01 1.187059463321291641e-01
5.872661994994931023e-01 1.185040357118578719e-01
5.887847247705062514e-01 1.183061841854882723e-01
5.903052104395195565e-01 1.181122745838912441e-01
5.918276565065329065e-01 1.179221941536556933e-01
5.933520629715463013e-01 1.177358343641936866e-01
5.948784298345597410e-01 1.175530907072484810e-01
5.964067570955732256e-01 1.173738625243085643e-01
5.979370447545868661e-01 1.171980528306797442e-01
5.994692928116004405e-01 1.170255681546717857e-01
6.010035012666138377e-01 1.168563183833277869e-01
6.025396701196276128e-01 1.166902166161052912e-01
6.040777993706413218e-01 1.165271790260760387e-01
6.056178890196550757e-01 1.163671247281064663e-01
6.071599390666689855e-01 1.162099756536190409e-01
6.087039495116828292e-01 1.160556564315730343e-01
6.102499203546968287e-01 1.159040942753185727e-01
6.117978515957107621e-01 1.157552188749923910e-01
6.133477432347248515e-01 1.156089622951569779e-01
6.148995952717387636e-01 1.154652588773844718e-01
6.164534077067529427e-01 1.153240451475181366e-01
6.180091805397671667e-01 1.151852597273593515e-01
6.195669137707813245e-01 1.150488432505394482e-01
6.211266073997956383e-01 1.149147382823521440e-01
6.226882614268099969e-01 1.147828892433212095e-01
6.242518758518244004e-01 1.146532423363033765e-01
6.258174506748388488e-01 1.145257454770473443e-01
6.273849858958533421e-01 1.144003482281052281e-01
6.289544815148676582e-01 1.142770017339388711e-01
6.305259375318823523e-01 1.141556586646408494e-01
6.320993539468969802e-01 1.140362731512707811e-01
6.336747307599116530e-01 1.139188007388097085e-01
6.352520679709263707e-01 1.138031983266474534e-01
6.368313655799411332e-01 1.136894241221776541e-01
6.384126235869560517e-01 1.135774375911495215e-01
6.399958419919709041e-01 1.134671994117870814e-01
6.415810207949856903e-01 1.133586714307625587e-01
6.431681599960007434e-01 1.132518166209664778e-01
6.447572595950157304e-01 1.131465990410949474e-01
6.463483195920308733e-01 1.130429837969606777e-01
6.479413399870459500e-01 1.129409370044267280e-01
6.495363207800611827e-01 1.128404257538960509e-01
6.511332619710764602e-01 1.127414180762726231e-01
6.527321635600916716e-01 1.126438829103287576e-01
6.543330255471070389e-01 1.125477900714163954e-01
6.559358479321222291e-01 1.124531102214513384e-01
6.575406307151376861e-01 1.123598148401121488e-01
6.591473738961531881e-01 1.122678761972104172e-01
6.607560774751687349e-01 1.121772673261500902e-01
6.623667414521843266e-01 1.120879619984637560e-01
6.639793658271999632e-01 1.119999346993370004e-01
6.655939506002157557e-01 1.119131606041057492e-01
6.672104957712314821e-01 1.118276155556751084e-01
6.688290013402472534e-01 1.117432760428335448e-01
6.704494673072629585e-01 1.116601191793420156e-01
6.720718936722788195e-01 1.115781226836253248e-01
6.736962804352947254e-01 1.114972648607720496e-01
6.753226275963107872e-01 1.114175245807140641e-01
6.769509351553267829e-01 1.113388812656452564e-01
6.785812031123429344e-01 1.112613148667066509e-01
6.802134314673590199e-01 1.111848058525829602e-01
6.818476202203752612e-01 1.111093351904552939e-01
6.834837693713914364e-01 1.110348843318640505e-01
6.851218789204075454e-01 1.109614351977011859e-01
6.867619488674239214e-01 1.108889701639111103e-01
6.884039792124403423e-01 1.108174720477815012e-01
6.900479699554568080e-01 1.107469240946988426e-01
6.916939210964733187e-01 1.106773099653853148e-01
6.933418326354898742e-01 1.106086137235808842e-01
6.949917045725064746e-01 1.105408198241711187e-01
6.966435369075231199e-01 1.104739131017265785e-01
6.982973296405398100e-01 1.104078787594538202e-01
6.999530827715563230e-01 1.103427023585187849e-01
7.016107963005731030e-01 1.102783698077529351e-01
7.032704702275899278e-01 1.102148673537040047e-01
7.049321045526069085e-01 1.101521815710405500e-01
7.065956992756238231e-01 1.100902993532678342e-01
7.082612543966407825e-01 1.100292079037765158e-01
7.099287699156578979e-01 1.099688947271795086e-01
7.115982458326749471e-01 1.099093476209503512e-01
7.132696821476921523e-01 1.098505546673342742e-01
7.149430788607090692e-01 1.097925042255305517e-01
7.166184359717263641e-01 1.097351849241365862e-01
7.182957534807437039e-01 1.096785856538361609e-01
7.199750313877609775e-01 1.096226955603306213e-01
7.216562696927784071e-01 1.095675040375030107e-01
7.233394683957958815e-01 1.095130007207967687e-01
7.250246274968132898e-01 1.094591754807935080e-01
7.267117469958308540e-01 1.094060184170337346e-01
7.284008268928482410e-01 1.093535198522508772e-01
7.300918671878658950e-01 1.093016703254941074e-01
7.317848678808835938e-01 1.092504605890210340e-01
7.334798289719013376e-01 1.091998815988543398e-01
7.351767504609192372e-01 1.091499245141218793e-01
7.368756323479370707e-01 1.091005806880011586e-01
7.385764746329549491e-01 1.090518416652078715e-01
7.402792773159728723e-01 1.090036991761825086e-01
7.419840403969908404e-01 1.089561451326546831e-01
7.436907638760087425e-01 1.089091716231540552e-01
7.453994477530268004e-01 1.088627709086250894e-01
7.471100920280450142e-01 1.088169354181804938e-01
7.488226967010631618e-01 1.087716577450008326e-01
7.505372617720814654e-01 1.087269306423450238e-01
7.522537872410997029e-01 1.086827470196895795e-01
7.539722731081180962e-01 1.086390999389735407e-01
7.556927193731364234e-01 1.085959826109646476e-01
7.574151260361549065e-01 1.085533883917271375e-01
7.591394930971732125e-01 1.085113107791965403e-01
7.608658205561917853e-01 1.084697434098546021e-01
7.625941084132104031e-01 1.084286800555033792e-01
7.643243566682289547e-01 1.083881146201296358e-01
7.660565653212476622e-01 1.083480411368649837e-01
7.677907343722664146e-01 1.083084537650334384e-01
7.695268638212852119e-01 1.082693467872790222e-01
7.712649536683040541e-01 1.082307146067852804e-01
7.730050039133229411e-01 1.081925517445651574e-01
7.747470145563417621e-01 1.081548528368365680e-01
7.764909855973607389e-01 1.081176126324663311e-01
7.782369170363797606e-01 1.080808259904904312e-01
7.799848088733989382e-01 1.080444878777040985e-01
7.817346611084180497e-01 1.080085933663186143e-01
7.834864737414372060e-01 1.079731376316844654e-01
7.852402467724565183e-01 1.079381159500810428e-01
7.869959802014757644e-01 1.079035236965627809e-01
7.887536740284951664e-01 1.078693563428716057e-01
7.905133282535142802e-01 1.078356094554031169e-01
7.922749428765337720e-01 1.078022786932305993e-01
7.940385178975533087e-01 1.077693598061851554e-01
7.958040533165727792e-01 1.077368486329861458e-01
7.975715491335924057e-01 1.077047410994277366e-01
7.993410053486120770e-01 1.076730332166067478e-01
8.011124219616317932e-01 1.076417210792067619e-01
8.028857989726515543e-01 1.076108008638423236e-01
8.046611363816711382e-01 1.075802688274383051e-01
8.064384341886909890e-01 1.075501213054269739e-01
8.082176923937108848e-01 1.075203547110494817e-01
8.099989109967308254e-01 1.074909655320166607e-01
8.117820899977508109e-01 1.074619503318904601e-01
8.135672293967708413e-01 1.074333057454318896e-01
8.153543291937909165e-01 1.074050284800135424e-01
8.171433893888111477e-01 1.073771153124903899e-01
8.189344099818313127e-01 1.073495630887018326e-01
8.207273909728513006e-01 1.073223687219947986e-01
8.225223323618716664e-01 1.072955291919935328e-01
8.243192341488919661e-01 1.072690415434143368e-01
8.261180963339124217e-01 1.072429028848997518e-01
8.279189189169328111e-01 1.072171103878811621e-01
8.297217018979533565e-01 1.071916612854708489e-01
8.315264452769738357e-01 1.071665528713940940e-01
8.333331490539944708e-01 1.071417824989387008e-01
8.351418132290151508e-01 1.071173475799428593e-01
8.369524378020356536e-01 1.070932455838031205e-01
8.387650227730564234e-01 1.070694740365158021e-01
8.405795681420771270e-01 1.070460305197399042e-01
8.423960739090979866e-01 1.070229126698886840e-01
8.442145400741188910e-01 1.070001181772464727e-01
8.460349666371398403e-01 1.069776447851075035e-01
8.478573535981608345e-01 1.069554902889419401e-01
8.496817009571818735e-01 1.069336525355824435e-01
8.515080087142030685e-01 1.069121294224353869e-01
8.533362768692239753e-01 1.068909188967144541e-01
8.551665054222451490e-01 1.068700189546937657e-01
8.569986943732663676e-01 1.068494276409856641e-01
8.588328437222877421e-01 1.068291430478362086e-01
8.606689534693090504e-01 1.068091633144427066e-01
8.625070236143304037e-01 1.067894866262923820e-01
8.643470541573519128e-01 1.067701112145159476e-01
8.661890450983733558e-01 1.067510353552657554e-01
8.680329964373949547e-01 1.067322573691085047e-01
8.698789081744163765e-01 1.067137756204398213e-01
8.717267803094379541e-01 1.066955885169126872e-01
8.735766128424596877e-01 1.066776945088860895e-01
8.754284057734814661e-01 1.066600920888911980e-01
8.772821591025032895e-01 1.066427797911125436e-01
8.791378728295250466e-01 1.066257561908861839e-01
8.809955469545469597e-01 1.066090199042170478e-01
8.828551814775689177e-01 1.065925695873075757e-01
8.847167763985909206e-01 1.065764039361052351e-01
8.865803317176127463e-01 1.065605216858633991e-01
8.884458474346348389e-01 1.065449216107219182e-01
8.903133235496569764e-01 1.065296025232943533e-01
8.921827600626792698e-01 1.065145632742794113e-01
8.940541569737014971e-01 1.064998027520776408e-01
8.959275142827237692e-01 1.064853198824321501e-01
8.978028319897460863e-01 1.064711136280726972e-01
8.996801100947685592e-01 1.064571829883826093e-01
9.015593485977907440e-01 1.064435269990742089e-01
9.034405474988133067e-01 1.064301447318794086e-01
9.053237067978358033e-01 1.064170352942536146e-01
9.072088264948584557e-01 1.064041978290919954e-01
9.090959065898810421e-01 1.063916315144597807e-01
9.109849470829037843e-01 1.063793355633338711e-01
9.128759479739264604e-01 1.063673092233596434e-01
9.147689092629492924e-01 1.063555517766172215e-01
9.166638309499721693e-01 1.063440625394025951e-01
9.185607130349948690e-01 1.063328408620206889e-01
9.204595555180178357e-01 1.063218861285873257e-01
9.223603583990407362e-01 1.063111977568517996e-01
9.242631216780637926e-01 1.063007751980198506e-01
9.261678453550868939e-01 1.062906179365986081e-01
9.280745294301100401e-01 1.062807254902487369e-01
9.299831739031333422e-01 1.062710974096479216e-01
9.318937787741565781e-01 1.062617332783694496e-01
9.338063440431798590e-01 1.062526327127688158e-01
9.357208697102029626e-01 1.062437953618860370e-01
9.376373557752263332e-01 1.062352209073541831e-01
9.395558022382498597e-01 1.062269090633262553e-01
9.414762090992733201e-01 1.062188595764079063e-01
9.433985763582968254e-01 1.062110722256057321e-01
9.453229040153204865e-01 1.062035468222840978e-01
9.472491920703440815e-01 1.061962832101364662e-01
9.491774405233678324e-01 1.061892812651673290e-01
9.511076493743915172e-01 1.061825408956838523e-01
9.530398186234151359e-01 1.061760620423024132e-01
9.549739482704390214e-01 1.061698446779663074e-01
9.569100383154629519e-01 1.061638888079719650e-01
9.588480887584868162e-01 1.061581944700115687e-01
9.607880995995108364e-01 1.061527617342248320e-01
9.627300708385349015e-01 1.061475907032638222e-01
9.646740024755590115e-01 1.061426815123685113e-01
9.666198945105831664e-01 1.061380343294576478e-01
9.685677469436073661e-01 1.061336493552271498e-01
9.705175597746313887e-01 1.061295268232651245e-01
9.724693330036556782e-01 1.061256670001784752e-01
9.744230666306800126e-01 1.061220701857282095e-01
9.763787606557043919e-01 1.061187367129857451e-01
9.783364150787289271e-01 1.061156669484915188e-01
9.802960298997533961e-01 1.061128612924356895e-01
9.822576051187779100e-01 1.061103201788481110e-01
9.842211407358025799e-01 1.061080440758009474e-01
9.861866367508271836e-01 1.061060334856260140e-01
9.881540931638517211e-01 1.061042889451474375e-01
9.901235099748764146e-01 1.061028110259246149e-01
9.920948871839012639e-01 1.061016003345126163e-01
9.940682247909260472e-01 1.061006575127343005e-01
9.960435227959509863e-01 1.060999832379707075e-01
9.980207811989759703e-01 1.060995782234618878e-01
1.000000000000000666e+00 1.060994432186256053e-01
