0.000000000000000000e+00 8.980218708277469819e-01
2.078119897502626434e-05 8.954960671022892393e-01
4.352279595010249372e-05 8.927319913874012247e-01
6.822479092522875592e-05 8.897296436784269957e-01
9.488718390040502381e-05 8.864890240568836788e-01
1.235099748756312839e-04 8.830101325567892845e-01
1.540931638509075632e-04 8.792929692316893142e-01
1.866367508262337669e-04 8.753375341435902790e-01
2.211407358016100034e-04 8.711438273592535531e-01
2.576051187770363269e-04 8.667118489528561343e-01
2.960298997525126832e-04 8.620415990067961109e-01
3.364150787280388555e-04 8.571330776120084094e-01
3.787606557036150606e-04 8.519862848686264867e-01
4.230666306792412444e-04 8.466012208867108590e-01
4.693330036549174067e-04 8.409778857869468771e-01
5.175597746306437102e-04 8.351162797014072270e-01
5.677469436064200466e-04 8.290164027743357478e-01
6.198945105822462531e-04 8.226782551629533424e-01
6.740024755581224382e-04 8.161018370383250620e-01
7.300708385340486020e-04 8.092871485862352943e-01
7.880995995100251780e-04 8.022341900081072508e-01
8.480887584860512989e-04 7.949429615219542056e-01
9.100383154621275068e-04 7.874134633633667057e-01
9.739482704382536934e-04 7.796456957865243176e-01
1.039818623414429750e-03 7.716396590652503384e-01
1.107649374390655894e-03 7.633953534940960406e-01
1.177440523366932558e-03 7.549127793894557792e-01
1.249192070343258659e-03 7.461919370907179605e-01
1.322904015319634847e-03 7.372328269614490948e-01
1.398576358296060905e-03 7.280354493906130431e-01
1.476209099272537051e-03 7.185998047938162436e-01
1.555802238249063716e-03 7.089258936145939050e-01
1.637355775225640036e-03 6.990137163257275077e-01
1.720869710202266008e-03 6.888632734305959460e-01
1.806344043178942285e-03 6.784745654645484292e-01
1.893778774155669082e-03 6.678475929963408886e-01
1.983173903132445098e-03 6.569823566295608375e-01
2.074529430109271419e-03 6.458788570041307242e-01
2.167845355086147393e-03 6.345370947978118403e-01
2.263121678063073454e-03 6.229570707277592989e-01
2.360358399040050469e-03 6.111387855521016599e-01
2.459555518017076271e-03 5.990822400715570817e-01
2.560713034994152593e-03 5.867874351310815584e-01
2.663830949971278568e-03 5.742543716215531280e-01
2.768909262948454630e-03 5.614830504814866119e-01
2.875947973925680780e-03 5.484734726987762210e-01
2.984947082902957450e-03 5.352256393124866785e-01
3.095906589880283773e-03 5.217395514146604407e-01
3.208826494857659750e-03 5.080152101521691055e-01
3.323706797835085814e-03 4.940526167285921311e-01
3.440547498812561965e-03 4.798517724061345247e-01
3.559348597790088636e-03 4.654126785075702322e-01
3.680110094767664961e-03 4.507353364182253297e-01
3.802831989745290939e-03 4.358197475879915239e-01
3.927514282722965704e-03 4.206659135333696287e-01
4.054156973700691856e-03 4.052738358395562290e-01
4.182760062678468095e-03 3.896435161625488308e-01
4.313323549656295289e-03 3.737749562312976948e-01
4.445847434634171702e-03 3.576681578498832059e-01
4.580331717612097335e-03 3.413231228997270494e-01
4.716776398590073922e-03 3.247398533418401345e-01
4.855181477568099729e-03 3.079183512190983851e-01
4.995546954546175623e-03 2.908586186585565558e-01
5.137872829524301604e-03 2.735606578737937999e-01
5.282159102502477672e-03 2.560244711672695073e-01
5.428405773480703828e-03 2.382500609328926933e-01
5.576612842458980070e-03 2.202374296574878543e-01
5.726780309437305531e-03 2.019865799284742414e-01
5.878908174415681948e-03 1.834975144110522205e-01
6.032996437394107583e-03 1.647702359690462193e-01
6.189045098372585908e-03 1.458049897530051264e-01
6.347054157351111718e-03 1.284773442497428864e-01
6.507023614329687615e-03 1.198714582341253720e-01
6.668953469308313599e-03 1.161406077044170315e-01
6.832843722286989670e-03 1.141124885902462804e-01
6.998694373265715828e-03 1.128052878149283234e-01
7.166505422244492073e-03 1.118718063317795108e-01
7.336276869223317537e-03 1.111599478206232727e-01
7.508008714202193956e-03 1.105920402468246327e-01
7.681700957181119595e-03 1.101238913308977690e-01
7.857353598160098790e-03 1.097282896664182883e-01
8.034966637139125470e-03 1.093874442138422914e-01
8.214540074118200502e-03 1.090891639480607578e-01
8.396073909097327356e-03 1.088247742377915633e-01
8.579568142076502563e-03 1.085879087850346730e-01
8.765022773055727856e-03 1.083737732859256508e-01
8.952437802035004971e-03 1.081786775329109107e-01
9.141813229014330439e-03 1.079997274432378529e-01
9.333149053993705993e-03 1.078346161490706528e-01
9.526445276973131635e-03 1.076814785387588680e-01
9.721701897952607363e-03 1.075387876407823823e-01
9.918918916932136648e-03 1.074052793146046264e-01
1.011809633391171255e-02 1.072798965289391004e-01
1.031923414889133854e-02 1.071617474691891198e-01
1.052233236187101462e-02 1.070500735863301189e-01
1.072739097285074078e-02 1.069442249095739345e-01
1.093440998183051703e-02 1.068436407450557152e-01
1.114338938881034163e-02 1.067478344221561015e-01
1.135432919379021806e-02 1.066563811191500871e-01
1.156722939677014457e-02 1.065689080579842601e-01
1.178208999775011943e-02 1.064850865408120961e-01
1.199891099673014612e-02 1.064046254320288321e-01
1.221769239371022463e-02 1.063272657849168717e-01
1.243843418869035149e-02 1.062527763821780602e-01
1.266113638167052670e-02 1.061809500117118499e-01
1.288579897265075200e-02 1.061116003382343992e-01
1.311242196163102738e-02 1.060445592609601528e-01
1.334100534861135459e-02 1.059796746703659670e-01
1.357154913359173015e-02 1.059168085345306570e-01
1.380405331657215580e-02 1.058558352592036123e-01
1.403851789755263153e-02 1.057966402763822894e-01
1.427494287653315735e-02 1.057391188246414454e-01
1.451332825351373326e-02 1.056831748910306429e-01
1.475367402849436273e-02 1.056287202897378402e-01
1.499598020147503881e-02 1.055756738569166991e-01
1.524024677245576498e-02 1.055239607444813932e-01
1.548647374143653950e-02 1.054735117986329573e-01
1.573466110841736931e-02 1.054242630111010964e-01
1.598480887339824227e-02 1.053761550333910668e-01
1.623691703637917053e-02 1.053291327462234084e-01
1.649098559736014366e-02 1.052831448782349522e-01
1.674701455634117209e-02 1.052381436696663841e-01
1.700500391332224540e-02 1.051940845774981814e-01
1.726495366830337400e-02 1.051509260176111266e-01
1.752686382128455442e-02 1.051086291352715668e-01
1.779073437226577625e-02 1.050671575859577211e-01
1.805656532124705685e-02 1.050264772947653441e-01
1.832435666822837886e-02 1.049865561521011736e-01
1.859410841320975616e-02 1.049473636262220899e-01
1.886582055619118528e-02 1.049088704129964855e-01
1.913949309717265929e-02 1.048710487070635550e-01
1.941512603615418858e-02 1.048338749366477390e-01
1.969271937313575929e-02 1.047973398549401081e-01
1.997227310811738876e-02 1.047613933960805099e-01
2.025378724109906312e-02 1.047260281266908649e-01
2.053726177208079276e-02 1.046912256554198839e-01
2.082269670106256382e-02 1.046569660257565676e-01
2.111009202804439364e-02 1.046232303372818112e-01
2.139944775302626487e-02 1.045900010969573468e-01
2.169076387600819486e-02 1.045572619950431298e-01
2.198404039699017321e-02 1.045249976512563350e-01
2.227927731597219643e-02 1.044931934499857829e-01
2.257647463295427495e-02 1.044618354526888476e-01
2.287563234793639835e-02 1.044309103528896082e-01
2.317675046091857705e-02 1.044004054478957361e-01
2.347982897190080062e-02 1.043703086138173669e-01
2.378486788088307949e-02 1.043406082791419887e-01
2.409186718786539977e-02 1.043112933965171518e-01
2.440082689284778228e-02 1.042823534138614533e-01
2.471174699583020273e-02 1.042537782459523610e-01
2.502462749681268195e-02 1.042255582469303055e-01
2.533946839579521298e-02 1.041976841835433598e-01
2.565626969277778543e-02 1.041701472085732882e-01
2.597503138776041318e-02 1.041429388344449203e-01
2.629575348074308580e-02 1.041160509091570985e-01
2.661843597172581372e-02 1.040894756010994071e-01
2.694307886070858651e-02 1.040632054054329431e-01
2.726968214769141807e-02 1.040372331862204208e-01
2.759824583267428758e-02 1.040115522422375982e-01
2.792876991565721931e-02 1.039861562632807684e-01
2.826125439664019939e-02 1.039610386541723885e-01
2.859569927562322089e-02 1.039361896257730150e-01
2.893210455260630115e-02 1.039116097182500309e-01
2.927047022758941935e-02 1.038872899144790141e-01
2.961079630057259979e-02 1.038632244387667214e-01
2.995308277155582163e-02 1.038394082591863471e-01
3.029732964053910224e-02 1.038158364555838292e-01
3.064353690752242426e-02 1.037925041576347324e-01
3.099170457250580504e-02 1.037694065996576931e-01
3.134183263548922377e-02 1.037465391650528451e-01
3.169392109647270472e-02 1.037238974019661086e-01
3.204796995545623056e-02 1.037014770176263451e-01
3.240397921243980128e-02 1.036792738583274531e-01
3.276194886742343076e-02 1.036572838803668933e-01
3.312187892040710513e-02 1.036355031354805473e-01
3.348376937139083825e-02 1.036139278746644743e-01
3.384762022037460932e-02 1.035925551228835395e-01
3.421343146735843915e-02 1.035713802494450941e-01
3.458120311234230693e-02 1.035504004035703168e-01
3.495093515532624040e-02 1.035296123074289087e-01
3.532262759631021182e-02 1.035090126986632914e-01
3.569628043529424199e-02 1.034885984285212474e-01
3.607189367227831706e-02 1.034683664649564128e-01
3.644946730726244394e-02 1.034483138829993681e-01
3.682900134024662264e-02 1.034284378573077506e-01
3.721049577123083929e-02 1.034087356251135875e-01
3.759395060021512164e-02 1.033892042920575155e-01
3.797936582719944193e-02 1.033698415597254089e-01
3.836674145218382098e-02 1.033506447216063634e-01
3.875607747516824492e-02 1.033316112942115478e-01
3.914737389615272761e-02 1.033127388820616332e-01
3.954063071513724825e-02 1.032940251435401358e-01
3.993584793212182765e-02 1.032754677844860414e-01
4.033302554710645887e-02 1.032570645737459353e-01
4.073216356009112804e-02 1.032388134481187908e-01
4.113326197107585597e-02 1.032207121341140593e-01
4.153632078006062878e-02 1.032027586527684698e-01
4.194133998704546035e-02 1.031849510006579290e-01
4.234831959203032986e-02 1.031672872174622113e-01
4.275725959501525814e-02 1.031497653923654639e-01
4.316815999600023129e-02 1.031323836144751038e-01
4.358102079498526321e-02 1.031151401290577724e-01
4.399584199197033307e-02 1.030980331265808903e-01
4.441262358695546170e-02 1.030810608680925583e-01
4.483136557994064214e-02 1.030642216549064877e-01
4.525206797092586747e-02 1.030475138255973894e-01
4.567473075991114462e-02 1.030309357929344305e-01
4.609935394689646665e-02 1.030144859210972708e-01
4.652593753188184744e-02 1.029981626834014785e-01
4.695448151486726618e-02 1.029819645651596643e-01
4.738498589585275061e-02 1.029658900818930800e-01
4.781745067483826606e-02 1.029499377576441610e-01
4.825187585182384720e-02 1.029341061985626776e-01
4.868826142680946628e-02 1.029183939961542671e-01
4.912660739979515107e-02 1.029027997823580287e-01
4.956691377078088073e-02 1.028873222174481739e-01
5.000918053976664834e-02 1.028719600101727499e-01
5.045340770675248165e-02 1.028567118483418863e-01
5.089959527173835291e-02 1.028415764861666387e-01
5.134774323472428292e-02 1.028265526896949139e-01
5.179785159571025088e-02 1.028116392337619783e-01
5.224992035469628454e-02 1.027968349435795237e-01
5.270394951168235614e-02 1.027821386432870576e-01
5.315993906666848651e-02 1.027675491853121265e-01
5.361788901965465481e-02 1.027530654540827343e-01
5.407779937064088882e-02 1.027386863337781259e-01
5.453967011962716771e-02 1.027244107457871425e-01
5.500350126661349148e-02 1.027102376258519079e-01
5.546929281159986708e-02 1.026961659186001741e-01
5.593704475458628755e-02 1.026821946045063660e-01
5.640675709557277373e-02 1.026683226661822823e-01
5.687842983455929091e-02 1.026545491073353050e-01
5.735206297154587379e-02 1.026408729586912871e-01
5.782765650653248768e-02 1.026272932485371991e-01
5.830521043951917420e-02 1.026138090371439687e-01
5.878472477050590561e-02 1.026004193893285538e-01
5.926619949949267496e-02 1.025871233940951199e-01
5.974963462647950307e-02 1.025739201466510098e-01
6.023503015146637607e-02 1.025608087582381284e-01
6.072238607445330782e-02 1.025477883616984914e-01
6.121170239544027752e-02 1.025348580897653683e-01
6.170297911442730598e-02 1.025220171003222158e-01
6.219621623141437933e-02 1.025092645548901366e-01
6.269141374640151143e-02 1.024965996358243175e-01
6.318857165938866760e-02 1.024840215299781254e-01
6.368768997037589641e-02 1.024715294420521922e-01
6.418876867936318398e-02 1.024591225824690449e-01
6.469180778635051643e-02 1.024468001781627807e-01
6.519680729133789376e-02 1.024345614662438148e-01
6.570376719432530210e-02 1.024224056877859473e-01
6.621268749531278308e-02 1.024103321057091981e-01
6.672356819430030894e-02 1.023983399825510732e-01
6.723640929128789356e-02 1.023864285997948126e-01
6.775121078627552307e-02 1.023745972397713394e-01
6.826797267926318358e-02 1.023628452026939806e-01
6.878669497025091673e-02 1.023511717904815183e-01
6.930737765923869476e-02 1.023395763218151872e-01
6.983002074622653155e-02 1.023280581170909892e-01
7.035462423121441322e-02 1.023166165120752980e-01
7.088118811420231202e-02 1.023052508443937914e-01
7.140971239519029734e-02 1.022939604663789526e-01
7.194019707417832754e-02 1.022827447324510391e-01
7.247264215116641650e-02 1.022716030112656438e-01
7.300704762615452259e-02 1.022605346733525128e-01
7.354341349914270132e-02 1.022495391026362888e-01
7.408173977013092493e-02 1.022386156847118061e-01
7.462202643911922118e-02 1.022277638181917914e-01
7.516427350610754843e-02 1.022169829033355015e-01
7.570848097109590669e-02 1.022062723532747019e-01
7.625464883408433758e-02 1.021956315824648631e-01
7.680277709507281336e-02 1.021850600177121871e-01
7.735286575406134790e-02 1.021745570867624853e-01
7.790491481104989957e-02 1.021641222294778634e-01
7.845892426603853775e-02 1.021537548863791223e-01
7.901489411902722082e-02 1.021434545101548852e-01
7.957282437001594877e-02 1.021332205560396278e-01
8.013271501900470772e-02 1.021230524853374427e-01
8.069456606599353932e-02 1.021129497673503722e-01
8.125837751098241579e-02 1.021029118749769149e-01
8.182414935397135103e-02 1.020929382890688880e-01
8.239188159496033115e-02 1.020830284938979982e-01
8.296157423394934227e-02 1.020731819816074054e-01
8.353322727093842603e-02 1.020633982473852092e-01
8.410684070592755468e-02 1.020536767942073209e-01
8.468241453891674209e-02 1.020440171278181318e-01
8.525994876990593274e-02 1.020344187617828607e-01
8.583944339889522379e-02 1.020248812121306026e-01
8.642089842588455972e-02 1.020154040026284431e-01
8.700431385087394054e-02 1.020059866591187386e-01
8.758968967386336624e-02 1.019966287151679724e-01
8.817702589485282294e-02 1.019873297061675704e-01
8.876632251384235228e-02 1.019780891753104685e-01
8.935757953083194038e-02 1.019689066673143268e-01
8.995079694582157337e-02 1.019597817346547669e-01
9.054597475881122348e-02 1.019507139309555194e-01
9.114311296980096011e-02 1.019417028176018841e-01
9.174221157879074162e-02 1.019327479568023359e-01
9.234327058578056802e-02 1.019238489185443075e-01
9.294628999077042542e-02 1.019150052748957619e-01
9.355126979376035545e-02 1.019062166021201116e-01
9.415820999475034425e-02 1.018974824818245084e-01
9.476711059374037793e-02 1.018888024981943474e-01
9.537797159073045650e-02 1.018801762408251543e-01
9.599079298572055219e-02 1.018716033017933870e-01
9.660557477871074827e-02 1.018630832785632906e-01
9.722231696970097536e-02 1.018546157708480893e-01
9.784101955869126122e-02 1.018462003837144053e-01
9.846168254568156419e-02 1.018378367243187310e-01
9.908430593067193981e-02 1.018295244051689447e-01
9.970888971366237419e-02 1.018212630406903768e-01
1.003354338946528534e-01 1.018130522506164454e-01
1.009639384736433915e-01 1.018048916564019413e-01
1.015944034506339466e-01 1.017967808847842770e-01
1.022268288256245744e-01 1.017887195640989062e-01
1.028612145986152610e-01 1.017807073279487495e-01
1.034975607696059924e-01 1.017727438113991967e-01
1.041358673385967409e-01 1.017648286547135072e-01
1.047761343055875760e-01 1.017569614994713323e-01
1.054183616705784560e-01 1.017491419924101276e-01
1.060625494335693947e-01 1.017413697814987528e-01
1.067086975945603783e-01 1.017336445198278316e-01
1.073568061535513790e-01 1.017259658616157803e-01
1.080068751105424663e-01 1.017183334661186656e-01
1.086589044655335984e-01 1.017107469936174291e-01
1.093128942185247754e-01 1.017032061093704892e-01
1.099688443695159834e-01 1.016957104796158418e-01
1.106267549185072641e-01 1.016882597755041362e-01
1.112866258654986035e-01 1.016808536691017201e-01
1.119484572104899878e-01 1.016734918372803054e-01
1.126122489534813753e-01 1.016661739577713053e-01
1.132780010944728633e-01 1.016588997130269123e-01
1.139457136334643961e-01 1.016516687863513874e-01
1.146153865704559877e-01 1.016444808656765536e-01
1.152870199054476102e-01 1.016373356397565764e-01
1.159606136384392638e-01 1.016302328018462015e-01
1.166361677694310039e-01 1.016231720460143706e-01
1.173136822984227889e-01 1.016161530707173632e-01
1.179931572254146188e-01 1.016091755752499687e-01
1.186745925504064658e-01 1.016022392631732857e-01
1.193579882733983993e-01 1.015953438388968039e-01
1.200433443943903777e-01 1.015884890109501199e-01
1.207306609133824149e-01 1.015816744887337447e-01
1.214199378303744969e-01 1.015748999856427442e-01
1.221111751453665961e-01 1.015681652159852177e-01
1.228043728583587818e-01 1.015614698979295794e-01
1.234995309693510124e-01 1.015548137505885434e-01
1.241966494783433017e-01 1.015481964967812623e-01
1.248957283853355943e-01 1.015416178603194136e-01
1.255967676903279873e-01 1.015350775685822660e-01
1.262997673933204390e-01 1.015285753499982208e-01
1.270047274943129079e-01 1.015221109364214530e-01
1.277116479933054216e-01 1.015156840607994160e-01
1.284205288902980080e-01 1.015092944593533886e-01
1.291313701852906393e-01 1.015029418694590735e-01
1.298441718782833154e-01 1.014966260316228497e-01
1.305589339692760642e-01 1.014903466875682891e-01
1.312756564582688024e-01 1.014841035820076010e-01
1.319943393452616409e-01 1.014778964609165807e-01
1.327149826302545244e-01 1.014717250731266840e-01
1.334375863132474527e-01 1.014655891687835376e-01
1.341621503942403981e-01 1.014594885007580466e-01
1.348886748732334440e-01 1.014534228232888136e-01
1.356171597502265069e-01 1.014473918932112251e-01
1.363476050252196425e-01 1.014413954687785058e-01
1.370800106982128508e-01 1.014354333107201078e-01
1.378143767692060206e-01 1.014295051812090231e-01
1.385507032381993187e-01 1.014236108446907036e-01
1.392889901051926616e-01 1.014177500675362553e-01
1.400292373701860493e-01 1.014119226174643590e-01
1.407714450331794265e-01 1.014061282649394713e-01
1.415156130941729040e-01 1.014003667813352660e-01
1.422617415531664542e-01 1.013946379407038023e-01
1.430098304101600493e-01 1.013889415181392084e-01
1.437598796651536337e-01 1.013832772912469232e-01
1.445118893181473185e-01 1.013776450387565559e-01
1.452658593691410482e-01 1.013720445417536364e-01
1.460217898181348506e-01 1.013664755825365860e-01
1.467796806651286701e-01 1.013609379456207188e-01
1.475395319101225067e-01 1.013554314167931375e-01
1.483013435531164437e-01 1.013499557838497961e-01
1.490651155941104256e-01 1.013445108362762276e-01
1.498308480331044801e-01 1.013390963648114901e-01
1.505985408700985240e-01 1.013337121625376286e-01
1.513681941050926405e-01 1.013283580234441150e-01
1.521398077380868297e-01 1.013230337437927425e-01
1.529133817690810637e-01 1.013177391208835709e-01
1.536889161980753704e-01 1.013124739541241132e-01
1.544664110250696387e-01 1.013072380440415560e-01
1.552458662500640352e-01 1.013020311931341205e-01
1.560272818730584765e-01 1.012968532051741199e-01
1.568106578940529627e-01 1.012917038854820595e-01
1.575959943130474383e-01 1.012865830412319201e-01
1.583832911300420421e-01 1.012814904805519889e-01
1.591725483450366629e-01 1.012764260136622824e-01
1.599637659580313565e-01 1.012713894517464769e-01
1.607569439690260948e-01 1.012663806079054929e-01
1.615520823780208504e-01 1.012613992963102977e-01
1.623491811850156785e-01 1.012564453329180963e-01
1.631482403900105516e-01 1.012515185348320385e-01
1.639492599930054972e-01 1.012466187207665541e-01
1.647522399940004323e-01 1.012417457108399504e-01
1.655571803929954677e-01 1.012368993263465800e-01
1.663640811899905481e-01 1.012320793903349614e-01
1.671729423849857010e-01 1.012272857268365495e-01
1.679837639779808434e-01 1.012225181615821618e-01
1.687965459689760583e-01 1.012177765213736619e-01
1.696112883579713460e-01 1.012130606345340855e-01
1.704279911449667062e-01 1.012083703306995569e-01
1.712466543299620836e-01 1.012037054406291076e-01
1.720672779129574781e-01 1.011990657967105911e-01
1.728898618939529452e-01 1.011944512322806855e-01
1.737144062729484850e-01 1.011898615822530156e-01
1.745409110499440697e-01 1.011852966825733530e-01
1.753693762249396715e-01 1.011807563706034613e-01
1.761998017979353459e-01 1.011762404849391173e-01
1.770321877689310930e-01 1.011717488652569830e-01
1.778665341379268849e-01 1.011672813527255549e-01
1.787028409049227218e-01 1.011628377895064518e-01
1.795411080699185480e-01 1.011584180190114729e-01
1.803813356329145023e-01 1.011540218860298573e-01
1.812235235939104738e-01 1.011496492362125438e-01
1.820676719529065180e-01 1.011452999167332112e-01
1.829137807099025514e-01 1.011409737756385208e-01
1.837618498648986853e-01 1.011366706623620243e-01
1.846118794178948919e-01 1.011323904273364882e-01
1.854638693688911155e-01 1.011281329221533076e-01
1.863178197178873563e-01 1.011238979996615245e-01
1.871737304648836975e-01 1.011196855136078793e-01
1.880316016098800835e-01 1.011154953190373379e-01
1.888914331528765145e-01 1.011113272720566142e-01
1.897532250938729903e-01 1.011071812297202194e-01
1.906169774328694833e-01 1.011030570504250908e-01
1.914826901698660766e-01 1.010989545933650979e-01
1.923503633048627148e-01 1.010948737190308089e-01
1.932199968378593979e-01 1.010908142887919081e-01
1.940915907688560982e-01 1.010867761651766672e-01
1.949651450978528711e-01 1.010827592117316820e-01
1.958406598248497166e-01 1.010787632929495139e-01
1.967181349498466070e-01 1.010747882744906234e-01
1.975975704728435423e-01 1.010708340229025115e-01
1.984789663938404669e-01 1.010669004057651171e-01
1.993623227128375197e-01 1.010629872917453431e-01
2.002476394298345896e-01 1.010590945503372917e-01
2.011349165448317322e-01 1.010552220521544753e-01
2.020241540578288642e-01 1.010513696687457413e-01
2.029153519688260965e-01 1.010475372725359866e-01
2.038085102778234015e-01 1.010437247370669367e-01
2.047036289848207236e-01 1.010399319366880044e-01
2.056007080898180628e-01 1.010361587467295957e-01
2.064997475928155024e-01 1.010324050435370546e-01
2.074007474938129869e-01 1.010286707042253873e-01
2.083037077928105441e-01 1.010249556069640897e-01
2.092086284898081183e-01 1.010212596307963201e-01
2.101155095848057097e-01 1.010175826555837486e-01
2.110243510778034015e-01 1.010139245622381360e-01
2.119351529688011382e-01 1.010102852324249317e-01
2.128479152577989197e-01 1.010066645487306125e-01
2.137626379447967184e-01 1.010030623946902018e-01
2.146793210297945897e-01 1.009994786545617002e-01
2.155979645127925337e-01 1.009959132135929277e-01
2.165185683937905226e-01 1.009923659578410571e-01
2.174411326727885563e-01 1.009888367741483550e-01
2.183656573497865794e-01 1.009853255503194436e-01
2.192921424247847306e-01 1.009818321748819775e-01
2.202205878977829268e-01 1.009783565372231878e-01
2.211509937687811678e-01 1.009748985276062022e-01
2.220833600377793982e-01 1.009714580369970444e-01
2.230176867047777289e-01 1.009680349572667085e-01
2.239539737697761046e-01 1.009646291810514934e-01
2.248922212327745529e-01 1.009612406017372926e-01
2.258324290937730461e-01 1.009578691135867151e-01
2.267745973527715286e-01 1.009545146115625042e-01
2.277187260097701116e-01 1.009511769914283735e-01
2.286648150647687394e-01 1.009478561497537952e-01
2.296128645177674399e-01 1.009445519837951638e-01
2.305628743687661297e-01 1.009412643916331315e-01
2.315148446177649200e-01 1.009379932720721879e-01
2.324687752647637551e-01 1.009347385246383011e-01
2.334246663097626351e-01 1.009315000496464332e-01
2.343825177527615322e-01 1.009282777480916687e-01
2.353423295937605020e-01 1.009250715217387545e-01
2.363041018327595444e-01 1.009218812730252740e-01
2.372678344697586317e-01 1.009187069051748487e-01
2.382335275047577638e-01 1.009155483220304655e-01
2.392011809377569131e-01 1.009124054282140720e-01
2.401707947687561351e-01 1.009092781290222840e-01
2.411423689977554297e-01 1.009061663304073597e-01
2.421159036247547691e-01 1.009030699390797703e-01
2.430913986497540979e-01 1.008999888623678259e-01
2.440688540727535549e-01 1.008969230083017338e-01
2.450482698937530290e-01 1.008938722856013159e-01
2.460296461127525758e-01 1.008908366036078003e-01
2.470129827297521674e-01 1.008878158723692242e-01
2.479982797447517484e-01 1.008848100025513395e-01
2.489855371577514298e-01 1.008818189055053355e-01
2.499747549687511561e-01 1.008788424931822553e-01
2.509659331777509550e-01 1.008758806782295153e-01
2.519590717847506878e-01 1.008729333738796474e-01
2.529541707897505765e-01 1.008700004940162043e-01
2.539512301927505100e-01 1.008670819531626295e-01
2.549502499937504885e-01 1.008641776664266076e-01
2.559512301927505673e-01 1.008612875495672329e-01
2.569541707897506355e-01 1.008584115189265634e-01
2.579590717847507486e-01 1.008555494914807477e-01
2.589659331777509621e-01 1.008527013847662634e-01
2.599747549687512205e-01 1.008498671169680144e-01
2.609855371577514682e-01 1.008470466068163984e-01
2.619982797447518164e-01 1.008442397736509233e-01
2.630129827297520984e-01 1.008414465374018604e-01
2.640296461127525363e-01 1.008386668185501517e-01
2.650482698937530190e-01 1.008359005381802148e-01
2.660688540727535467e-01 1.008331476179227804e-01
2.670913986497541748e-01 1.008304079799939856e-01
2.681159036247547922e-01 1.008276815471432220e-01
2.691423689977554545e-01 1.008249682427102972e-01
2.701707947687562172e-01 1.008222679905532021e-01
2.712011809377570248e-01 1.008195807151054946e-01
2.722335275047577108e-01 1.008169063413178468e-01
2.732678344697586081e-01 1.008142447947118076e-01
2.743041018327595504e-01 1.008115960013059309e-01
2.753423295937605375e-01 1.008089598876869691e-01
2.763825177527615695e-01 1.008063363809378610e-01
2.774246663097627019e-01 1.008037254086926321e-01
2.784687752647638237e-01 1.008011268990696846e-01
2.795148446177649904e-01 1.007985407807423794e-01
2.805628743687662574e-01 1.007959669828583649e-01
2.816128645177674028e-01 1.007934054350996395e-01
2.826648150647687596e-01 1.007908560676287202e-01
2.837187260097701613e-01 1.007883188111334122e-01
2.847745973527716079e-01 1.007857935967656909e-01
2.858324290937730994e-01 1.007832803562002250e-01
2.868922212327746357e-01 1.007807790215733690e-01
2.879539737697762170e-01 1.007782895255294742e-01
2.890176867047778431e-01 1.007758118011665566e-01
2.900833600377795141e-01 1.007733457820917666e-01
2.911509937687811744e-01 1.007708914023523056e-01
2.922205878977829352e-01 1.007684485964934068e-01
2.932921424247847964e-01 1.007660172995022141e-01
2.943656573497866469e-01 1.007635974468547163e-01
2.954411326727885978e-01 1.007611889744567529e-01
2.965185683937905936e-01 1.007587918186964027e-01
2.975979645127926343e-01 1.007564059163933434e-01
2.986793210297947199e-01 1.007540312048347125e-01
2.997626379447967393e-01 1.007516676217310170e-01
3.008479152577989146e-01 1.007493151052603342e-01
3.019351529688011904e-01 1.007469735940151878e-01
3.030243510778034555e-01 1.007446430270437787e-01
3.041155095848058210e-01 1.007423233438088928e-01
3.052086284898081758e-01 1.007400144842197226e-01
3.063037077928106311e-01 1.007377163885942034e-01
3.074007474938131312e-01 1.007354289976871015e-01
3.084997475928156763e-01 1.007331522526626610e-01
3.096007080898180996e-01 1.007308860951086904e-01
3.107036289848207899e-01 1.007286304670173133e-01
3.118085102778234696e-01 1.007263853108033430e-01
3.129153519688261942e-01 1.007241505692750005e-01
3.140241540578289636e-01 1.007219261856544812e-01
3.151349165448318335e-01 1.007197121035615511e-01
3.162476394298346927e-01 1.007175082670101890e-01
3.173623227128376523e-01 1.007153146204206040e-01
3.184789663938406568e-01 1.007131311085887326e-01
3.195975704728435396e-01 1.007109576767169223e-01
3.207181349498466338e-01 1.007087942703796257e-01
3.218406598248497730e-01 1.007066408355464793e-01
3.229651450978529570e-01 1.007044973185567405e-01
3.240915907688562414e-01 1.007023636661390081e-01
3.252199968378595152e-01 1.007002398253860620e-01
3.263503633048628338e-01 1.006981257437715022e-01
3.274826901698662529e-01 1.006960213691350803e-01
3.286169774328696613e-01 1.006939266496801461e-01
3.297532250938730591e-01 1.006918415339844303e-01
3.308914331528765573e-01 1.006897659709720116e-01
3.320316016098801559e-01 1.006876999099429321e-01
3.331737304648837994e-01 1.006856433005381413e-01
3.343178197178874878e-01 1.006835960927649903e-01
3.354638693688912210e-01 1.006815582369699064e-01
3.366118794178950546e-01 1.006795296838607773e-01
3.377618498648988776e-01 1.006775103844792518e-01
3.389137807099027455e-01 1.006755002902192386e-01
3.400676719529066028e-01 1.006734993528123900e-01
3.412235235939105604e-01 1.006715075243265617e-01
3.423813356329146185e-01 1.006695247571719187e-01
3.435411080699187214e-01 1.006675510040848792e-01
3.447028409049228137e-01 1.006655862181400352e-01
3.458665341379270064e-01 1.006636303527354837e-01
3.470321877689312440e-01 1.006616833615976980e-01
3.481998017979355819e-01 1.006597451987803898e-01
3.493693762249399093e-01 1.006578158186518662e-01
3.505409110499441705e-01 1.006558951759088522e-01
3.517144062729485876e-01 1.006539832255572142e-01
3.528898618939531051e-01 1.006520799229230351e-01
3.540672779129576120e-01 1.006501852236437733e-01
3.552466543299622193e-01 1.006482990836647523e-01
3.564279911449668714e-01 1.006464214592451556e-01
3.576112883579715684e-01 1.006445523069426362e-01
3.587965459689763104e-01 1.006426915836263342e-01
3.599837639779809306e-01 1.006408392464612916e-01
3.611729423849858178e-01 1.006389952529154475e-01
3.623640811899906944e-01 1.006371595607540026e-01
3.635571803929956158e-01 1.006353321280339663e-01
3.647522399940006377e-01 1.006335129131112616e-01
3.659492599930056489e-01 1.006317018746270275e-01
3.671482403900107605e-01 1.006298989715165293e-01
3.683491811850159170e-01 1.006281041630002898e-01
3.695520823780210629e-01 1.006263174085810091e-01
3.707569439690261981e-01 1.006245386680500592e-01
3.719637659580314892e-01 1.006227679014748966e-01
3.731725483450368253e-01 1.006210050692044888e-01
3.743832911300422062e-01 1.006192501318642768e-01
3.755959943130476320e-01 1.006175030503563411e-01
3.768106578940531581e-01 1.006157637858523662e-01
3.780272818730586737e-01 1.006140322998005654e-01
3.792458662500642896e-01 1.006123085539132600e-01
3.804664110250698950e-01 1.006105925101754561e-01
3.816889161980754896e-01 1.006088841308332704e-01
3.829133817690812402e-01 1.006071833784005082e-01
3.841398077380869802e-01 1.006054902156513081e-01
3.853681941050928206e-01 1.006038046056184909e-01
3.865985408700987613e-01 1.006021265115979030e-01
3.878308480331046915e-01 1.006004558971363427e-01
3.890651155941106665e-01 1.005987927260412057e-01
3.903013435531166864e-01 1.005971369623680500e-01
3.915395319101228067e-01 1.005954885704272717e-01
3.927796806651288053e-01 1.005938475147773736e-01
3.940217898181350153e-01 1.005922137602262012e-01
3.952658593691412148e-01 1.005905872718254601e-01
3.965118893181475146e-01 1.005889680148749354e-01
3.977598796651538593e-01 1.005873559549132351e-01
3.990098304101602489e-01 1.005857510577240349e-01
4.002617415531666833e-01 1.005841532893294449e-01
4.015156130941732182e-01 1.005825626159881220e-01
4.027714450331797424e-01 1.005809790041966162e-01
4.040292373701862005e-01 1.005794024206863035e-01
4.052889901051928145e-01 1.005778328324223453e-01
4.065507032381995289e-01 1.005762702065992747e-01
4.078143767692062882e-01 1.005747145106438700e-01
4.090800106982130369e-01 1.005731657122106854e-01
4.103476050252198859e-01 1.005716237791825646e-01
4.116171597502267798e-01 1.005700886796647014e-01
4.128886748732337186e-01 1.005685603819905238e-01
4.141621503942407023e-01 1.005670388547123401e-01
4.154375863132476199e-01 1.005655240666055994e-01
4.167149826302546933e-01 1.005640159866647010e-01
4.179943393452618672e-01 1.005625145841017865e-01
4.192756564582690304e-01 1.005610198283470313e-01
4.205589339692762940e-01 1.005595316890430663e-01
4.218441718782836025e-01 1.005580501360500839e-01
4.231313701852909004e-01 1.005565751394370683e-01
4.244205288902982987e-01 1.005551066694869572e-01
4.257116479933056308e-01 1.005536446966894260e-01
4.270047274943131188e-01 1.005521891917457306e-01
4.282997673933206517e-01 1.005507401255610750e-01
4.295967676903282295e-01 1.005492974692477337e-01
4.308957283853359077e-01 1.005478611941212769e-01
4.321966494783435753e-01 1.005464312717017222e-01
4.334995309693513432e-01 1.005450076737081089e-01
4.348043728583591006e-01 1.005435903720623414e-01
4.361111751453669583e-01 1.005421793388835139e-01
4.374199378303746943e-01 1.005407745464889091e-01
4.387306609133826418e-01 1.005393759673924858e-01
4.400433443943906342e-01 1.005379835743035327e-01
4.413579882733986715e-01 1.005365973401231849e-01
4.426745925504067536e-01 1.005352172379478659e-01
4.439931572254149361e-01 1.005338432410645827e-01
4.453136822984231080e-01 1.005324753229496076e-01
4.466361677694313248e-01 1.005311134572687976e-01
4.479606136384396420e-01 1.005297576178758728e-01
4.492870199054478375e-01 1.005284077788109048e-01
4.506153865704562445e-01 1.005270639142999134e-01
4.519457136334646408e-01 1.005257259987520080e-01
4.532780010944731375e-01 1.005243940067608310e-01
4.546122489534816791e-01 1.005230679131001864e-01
4.559484572104903211e-01 1.005217476927263848e-01
4.572866258654989524e-01 1.005204333207740386e-01
4.586267549185076287e-01 1.005191247725574499e-01
4.599688443695163498e-01 1.005178220235672382e-01
4.613128942185250048e-01 1.005165250494708673e-01
4.626589044655338712e-01 1.005152338261109668e-01
4.640068751105427269e-01 1.005139483295040131e-01
4.653568061535516831e-01 1.005126685358407740e-01
4.667086975945606842e-01 1.005113944214816035e-01
4.680625494335697301e-01 1.005101259629601340e-01
4.694183616705788209e-01 1.005088631369782937e-01
4.707761343055879566e-01 1.005076059204082772e-01
4.721358673385971372e-01 1.005063542902882301e-01
4.734975607696062516e-01 1.005051082238255927e-01
4.748612145986155220e-01 1.005038676983906754e-01
4.762268288256248927e-01 1.005026326915208074e-01
4.775944034506342528e-01 1.005014031809162434e-01
4.789639384736437133e-01 1.005001791444403159e-01
4.803354338946532187e-01 1.004989605601171870e-01
4.817088897136627690e-01 1.004977474061336251e-01
4.830843059306723641e-01 1.004965396608342998e-01
4.844616825456818376e-01 1.004953373027254182e-01
4.858410195586915226e-01 1.004941403104673003e-01
4.872223169697012524e-01 1.004929486628817620e-01
4.886055747787110826e-01 1.004917623389432746e-01
4.899907929857209021e-01 1.004905813177829205e-01
4.913779715907308221e-01 1.004894055786865054e-01
4.927671105937407314e-01 1.004882351010924491e-01
4.941582099947507412e-01 1.004870698645919380e-01
4.955512697937607958e-01 1.004859098489274960e-01
4.969462899907707287e-01 1.004847550339924150e-01
4.983432705857808731e-01 1.004836053998306167e-01
4.997422115787910624e-01 1.004824609266343344e-01
5.011431129698012965e-01 1.004813215947435584e-01
5.025459747588115755e-01 1.004801873846457305e-01
5.039507969458218994e-01 1.004790582769762297e-01
5.053575795308323793e-01 1.004779342525135843e-01
5.067663225138427929e-01 1.004768152921829000e-01
5.081770258948532515e-01 1.004757013770520846e-01
5.095896896738636439e-01 1.004745924883336250e-01
5.110043138508743032e-01 1.004734886073807565e-01
5.124208984258848965e-01 1.004723897156886842e-01
5.138394433988955345e-01 1.004712957948945828e-01
5.152599487699063285e-01 1.004702068267736281e-01
5.166824145389171674e-01 1.004691227932413139e-01
5.181068407059279401e-01 1.004680436763523144e-01
5.195332272709388688e-01 1.004669694582968342e-01
5.209615742339498423e-01 1.004659001214037728e-01
5.223918815949606387e-01 1.004648356481368660e-01
5.238241493539717020e-01 1.004637760210969899e-01
5.252583775109828101e-01 1.004627212230179700e-01
5.266945660659939632e-01 1.004616712367678300e-01
5.281327150190051611e-01 1.004606260453487221e-01
5.295728243700164040e-01 1.004595856318946517e-01
5.310148941190276917e-01 1.004585499796712134e-01
5.324589242660390243e-01 1.004575190720760069e-01
5.339049148110504017e-01 1.004564928926356265e-01
5.353528657540617131e-01 1.004554714250073671e-01
5.368027770950731803e-01 1.004544546529772958e-01
5.382546488340846924e-01 1.004534425604594883e-01
5.397084809710962494e-01 1.004524351314965425e-01
5.411642735061079623e-01 1.004514323502570111e-01
5.426220264391196091e-01 1.004504342010365397e-01
5.440817397701314118e-01 1.004494406682559238e-01
5.455434134991431483e-01 1.004484517364612473e-01
5.470070476261550407e-01 1.004474673903232029e-01
5.484726421511667560e-01 1.004464876146358848e-01
5.499401970741787382e-01 1.004455123943167882e-01
5.514097123951906543e-01 1.004445417144059910e-01
5.528811881142027262e-01 1.004435755600647101e-01
5.543546242312148431e-01 1.004426139165762871e-01
5.558300207462270048e-01 1.004416567693451751e-01
5.573073776592392115e-01 1.004407041038944959e-01
5.587866949702514630e-01 1.004397559058680528e-01
5.602679726792635373e-01 1.004388121610278323e-01
5.617512107862758786e-01 1.004378728552547395e-01
5.632364092912882647e-01 1.004369379745470858e-01
5.647235681943006957e-01 1.004360075050204359e-01
5.662126874953131717e-01 1.004350814329073166e-01
5.677037671943258035e-01 1.004341597445554957e-01
5.691968072913383692e-01 1.004332424264293144e-01
5.706918077863509797e-01 1.004323294651071480e-01
5.721887686793637462e-01 1.004314208472826958e-01
5.736876899703762245e-01 1.004305165597624699e-01
5.751885716593890807e-01 1.004296165894676962e-01
5.766914137464018708e-01 1.004287209234314554e-01
5.781962162314148168e-01 1.004278295487991968e-01
5.797029791144278077e-01 1.004269424528287519e-01
5.812117023954407324e-01 1.004260596228886138e-01
5.827223860744538131e-01 1.004251810464587280e-01
5.842350301514669386e-01 1.004243067111291604e-01
5.857496346264799980e-01 1.004234366045990701e-01
5.872661994994931023e-01 1.004225707146783469e-01
5.887847247705062514e-01 1.004217090292840037e-01
5.903052104395195565e-01 1.004208515364437421e-01
5.918276565065329065e-01 1.004199982242902772e-01
5.933520629715463013e-01 1.004191490810660975e-01
5.948784298345597410e-01 1.004183040951201616e-01
5.964067570955732256e-01 1.004174632549073160e-01
5.979370447545868661e-01 1.004166265489885024e-01
5.994692928116004405e-01 1.004157939660312721e-01
6.010035012666138377e-01 1.004149654948076759e-01
6.025396701196276128e-01 1.004141411241940979e-01
6.040777993706413218e-01 1.004133208431725321e-01
6.056178890196550757e-01 1.004125046408275296e-01
6.071599390666689855e-01 1.004116925063480437e-01
6.087039495116828292e-01 1.004108844290255292e-01
6.102499203546968287e-01 1.004100803982552470e-01
6.117978515957107621e-01 1.004092804035323500e-01
6.133477432347248515e-01 1.004084844344569072e-01
6.148995952717387636e-01 1.004076924807278948e-01
6.164534077067529427e-01 1.004069045321471371e-01
6.180091805397671667e-01 1.004061205786160593e-01
6.195669137707813245e-01 1.004053406101369783e-01
6.211266073997956383e-01 1.004045646168115064e-01
6.226882614268099969e-01 1.004037925888424942e-01
6.242518758518244004e-01 1.004030245165292712e-01
6.258174506748388488e-01 1.004022603902731264e-01
6.273849858958533421e-01 1.004015002005710505e-01
6.289544815148676582e-01 1.004007439380202177e-01
6.305259375318823523e-01 1.003999915933147802e-01
6.320993539468969802e-01 1.003992431572464095e-01
6.336747307599116530e-01 1.003984986207034219e-01
6.352520679709263707e-01 1.003977579746723747e-01
6.368313655799411332e-01 1.003970212102345827e-01
6.384126235869560517e-01 1.003962883185687410e-01
6.399958419919709041e-01 1.003955592909487465e-01
6.415810207949856903e-01 1.003948341187445303e-01
6.431681599960007434e-01 1.003941127934206284e-01
6.447572595950157304e-01 1.003933953065369311e-01
6.463483195920308733e-01 1.003926816497476976e-01
6.479413399870459500e-01 1.003919718148025692e-01
6.495363207800611827e-01 1.003912657935427943e-01
6.511332619710764602e-01 1.003905635779056144e-01
6.527321635600916716e-01 1.003898651599216818e-01
6.543330255471070389e-01 1.003891705317131039e-01
6.559358479321222291e-01 1.003884796854969258e-01
6.575406307151376861e-01 1.003877926135808840e-01
6.591473738961531881e-01 1.003871093083678057e-01
6.607560774751687349e-01 1.003864297623495300e-01
6.623667414521843266e-01 1.003857539681120431e-01
6.639793658271999632e-01 1.003850819183319948e-01
6.655939506002157557e-01 1.003844136057778780e-01
6.672104957712314821e-01 1.003837490233093349e-01
6.688290013402472534e-01 1.003830881638767270e-01
6.704494673072629585e-01 1.003824310205211484e-01
6.720718936722788195e-01 1.003817775863743156e-01
6.736962804352947254e-01 1.003811278546579561e-01
6.753226275963107872e-01 1.003804818186845166e-01
6.769509351553267829e-01 1.003798394718552478e-01
6.785812031123429344e-01 1.003792008076627718e-01
6.802134314673590199e-01 1.003785658196863634e-01
6.818476202203752612e-01 1.003779345015976127e-01
6.834837693713914364e-01 1.003773068471549013e-01
6.851218789204075454e-01 1.003766828502071079e-01
6.867619488674239214e-01 1.003760625046904442e-01
6.884039792124403423e-01 1.003754458046302728e-01
6.900479699554568080e-01 1.003748327441408156e-01
6.916939210964733187e-01 1.003742233174229059e-01
6.933418326354898742e-01 1.003736175187674162e-01
6.949917045725064746e-01 1.003730153425513028e-01
6.966435369075231199e-01 1.003724167832405617e-01
6.982973296405398100e-01 1.003718218353877034e-01
6.999530827715563230e-01 1.003712304936331123e-01
7.016107963005731030e-01 1.003706427527046724e-01
7.032704702275899278e-01 1.003700586074167261e-01
7.049321045526069085e-01 1.003694780526710739e-01
7.065956992756238231e-01 1.003689010834568213e-01
7.082612543966407825e-01 1.003683276948487135e-01
7.099287699156578979e-01 1.003677578820086902e-01
7.115982458326749471e-01 1.003671916401858988e-01
7.132696821476921523e-01 1.003666289647150156e-01
7.149430788607090692e-01 1.003660698510167315e-01
7.166184359717263641e-01 1.003655142945990286e-01
7.182957534807437039e-01 1.003649622910557510e-01
7.199750313877609775e-01 1.003644138360653831e-01
7.216562696927784071e-01 1.003638689253948529e-01
7.233394683957958815e-01 1.003633275548948267e-01
7.250246274968132898e-01 1.003627897205022074e-01
7.267117469958308540e-01 1.003622554182411059e-01
7.284008268928482410e-01 1.003617246442190108e-01
7.300918671878658950e-01 1.003611973946308827e-01
7.317848678808835938e-01 1.003606736657560033e-01
7.334798289719013376e-01 1.003601534539599188e-01
7.351767504609192372e-01 1.003596367556936625e-01
7.368756323479370707e-01 1.003591235674928528e-01
7.385764746329549491e-01 1.003586138859794835e-01
7.402792773159728723e-01 1.003581077078602585e-01
7.419840403969908404e-01 1.003576050299279099e-01
7.436907638760087425e-01 1.003571058490592832e-01
7.453994477530268004e-01 1.003566101622173495e-01
7.471100920280450142e-01 1.003561179664510389e-01
7.488226967010631618e-01 1.003556292588930615e-01
7.505372617720814654e-01 1.003551440367626696e-01
7.522537872410997029e-01 1.003546622973634922e-01
7.539722731081180962e-01 1.003541840380847289e-01
7.556927193731364234e-01 1.003537092564021765e-01
7.574151260361549065e-01 1.003532379498745242e-01
7.591394930971732125e-01 1.003527701161477520e-01
7.608658205561917853e-01 1.003523057529527585e-01
7.625941084132104031e-01 1.003518448581057626e-01
7.643243566682289547e-01 1.003513874295079711e-01
7.660565653212476622e-01 1.003509334651475765e-01
7.677907343722664146e-01 1.003504829630967460e-01
7.695268638212852119e-01 1.003500359215141746e-01
7.712649536683040541e-01 1.003495923386440031e-01
7.730050039133229411e-01 1.003491522128163727e-01
7.747470145563417621e-01 1.003487155424474808e-01
7.764909855973607389e-01 1.003482823260383600e-01
7.782369170363797606e-01 1.003478525621774725e-01
7.799848088733989382e-01 1.003474262495382269e-01
7.817346611084180497e-01 1.003470033868816003e-01
7.834864737414372060e-01 1.003465839730532660e-01
7.852402467724565183e-01 1.003461680069869383e-01
7.869959802014757644e-01 1.003457554877015268e-01
7.887536740284951664e-01 1.003453464143031354e-01
7.905133282535142802e-01 1.003449407859853121e-01
7.922749428765337720e-01 1.003445386020274666e-01
7.940385178975533087e-01 1.003441398617967856e-01
7.958040533165727792e-01 1.003437445647471088e-01
7.975715491335924057e-01 1.003433527104206913e-01
7.993410053486120770e-01 1.003429642984459413e-01
8.011124219616317932e-01 1.003425793285399326e-01
8.028857989726515543e-01 1.003421978005073906e-01
8.046611363816711382e-01 1.003418197142407903e-01
8.064384341886909890e-01 1.003414450697208277e-01
8.082176923937108848e-01 1.003410738670175301e-01
8.099989109967308254e-01 1.003407061062881606e-01
8.117820899977508109e-01 1.003403417877798548e-01
8.135672293967708413e-01 1.003399809118278724e-01
8.153543291937909165e-01 1.003396234788575675e-01
8.171433893888111477e-01 1.003392694893832510e-01
8.189344099818313127e-01 1.003389189440091062e-01
8.207273909728513006e-01 1.003385718434290919e-01
8.225223323618716664e-01 1.003382281884271643e-01
8.243192341488919661e-01 1.003378879798782625e-01
8.261180963339124217e-01 1.003375512187475588e-01
8.279189189169328111e-01 1.003372179060912361e-01
8.297217018979533565e-01 1.003368880430561966e-01
8.315264452769738357e-01 1.003365616308824204e-01
8.333331490539944708e-01 1.003362386708992193e-01
8.351418132290151508e-01 1.003359191645301074e-01
8.369524378020356536e-01 1.003356031132894566e-01
8.387650227730564234e-01 1.003352905187857302e-01
8.405795681420771270e-01 1.003349813827189574e-01
8.423960739090979866e-01 1.003346757068833833e-01
8.442145400741188910e-01 1.003343734931661235e-01
8.460349666371398403e-01 1.003340747435491065e-01
8.478573535981608345e-01 1.003337794601081162e-01
8.496817009571818735e-01 1.003334876450135416e-01
8.515080087142030685e-01 1.003331993005305289e-01
8.533362768692239753e-01 1.003329144290205505e-01
8.551665054222451490e-01 1.003326330329397387e-01
8.569986943732663676e-01 1.003323551148411902e-01
8.588328437222877421e-01 1.003320806773741886e-01
8.606689534693090504e-01 1.003318097232845374e-01
8.625070236143304037e-01 1.003315422554166142e-01
8.643470541573519128e-01 1.003312782767112749e-01
8.661890450983733558e-01 1.003310177902080602e-01
8.680329964373949547e-01 1.003307607990456818e-01
8.698789081744163765e-01 1.003305073064609115e-01
8.717267803094379541e-01 1.003302573157906497e-01
8.735766128424596877e-01 1.003300108304724381e-01
8.754284057734814661e-01 1.003297678540426702e-01
8.772821591025032895e-01 1.003295283901399493e-01
8.791378728295250466e-01 1.003292924425041033e-01
8.809955469545469597e-01 1.003290600149766981e-01
8.828551814775689177e-01 1.003288311115020232e-01
8.847167763985909206e-01 1.003286057361271050e-01
8.865803317176127463e-01 1.003283838930022626e-01
8.884458474346348389e-01 1.003281655863822591e-01
8.903133235496569764e-01 1.003279508206265103e-01
8.921827600626792698e-01 1.003277396001998473e-01
8.940541569737014971e-01 1.003275319296713097e-01
8.959275142827237692e-01 1.003273278137183089e-01
8.978028319897460863e-01 1.003271272571239908e-01
8.996801100947685592e-01 1.003269302647787076e-01
9.015593485977907440e-01 1.003267368416822514e-01
9.034405474988133067e-01 1.003265469929418702e-01
9.053237067978358033e-01 1.003263607237747518e-01
9.072088264948584557e-01 1.003261780395077740e-01
9.090959065898810421e-01 1.003259989455792395e-01
9.109849470829037843e-01 1.003258234475382787e-01
9.128759479739264604e-01 1.003256515510458496e-01
9.147689092629492924e-01 1.003254832618759723e-01
9.166638309499721693e-01 1.003253185859160762e-01
9.185607130349948690e-01 1.003251575291678743e-01
9.204595555180178357e-01 1.003250000977473910e-01
9.223603583990407362e-01 1.003248462978871547e-01
9.242631216780637926e-01 1.003246961359355177e-01
9.261678453550868939e-01 1.003245496183578084e-01
9.280745294301100401e-01 1.003244067517376492e-01
9.299831739031333422e-01 1.003242675427772346e-01
9.318937787741565781e-01 1.003241319982989266e-01
9.338063440431798590e-01 1.003240001252442282e-01
9.357208697102029626e-01 1.003238719306768917e-01
9.376373557752263332e-01 1.003237474217821001e-01
9.395558022382498597e-01 1.003236266058680909e-01
9.414762090992733201e-01 1.003235094903672658e-01
9.433985763582968254e-01 1.003233960828359139e-01
9.453229040153204865e-01 1.003232863909571670e-01
9.472491920703440815e-01 1.003231804225388490e-01
9.491774405233678324e-01 1.003230781855180415e-01
9.511076493743915172e-01 1.003229796879591962e-01
9.530398186234151359e-01 1.003228849380564253e-01
9.549739482704390214e-01 1.003227939441339589e-01
9.569100383154629519e-01 1.003227067146477969e-01
9.588480887584868162e-01 1.003226232581856531e-01
9.607880995995108364e-01 1.003225435834696200e-01
9.627300708385349015e-01 1.003224676993551695e-01
9.646740024755590115e-01 1.003223956148337620e-01
9.666198945105831664e-01 1.003223273390337900e-01
9.685677469436073661e-01 1.003222628812208139e-01
9.705175597746313887e-01 1.003222022507992278e-01
9.724693330036556782e-01 1.003221454573138965e-01
9.744230666306800126e-01 1.003220925104504058e-01
9.763787606557043919e-01 1.003220434200359640e-01
9.783364150787289271e-01 1.003219981960430940e-01
9.802960298997533961e-01 1.003219568485867186e-01
9.822576051187779100e-01 1.003219193879296978e-01
9.842211407358025799e-01 1.003218858244805806e-01
9.861866367508271836e-01 1.003218561687969634e-01
9.881540931638517211e-01 1.003218304315867393e-01
9.901235099748764146e-01 1.003218086237070844e-01
9.920948871839012639e-01 1.003217907561697458e-01
9.940682247909260472e-01 1.003217768401387378e-01
9.960435227959509863e-01 1.003217668869332557e-01
9.980207811989759703e-01 1.003217609080297307e-01
1.000000000000000666e+00 1.003217589150618844e-01
