0.000000000000000000e+00 3.100105824030160995e-01
2.078119897502626434e-05 3.099934925808272013e-01
4.352279595010249372e-05 3.099747905872531351e-01
6.822479092522875592e-05 3.099544764223052806e-01
9.488718390040502381e-05 3.099325500860052873e-01
1.235099748756312839e-04 3.099090115783889599e-01
1.540931638509075632e-04 3.098838608995008181e-01
1.866367508262337669e-04 3.098570980494058658e-01
2.211407358016100034e-04 3.098287230281629445e-01
2.576051187770363269e-04 3.097987358358615384e-01
2.960298997525126832e-04 3.097671364725527177e-01
3.364150787280388555e-04 3.097339249383594395e-01
3.787606557036150606e-04 3.096991012333453752e-01
4.230666306792412444e-04 3.096626653575990096e-01
4.693330036549174067e-04 3.096246173112249811e-01
5.175597746306437102e-04 3.095849570942933449e-01
5.677469436064200466e-04 3.095436847068957498e-01
6.198945105822462531e-04 3.095008001490985317e-01
6.740024755581224382e-04 3.094563034209711905e-01
7.300708385340486020e-04 3.094101945225880002e-01
7.880995995100251780e-04 3.093624734539809906e-01
8.480887584860512989e-04 3.093131402152290987e-01
9.100383154621275068e-04 3.092621948063457027e-01
9.739482704382536934e-04 3.092096372273828164e-01
1.039818623414429750e-03 3.091554674783677514e-01
1.107649374390655894e-03 3.090996855593338699e-01
1.177440523366932558e-03 3.090422914703038759e-01
1.249192070343258659e-03 3.089832852113134076e-01
1.322904015319634847e-03 3.089226667823902206e-01
1.398576358296060905e-03 3.088604361835752821e-01
1.476209099272537051e-03 3.087965934149115577e-01
1.555802238249063716e-03 3.087311384764611644e-01
1.637355775225640036e-03 3.086640713683003745e-01
1.720869710202266008e-03 3.085953920905172287e-01
1.806344043178942285e-03 3.085251006432364607e-01
1.893778774155669082e-03 3.084531970266063960e-01
1.983173903132445098e-03 3.083796812408226007e-01
2.074529430109271419e-03 3.083045532860945737e-01
2.167845355086147393e-03 3.082278131627292916e-01
2.263121678063073454e-03 3.081494608710596550e-01
2.360358399040050469e-03 3.080694964115124335e-01
2.459555518017076271e-03 3.079879197845702965e-01
2.560713034994152593e-03 3.079047309908055641e-01
2.663830949971278568e-03 3.078199300308487874e-01
2.768909262948454630e-03 3.077335169054087882e-01
2.875947973925680780e-03 3.076454916152061014e-01
2.984947082902957450e-03 3.075558541609581531e-01
3.095906589880283773e-03 3.074646045432975483e-01
3.208826494857659750e-03 3.073717427626301846e-01
3.323706797835085814e-03 3.072772688190336110e-01
3.440547498812561965e-03 3.071811827119936278e-01
3.559348597790088636e-03 3.070834844401768571e-01
3.680110094767664961e-03 3.069841740011204911e-01
3.802831989745290939e-03 3.068832513908433812e-01
3.927514282722965704e-03 3.067807166036295996e-01
4.054156973700691856e-03 3.066765696317915180e-01
4.182760062678468095e-03 3.065708104659526922e-01
4.313323549656295289e-03 3.064634390959963262e-01
4.445847434634171702e-03 3.063544555133947966e-01
4.580331717612097335e-03 3.062438597160210274e-01
4.716776398590073922e-03 3.061316517169858087e-01
4.855181477568099729e-03 3.060178315602287147e-01
4.995546954546175623e-03 3.059023993470389446e-01
5.137872829524301604e-03 3.057853552797517582e-01
5.282159102502477672e-03 3.056666997326175084e-01
5.428405773480703828e-03 3.055464313504645535e-01
5.576612842458980070e-03 3.054245504799437683e-01
5.726780309437305531e-03 3.053010573260966920e-01
5.878908174415681948e-03 3.051759519999970860e-01
6.032996437394107583e-03 3.050492345530908533e-01
6.189045098372585908e-03 3.049209050012752220e-01
6.347054157351111718e-03 3.047909633412260733e-01
6.507023614329687615e-03 3.046594095608868846e-01
6.668953469308313599e-03 3.045262436459194588e-01
6.832843722286989670e-03 3.043914655832084537e-01
6.998694373265715828e-03 3.042550753624798099e-01
7.166505422244492073e-03 3.041170729767476710e-01
7.336276869223317537e-03 3.039774584220582554e-01
7.508008714202193956e-03 3.038362316969107080e-01
7.681700957181119595e-03 3.036933928015426165e-01
7.857353598160098790e-03 3.035489417372860821e-01
8.034966637139125470e-03 3.034028785060541855e-01
8.214540074118200502e-03 3.032552031098695311e-01
8.396073909097327356e-03 3.031059155506578562e-01
8.579568142076502563e-03 3.029550158299953444e-01
8.765022773055727856e-03 3.028025039491298309e-01
8.952437802035004971e-03 3.026483799089438320e-01
9.141813229014330439e-03 3.024926437099861865e-01
9.333149053993705993e-03 3.023352953525647036e-01
9.526445276973131635e-03 3.021763348368086133e-01
9.721701897952607363e-03 3.020157621627383993e-01
9.918918916932136648e-03 3.018535773303236969e-01
1.011809633391171255e-02 3.016897803395488520e-01
1.031923414889133854e-02 3.015243711903974888e-01
1.052233236187101462e-02 3.013573498829408281e-01
1.072739097285074078e-02 3.011887164172794007e-01
1.093440998183051703e-02 3.010184707935935067e-01
1.114338938881034163e-02 3.008466130120696080e-01
1.135432919379021806e-02 3.006731430729933652e-01
1.156722939677014457e-02 3.004980609766411126e-01
1.178208999775011943e-02 3.003213667233162742e-01
1.199891099673014612e-02 3.001430603133398711e-01
1.221769239371022463e-02 2.999631417470334793e-01
1.243843418869035149e-02 2.997816110247087384e-01
1.266113638167052670e-02 2.995984681466836719e-01
1.288579897265075200e-02 2.994137131132735274e-01
1.311242196163102738e-02 2.992273459247679623e-01
1.334100534861135459e-02 2.990393665814680690e-01
1.357154913359173015e-02 2.988497750836586198e-01
1.380405331657215580e-02 2.986585714316381535e-01
1.403851789755263153e-02 2.984657556256951616e-01
1.427494287653315735e-02 2.982713276661189128e-01
1.451332825351373326e-02 2.980752875531932355e-01
1.475367402849436273e-02 2.978776352872281596e-01
1.499598020147503881e-02 2.976783708685161178e-01
1.524024677245576498e-02 2.974774942973553160e-01
1.548647374143653950e-02 2.972750055740616126e-01
1.573466110841736931e-02 2.970709046989464253e-01
1.598480887339824227e-02 2.968651916723186734e-01
1.623691703637917053e-02 2.966578664945048183e-01
1.649098559736014366e-02 2.964489291658191639e-01
1.674701455634117209e-02 2.962383796865948327e-01
1.700500391332224540e-02 2.960262180571572865e-01
1.726495366830337400e-02 2.958124442778403140e-01
1.752686382128455442e-02 2.955970583489746506e-01
1.779073437226577625e-02 2.953800602708870349e-01
1.805656532124705685e-02 2.951614500439321276e-01
1.832435666822837886e-02 2.949412276684414413e-01
1.859410841320975616e-02 2.947193931447575910e-01
1.886582055619118528e-02 2.944959464732296861e-01
1.913949309717265929e-02 2.942708876542057261e-01
1.941512603615418858e-02 2.940442166880311015e-01
1.969271937313575929e-02 2.938159335750633594e-01
1.997227310811738876e-02 2.935860383156565501e-01
2.025378724109906312e-02 2.933545309101729393e-01
2.053726177208079276e-02 2.931214113589728498e-01
2.082269670106256382e-02 2.928866796624203239e-01
2.111009202804439364e-02 2.926503358208805694e-01
2.139944775302626487e-02 2.924123798347248449e-01
2.169076387600819486e-02 2.921728117043257966e-01
2.198404039699017321e-02 2.919316314300593462e-01
2.227927731597219643e-02 2.916888390123048014e-01
2.257647463295427495e-02 2.914444344514505181e-01
2.287563234793639835e-02 2.911984177478650904e-01
2.317675046091857705e-02 2.909507889019443683e-01
2.347982897190080062e-02 2.907015479140743763e-01
2.378486788088307949e-02 2.904506947846471898e-01
2.409186718786539977e-02 2.901982295140682622e-01
2.440082689284778228e-02 2.899441521027149027e-01
2.471174699583020273e-02 2.896884625509930644e-01
2.502462749681268195e-02 2.894311608593080898e-01
2.533946839579521298e-02 2.891722470280599366e-01
2.565626969277778543e-02 2.889117210576481187e-01
2.597503138776041318e-02 2.886495829484931885e-01
2.629575348074308580e-02 2.883858327009983791e-01
2.661843597172581372e-02 2.881204703155982316e-01
2.694307886070858651e-02 2.878534957927160742e-01
2.726968214769141807e-02 2.875849091327892237e-01
2.759824583267428758e-02 2.873147103362618804e-01
2.792876991565721931e-02 2.870428994035847947e-01
2.826125439664019939e-02 2.867694763352151566e-01
2.859569927562322089e-02 2.864944411315873407e-01
2.893210455260630115e-02 2.862177937931105198e-01
2.927047022758941935e-02 2.859395343201602824e-01
2.961079630057259979e-02 2.856596627130593702e-01
2.995308277155582163e-02 2.853781789720878370e-01
3.029732964053910224e-02 2.850950830975023664e-01
3.064353690752242426e-02 2.848103750896164854e-01
3.099170457250580504e-02 2.845240549489313486e-01
3.134183263548922377e-02 2.842361226763055471e-01
3.169392109647270472e-02 2.839465782730966614e-01
3.204796995545623056e-02 2.836554217411903500e-01
3.240397921243980128e-02 2.833626530826798828e-01
3.276194886742343076e-02 2.830682722989051880e-01
3.312187892040710513e-02 2.827722793887091912e-01
3.348376937139083825e-02 2.824746743462138165e-01
3.384762022037460932e-02 2.821754571595021521e-01
3.421343146735843915e-02 2.818746278139746542e-01
3.458120311234230693e-02 2.815721863065654418e-01
3.495093515532624040e-02 2.812681326766283130e-01
3.532262759631021182e-02 2.809624670435945659e-01
3.569628043529424199e-02 2.806551895760835968e-01
3.607189367227831706e-02 2.803463001138980504e-01
3.644946730726244394e-02 2.800357966132954179e-01
3.682900134024662264e-02 2.797236828729878222e-01
3.721049577123083929e-02 2.794099568993224647e-01
3.759395060021512164e-02 2.790946185173494021e-01
3.797936582719944193e-02 2.787776678907791794e-01
3.836674145218382098e-02 2.784591051389520566e-01
3.875607747516824492e-02 2.781389303002733127e-01
3.914737389615272761e-02 2.778171433698901072e-01
3.954063071513724825e-02 2.774937443320832364e-01
3.993584793212182765e-02 2.771687331750112837e-01
4.033302554710645887e-02 2.768421098937265401e-01
4.073216356009112804e-02 2.765138744882166266e-01
4.113326197107585597e-02 2.761840269606343767e-01
4.153632078006062878e-02 2.758525673134288869e-01
4.194133998704546035e-02 2.755194955484785990e-01
4.234831959203032986e-02 2.751848116669144417e-01
4.275725959501525814e-02 2.748485156693480924e-01
4.316815999600023129e-02 2.745106075561316028e-01
4.358102079498526321e-02 2.741710873275397531e-01
4.399584199197033307e-02 2.738299549839379177e-01
4.441262358695546170e-02 2.734872105257519781e-01
4.483136557994064214e-02 2.731428539535096234e-01
4.525206797092586747e-02 2.727968852677920553e-01
4.567473075991114462e-02 2.724493044691937427e-01
4.609935394689646665e-02 2.721001115583236429e-01
4.652593753188184744e-02 2.717493065357807769e-01
4.695448151486726618e-02 2.713968894021478451e-01
4.738498589585275061e-02 2.710428601580170405e-01
4.781745067483826606e-02 2.706872188039717853e-01
4.825187585182384720e-02 2.703299653405774050e-01
4.868826142680946628e-02 2.699710997684242608e-01
4.912660739979515107e-02 2.696106220881022142e-01
4.956691377078088073e-02 2.692485323002035136e-01
5.000918053976664834e-02 2.688848304053185201e-01
5.045340770675248165e-02 2.685195164040516946e-01
5.089959527173835291e-02 2.681525902970050557e-01
5.134774323472428292e-02 2.677840520847818984e-01
5.179785159571025088e-02 2.674139017680041697e-01
5.224992035469628454e-02 2.670421393472754423e-01
5.270394951168235614e-02 2.666687648232183849e-01
5.315993906666848651e-02 2.662937781964491157e-01
5.361788901965465481e-02 2.659171794676046252e-01
5.407779937064088882e-02 2.655389686373135216e-01
5.453967011962716771e-02 2.651591457062021928e-01
5.500350126661349148e-02 2.647777106749082954e-01
5.546929281159986708e-02 2.643946635440501125e-01
5.593704475458628755e-02 2.640100043142407094e-01
5.640675709557277373e-02 2.636237329860785517e-01
5.687842983455929091e-02 2.632358495601752058e-01
5.735206297154587379e-02 2.628463540371691609e-01
5.782765650653248768e-02 2.624552464177860034e-01
5.830521043951917420e-02 2.620625267028857674e-01
5.878472477050590561e-02 2.616681948934341251e-01
5.926619949949267496e-02 2.612722509903969703e-01
5.974963462647950307e-02 2.608746949943637761e-01
6.023503015146637607e-02 2.604755269050612609e-01
6.072238607445330782e-02 2.600747467210005048e-01
6.121170239544027752e-02 2.596723544401342010e-01
6.170297911442730598e-02 2.592683500628996662e-01
6.219621623141437933e-02 2.588627335980357436e-01
6.269141374640151143e-02 2.584555050670753751e-01
6.318857165938866760e-02 2.580466644915222485e-01
6.368768997037589641e-02 2.576362118334712403e-01
6.418876867936318398e-02 2.572241468959915456e-01
6.469180778635051643e-02 2.568104694932658028e-01
6.519680729133789376e-02 2.563951815245987254e-01
6.570376719432530210e-02 2.559782799749231730e-01
6.621268749531278308e-02 2.555597666930083944e-01
6.672356819430030894e-02 2.551396415148292629e-01
6.723640929128789356e-02 2.547179042493267209e-01
6.775121078627552307e-02 2.542945548588352311e-01
6.826797267926318358e-02 2.538695933645007674e-01
6.878669497025091673e-02 2.534430197872261092e-01
6.930737765923869476e-02 2.530148341349941488e-01
6.983002074622653155e-02 2.525850364077308341e-01
7.035462423121441322e-02 2.521536266033268525e-01
7.088118811420231202e-02 2.517206047205400865e-01
7.140971239519029734e-02 2.512859707594487513e-01
7.194019707417832754e-02 2.508497247209434677e-01
7.247264215116641650e-02 2.504118666061330711e-01
7.300704762615452259e-02 2.499723964160570078e-01
7.354341349914270132e-02 2.495313141516053990e-01
7.408173977013092493e-02 2.490886198135382756e-01
7.462202643911922118e-02 2.486443134025795310e-01
7.516427350610754843e-02 2.481983949194509487e-01
7.570848097109590669e-02 2.477508643648820563e-01
7.625464883408433758e-02 2.473017217396437650e-01
7.680277709507281336e-02 2.468509670445087345e-01
7.735286575406134790e-02 2.463986002802625030e-01
7.790491481104989957e-02 2.459446214476904702e-01
7.845892426603853775e-02 2.454890305475825596e-01
7.901489411902722082e-02 2.450318275807298052e-01
7.957282437001594877e-02 2.445730125479347594e-01
8.013271501900470772e-02 2.441125854500278969e-01
8.069456606599353932e-02 2.436505462878373329e-01
8.125837751098241579e-02 2.431868950621934311e-01
8.182414935397135103e-02 2.427216317738623286e-01
8.239188159496033115e-02 2.422547564235066619e-01
8.296157423394934227e-02 2.417862690116802382e-01
8.353322727093842603e-02 2.413161695390040329e-01
8.410684070592755468e-02 2.408444580065955409e-01
8.468241453891674209e-02 2.403711344166058195e-01
8.525994876990593274e-02 2.398961987720542310e-01
8.583944339889522379e-02 2.394196510743010209e-01
8.642089842588455972e-02 2.389414913171195864e-01
8.700431385087394054e-02 2.384617194831328557e-01
8.758968967386336624e-02 2.379803355670897236e-01
8.817702589485282294e-02 2.374973396609020571e-01
8.876632251384235228e-02 2.370127319661653742e-01
8.935757953083194038e-02 2.365265114487106191e-01
8.995079694582157337e-02 2.360386796361668704e-01
9.054597475881122348e-02 2.355492355280441596e-01
9.114311296980096011e-02 2.350581793069833059e-01
9.174221157879074162e-02 2.345655110623011408e-01
9.234327058578056802e-02 2.340712307902808043e-01
9.294628999077042542e-02 2.335753384746674377e-01
9.355126979376035545e-02 2.330778341097355377e-01
9.415820999475034425e-02 2.325787176969860981e-01
9.476711059374037793e-02 2.320779892394056465e-01
9.537797159073045650e-02 2.315756487390519536e-01
9.599079298572055219e-02 2.310716961970024907e-01
9.660557477871074827e-02 2.305661316139182571e-01
9.722231696970097536e-02 2.300589549904726028e-01
9.784101955869126122e-02 2.295501663274607806e-01
9.846168254568156419e-02 2.290397656257915915e-01
9.908430593067193981e-02 2.285277528864083085e-01
9.970888971366237419e-02 2.280141281102599782e-01
1.003354338946528534e-01 2.274988912982638389e-01
1.009639384736433915e-01 2.269820424513355195e-01
1.015944034506339466e-01 2.264635815704135469e-01
1.022268288256245744e-01 2.259435086565054207e-01
1.028612145986152610e-01 2.254218237107011857e-01
1.034975607696059924e-01 2.248985267340545824e-01
1.041358673385967409e-01 2.243736177272619980e-01
1.047761343055875760e-01 2.238470966903371717e-01
1.054183616705784560e-01 2.233189636230342168e-01
1.060625494335693947e-01 2.227892185274673031e-01
1.067086975945603783e-01 2.222578614123985330e-01
1.073568061535513790e-01 2.217248922882952278e-01
1.080068751105424663e-01 2.211903111250396736e-01
1.086589044655335984e-01 2.206541178071994014e-01
1.093128942185247754e-01 2.201163127944476550e-01
1.099688443695159834e-01 2.195768954403208850e-01
1.106267549185072641e-01 2.190358661860029865e-01
1.112866258654986035e-01 2.184932249283208228e-01
1.119484572104899878e-01 2.179489716375585806e-01
1.126122489534813753e-01 2.174031063227407079e-01
1.132780010944728633e-01 2.168556289921080293e-01
1.139457136334643961e-01 2.163065396478176805e-01
1.146153865704559877e-01 2.157558382897952765e-01
1.152870199054476102e-01 2.152035249182171761e-01
1.159606136384392638e-01 2.146495995339118001e-01
1.166361677694310039e-01 2.140940621380212072e-01
1.173136822984227889e-01 2.135369127316925353e-01
1.179931572254146188e-01 2.129781513159712814e-01
1.186745925504064658e-01 2.124177778918184822e-01
1.193579882733983993e-01 2.118557924602533227e-01
1.200433443943903777e-01 2.112921950225887802e-01
1.207306609133824149e-01 2.107269855804660419e-01
1.214199378303744969e-01 2.101601641350061833e-01
1.221111751453665961e-01 2.095917306846247774e-01
1.228043728583587818e-01 2.090216852252049784e-01
1.234995309693510124e-01 2.084500277668625834e-01
1.241966494783433017e-01 2.078767583633566174e-01
1.248957283853355943e-01 2.073018768360548325e-01
1.255967676903279873e-01 2.067253834323085071e-01
1.262997673933204390e-01 2.061472779826219182e-01
1.270047274943129079e-01 2.055675605341046597e-01
1.277116479933054216e-01 2.049862310972077328e-01
1.284205288902980080e-01 2.044032896687472400e-01
1.291313701852906393e-01 2.038187362473697362e-01
1.298441718782833154e-01 2.032325708341898851e-01
1.305589339692760642e-01 2.026447934308693577e-01
1.312756564582688024e-01 2.020554040388688744e-01
1.319943393452616409e-01 2.014644026594591963e-01
1.327149826302545244e-01 2.008717892939071159e-01
1.334375863132474527e-01 2.002775639434821453e-01
1.341621503942403981e-01 1.996817266094180754e-01
1.348886748732334440e-01 1.990842772932806815e-01
1.356171597502265069e-01 1.984852159982203046e-01
1.363476050252196425e-01 1.978845427297160342e-01
1.370800106982128508e-01 1.972822574879949942e-01
1.378143767692060206e-01 1.966783602493795968e-01
1.385507032381993187e-01 1.960728511059962320e-01
1.392889901051926616e-01 1.954657299495822231e-01
1.400292373701860493e-01 1.948569968720539891e-01
1.407714450331794265e-01 1.942466518640772466e-01
1.415156130941729040e-01 1.936346949424321562e-01
1.422617415531664542e-01 1.930211261375234522e-01
1.430098304101600493e-01 1.924059454890816034e-01
1.437598796651536337e-01 1.917891530503438025e-01
1.445118893181473185e-01 1.911707488942685496e-01
1.452658593691410482e-01 1.905507331207165478e-01
1.460217898181348506e-01 1.899291058654767050e-01
1.467796806651286701e-01 1.893058673119756563e-01
1.475395319101225067e-01 1.886810177062555605e-01
1.483013435531164437e-01 1.880545573755462718e-01
1.490651155941104256e-01 1.874264867521181488e-01
1.498308480331044801e-01 1.867968064089945701e-01
1.505985408700985240e-01 1.861655171136570863e-01
1.513681941050926405e-01 1.855326197833904178e-01
1.521398077380868297e-01 1.848981157483249316e-01
1.529133817690810637e-01 1.842620065698872545e-01
1.536889161980753704e-01 1.836242943228268976e-01
1.544664110250696387e-01 1.829849816182171629e-01
1.552458662500640352e-01 1.823440717419473889e-01
1.560272818730584765e-01 1.817015688096504378e-01
1.568106578940529627e-01 1.810574779432786163e-01
1.575959943130474383e-01 1.804118054769985047e-01
1.583832911300420421e-01 1.797645591962568623e-01
1.591725483450366629e-01 1.791157486128856779e-01
1.599637659580313565e-01 1.784653852783726902e-01
1.607569439690260948e-01 1.778134831341769972e-01
1.615520823780208504e-01 1.771600588966201206e-01
1.623491811850156785e-01 1.765051325500169577e-01
1.631482403900105516e-01 1.758487277098468027e-01
1.639492599930054972e-01 1.751908722919262307e-01
1.647522399940004323e-01 1.745315989648015265e-01
1.655571803929954677e-01 1.738709457998627306e-01
1.663640811899905481e-01 1.732089568975349880e-01
1.671729423849857010e-01 1.725456830450778356e-01
1.679837639779808434e-01 1.718811823959432994e-01
1.687965459689760583e-01 1.712155211585676684e-01
1.696112883579713460e-01 1.705487742832509923e-01
1.704279911449667062e-01 1.698810261352432516e-01
1.712466543299620836e-01 1.692123711429497912e-01
1.720672779129574781e-01 1.685429144104491073e-01
1.728898618939529452e-01 1.678727722304226844e-01
1.737144062729484850e-01 1.672020726364435717e-01
1.745409110499440697e-01 1.665309557008396724e-01
1.753693762249396715e-01 1.658595738932005237e-01
1.761998017979353459e-01 1.651880922205445634e-01
1.770321877689310930e-01 1.645166882759492577e-01
1.778665341379268849e-01 1.638455521443457907e-01
1.787028409049227218e-01 1.631748861593738109e-01
1.795411080699185480e-01 1.625049045078731658e-01
1.803813356329145023e-01 1.618358326799548275e-01
1.812235235939104738e-01 1.611679067655211461e-01
1.820676719529065180e-01 1.605013725996518037e-01
1.829137807099025514e-01 1.598364847610965755e-01
1.837618498648986853e-01 1.591735054757680290e-01
1.846118794178948919e-01 1.585127033137866404e-01
1.854638693688911155e-01 1.578543519204140821e-01
1.863178197178873563e-01 1.571987285360273157e-01
1.871737304648836975e-01 1.565461125387851982e-01
1.880316016098800835e-01 1.558967839188487581e-01
1.888914331528765145e-01 1.552510217409824034e-01
1.897532250938729903e-01 1.546091026159393811e-01
1.906169774328694833e-01 1.539712992008140380e-01
1.914826901698660766e-01 1.533378787491387063e-01
1.923503633048627148e-01 1.527091017312943999e-01
1.932199968378593979e-01 1.520852205455729689e-01
1.940915907688560982e-01 1.514664783029397721e-01
1.949651450978528711e-01 1.508531077918605634e-01
1.958406598248497166e-01 1.502453304668818490e-01
1.967181349498466070e-01 1.496433556619104488e-01
1.975975704728435423e-01 1.490473798750947820e-01
1.984789663938404669e-01 1.484575862107706812e-01
1.993623227128375197e-01 1.478741439510958267e-01
2.002476394298345896e-01 1.472972082560648488e-01
2.011349165448317322e-01 1.467269199879317199e-01
2.020241540578288642e-01 1.461634056533175352e-01
2.029153519688260965e-01 1.456067774537110338e-01
2.038085102778234015e-01 1.450571334322040551e-01
2.047036289848207236e-01 1.445145577335760767e-01
2.056007080898180628e-01 1.439791208897096830e-01
2.064997475928155024e-01 1.434508802554425311e-01
2.074007474938129869e-01 1.429298804259844513e-01
2.083037077928105441e-01 1.424161537546099476e-01
2.092086284898081183e-01 1.419097208911793973e-01
2.101155095848057097e-01 1.414105913547821225e-01
2.110243510778034015e-01 1.409187641299436411e-01
2.119351529688011382e-01 1.404342282777364670e-01
2.128479152577989197e-01 1.399569635554790137e-01
2.137626379447967184e-01 1.394869410413357158e-01
2.146793210297945897e-01 1.390241237392799145e-01
2.155979645127925337e-01 1.385684672135059081e-01
2.165185683937905226e-01 1.381199201558072909e-01
2.174411326727885563e-01 1.376784249899415946e-01
2.183656573497865794e-01 1.372439184231002696e-01
2.192921424247847306e-01 1.368163319899344810e-01
2.202205878977829268e-01 1.363955925717544315e-01
2.211509937687811678e-01 1.359816228912369418e-01
2.220833600377793982e-01 1.355743419824714524e-01
2.230176867047777289e-01 1.351736656358845101e-01
2.239539737697761046e-01 1.347795068171464827e-01
2.248922212327745529e-01 1.343917760576241460e-01
2.258324290937730461e-01 1.340103818346334574e-01
2.267745973527715286e-01 1.336352308923338672e-01
2.277187260097701116e-01 1.332662285884249342e-01
2.286648150647687394e-01 1.329032791688462278e-01
2.296128645177674399e-01 1.325462860518822061e-01
2.305628743687661297e-01 1.321951520778031908e-01
2.315148446177649200e-01 1.318497797401369798e-01
2.324687752647637551e-01 1.315100713977352953e-01
2.334246663097626351e-01 1.311759294679997745e-01
2.343825177527615322e-01 1.308472566028224815e-01
2.353423295937605020e-01 1.305239558503877850e-01
2.363041018327595444e-01 1.302059307902522500e-01
2.372678344697586317e-01 1.298930856793642785e-01
2.382335275047577638e-01 1.295853255484219202e-01
2.392011809377569131e-01 1.292825563206596029e-01
2.401707947687561351e-01 1.289846848959011472e-01
2.411423689977554297e-01 1.286916192333034115e-01
2.421159036247547691e-01 1.284032684223408716e-01
2.430913986497540979e-01 1.281195427442489987e-01
2.440688540727535549e-01 1.278403537250970834e-01
2.450482698937530290e-01 1.275656141812581967e-01
2.460296461127525758e-01 1.272952382574659425e-01
2.470129827297521674e-01 1.270291414559155396e-01
2.479982797447517484e-01 1.267672406701317311e-01
2.489855371577514298e-01 1.265094541895608049e-01
2.499747549687511561e-01 1.262557017329834497e-01
2.509659331777509550e-01 1.260059044444090393e-01
2.519590717847506878e-01 1.257599849069128972e-01
2.529541707897505765e-01 1.255178671434517002e-01
2.539512301927505100e-01 1.252794766161984263e-01
2.549502499937504885e-01 1.250447402230787375e-01
2.559512301927505673e-01 1.248135862913761912e-01
2.569541707897506355e-01 1.245859445690227357e-01
2.579590717847507486e-01 1.243617462156217240e-01
2.589659331777509621e-01 1.241409237836253593e-01
2.599747549687512205e-01 1.239234112151113287e-01
2.609855371577514682e-01 1.237091438129033494e-01
2.619982797447518164e-01 1.234980582338828375e-01
2.630129827297520984e-01 1.232900924654647123e-01
2.640296461127525363e-01 1.230851858079371058e-01
2.650482698937530190e-01 1.228832788545737437e-01
2.660688540727535467e-01 1.226843134709163924e-01
2.670913986497541748e-01 1.224882327736294685e-01
2.681159036247547922e-01 1.222949811090414673e-01
2.691423689977554545e-01 1.221045040312812996e-01
2.701707947687562172e-01 1.219167482783284212e-01
2.712011809377570248e-01 1.217316617551770508e-01
2.722335275047577108e-01 1.215491935014192532e-01
2.732678344697586081e-01 1.213692936804006556e-01
2.743041018327595504e-01 1.211919135472544345e-01
2.753423295937605375e-01 1.210170054313561838e-01
2.763825177527615695e-01 1.208445227125269639e-01
2.774246663097627019e-01 1.206744197988009332e-01
2.784687752647638237e-01 1.205066521044770300e-01
2.795148446177649904e-01 1.203411760282727810e-01
2.805628743687662574e-01 1.201779489315844968e-01
2.816128645177674028e-01 1.200169291170350844e-01
2.826648150647687596e-01 1.198580758089764220e-01
2.837187260097701613e-01 1.197013491278542535e-01
2.847745973527716079e-01 1.195467100782985764e-01
2.858324290937730994e-01 1.193941205190024862e-01
2.868922212327746357e-01 1.192435431509674404e-01
2.879539737697762170e-01 1.190949414937536727e-01
2.890176867047778431e-01 1.189482798676857328e-01
2.900833600377795141e-01 1.188035233750824732e-01
2.911509937687811744e-01 1.186606378817857826e-01
2.922205878977829352e-01 1.185195899991504098e-01
2.932921424247847964e-01 1.183803470665164559e-01
2.943656573497866469e-01 1.182428771340541529e-01
2.954411326727885978e-01 1.181071489445103817e-01
2.965185683937905936e-01 1.179731319206715340e-01
2.975979645127926343e-01 1.178407961422813094e-01
2.986793210297947199e-01 1.177101123383494791e-01
2.997626379447967393e-01 1.175810518651021763e-01
3.008479152577989146e-01 1.174535866944912271e-01
3.019351529688011904e-01 1.173276893983214025e-01
3.030243510778034555e-01 1.172033331339264739e-01
3.041155095848058210e-01 1.170804916301850102e-01
3.052086284898081758e-01 1.169591391738104696e-01
3.063037077928106311e-01 1.168392505959653521e-01
3.074007474938131312e-01 1.167208012591222782e-01
3.084997475928156763e-01 1.166037670441670698e-01
3.096007080898180996e-01 1.164881243393572768e-01
3.107036289848207899e-01 1.163738500242609553e-01
3.118085102778234696e-01 1.162609214646419808e-01
3.129153519688261942e-01 1.161493164931480110e-01
3.140241540578289636e-01 1.160390134044008981e-01
3.151349165448318335e-01 1.159299909405255152e-01
3.162476394298346927e-01 1.158222282816198934e-01
3.173623227128376523e-01 1.157157050352514566e-01
3.184789663938406568e-01 1.156104012262266639e-01
3.195975704728435396e-01 1.155062972866925108e-01
3.207181349498466338e-01 1.154033740465612995e-01
3.218406598248497730e-01 1.153016127242430938e-01
3.229651450978529570e-01 1.152009949164543856e-01
3.240915907688562414e-01 1.151015025921149626e-01
3.252199968378595152e-01 1.150031180789082980e-01
3.263503633048628338e-01 1.149058240603344910e-01
3.274826901698662529e-01 1.148096035629043443e-01
3.286169774328696613e-01 1.147144399506587337e-01
3.297532250938730591e-01 1.146203169164586311e-01
3.308914331528765573e-01 1.145272184744327709e-01
3.320316016098801559e-01 1.144351289525851328e-01
3.331737304648837994e-01 1.143440329855394122e-01
3.343178197178874878e-01 1.142539155074774881e-01
3.354638693688912210e-01 1.141647617452161423e-01
3.366118794178950546e-01 1.140765572113620757e-01
3.377618498648988776e-01 1.139892876986735304e-01
3.389137807099027455e-01 1.139029392713123146e-01
3.400676719529066028e-01 1.138174982625707460e-01
3.412235235939105604e-01 1.137329512642864388e-01
3.423813356329146185e-01 1.136492851246763275e-01
3.435411080699187214e-01 1.135664869404494487e-01
3.447028409049228137e-01 1.134845440519608450e-01
3.458665341379270064e-01 1.134034440376664316e-01
3.470321877689312440e-01 1.133231747087540819e-01
3.481998017979355819e-01 1.132437241039740139e-01
3.493693762249399093e-01 1.131650804845769076e-01
3.505409110499441705e-01 1.130872323293715259e-01
3.517144062729485876e-01 1.130101683299541970e-01
3.528898618939531051e-01 1.129338773861679607e-01
3.540672779129576120e-01 1.128583486006526082e-01
3.552466543299622193e-01 1.127835712766384058e-01
3.564279911449668714e-01 1.127095349099302285e-01
3.576112883579715684e-01 1.126362291889189127e-01
3.587965459689763104e-01 1.125636439869117933e-01
3.599837639779809306e-01 1.124917693601729246e-01
3.611729423849858178e-01 1.124205955432290155e-01
3.623640811899906944e-01 1.123501129451535685e-01
3.635571803929956158e-01 1.122803121458595121e-01
3.647522399940006377e-01 1.122111838924437360e-01
3.659492599930056489e-01 1.121427190956264253e-01
3.671482403900107605e-01 1.120749088263021248e-01
3.683491811850159170e-01 1.120077443121259425e-01
3.695520823780210629e-01 1.119412169340648355e-01
3.707569439690261981e-01 1.118753182239595467e-01
3.719637659580314892e-01 1.118100398594485817e-01
3.731725483450368253e-01 1.117453736640011408e-01
3.743832911300422062e-01 1.116813116003822770e-01
3.755959943130476320e-01 1.116178457706732130e-01
3.768106578940531581e-01 1.115549684116712709e-01
3.780272818730586737e-01 1.114926718927779087e-01
3.792458662500642896e-01 1.114309487131661808e-01
3.804664110250698950e-01 1.113697914991045590e-01
3.816889161980754896e-01 1.113091930013748593e-01
3.829133817690812402e-01 1.112491460927469422e-01
3.841398077380869802e-01 1.111896437654946584e-01
3.853681941050928206e-01 1.111306791289961293e-01
3.865985408700987613e-01 1.110722454075080412e-01
3.878308480331046915e-01 1.110143359372499638e-01
3.890651155941106665e-01 1.109569441656161060e-01
3.903013435531166864e-01 1.109000636466678236e-01
3.915395319101228067e-01 1.108436880416445031e-01
3.927796806651288053e-01 1.107878111146301248e-01
3.940217898181350153e-01 1.107324267318610528e-01
3.952658593691412148e-01 1.106775288591837630e-01
3.965118893181475146e-01 1.106231115602113874e-01
3.977598796651538593e-01 1.105691689944225120e-01
3.990098304101602489e-01 1.105156954152927001e-01
4.002617415531666833e-01 1.104626851684646915e-01
4.015156130941732182e-01 1.104101326899688401e-01
4.027714450331797424e-01 1.103580325044947880e-01
4.040292373701862005e-01 1.103063792236808893e-01
4.052889901051928145e-01 1.102551675443284585e-01
4.065507032381995289e-01 1.102043922473006365e-01
4.078143767692062882e-01 1.101540481947219235e-01
4.090800106982130369e-01 1.101041303303151170e-01
4.103476050252198859e-01 1.100546336757313171e-01
4.116171597502267798e-01 1.100055533308767486e-01
4.128886748732337186e-01 1.099568844713414845e-01
4.141621503942407023e-01 1.099086223474418367e-01
4.154375863132476199e-01 1.098607622827321995e-01
4.167149826302546933e-01 1.098132996726332716e-01
4.179943393452618672e-01 1.097662299831134725e-01
4.192756564582690304e-01 1.097195487493833749e-01
4.205589339692762940e-01 1.096732515746295933e-01
4.218441718782836025e-01 1.096273341287611475e-01
4.231313701852909004e-01 1.095817921471857331e-01
4.244205288902982987e-01 1.095366214296166207e-01
4.257116479933056308e-01 1.094918178390271446e-01
4.270047274943131188e-01 1.094473773000304850e-01
4.282997673933206517e-01 1.094032957988163579e-01
4.295967676903282295e-01 1.093595693804398361e-01
4.308957283853359077e-01 1.093161941495886802e-01
4.321966494783435753e-01 1.092731662679690963e-01
4.334995309693513432e-01 1.092304819542557065e-01
4.348043728583591006e-01 1.091881374826725315e-01
4.361111751453669583e-01 1.091461291821008012e-01
4.374199378303746943e-01 1.091044534351250372e-01
4.387306609133826418e-01 1.090631066770791358e-01
4.400433443943906342e-01 1.090220853951239799e-01
4.413579882733986715e-01 1.089813861273431911e-01
4.426745925504067536e-01 1.089410054618547286e-01
4.439931572254149361e-01 1.089009400359564617e-01
4.453136822984231080e-01 1.088611865352681063e-01
4.466361677694313248e-01 1.088217416928140141e-01
4.479606136384396420e-01 1.087826022885581001e-01
4.492870199054478375e-01 1.087437651478292966e-01
4.506153865704562445e-01 1.087052271417237731e-01
4.519457136334646408e-01 1.086669851850023544e-01
4.532780010944731375e-01 1.086290362364785850e-01
4.546122489534816791e-01 1.085913772975535679e-01
4.559484572104903211e-01 1.085540054118259989e-01
4.572866258654989524e-01 1.085169176642935551e-01
4.586267549185076287e-01 1.084801111806669577e-01
4.599688443695163498e-01 1.084435831266942069e-01
4.613128942185250048e-01 1.084073307074954751e-01
4.626589044655338712e-01 1.083713511669089358e-01
4.640068751105427269e-01 1.083356417868538146e-01
4.653568061535516831e-01 1.083001998867014481e-01
4.667086975945606842e-01 1.082650228226581940e-01
4.680625494335697301e-01 1.082301079871564042e-01
4.694183616705788209e-01 1.081954528083439449e-01
4.707761343055879566e-01 1.081610547492264235e-01
4.721358673385971372e-01 1.081269113076846616e-01
4.734975607696062516e-01 1.080930200150390375e-01
4.748612145986155220e-01 1.080593784364962812e-01
4.762268288256248927e-01 1.080259841697597950e-01
4.775944034506342528e-01 1.079928348450521769e-01
4.789639384736437133e-01 1.079599281243471265e-01
4.803354338946532187e-01 1.079272617009391227e-01
4.817088897136627690e-01 1.078948332989361630e-01
4.830843059306723641e-01 1.078626406727741099e-01
4.844616825456818376e-01 1.078306816067371304e-01
4.858410195586915226e-01 1.077989539144898895e-01
4.872223169697012524e-01 1.077674554386189171e-01
4.886055747787110826e-01 1.077361840501807611e-01
4.899907929857209021e-01 1.077051376482566769e-01
4.913779715907308221e-01 1.076743141595252057e-01
4.927671105937407314e-01 1.076437115378386655e-01
4.941582099947507412e-01 1.076133277637407459e-01
4.955512697937607958e-01 1.075831608442686660e-01
4.969462899907707287e-01 1.075532088121139845e-01
4.983432705857808731e-01 1.075234697258711791e-01
4.997422115787910624e-01 1.074939416689289357e-01
5.011431129698012965e-01 1.074646227497090822e-01
5.025459747588115755e-01 1.074355111008849922e-01
5.039507969458218994e-01 1.074066048792077649e-01
5.053575795308323793e-01 1.073779022650871995e-01
5.067663225138427929e-01 1.073494014622443787e-01
5.081770258948532515e-01 1.073211006973624204e-01
5.095896896738636439e-01 1.072929982197507320e-01
5.110043138508743032e-01 1.072650923010040336e-01
5.124208984258848965e-01 1.072373812346742450e-01
5.138394433988955345e-01 1.072098633359485076e-01
5.152599487699063285e-01 1.071825369413295370e-01
5.166824145389171674e-01 1.071554004083247885e-01
5.181068407059279401e-01 1.071284521151414232e-01
5.195332272709388688e-01 1.071016904603787623e-01
5.209615742339498423e-01 1.070751138627302201e-01
5.223918815949606387e-01 1.070487207607477287e-01
5.238241493539717020e-01 1.070225096123803010e-01
5.252583775109828101e-01 1.069964788950432955e-01
5.266945660659939632e-01 1.069706271048317670e-01
5.281327150190051611e-01 1.069449527568256814e-01
5.295728243700164040e-01 1.069194543843215717e-01
5.310148941190276917e-01 1.068941305389047441e-01
5.324589242660390243e-01 1.068689797900284483e-01
5.339049148110504017e-01 1.068440007248169232e-01
5.353528657540617131e-01 1.068191919478059110e-01
5.368027770950731803e-01 1.067945520807011411e-01
5.382546488340846924e-01 1.067700797621364689e-01
5.397084809710962494e-01 1.067457736474401592e-01
5.411642735061079623e-01 1.067216324084008794e-01
5.426220264391196091e-01 1.066976547330452663e-01
5.440817397701314118e-01 1.066738393254064998e-01
5.455434134991431483e-01 1.066501849053117790e-01
5.470070476261550407e-01 1.066266902081610957e-01
5.484726421511667560e-01 1.066033539847178052e-01
5.499401970741787382e-01 1.065801750008958659e-01
5.514097123951906543e-01 1.065571520375692832e-01
5.528811881142027262e-01 1.065342838903140105e-01
5.543546242312148431e-01 1.065115693693533816e-01
5.558300207462270048e-01 1.064890072990952730e-01
5.573073776592392115e-01 1.064665965183164420e-01
5.587866949702514630e-01 1.064443358795624656e-01
5.602679726792635373e-01 1.064222242493159110e-01
5.617512107862758786e-01 1.064002605075753671e-01
5.632364092912882647e-01 1.063784435477943963e-01
5.647235681943006957e-01 1.063567722766687318e-01
5.662126874953131717e-01 1.063352456139614183e-01
5.677037671943258035e-01 1.063138624923425507e-01
5.691968072913383692e-01 1.062926218572097098e-01
5.706918077863509797e-01 1.062715226665322393e-01
5.721887686793637462e-01 1.062505638906836164e-01
5.736876899703762245e-01 1.062297445122809131e-01
5.751885716593890807e-01 1.062090635260302673e-01
5.766914137464018708e-01 1.061885199385706469e-01
5.781962162314148168e-01 1.061681127683197917e-01
5.797029791144278077e-01 1.061478410453279564e-01
5.812117023954407324e-01 1.061277038111256704e-01
5.827223860744538131e-01 1.061077001185854046e-01
5.842350301514669386e-01 1.060878290317712469e-01
5.857496346264799980e-01 1.060680896257962247e-01
5.872661994994931023e-01 1.060484809867189709e-01
5.887847247705062514e-01 1.060290022113095226e-01
5.903052104395195565e-01 1.060096524070971574e-01
5.918276565065329065e-01 1.059904306919837724e-01
5.933520629715463013e-01 1.059713361943975807e-01
5.948784298345597410e-01 1.059523680529151912e-01
5.964067570955732256e-01 1.059335254163086826e-01
5.979370447545868661e-01 1.059148074433332171e-01
5.994692928116004405e-01 1.058962133026337821e-01
6.010035012666138377e-01 1.058777421726268125e-01
6.025396701196276128e-01 1.058593932413735839e-01
6.040777993706413218e-01 1.058411657064721040e-01
6.056178890196550757e-01 1.058230587749351415e-01
6.071599390666689855e-01 1.058050716630868637e-01
6.087039495116828292e-01 1.057872035964455976e-01
6.102499203546968287e-01 1.057694538096152215e-01
6.117978515957107621e-01 1.057518215461833999e-01
6.133477432347248515e-01 1.057343060586082711e-01
6.148995952717387636e-01 1.057169066081235370e-01
6.164534077067529427e-01 1.056996224646270105e-01
6.180091805397671667e-01 1.056824529065864965e-01
6.195669137707813245e-01 1.056653972209392195e-01
6.211266073997956383e-01 1.056484547029927085e-01
6.226882614268099969e-01 1.056316246563289707e-01
6.242518758518244004e-01 1.056149063927117049e-01
6.258174506748388488e-01 1.055982992319973723e-01
6.273849858958533421e-01 1.055818025020167084e-01
6.289544815148676582e-01 1.055654155385552517e-01
6.305259375318823523e-01 1.055491376851342283e-01
6.320993539468969802e-01 1.055329682931064467e-01
6.336747307599116530e-01 1.055169067213674455e-01
6.352520679709263707e-01 1.055009523364507373e-01
6.368313655799411332e-01 1.054851045123154502e-01
6.384126235869560517e-01 1.054693626303349341e-01
6.399958419919709041e-01 1.054537260791892084e-01
6.415810207949856903e-01 1.054381942547902989e-01
6.431681599960007434e-01 1.054227665602031766e-01
6.447572595950157304e-01 1.054074424055701925e-01
6.463483195920308733e-01 1.053922212080337095e-01
6.479413399870459500e-01 1.053771023916596494e-01
6.495363207800611827e-01 1.053620853873674795e-01
6.511332619710764602e-01 1.053471696328532881e-01
6.527321635600916716e-01 1.053323545725219357e-01
6.543330255471070389e-01 1.053176396574144191e-01
6.559358479321222291e-01 1.053030243451384268e-01
6.575406307151376861e-01 1.052885080998004069e-01
6.591473738961531881e-01 1.052740903919396898e-01
6.607560774751687349e-01 1.052597706984603892e-01
6.623667414521843266e-01 1.052455485025661636e-01
6.639793658271999632e-01 1.052314232936974736e-01
6.655939506002157557e-01 1.052173945674667738e-01
6.672104957712314821e-01 1.052034618255972553e-01
6.688290013402472534e-01 1.051896245758609794e-01
6.704494673072629585e-01 1.051758823320203401e-01
6.720718936722788195e-01 1.051622346137601194e-01
6.736962804352947254e-01 1.051486809466529587e-01
6.753226275963107872e-01 1.051352208620516676e-01
6.769509351553267829e-01 1.051218538971147032e-01
6.785812031123429344e-01 1.051085795946394841e-01
6.802134314673590199e-01 1.050953975031321125e-01
6.818476202203752612e-01 1.050823071766383426e-01
6.834837693713914364e-01 1.050693081747732377e-01
6.851218789204075454e-01 1.050564000626241640e-01
6.867619488674239214e-01 1.050435824107148475e-01
6.884039792124403423e-01 1.050308547949522359e-01
6.900479699554568080e-01 1.050182167965739988e-01
6.916939210964733187e-01 1.050056680021044381e-01
6.933418326354898742e-01 1.049932080033001425e-01
6.949917045725064746e-01 1.049808363971053010e-01
6.966435369075231199e-01 1.049685527856038386e-01
6.982973296405398100e-01 1.049563567759748128e-01
6.999530827715563230e-01 1.049442479804444800e-01
7.016107963005731030e-01 1.049322260162416781e-01
7.032704702275899278e-01 1.049202905055548057e-01
7.049321045526069085e-01 1.049084410754898555e-01
7.065956992756238231e-01 1.048966773580231465e-01
7.082612543966407825e-01 1.048849989899638263e-01
7.099287699156578979e-01 1.048734056129104336e-01
7.115982458326749471e-01 1.048618968732087237e-01
7.132696821476921523e-01 1.048504724219163214e-01
7.149430788607090692e-01 1.048391319147579798e-01
7.166184359717263641e-01 1.048278750120897190e-01
7.182957534807437039e-01 1.048167013788613433e-01
7.199750313877609775e-01 1.048056106845758062e-01
7.216562696927784071e-01 1.047946026032564176e-01
7.233394683957958815e-01 1.047836768134060847e-01
7.250246274968132898e-01 1.047728329979769474e-01
7.267117469958308540e-01 1.047620708443307846e-01
7.284008268928482410e-01 1.047513900442052365e-01
7.300918671878658950e-01 1.047407902936847018e-01
7.317848678808835938e-01 1.047302712931548335e-01
7.334798289719013376e-01 1.047198327472952661e-01
7.351767504609192372e-01 1.047094743650029136e-01
7.368756323479370707e-01 1.046991958594220978e-01
7.385764746329549491e-01 1.046889969478449617e-01
7.402792773159728723e-01 1.046788773517448035e-01
7.419840403969908404e-01 1.046688367966954331e-01
7.436907638760087425e-01 1.046588750123752520e-01
7.453994477530268004e-01 1.046489917325199026e-01
7.471100920280450142e-01 1.046391866949022142e-01
7.488226967010631618e-01 1.046294596413023109e-01
7.505372617720814654e-01 1.046198103174796057e-01
7.522537872410997029e-01 1.046102384731459056e-01
7.539722731081180962e-01 1.046007438619409036e-01
7.556927193731364234e-01 1.045913262414047279e-01
7.574151260361549065e-01 1.045819853729523657e-01
7.591394930971732125e-01 1.045727210218502790e-01
7.608658205561917853e-01 1.045635329571904387e-01
7.625941084132104031e-01 1.045544209518689260e-01
7.643243566682289547e-01 1.045453847825585925e-01
7.660565653212476622e-01 1.045364242296905749e-01
7.677907343722664146e-01 1.045275390774280111e-01
7.695268638212852119e-01 1.045187291136468744e-01
7.712649536683040541e-01 1.045099941299136165e-01
7.730050039133229411e-01 1.045013339214622694e-01
7.747470145563417621e-01 1.044927482871777086e-01
7.764909855973607389e-01 1.044842370295705619e-01
7.782369170363797606e-01 1.044757999547625410e-01
7.799848088733989382e-01 1.044674368724640423e-01
7.817346611084180497e-01 1.044591475959551069e-01
7.834864737414372060e-01 1.044509319420693638e-01
7.852402467724565183e-01 1.044427897311746151e-01
7.869959802014757644e-01 1.044347207871546002e-01
7.887536740284951664e-01 1.044267249373937168e-01
7.905133282535142802e-01 1.044188020127591182e-01
7.922749428765337720e-01 1.044109518475847265e-01
7.940385178975533087e-01 1.044031742796567019e-01
7.958040533165727792e-01 1.043954691501937371e-01
7.975715491335924057e-01 1.043878363038401452e-01
7.993410053486120770e-01 1.043802755886419353e-01
8.011124219616317932e-01 1.043727868560403588e-01
8.028857989726515543e-01 1.043653699608529384e-01
8.046611363816711382e-01 1.043580247612634349e-01
8.064384341886909890e-01 1.043507511188084130e-01
8.082176923937108848e-01 1.043435488983615045e-01
8.099989109967308254e-01 1.043364179681293274e-01
8.117820899977508109e-01 1.043293581996249941e-01
8.135672293967708413e-01 1.043223694676799623e-01
8.153543291937909165e-01 1.043154516504035262e-01
8.171433893888111477e-01 1.043086046292041463e-01
8.189344099818313127e-01 1.043018282887509252e-01
8.207273909728513006e-01 1.042951225169854307e-01
8.225223323618716664e-01 1.042884872050983125e-01
8.243192341488919661e-01 1.042819222475274560e-01
8.261180963339124217e-01 1.042754275419488785e-01
8.279189189169328111e-01 1.042690029892652803e-01
8.297217018979533565e-01 1.042626484936030329e-01
8.315264452769738357e-01 1.042563639623001331e-01
8.333331490539944708e-01 1.042501493059047185e-01
8.351418132290151508e-01 1.042440044381611475e-01
8.369524378020356536e-01 1.042379292760132747e-01
8.387650227730564234e-01 1.042319237395901849e-01
8.405795681420771270e-01 1.042259877522063866e-01
8.423960739090979866e-01 1.042201212403523758e-01
8.442145400741188910e-01 1.042143241336970366e-01
8.460349666371398403e-01 1.042085963650748182e-01
8.478573535981608345e-01 1.042029378704890374e-01
8.496817009571818735e-01 1.041973485891040385e-01
8.515080087142030685e-01 1.041918284632467051e-01
8.533362768692239753e-01 1.041863774383978425e-01
8.551665054222451490e-01 1.041809954631963547e-01
8.569986943732663676e-01 1.041756824894325834e-01
8.588328437222877421e-01 1.041704384720508608e-01
8.606689534693090504e-01 1.041652633691445007e-01
8.625070236143304037e-01 1.041601571419601135e-01
8.643470541573519128e-01 1.041551197548921948e-01
8.661890450983733558e-01 1.041501511754877596e-01
8.680329964373949547e-01 1.041452513744439007e-01
8.698789081744163765e-01 1.041404203256122152e-01
8.717267803094379541e-01 1.041356580059960152e-01
8.735766128424596877e-01 1.041309643957552822e-01
8.754284057734814661e-01 1.041263394782096507e-01
8.772821591025032895e-01 1.041217832398381310e-01
8.791378728295250466e-01 1.041172956702832719e-01
8.809955469545469597e-01 1.041128767623574619e-01
8.828551814775689177e-01 1.041085265120430536e-01
8.847167763985909206e-01 1.041042449184989283e-01
8.865803317176127463e-01 1.041000319840651167e-01
8.884458474346348389e-01 1.040958877142673655e-01
8.903133235496569764e-01 1.040918121178240063e-01
8.921827600626792698e-01 1.040878052066506465e-01
8.940541569737014971e-01 1.040838669958680934e-01
8.959275142827237692e-01 1.040799975038087521e-01
8.978028319897460863e-01 1.040761967520234255e-01
8.996801100947685592e-01 1.040724647652916252e-01
9.015593485977907440e-01 1.040688015716266235e-01
9.034405474988133067e-01 1.040652072022858476e-01
9.053237067978358033e-01 1.040616816917818432e-01
9.072088264948584557e-01 1.040582250778898932e-01
9.090959065898810421e-01 1.040548374016571631e-01
9.109849470829037843e-01 1.040515187074170511e-01
9.128759479739264604e-01 1.040482690427974033e-01
9.147689092629492924e-01 1.040450884587331287e-01
9.166638309499721693e-01 1.040419770094784951e-01
9.185607130349948690e-01 1.040389347526192582e-01
9.204595555180178357e-01 1.040359617490861505e-01
9.223603583990407362e-01 1.040330580631687596e-01
9.242631216780637926e-01 1.040302237625287812e-01
9.261678453550868939e-01 1.040274589182152015e-01
9.280745294301100401e-01 1.040247636046800345e-01
9.299831739031333422e-01 1.040221378997929907e-01
9.318937787741565781e-01 1.040195818848575621e-01
9.338063440431798590e-01 1.040170956446293538e-01
9.357208697102029626e-01 1.040146792673317111e-01
9.376373557752263332e-01 1.040123328446735385e-01
9.395558022382498597e-01 1.040100564718700604e-01
9.414762090992733201e-01 1.040078502476571298e-01
9.433985763582968254e-01 1.040057142743165547e-01
9.453229040153204865e-01 1.040036486576913777e-01
9.472491920703440815e-01 1.040016535072083304e-01
9.491774405233678324e-01 1.039997289359001487e-01
9.511076493743915172e-01 1.039978750604253488e-01
9.530398186234151359e-01 1.039960920010921108e-01
9.549739482704390214e-01 1.039943798818802889e-01
9.569100383154629519e-01 1.039927388304672795e-01
9.588480887584868162e-01 1.039911689782493931e-01
9.607880995995108364e-01 1.039896704603672645e-01
9.627300708385349015e-01 1.039882434157349267e-01
9.646740024755590115e-01 1.039868879870616269e-01
9.666198945105831664e-01 1.039856043208807895e-01
9.685677469436073661e-01 1.039843925675774799e-01
9.705175597746313887e-01 1.039832528814170903e-01
9.724693330036556782e-01 1.039821854205731089e-01
9.744230666306800126e-01 1.039811903471580118e-01
9.763787606557043919e-01 1.039802678272526149e-01
9.783364150787289271e-01 1.039794180309379645e-01
9.802960298997533961e-01 1.039786411323269238e-01
9.822576051187779100e-01 1.039779373095963272e-01
9.842211407358025799e-01 1.039773067450219385e-01
9.861866367508271836e-01 1.039767496250098289e-01
9.881540931638517211e-01 1.039762661401340688e-01
9.901235099748764146e-01 1.039758564851701317e-01
9.920948871839012639e-01 1.039755208591342656e-01
9.940682247909260472e-01 1.039752594653169382e-01
9.960435227959509863e-01 1.039750725113247898e-01
9.980207811989759703e-01 1.039749602091176867e-01
1.000000000000000666e+00 1.039749227750486477e-01
