0.000000000000000000e+00 8.697278269680566165e-01
2.078119897502626434e-05 8.694059979399408888e-01
4.352279595010249372e-05 8.690538091012764976e-01
6.822479092522875592e-05 8.686712604487439870e-01
9.488718390040502381e-05 8.682583519788751314e-01
1.235099748756312839e-04 8.678150836880886843e-01
1.540931638509075632e-04 8.673414555727219089e-01
1.866367508262337669e-04 8.668374676290658831e-01
2.211407358016100034e-04 8.663031198534054678e-01
2.576051187770363269e-04 8.657384122420520578e-01
2.960298997525126832e-04 8.651433447913926544e-01
3.364150787280388555e-04 8.645179174979142900e-01
3.787606557036150606e-04 8.638621303582604272e-01
4.230666306792412444e-04 8.631759833692631556e-01
4.693330036549174067e-04 8.624594765279857134e-01
5.175597746306437102e-04 8.617126098317644534e-01
5.677469436064200466e-04 8.609353832782483673e-01
6.198945105822462531e-04 8.601277968654431616e-01
6.740024755581224382e-04 8.592898505917454521e-01
7.300708385340486020e-04 8.584215444559875063e-01
7.880995995100251780e-04 8.575228784574722152e-01
8.480887584860512989e-04 8.565938525960061778e-01
9.100383154621275068e-04 8.556344668719485513e-01
9.739482704382536934e-04 8.546447212862274823e-01
1.039818623414429750e-03 8.536246158403849593e-01
1.107649374390655894e-03 8.525741505366052353e-01
1.177440523366932558e-03 8.514933253777398070e-01
1.249192070343258659e-03 8.503821403673376134e-01
1.322904015319634847e-03 8.492405955096669068e-01
1.398576358296060905e-03 8.480686908097497811e-01
1.476209099272537051e-03 8.468664262733629489e-01
1.555802238249063716e-03 8.456338019070670509e-01
1.637355775225640036e-03 8.443708177182256414e-01
1.720869710202266008e-03 8.430774737150165121e-01
1.806344043178942285e-03 8.417537699064372436e-01
1.893778774155669082e-03 8.403997063023261882e-01
1.983173903132445098e-03 8.390152829133576962e-01
2.074529430109271419e-03 8.376004997510533290e-01
2.167845355086147393e-03 8.361553568277937387e-01
2.263121678063073454e-03 8.346798541567990171e-01
2.360358399040050469e-03 8.331739917521533423e-01
2.459555518017076271e-03 8.316377696287854393e-01
2.560713034994152593e-03 8.300711878024739088e-01
2.663830949971278568e-03 8.284742462898438964e-01
2.768909262948454630e-03 8.268469451083581001e-01
2.875947973925680780e-03 8.251892842763164371e-01
2.984947082902957450e-03 8.235012638128507145e-01
3.095906589880283773e-03 8.217828837379090867e-01
3.208826494857659750e-03 8.200341440722672681e-01
3.323706797835085814e-03 8.182550448375122132e-01
3.440547498812561965e-03 8.164455860560425604e-01
3.559348597790088636e-03 8.146057677510635253e-01
3.680110094767664961e-03 8.127355899465910083e-01
3.802831989745290939e-03 8.108350526674512615e-01
3.927514282722965704e-03 8.089041559392821101e-01
4.054156973700691856e-03 8.069428997885400578e-01
4.182760062678468095e-03 8.049512842425200487e-01
4.313323549656295289e-03 8.029293093293488059e-01
4.445847434634171702e-03 8.008769750780244667e-01
4.580331717612097335e-03 7.987942815184270184e-01
4.716776398590073922e-03 7.966812286813466093e-01
4.855181477568099729e-03 7.945378165985230723e-01
4.995546954546175623e-03 7.923640453026721264e-01
5.137872829524301604e-03 7.901599148275456619e-01
5.282159102502477672e-03 7.879254252079745946e-01
5.428405773480703828e-03 7.856605764799278191e-01
5.576612842458980070e-03 7.833653686805811533e-01
5.726780309437305531e-03 7.810398018483921678e-01
5.878908174415681948e-03 7.786838760231850065e-01
6.032996437394107583e-03 7.762975912462398709e-01
6.189045098372585908e-03 7.738809475603893873e-01
6.347054157351111718e-03 7.714339450101430629e-01
6.507023614329687615e-03 7.689565836417954214e-01
6.668953469308313599e-03 7.664488635035592301e-01
6.832843722286989670e-03 7.639107846457100504e-01
6.998694373265715828e-03 7.613423471207361182e-01
7.166505422244492073e-03 7.587435509835009917e-01
7.336276869223317537e-03 7.561143962914108618e-01
7.508008714202193956e-03 7.534548831046156137e-01
7.681700957181119595e-03 7.507650114861804669e-01
7.857353598160098790e-03 7.480447815023124614e-01
8.034966637139125470e-03 7.452941932225652932e-01
8.214540074118200502e-03 7.425132467200742381e-01
8.396073909097327356e-03 7.397019420717881877e-01
8.579568142076502563e-03 7.368602793587214483e-01
8.765022773055727856e-03 7.339882586662079822e-01
8.952437802035004971e-03 7.310858800841695260e-01
9.141813229014330439e-03 7.281531437073880397e-01
9.333149053993705993e-03 7.251900496357837067e-01
9.526445276973131635e-03 7.221965979747071440e-01
9.721701897952607363e-03 7.191727888352230647e-01
9.918918916932136648e-03 7.161186223344073731e-01
1.011809633391171255e-02 7.130340985956432620e-01
1.031923414889133854e-02 7.099192177489107580e-01
1.052233236187101462e-02 7.067739799310740478e-01
1.072739097285074078e-02 7.035983852861715793e-01
1.093440998183051703e-02 7.003924339656858455e-01
1.114338938881034163e-02 6.971561261288006239e-01
1.135432919379021806e-02 6.938894619426496657e-01
1.156722939677014457e-02 6.905924415825323015e-01
1.178208999775011943e-02 6.872650652321120601e-01
1.199891099673014612e-02 6.839073330835715447e-01
1.221769239371022463e-02 6.805192453377365558e-01
1.243843418869035149e-02 6.771008022041509200e-01
1.266113638167052670e-02 6.736520039010922556e-01
1.288579897265075200e-02 6.701728506555210130e-01
1.311242196163102738e-02 6.666633427029601267e-01
1.334100534861135459e-02 6.631234802872894019e-01
1.357154913359173015e-02 6.595532636604161114e-01
1.380405331657215580e-02 6.559526930818697643e-01
1.403851789755263153e-02 6.523217688182174623e-01
1.427494287653315735e-02 6.486604911423743403e-01
1.451332825351373326e-02 6.449688603327032865e-01
1.475367402849436273e-02 6.412468766719500168e-01
1.499598020147503881e-02 6.374945404459352316e-01
1.524024677245576498e-02 6.337118519420132934e-01
1.548647374143653950e-02 6.298988114472460209e-01
1.573466110841736931e-02 6.260554192462559620e-01
1.598480887339824227e-02 6.221816756187364961e-01
1.623691703637917053e-02 6.182775808365498227e-01
1.649098559736014366e-02 6.143431351603858559e-01
1.674701455634117209e-02 6.103783388359247386e-01
1.700500391332224540e-02 6.063831920894313665e-01
1.726495366830337400e-02 6.023576951227302967e-01
1.752686382128455442e-02 5.983018481074769968e-01
1.779073437226577625e-02 5.942156511786649276e-01
1.805656532124705685e-02 5.900991044272354547e-01
1.832435666822837886e-02 5.859522078917528409e-01
1.859410841320975616e-02 5.817749615489761217e-01
1.886582055619118528e-02 5.775673653032477040e-01
1.913949309717265929e-02 5.733294189745412606e-01
1.941512603615418858e-02 5.690611222850343598e-01
1.969271937313575929e-02 5.647624748440330800e-01
1.997227310811738876e-02 5.604334761310738600e-01
2.025378724109906312e-02 5.560741254769991926e-01
2.053726177208079276e-02 5.516844220427944423e-01
2.082269670106256382e-02 5.472643647959388735e-01
2.111009202804439364e-02 5.428139524840048802e-01
2.139944775302626487e-02 5.383331836052426267e-01
2.169076387600819486e-02 5.338220563758440118e-01
2.198404039699017321e-02 5.292805686936070675e-01
2.227927731597219643e-02 5.247087180978105003e-01
2.257647463295427495e-02 5.201065017252416434e-01
2.287563234793639835e-02 5.154739162627685056e-01
2.317675046091857705e-02 5.108109578976334220e-01
2.347982897190080062e-02 5.061176222683192449e-01
2.378486788088307949e-02 5.013939044218537200e-01
2.409186718786539977e-02 4.966397987889278332e-01
2.440082689284778228e-02 4.918552991976365418e-01
2.471174699583020273e-02 4.870403989624347840e-01
2.502462749681268195e-02 4.821950911100545967e-01
2.533946839579521298e-02 4.773193688428630788e-01
2.565626969277778543e-02 4.724132263973054302e-01
2.597503138776041318e-02 4.674766605357588700e-01
2.629575348074308580e-02 4.625096730189474092e-01
2.661843597172581372e-02 4.575122745451336015e-01
2.694307886070858651e-02 4.524844908093295648e-01
2.726968214769141807e-02 4.474266379492648493e-01
2.759824583267428758e-02 4.423388148343648796e-01
2.792876991565721931e-02 4.372211788053539383e-01
2.826125439664019939e-02 4.320739705780360373e-01
2.859569927562322089e-02 4.268975469072968654e-01
2.893210455260630115e-02 4.216924220913171317e-01
2.927047022758941935e-02 4.164593189912408899e-01
2.961079630057259979e-02 4.111992295874691838e-01
2.995308277155582163e-02 4.059134841850117748e-01
3.029732964053910224e-02 4.006038272507890241e-01
3.064353690752242426e-02 3.952724965976135429e-01
3.099170457250580504e-02 3.899223013540005778e-01
3.134183263548922377e-02 3.845566930492608781e-01
3.169392109647270472e-02 3.791798233953630470e-01
3.204796995545623056e-02 3.737965821502459152e-01
3.240397921243980128e-02 3.684126089472021248e-01
3.276194886742343076e-02 3.630342742364117137e-01
3.312187892040710513e-02 3.576686264618169075e-01
3.348376937139083825e-02 3.523233051216587697e-01
3.384762022037460932e-02 3.470064221578160191e-01
3.421343146735843915e-02 3.417264168416515036e-01
3.458120311234230693e-02 3.364918916160399287e-01
3.495093515532624040e-02 3.313114379135300158e-01
3.532262759631021182e-02 3.261934616099994577e-01
3.569628043529424199e-02 3.211460174469396578e-01
3.607189367227831706e-02 3.161766605642841177e-01
3.644946730726244394e-02 3.112923214463409471e-01
3.682900134024662264e-02 3.064992083792010824e-01
3.721049577123083929e-02 3.018027392423990873e-01
3.759395060021512164e-02 2.972075023654642822e-01
3.797936582719944193e-02 2.927172444549006047e-01
3.836674145218382098e-02 2.883348823394762395e-01
3.875607747516824492e-02 2.840625345129734192e-01
3.914737389615272761e-02 2.799015681340917827e-01
3.954063071513724825e-02 2.758526571935029370e-01
3.993584793212182765e-02 2.719158478808670343e-01
4.033302554710645887e-02 2.680906276823481482e-01
4.073216356009112804e-02 2.643759953253906891e-01
4.113326197107585597e-02 2.607705292937636532e-01
4.153632078006062878e-02 2.572724532128011776e-01
4.194133998704546035e-02 2.538796969211908339e-01
4.234831959203032986e-02 2.505899524853368310e-01
4.275725959501525814e-02 2.474007247703696177e-01
4.316815999600023129e-02 2.443093764611503071e-01
4.358102079498526321e-02 2.413131676347898824e-01
4.399584199197033307e-02 2.384092901333362269e-01
4.441262358695546170e-02 2.355948970820971322e-01
4.483136557994064214e-02 2.328671279559916540e-01
4.525206797092586747e-02 2.302231296227116863e-01
4.567473075991114462e-02 2.276600737953269893e-01
4.609935394689646665e-02 2.251751713149689749e-01
4.652593753188184744e-02 2.227656836616078717e-01
4.695448151486726618e-02 2.204289320618636749e-01
4.738498589585275061e-02 2.181623045302652775e-01
4.781745067483826606e-02 2.159632611466901220e-01
4.825187585182384720e-02 2.138293378394344468e-01
4.868826142680946628e-02 2.117581489114850890e-01
4.912660739979515107e-02 2.097473885178269826e-01
4.956691377078088073e-02 2.077948312743045922e-01
5.000918053976664834e-02 2.058983321538363775e-01
5.045340770675248165e-02 2.040558258037328543e-01
5.089959527173835291e-02 2.022653253982667765e-01
5.134774323472428292e-02 2.005249211234740869e-01
5.179785159571025088e-02 1.988327783761506540e-01
5.224992035469628454e-02 1.971871357459870910e-01
5.270394951168235614e-02 1.955863028385400326e-01
5.315993906666848651e-02 1.940286579870785788e-01
5.361788901965465481e-02 1.925126458930665474e-01
5.407779937064088882e-02 1.910367752280006381e-01
5.453967011962716771e-02 1.895996162233246074e-01
5.500350126661349148e-02 1.881997982700714944e-01
5.546929281159986708e-02 1.868360075456142466e-01
5.593704475458628755e-02 1.855069846812997525e-01
5.640675709557277373e-02 1.842115224817359453e-01
5.687842983455929091e-02 1.829484637039987815e-01
5.735206297154587379e-02 1.817166989029203317e-01
5.782765650653248768e-02 1.805151643469251610e-01
5.830521043951917420e-02 1.793428400074448537e-01
5.878472477050590561e-02 1.781987476238020840e-01
5.926619949949267496e-02 1.770819488445295187e-01
5.974963462647950307e-02 1.759915434453246663e-01
6.023503015146637607e-02 1.749266676232904272e-01
6.072238607445330782e-02 1.738864923666273432e-01
6.121170239544027752e-02 1.728702218986344352e-01
6.170297911442730598e-02 1.718770921946213281e-01
6.219621623141437933e-02 1.709063695701739383e-01
6.269141374640151143e-02 1.699573493391424994e-01
6.318857165938866760e-02 1.690293545396715225e-01
6.368768997037589641e-02 1.681217347266390494e-01
6.418876867936318398e-02 1.672338648289103946e-01
6.469180778635051643e-02 1.663651440699562833e-01
6.519680729133789376e-02 1.655149949504936824e-01
6.570376719432530210e-02 1.646828622920221696e-01
6.621268749531278308e-02 1.638682123403123747e-01
6.672356819430030894e-02 1.630705319281552657e-01
6.723640929128789356e-02 1.622893276969617493e-01
6.775121078627552307e-02 1.615241253770884899e-01
6.826797267926318358e-02 1.607744691271190407e-01
6.878669497025091673e-02 1.600399209326852923e-01
6.930737765923869476e-02 1.593200600658396804e-01
6.983002074622653155e-02 1.586144826064181945e-01
7.035462423121441322e-02 1.579228010273376892e-01
7.088118811420231202e-02 1.572446438463165064e-01
7.140971239519029734e-02 1.565796553470851504e-01
7.194019707417832754e-02 1.559274953738322977e-01
7.247264215116641650e-02 1.552878392033366362e-01
7.300704762615452259e-02 1.546603775000380265e-01
7.354341349914270132e-02 1.540448159680836149e-01
7.408173977013092493e-02 1.534405809193318260e-01
7.462202643911922118e-02 1.528473904497215374e-01
7.516427350610754843e-02 1.522649702989481157e-01
7.570848097109590669e-02 1.516930540208374922e-01
7.625464883408433758e-02 1.511313827771262330e-01
7.680277709507281336e-02 1.505797051339659576e-01
7.735286575406134790e-02 1.500377768613679053e-01
7.790491481104989957e-02 1.495053607357820780e-01
7.845892426603853775e-02 1.489822263459815443e-01
7.901489411902722082e-02 1.484681499023923212e-01
7.957282437001594877e-02 1.479629140499933992e-01
8.013271501900470772e-02 1.474663076848912735e-01
8.069456606599353932e-02 1.469781257746546055e-01
8.125837751098241579e-02 1.464981691824764065e-01
8.182414935397135103e-02 1.460262444952292460e-01
8.239188159496033115e-02 1.455621638554394359e-01
8.296157423394934227e-02 1.451057447972299297e-01
8.353322727093842603e-02 1.446568100862348494e-01
8.410684070592755468e-02 1.442151875634961056e-01
8.468241453891674209e-02 1.437807099933451072e-01
8.525994876990593274e-02 1.433532149152435542e-01
8.583944339889522379e-02 1.429325444995662719e-01
8.642089842588455972e-02 1.425185454072833424e-01
8.700431385087394054e-02 1.421110686534990675e-01
8.758968967386336624e-02 1.417099694747802618e-01
8.817702589485282294e-02 1.413151072002095110e-01
8.876632251384235228e-02 1.409263451260648337e-01
8.935757953083194038e-02 1.405435503940327957e-01
8.995079694582157337e-02 1.401665938728311467e-01
9.054597475881122348e-02 1.397953500430939300e-01
9.114311296980096011e-02 1.394296968853673546e-01
9.174221157879074162e-02 1.390695157710175878e-01
9.234327058578056802e-02 1.387146913558440220e-01
9.294628999077042542e-02 1.383651114761318413e-01
9.355126979376035545e-02 1.380206670468717978e-01
9.415820999475034425e-02 1.376812519617936770e-01
9.476711059374037793e-02 1.373467629948442181e-01
9.537797159073045650e-02 1.370170997026547988e-01
9.599079298572055219e-02 1.366921643274825737e-01
9.660557477871074827e-02 1.363718617000425071e-01
9.722231696970097536e-02 1.360560991415366294e-01
9.784101955869126122e-02 1.357447863640939556e-01
9.846168254568156419e-02 1.354378353687149261e-01
9.908430593067193981e-02 1.351351603396666323e-01
9.970888971366237419e-02 1.348366775341242052e-01
1.003354338946528534e-01 1.345423051656632618e-01
1.009639384736433915e-01 1.342519632800046048e-01
1.015944034506339466e-01 1.339655736211646242e-01
1.022268288256245744e-01 1.336830594858948451e-01
1.028612145986152610e-01 1.334043455639713771e-01
1.034975607696059924e-01 1.331293577615408896e-01
1.041358673385967409e-01 1.328580230043084898e-01
1.047761343055875760e-01 1.325902690168911657e-01
1.054183616705784560e-01 1.323260240741096216e-01
1.060625494335693947e-01 1.320652167193931414e-01
1.067086975945603783e-01 1.318077754447613270e-01
1.073568061535513790e-01 1.315536283260536066e-01
1.080068751105424663e-01 1.313027026061799052e-01
1.086589044655335984e-01 1.310549242181262009e-01
1.093128942185247754e-01 1.308102171767394628e-01
1.099688443695159834e-01 1.305686669790753762e-01
1.106267549185072641e-01 1.303302080039096811e-01
1.112866258654986035e-01 1.300947773242209504e-01
1.119484572104899878e-01 1.298623145548061519e-01
1.126122489534813753e-01 1.296327616598705323e-01
1.132780010944728633e-01 1.294060627774708538e-01
1.139457136334643961e-01 1.291821640594152665e-01
1.146153865704559877e-01 1.289610135253399514e-01
1.152870199054476102e-01 1.287425609297793705e-01
1.159606136384392638e-01 1.285267576411430190e-01
1.166361677694310039e-01 1.283135565316185778e-01
1.173136822984227889e-01 1.281029118771002118e-01
1.179931572254146188e-01 1.278947792663325533e-01
1.186745925504064658e-01 1.276891155185581606e-01
1.193579882733983993e-01 1.274858786090284357e-01
1.200433443943903777e-01 1.272850276018342719e-01
1.207306609133824149e-01 1.270865225895981554e-01
1.214199378303744969e-01 1.268903246396559104e-01
1.221111751453665961e-01 1.266963957464549984e-01
1.228043728583587818e-01 1.265046987899867970e-01
1.234995309693510124e-01 1.263151975001783334e-01
1.241966494783433017e-01 1.261278564272826364e-01
1.248957283853355943e-01 1.259426409184197238e-01
1.255967676903279873e-01 1.257595171005611023e-01
1.262997673933204390e-01 1.255784518703932928e-01
1.270047274943129079e-01 1.253994128916634532e-01
1.277116479933054216e-01 1.252223686007904457e-01
1.284205288902980080e-01 1.250472882217363024e-01
1.291313701852906393e-01 1.248741417913674240e-01
1.298441718782833154e-01 1.247029001968028572e-01
1.305589339692760642e-01 1.245335352265543316e-01
1.312756564582688024e-01 1.243660196376104587e-01
1.319943393452616409e-01 1.242003272410174552e-01
1.327149826302545244e-01 1.240364330089694517e-01
1.334375863132474527e-01 1.238743132069417829e-01
1.341621503942403981e-01 1.237139455550056860e-01
1.348886748732334440e-01 1.235553094231536947e-01
1.356171597502265069e-01 1.233983860662499488e-01
1.363476050252196425e-01 1.232431588925786276e-01
1.370800106982128508e-01 1.230895486741032246e-01
1.378143767692060206e-01 1.229375356153697835e-01
1.385507032381993187e-01 1.227870997203568543e-01
1.392889901051926616e-01 1.226382208779207839e-01
1.400292373701860493e-01 1.224908789264936848e-01
1.407714450331794265e-01 1.223450537103947799e-01
1.415156130941729040e-01 1.222007251284102369e-01
1.422617415531664542e-01 1.220578731752152007e-01
1.430098304101600493e-01 1.219164779761088974e-01
1.437598796651536337e-01 1.217765198154434209e-01
1.445118893181473185e-01 1.216379791590236625e-01
1.452658593691410482e-01 1.215008366706508275e-01
1.460217898181348506e-01 1.213650732228731960e-01
1.467796806651286701e-01 1.212306699018802364e-01
1.475395319101225067e-01 1.210976080063531080e-01
1.483013435531164437e-01 1.209658690399312286e-01
1.490651155941104256e-01 1.208354346967962928e-01
1.498308480331044801e-01 1.207062868396946848e-01
1.505985408700985240e-01 1.205784074695097630e-01
1.513681941050926405e-01 1.204517786852667000e-01
1.521398077380868297e-01 1.203263826331852498e-01
1.529133817690810637e-01 1.202022014430895319e-01
1.536889161980753704e-01 1.200792171501431499e-01
1.544664110250696387e-01 1.199574115994644502e-01
1.552458662500640352e-01 1.198367663307316477e-01
1.560272818730584765e-01 1.197172624364957472e-01
1.568106578940529627e-01 1.195989022861166928e-01
1.575959943130474383e-01 1.194816694240416616e-01
1.583832911300420421e-01 1.193655478577378831e-01
1.591725483450366629e-01 1.192505220288958001e-01
1.599637659580313565e-01 1.191365767856846641e-01
1.607569439690260948e-01 1.190236973585181296e-01
1.615520823780208504e-01 1.189118693392959558e-01
1.623491811850156785e-01 1.188010786641714445e-01
1.631482403900105516e-01 1.186913115999492924e-01
1.639492599930054972e-01 1.185825547343097447e-01
1.647522399940004323e-01 1.184747949701488584e-01
1.655571803929954677e-01 1.183680195244243838e-01
1.663640811899905481e-01 1.182622159320274591e-01
1.671729423849857010e-01 1.181573720553339979e-01
1.679837639779808434e-01 1.180534761002643984e-01
1.687965459689760583e-01 1.179505166398573529e-01
1.696112883579713460e-01 1.178484826465936580e-01
1.704279911449667062e-01 1.177473635349605835e-01
1.712466543299620836e-01 1.176471492160396370e-01
1.720672779129574781e-01 1.175478301653276603e-01
1.728898618939529452e-01 1.174493880620143538e-01
1.737144062729484850e-01 1.173518127281457796e-01
1.745409110499440697e-01 1.172550940735555824e-01
1.753693762249396715e-01 1.171592221010011314e-01
1.761998017979353459e-01 1.170641869087064163e-01
1.770321877689310930e-01 1.169699786909419725e-01
1.778665341379268849e-01 1.168765877364171674e-01
1.787028409049227218e-01 1.167840044241963138e-01
1.795411080699185480e-01 1.166922192167732936e-01
1.803813356329145023e-01 1.166012226498443355e-01
1.812235235939104738e-01 1.165110053182095151e-01
1.820676719529065180e-01 1.164215578571111409e-01
1.829137807099025514e-01 1.163328709181590814e-01
1.837618498648986853e-01 1.162449351388203378e-01
1.846118794178948919e-01 1.161577411042397506e-01
1.854638693688911155e-01 1.160712792995366727e-01
1.863178197178873563e-01 1.159855448132336431e-01
1.871737304648836975e-01 1.159005289769677316e-01
1.880316016098800835e-01 1.158162232836939115e-01
1.888914331528765145e-01 1.157326193845071988e-01
1.897532250938729903e-01 1.156497090864581218e-01
1.906169774328694833e-01 1.155674843519314404e-01
1.914826901698660766e-01 1.154859372998851413e-01
1.923503633048627148e-01 1.154050602093270178e-01
1.932199968378593979e-01 1.153248455254697324e-01
1.940915907688560982e-01 1.152452858691107723e-01
1.949651450978528711e-01 1.151663740498965194e-01
1.958406598248497166e-01 1.150881030842589858e-01
1.967181349498466070e-01 1.150104662189817134e-01
1.975975704728435423e-01 1.149334569613513490e-01
1.984789663938404669e-01 1.148570662488102301e-01
1.993623227128375197e-01 1.147812873922598315e-01
2.002476394298345896e-01 1.147061137761759830e-01
2.011349165448317322e-01 1.146315388559482756e-01
2.020241540578288642e-01 1.145575561539085296e-01
2.029153519688260965e-01 1.144841592538981823e-01
2.038085102778234015e-01 1.144113417940179345e-01
2.047036289848207236e-01 1.143390974571315832e-01
2.056007080898180628e-01 1.142674199586012074e-01
2.064997475928155024e-01 1.141963030306409332e-01
2.074007474938129869e-01 1.141257404025326772e-01
2.083037077928105441e-01 1.140557257757060794e-01
2.092086284898081183e-01 1.139862545956187162e-01
2.101155095848057097e-01 1.139173209991359431e-01
2.110243510778034015e-01 1.138489192172801590e-01
2.119351529688011382e-01 1.137810435762039163e-01
2.128479152577989197e-01 1.137136884990772728e-01
2.137626379447967184e-01 1.136468485092737152e-01
2.146793210297945897e-01 1.135805182352181558e-01
2.155979645127925337e-01 1.135146924173224270e-01
2.165185683937905226e-01 1.134493659175213331e-01
2.174411326727885563e-01 1.133845337320193436e-01
2.183656573497865794e-01 1.133201910079262992e-01
2.192921424247847306e-01 1.132563318727185658e-01
2.202205878977829268e-01 1.131929514154187966e-01
2.211509937687811678e-01 1.131300447818238269e-01
2.220833600377793982e-01 1.130676071710581404e-01
2.230176867047777289e-01 1.130056338313354114e-01
2.239539737697761046e-01 1.129441200546817820e-01
2.248922212327745529e-01 1.128830611702802134e-01
2.258324290937730461e-01 1.128224525360367325e-01
2.267745973527715286e-01 1.127622895278930365e-01
2.277187260097701116e-01 1.127025675263076676e-01
2.286648150647687394e-01 1.126432818991857238e-01
2.296128645177674399e-01 1.125844289903371737e-01
2.305628743687661297e-01 1.125260044493049810e-01
2.315148446177649200e-01 1.124680039909662366e-01
2.324687752647637551e-01 1.124104233970943945e-01
2.334246663097626351e-01 1.123532585187544119e-01
2.343825177527615322e-01 1.122965052798562124e-01
2.353423295937605020e-01 1.122401596822044240e-01
2.363041018327595444e-01 1.121842178124642098e-01
2.372678344697586317e-01 1.121286758515221832e-01
2.382335275047577638e-01 1.120735300868104384e-01
2.392011809377569131e-01 1.120187761693851591e-01
2.401707947687561351e-01 1.119644103531302753e-01
2.411423689977554297e-01 1.119104289323400586e-01
2.421159036247547691e-01 1.118568282387193413e-01
2.430913986497540979e-01 1.118036046376987558e-01
2.440688540727535549e-01 1.117507545238165811e-01
2.450482698937530290e-01 1.116982743148538376e-01
2.460296461127525758e-01 1.116461604443467898e-01
2.470129827297521674e-01 1.115944093520281205e-01
2.479982797447517484e-01 1.115430174716433992e-01
2.489855371577514298e-01 1.114919818403303925e-01
2.499747549687511561e-01 1.114412990842937601e-01
2.509659331777509550e-01 1.113909658760469518e-01
2.519590717847506878e-01 1.113409789358722340e-01
2.529541707897505765e-01 1.112913350338758933e-01
2.539512301927505100e-01 1.112420309928968398e-01
2.549502499937504885e-01 1.111930636925661103e-01
2.559512301927505673e-01 1.111444300748578029e-01
2.569541707897506355e-01 1.110961271515457927e-01
2.579590717847507486e-01 1.110481520140515349e-01
2.589659331777509621e-01 1.110005013019333131e-01
2.599747549687512205e-01 1.109531720828674378e-01
2.609855371577514682e-01 1.109061614546154734e-01
2.619982797447518164e-01 1.108594665427404535e-01
2.630129827297520984e-01 1.108130844977761320e-01
2.640296461127525363e-01 1.107670124916330101e-01
2.650482698937530190e-01 1.107212477129724953e-01
2.660688540727535467e-01 1.106757873612255888e-01
2.670913986497541748e-01 1.106306286388692856e-01
2.681159036247547922e-01 1.105857687414845275e-01
2.691423689977554545e-01 1.105412053232274483e-01
2.701707947687562172e-01 1.104969357249132728e-01
2.712011809377570248e-01 1.104529573215758398e-01
2.722335275047577108e-01 1.104092675234508852e-01
2.732678344697586081e-01 1.103658637773979878e-01
2.743041018327595504e-01 1.103227435689812935e-01
2.753423295937605375e-01 1.102799044254399036e-01
2.763825177527615695e-01 1.102373439198371941e-01
2.774246663097627019e-01 1.101950596767292262e-01
2.784687752647638237e-01 1.101530493797685806e-01
2.795148446177649904e-01 1.101113107817376230e-01
2.805628743687662574e-01 1.100698411600715548e-01
2.816128645177674028e-01 1.100286382284969000e-01
2.826648150647687596e-01 1.099876997200248396e-01
2.837187260097701613e-01 1.099470233854754897e-01
2.847745973527716079e-01 1.099066069913679222e-01
2.858324290937730994e-01 1.098664483169809053e-01
2.868922212327746357e-01 1.098265451503373236e-01
2.879539737697762170e-01 1.097868952828077033e-01
2.890176867047778431e-01 1.097474965019637899e-01
2.900833600377795141e-01 1.097083465822159543e-01
2.911509937687811744e-01 1.096694437421100593e-01
2.922205878977829352e-01 1.096307858792524986e-01
2.932921424247847964e-01 1.095923709187178324e-01
2.943656573497866469e-01 1.095541968136096167e-01
2.954411326727885978e-01 1.095162615460770344e-01
2.965185683937905936e-01 1.094785631289715150e-01
2.975979645127926343e-01 1.094410996083552690e-01
2.986793210297947199e-01 1.094038690671099157e-01
2.997626379447967393e-01 1.093668696299622128e-01
3.008479152577989146e-01 1.093300994703079176e-01
3.019351529688011904e-01 1.092935568192957702e-01
3.030243510778034555e-01 1.092572394805526037e-01
3.041155095848058210e-01 1.092211456466392755e-01
3.052086284898081758e-01 1.091852735234242894e-01
3.063037077928106311e-01 1.091496213292027645e-01
3.074007474938131312e-01 1.091141872932491069e-01
3.084997475928156763e-01 1.090789696536431236e-01
3.096007080898180996e-01 1.090439666541583169e-01
3.107036289848207899e-01 1.090091765399580359e-01
3.118085102778234696e-01 1.089745975517814047e-01
3.129153519688261942e-01 1.089402279182124789e-01
3.140241540578289636e-01 1.089060662213080094e-01
3.151349165448318335e-01 1.088721107846822439e-01
3.162476394298346927e-01 1.088383599525351159e-01
3.173623227128376523e-01 1.088048120898441051e-01
3.184789663938406568e-01 1.087714655828586202e-01
3.195975704728435396e-01 1.087383188400384143e-01
3.207181349498466338e-01 1.087053702935883021e-01
3.218406598248497730e-01 1.086726184017830638e-01
3.229651450978529570e-01 1.086400616523163776e-01
3.240915907688562414e-01 1.086076985669656020e-01
3.252199968378595152e-01 1.085755277079386572e-01
3.263503633048628338e-01 1.085435476863412935e-01
3.274826901698662529e-01 1.085117567208282452e-01
3.286169774328696613e-01 1.084801533851078165e-01
3.297532250938730591e-01 1.084487362618378192e-01
3.308914331528765573e-01 1.084175039424470771e-01
3.320316016098801559e-01 1.083864550264742183e-01
3.331737304648837994e-01 1.083555881203023541e-01
3.343178197178874878e-01 1.083249018351395698e-01
3.354638693688912210e-01 1.082943947840383364e-01
3.366118794178950546e-01 1.082640655777061117e-01
3.377618498648988776e-01 1.082339128187856658e-01
3.389137807099027455e-01 1.082039350941984140e-01
3.400676719529066028e-01 1.081741313491505763e-01
3.412235235939105604e-01 1.081445002538877209e-01
3.423813356329146185e-01 1.081150404962318567e-01
3.435411080699187214e-01 1.080857507813082902e-01
3.447028409049228137e-01 1.080566298316104207e-01
3.458665341379270064e-01 1.080276763875103324e-01
3.470321877689312440e-01 1.079988892083389856e-01
3.481998017979355819e-01 1.079702670741973514e-01
3.493693762249399093e-01 1.079418087886932914e-01
3.505409110499441705e-01 1.079135131828709154e-01
3.517144062729485876e-01 1.078853791206431656e-01
3.528898618939531051e-01 1.078574055061379405e-01
3.540672779129576120e-01 1.078295909104338146e-01
3.552466543299622193e-01 1.078019342061250219e-01
3.564279911449668714e-01 1.077744342720995535e-01
3.576112883579715684e-01 1.077470899937988391e-01
3.587965459689763104e-01 1.077199002631110542e-01
3.599837639779809306e-01 1.076928639778255148e-01
3.611729423849858178e-01 1.076659800405371931e-01
3.623640811899906944e-01 1.076392473568605762e-01
3.635571803929956158e-01 1.076126648327708074e-01
3.647522399940006377e-01 1.075862313708374901e-01
3.659492599930056489e-01 1.075599458650508267e-01
3.671482403900107605e-01 1.075338071938575502e-01
3.683491811850159170e-01 1.075078145557924886e-01
3.695520823780210629e-01 1.074819668976254583e-01
3.707569439690261981e-01 1.074562631805155710e-01
3.719637659580314892e-01 1.074307023793624333e-01
3.731725483450368253e-01 1.074052834824471558e-01
3.743832911300422062e-01 1.073800054914239854e-01
3.755959943130476320e-01 1.073548674217451593e-01
3.768106578940531581e-01 1.073298683036308931e-01
3.780272818730586737e-01 1.073050071837255981e-01
3.792458662500642896e-01 1.072802831276245539e-01
3.804664110250698950e-01 1.072556952235218519e-01
3.816889161980754896e-01 1.072312425872720132e-01
3.829133817690812402e-01 1.072069243692683055e-01
3.841398077380869802e-01 1.071827394108116754e-01
3.853681941050928206e-01 1.071586868326229181e-01
3.865985408700987613e-01 1.071347657587178592e-01
3.878308480331046915e-01 1.071109753171223394e-01
3.890651155941106665e-01 1.070873146402635673e-01
3.903013435531166864e-01 1.070637828649936424e-01
3.915395319101228067e-01 1.070403791321807296e-01
3.927796806651288053e-01 1.070171025857749175e-01
3.940217898181350153e-01 1.069939523712210294e-01
3.952658593691412148e-01 1.069709276330491204e-01
3.965118893181475146e-01 1.069480275114209067e-01
3.977598796651538593e-01 1.069252511373475906e-01
3.990098304101602489e-01 1.069025976262042293e-01
4.002617415531666833e-01 1.068800663883458513e-01
4.015156130941732182e-01 1.068576565959430819e-01
4.027714450331797424e-01 1.068353674335115466e-01
4.040292373701862005e-01 1.068131980969323214e-01
4.052889901051928145e-01 1.067911477927426661e-01
4.065507032381995289e-01 1.067692157377246459e-01
4.078143767692062882e-01 1.067474011588375737e-01
4.090800106982130369e-01 1.067257032935590294e-01
4.103476050252198859e-01 1.067041213907317793e-01
4.116171597502267798e-01 1.066826547120395957e-01
4.128886748732337186e-01 1.066613025342887378e-01
4.141621503942407023e-01 1.066400641527168874e-01
4.154375863132476199e-01 1.066189388856188663e-01
4.167149826302546933e-01 1.065979260806639434e-01
4.179943393452618672e-01 1.065770248064741021e-01
4.192756564582690304e-01 1.065562343842668680e-01
4.205589339692762940e-01 1.065355541363086217e-01
4.218441718782836025e-01 1.065149833869989543e-01
4.231313701852909004e-01 1.064945214636704163e-01
4.244205288902982987e-01 1.064741676971048684e-01
4.257116479933056308e-01 1.064539214217425922e-01
4.270047274943131188e-01 1.064337819755380721e-01
4.282997673933206517e-01 1.064137486994013448e-01
4.295967676903282295e-01 1.063938209361207504e-01
4.308957283853359077e-01 1.063739980286393799e-01
4.321966494783435753e-01 1.063542793174998141e-01
4.334995309693513432e-01 1.063346641372205498e-01
4.348043728583591006e-01 1.063151518112986221e-01
4.361111751453669583e-01 1.062957416454295423e-01
4.374199378303746943e-01 1.062764332537166484e-01
4.387306609133826418e-01 1.062572259922647949e-01
4.400433443943906342e-01 1.062381192292422005e-01
4.413579882733986715e-01 1.062191123433587764e-01
4.426745925504067536e-01 1.062002047226898449e-01
4.439931572254149361e-01 1.061813957638261252e-01
4.453136822984231080e-01 1.061626848713678878e-01
4.466361677694313248e-01 1.061440714577766564e-01
4.479606136384396420e-01 1.061255549436467965e-01
4.492870199054478375e-01 1.061071347584720964e-01
4.506153865704562445e-01 1.060888103420313255e-01
4.519457136334646408e-01 1.060705811465509074e-01
4.532780010944731375e-01 1.060524466398721777e-01
4.546122489534816791e-01 1.060344063099018241e-01
4.559484572104903211e-01 1.060164596707276891e-01
4.572866258654989524e-01 1.059986059679283443e-01
4.586267549185076287e-01 1.059808446908077212e-01
4.599688443695163498e-01 1.059631753271625121e-01
4.613128942185250048e-01 1.059455973647455279e-01
4.626589044655338712e-01 1.059281102924204687e-01
4.640068751105427269e-01 1.059107136010416922e-01
4.653568061535516831e-01 1.058934067840728577e-01
4.667086975945606842e-01 1.058761893379439462e-01
4.680625494335697301e-01 1.058590607621256591e-01
4.694183616705788209e-01 1.058420205588788549e-01
4.707761343055879566e-01 1.058250682326141029e-01
4.721358673385971372e-01 1.058082032887564666e-01
4.734975607696062516e-01 1.057914252319810400e-01
4.748612145986155220e-01 1.057747335636242819e-01
4.762268288256248927e-01 1.057581277780269974e-01
4.775944034506342528e-01 1.057416073574736354e-01
4.789639384736437133e-01 1.057251717653067552e-01
4.803354338946532187e-01 1.057088207742975794e-01
4.817088897136627690e-01 1.056925538911755724e-01
4.830843059306723641e-01 1.056763706347863818e-01
4.844616825456818376e-01 1.056602705340705939e-01
4.858410195586915226e-01 1.056442531264569912e-01
4.872223169697012524e-01 1.056283179566249730e-01
4.886055747787110826e-01 1.056124645755858182e-01
4.899907929857209021e-01 1.055966925400753376e-01
4.913779715907308221e-01 1.055810014122536694e-01
4.927671105937407314e-01 1.055653907597422225e-01
4.941582099947507412e-01 1.055498601560511951e-01
4.955512697937607958e-01 1.055344091814821444e-01
4.969462899907707287e-01 1.055190374246366691e-01
4.983432705857808731e-01 1.055037444847005956e-01
4.997422115787910624e-01 1.054885299747451016e-01
5.011431129698012965e-01 1.054733935263524464e-01
5.025459747588115755e-01 1.054583347959775902e-01
5.039507969458218994e-01 1.054433531633270221e-01
5.053575795308323793e-01 1.054284482609130352e-01
5.067663225138427929e-01 1.054136197167372668e-01
5.081770258948532515e-01 1.053988671562808427e-01
5.095896896738636439e-01 1.053841902040755507e-01
5.110043138508743032e-01 1.053695884849337600e-01
5.124208984258848965e-01 1.053550616248850047e-01
5.138394433988955345e-01 1.053406092518620746e-01
5.152599487699063285e-01 1.053262309961547349e-01
5.166824145389171674e-01 1.053119264906319380e-01
5.181068407059279401e-01 1.052976953707194241e-01
5.195332272709388688e-01 1.052835372740891784e-01
5.209615742339498423e-01 1.052694518399945323e-01
5.223918815949606387e-01 1.052554387081520992e-01
5.238241493539717020e-01 1.052414975170285344e-01
5.252583775109828101e-01 1.052276279013382998e-01
5.266945660659939632e-01 1.052138294884967518e-01
5.281327150190051611e-01 1.052001018936890853e-01
5.295728243700164040e-01 1.051864447131111852e-01
5.310148941190276917e-01 1.051728578388023277e-01
5.324589242660390243e-01 1.051593409027245102e-01
5.339049148110504017e-01 1.051458935491347974e-01
5.353528657540617131e-01 1.051325154321628430e-01
5.368027770950731803e-01 1.051192062139067601e-01
5.382546488340846924e-01 1.051059655629411338e-01
5.397084809710962494e-01 1.050927931531657200e-01
5.411642735061079623e-01 1.050796886629309507e-01
5.426220264391196091e-01 1.050666517744015122e-01
5.440817397701314118e-01 1.050536821731381382e-01
5.455434134991431483e-01 1.050407795478861400e-01
5.470070476261550407e-01 1.050279435905949049e-01
5.484726421511667560e-01 1.050151739966994763e-01
5.499401970741787382e-01 1.050024704657352426e-01
5.514097123951906543e-01 1.049898327023816164e-01
5.528811881142027262e-01 1.049772604180766178e-01
5.543546242312148431e-01 1.049647533333935706e-01
5.558300207462270048e-01 1.049523111814373022e-01
5.573073776592392115e-01 1.049399337126023235e-01
5.587866949702514630e-01 1.049276207011349132e-01
5.602679726792635373e-01 1.049153716427996402e-01
5.617512107862758786e-01 1.049031862903983536e-01
5.632364092912882647e-01 1.048910643895004102e-01
5.647235681943006957e-01 1.048790056809832394e-01
5.662126874953131717e-01 1.048670099030005604e-01
5.677037671943258035e-01 1.048550767925004873e-01
5.691968072913383692e-01 1.048432060863852266e-01
5.706918077863509797e-01 1.048313975223896521e-01
5.721887686793637462e-01 1.048196508397360172e-01
5.736876899703762245e-01 1.048079657796016084e-01
5.751885716593890807e-01 1.047963420854299416e-01
5.766914137464018708e-01 1.047847795030922569e-01
5.781962162314148168e-01 1.047732777808942639e-01
5.797029791144278077e-01 1.047618366694040154e-01
5.812117023954407324e-01 1.047504559210539338e-01
5.827223860744538131e-01 1.047391352894475186e-01
5.842350301514669386e-01 1.047278745282626683e-01
5.857496346264799980e-01 1.047166733896108259e-01
5.872661994994931023e-01 1.047055316216469606e-01
5.887847247705062514e-01 1.046944489651719934e-01
5.903052104395195565e-01 1.046834251488711481e-01
5.918276565065329065e-01 1.046724598827280389e-01
5.933520629715463013e-01 1.046615531537437721e-01
5.948784298345597410e-01 1.046507047000518054e-01
5.964067570955732256e-01 1.046399142724541154e-01
5.979370447545868661e-01 1.046291816316027162e-01
5.994692928116004405e-01 1.046185065458373198e-01
6.010035012666138377e-01 1.046078887895382087e-01
6.025396701196276128e-01 1.045973281418739048e-01
6.040777993706413218e-01 1.045868243858621982e-01
6.056178890196550757e-01 1.045763773076576475e-01
6.071599390666689855e-01 1.045659866960269163e-01
6.087039495116828292e-01 1.045556523419544775e-01
6.102499203546968287e-01 1.045453740383594926e-01
6.117978515957107621e-01 1.045351515798996073e-01
6.133477432347248515e-01 1.045249847628604845e-01
6.148995952717387636e-01 1.045148733851312961e-01
6.164534077067529427e-01 1.045048172462911540e-01
6.180091805397671667e-01 1.044948161478398418e-01
6.195669137707813245e-01 1.044848698936308717e-01
6.211266073997956383e-01 1.044749782905911306e-01
6.226882614268099969e-01 1.044651411498445370e-01
6.242518758518244004e-01 1.044553582884013149e-01
6.258174506748388488e-01 1.044456295316304462e-01
6.273849858958533421e-01 1.044359547168098590e-01
6.289544815148676582e-01 1.044263336981404028e-01
6.305259375318823523e-01 1.044167663537353685e-01
6.320993539468969802e-01 1.044072522762716365e-01
6.336747307599116530e-01 1.043977913258710144e-01
6.352520679709263707e-01 1.043883833523239352e-01
6.368313655799411332e-01 1.043790281984426777e-01
6.384126235869560517e-01 1.043697257025847230e-01
6.399958419919709041e-01 1.043604757005401479e-01
6.415810207949856903e-01 1.043512780269217621e-01
6.431681599960007434e-01 1.043421325161855012e-01
6.447572595950157304e-01 1.043330390033650051e-01
6.463483195920308733e-01 1.043239973246012364e-01
6.479413399870459500e-01 1.043150073175136971e-01
6.495363207800611827e-01 1.043060688214668547e-01
6.511332619710764602e-01 1.042971816777521210e-01
6.527321635600916716e-01 1.042883457297192895e-01
6.543330255471070389e-01 1.042795608228590382e-01
6.559358479321222291e-01 1.042708268048523484e-01
6.575406307151376861e-01 1.042621435255741691e-01
6.591473738961531881e-01 1.042535108370450242e-01
6.607560774751687349e-01 1.042449285932967318e-01
6.623667414521843266e-01 1.042363966501176076e-01
6.639793658271999632e-01 1.042279148646088199e-01
6.655939506002157557e-01 1.042194830944691564e-01
6.672104957712314821e-01 1.042111011968807482e-01
6.688290013402472534e-01 1.042027690268283735e-01
6.704494673072629585e-01 1.041944864346259353e-01
6.720718936722788195e-01 1.041862532623375470e-01
6.736962804352947254e-01 1.041780693386872708e-01
6.753226275963107872e-01 1.041699344719137083e-01
6.769509351553267829e-01 1.041618487559884537e-01
6.785812031123429344e-01 1.041538120209499069e-01
6.802134314673590199e-01 1.041458241117632355e-01
6.818476202203752612e-01 1.041378848844844024e-01
6.834837693713914364e-01 1.041299942034094733e-01
6.851218789204075454e-01 1.041221519389756434e-01
6.867619488674239214e-01 1.041143579662371782e-01
6.884039792124403423e-01 1.041066121637715114e-01
6.900479699554568080e-01 1.040989144129125105e-01
6.916939210964733187e-01 1.040912645972183331e-01
6.933418326354898742e-01 1.040836626021145045e-01
6.949917045725064746e-01 1.040761083146586469e-01
6.966435369075231199e-01 1.040686016233934308e-01
6.982973296405398100e-01 1.040611424182522199e-01
6.999530827715563230e-01 1.040537305905017001e-01
7.016107963005731030e-01 1.040463660327051454e-01
7.032704702275899278e-01 1.040390486386908314e-01
7.049321045526069085e-01 1.040317783035231980e-01
7.065956992756238231e-01 1.040245549234686123e-01
7.082612543966407825e-01 1.040173783959569276e-01
7.099287699156578979e-01 1.040102486195400994e-01
7.115982458326749471e-01 1.040031654938576439e-01
7.132696821476921523e-01 1.039961289196184163e-01
7.149430788607090692e-01 1.039891387986240368e-01
7.166184359717263641e-01 1.039821950338647299e-01
7.182957534807437039e-01 1.039752975297374149e-01
7.199750313877609775e-01 1.039684461924526709e-01
7.216562696927784071e-01 1.039616409307327072e-01
7.233394683957958815e-01 1.039548816569344503e-01
7.250246274968132898e-01 1.039481682887854197e-01
7.267117469958308540e-01 1.039415007519953332e-01
7.284008268928482410e-01 1.039348789840845860e-01
7.300918671878658950e-01 1.039283029399064029e-01
7.317848678808835938e-01 1.039217725994835834e-01
7.334798289719013376e-01 1.039152876430585737e-01
7.351767504609192372e-01 1.039088480376248735e-01
7.368756323479370707e-01 1.039024537355739131e-01
7.385764746329549491e-01 1.038961046795032206e-01
7.402792773159728723e-01 1.038898008057358990e-01
7.419840403969908404e-01 1.038835420468595255e-01
7.436907638760087425e-01 1.038773283335374664e-01
7.453994477530268004e-01 1.038711595957740041e-01
7.471100920280450142e-01 1.038650357637797422e-01
7.488226967010631618e-01 1.038589567685484216e-01
7.505372617720814654e-01 1.038529225422248348e-01
7.522537872410997029e-01 1.038469330183273975e-01
7.539722731081180962e-01 1.038409881318694272e-01
7.556927193731364234e-01 1.038350878194150978e-01
7.574151260361549065e-01 1.038292320190896956e-01
7.591394930971732125e-01 1.038234206705655610e-01
7.608658205561917853e-01 1.038176537150328066e-01
7.625941084132104031e-01 1.038119310951639840e-01
7.643243566682289547e-01 1.038062527550758923e-01
7.660565653212476622e-01 1.038006186402969516e-01
7.677907343722664146e-01 1.037950286977359082e-01
7.695268638212852119e-01 1.037894828756585341e-01
7.712649536683040541e-01 1.037839811236703769e-01
7.730050039133229411e-01 1.037785233927089601e-01
7.747470145563417621e-01 1.037731096350419102e-01
7.764909855973607389e-01 1.037677398042786553e-01
7.782369170363797606e-01 1.037624138553876196e-01
7.799848088733989382e-01 1.037571317447298219e-01
7.817346611084180497e-01 1.037518934301011608e-01
7.834864737414372060e-01 1.037466988707853727e-01
7.852402467724565183e-01 1.037415480276182578e-01
7.869959802014757644e-01 1.037364408630555290e-01
7.887536740284951664e-01 1.037313773412368439e-01
7.905133282535142802e-01 1.037263574280330447e-01
7.922749428765337720e-01 1.037213810910516537e-01
7.940385178975533087e-01 1.037164482995670822e-01
7.958040533165727792e-01 1.037115590243211649e-01
7.975715491335924057e-01 1.037067132371142647e-01
7.993410053486120770e-01 1.037019109100788955e-01
8.011124219616317932e-01 1.036971520144692321e-01
8.028857989726515543e-01 1.036924365187497782e-01
8.046611363816711382e-01 1.036877643856672776e-01
8.064384341886909890e-01 1.036831355678826810e-01
8.082176923937108848e-01 1.036785500015832417e-01
8.099989109967308254e-01 1.036740075972922975e-01
8.117820899977508109e-01 1.036695086020693046e-01
8.135672293967708413e-01 1.036650529412953964e-01
8.153543291937909165e-01 1.036606405624481558e-01
8.171433893888111477e-01 1.036562714284947895e-01
8.189344099818313127e-01 1.036519455131615086e-01
8.207273909728513006e-01 1.036476627975990855e-01
8.225223323618716664e-01 1.036434232680643053e-01
8.243192341488919661e-01 1.036392269143520811e-01
8.261180963339124217e-01 1.036350737287541901e-01
8.279189189169328111e-01 1.036309637053992594e-01
8.297217018979533565e-01 1.036268968398511708e-01
8.315264452769738357e-01 1.036228731288860033e-01
8.333331490539944708e-01 1.036188925703861591e-01
8.351418132290151508e-01 1.036149551633069738e-01
8.369524378020356536e-01 1.036110609076893729e-01
8.387650227730564234e-01 1.036072098046940254e-01
8.405795681420771270e-01 1.036034018566486942e-01
8.423960739090979866e-01 1.035996370670950739e-01
8.442145400741188910e-01 1.035959154408346988e-01
8.460349666371398403e-01 1.035922369839687301e-01
8.478573535981608345e-01 1.035886017039307633e-01
8.496817009571818735e-01 1.035850096095145972e-01
8.515080087142030685e-01 1.035814607108942603e-01
8.533362768692239753e-01 1.035779550196392756e-01
8.551665054222451490e-01 1.035744925487274287e-01
8.569986943732663676e-01 1.035710733125507488e-01
8.588328437222877421e-01 1.035676973269223228e-01
8.606689534693090504e-01 1.035643646090793346e-01
8.625070236143304037e-01 1.035610751776856880e-01
8.643470541573519128e-01 1.035578290528346435e-01
8.661890450983733558e-01 1.035546262560491093e-01
8.680329964373949547e-01 1.035514668102842234e-01
8.698789081744163765e-01 1.035483507399295178e-01
8.717267803094379541e-01 1.035452780708114168e-01
8.735766128424596877e-01 1.035422488301950272e-01
8.754284057734814661e-01 1.035392630467886904e-01
8.772821591025032895e-01 1.035363207507477984e-01
8.791378728295250466e-01 1.035334219736782219e-01
8.809955469545469597e-01 1.035305667486421388e-01
8.828551814775689177e-01 1.035277551101629473e-01
8.847167763985909206e-01 1.035249870942304834e-01
8.865803317176127463e-01 1.035222627383081268e-01
8.884458474346348389e-01 1.035195820813377271e-01
8.903133235496569764e-01 1.035169451637469318e-01
8.921827600626792698e-01 1.035143520274558748e-01
8.940541569737014971e-01 1.035118027158842269e-01
8.959275142827237692e-01 1.035092972739573153e-01
8.978028319897460863e-01 1.035068357481153528e-01
8.996801100947685592e-01 1.035044181863188917e-01
9.015593485977907440e-01 1.035020446380581771e-01
9.034405474988133067e-01 1.034997151543598087e-01
9.053237067978358033e-01 1.034974297877945953e-01
9.072088264948584557e-01 1.034951885924863535e-01
9.090959065898810421e-01 1.034929916241199288e-01
9.109849470829037843e-01 1.034908389399491202e-01
9.128759479739264604e-01 1.034887305988050482e-01
9.147689092629492924e-01 1.034866666611065633e-01
9.166638309499721693e-01 1.034846471888661995e-01
9.185607130349948690e-01 1.034826722457017345e-01
9.204595555180178357e-01 1.034807418968440029e-01
9.223603583990407362e-01 1.034788562091470826e-01
9.242631216780637926e-01 1.034770152510971902e-01
9.261678453550868939e-01 1.034752190928227011e-01
9.280745294301100401e-01 1.034734678061043078e-01
9.299831739031333422e-01 1.034717614643855255e-01
9.318937787741565781e-01 1.034701001427813932e-01
9.338063440431798590e-01 1.034684839180913252e-01
9.357208697102029626e-01 1.034669128688082973e-01
9.376373557752263332e-01 1.034653870751307964e-01
9.395558022382498597e-01 1.034639066189732004e-01
9.414762090992733201e-01 1.034624715839781300e-01
9.433985763582968254e-01 1.034610820555276200e-01
9.453229040153204865e-01 1.034597381207547351e-01
9.472491920703440815e-01 1.034584398685564899e-01
9.491774405233678324e-01 1.034571873896062005e-01
9.511076493743915172e-01 1.034559807763646144e-01
9.530398186234151359e-01 1.034548201230950926e-01
9.549739482704390214e-01 1.034537055258750310e-01
9.569100383154629519e-01 1.034526370826094333e-01
9.588480887584868162e-01 1.034516148930453988e-01
9.607880995995108364e-01 1.034506390587851682e-01
9.627300708385349015e-01 1.034497096832998481e-01
9.646740024755590115e-01 1.034488268719452597e-01
9.666198945105831664e-01 1.034479907319753728e-01
9.685677469436073661e-01 1.034472013725572931e-01
9.705175597746313887e-01 1.034464589047866950e-01
9.724693330036556782e-01 1.034457634417037947e-01
9.744230666306800126e-01 1.034451150983080464e-01
9.763787606557043919e-01 1.034445139915748796e-01
9.783364150787289271e-01 1.034439602404717690e-01
9.802960298997533961e-01 1.034434539659746660e-01
9.822576051187779100e-01 1.034429952910856099e-01
9.842211407358025799e-01 1.034425843408486728e-01
9.861866367508271836e-01 1.034422212423690840e-01
9.881540931638517211e-01 1.034419061248293553e-01
9.901235099748764146e-01 1.034416391195089047e-01
9.920948871839012639e-01 1.034414203598015974e-01
9.940682247909260472e-01 1.034412499812344677e-01
9.960435227959509863e-01 1.034411281214876882e-01
9.980207811989759703e-01 1.034410549204134860e-01
1.000000000000000666e+00 1.034410305200554187e-01
