0.000000000000000000e+00 8.674892514785016440e-01
2.078119897502626434e-05 8.642072259372007847e-01
4.352279595010249372e-05 8.606155902998799956e-01
6.822479092522875592e-05 8.567143444420119991e-01
9.488718390040502381e-05 8.525034885824543940e-01
1.235099748756312839e-04 8.479830228173805828e-01
1.540931638509075632e-04 8.431529472366762201e-01
1.866367508262337669e-04 8.380132619643481107e-01
2.211407358016100034e-04 8.325639671425115740e-01
2.576051187770363269e-04 8.268050629247567507e-01
2.960298997525126832e-04 8.207365494800171746e-01
3.364150787280388555e-04 8.143584269955028709e-01
3.787606557036150606e-04 8.076706956777056634e-01
4.230666306792412444e-04 8.006733557534415624e-01
4.693330036549174067e-04 7.933664074713977499e-01
5.175597746306437102e-04 7.857498511037139810e-01
5.677469436064200466e-04 7.778236869476300441e-01
6.198945105822462531e-04 7.695879153271352191e-01
6.740024755581224382e-04 7.610425365947358634e-01
7.300708385340486020e-04 7.521875511332757336e-01
7.880995995100251780e-04 7.430229593578298042e-01
8.480887584860512989e-04 7.335487617176644770e-01
9.100383154621275068e-04 7.237649586982535244e-01
9.739482704382536934e-04 7.136715508234046101e-01
1.039818623414429750e-03 7.032685386573870323e-01
1.107649374390655894e-03 6.925559228072001305e-01
1.177440523366932558e-03 6.815337039248499096e-01
1.249192070343258659e-03 6.702018827097410147e-01
1.322904015319634847e-03 6.585604599111009039e-01
1.398576358296060905e-03 6.466094363304965009e-01
1.476209099272537051e-03 6.343488128244084701e-01
1.555802238249063716e-03 6.217785903068824283e-01
1.637355775225640036e-03 6.088987697522291187e-01
1.720869710202266008e-03 5.957093521978246153e-01
1.806344043178942285e-03 5.822103387469476088e-01
1.893778774155669082e-03 5.684017305717101731e-01
1.983173903132445098e-03 5.542835289160351619e-01
2.074529430109271419e-03 5.398557350987243098e-01
2.167845355086147393e-03 5.251183505165739618e-01
2.263121678063073454e-03 5.100713766475767352e-01
2.360358399040050469e-03 4.947148150541830769e-01
2.459555518017076271e-03 4.790486673866268807e-01
2.560713034994152593e-03 4.630729353863358155e-01
2.663830949971278568e-03 4.467876208893887258e-01
2.768909262948454630e-03 4.301927258300628498e-01
2.875947973925680780e-03 4.132882522444337736e-01
2.984947082902957450e-03 3.960742022740526558e-01
3.095906589880283773e-03 3.785505781696891225e-01
3.208826494857659750e-03 3.607173822951433295e-01
3.323706797835085814e-03 3.425746171311255250e-01
3.440547498812561965e-03 3.241222852792088327e-01
3.559348597790088636e-03 3.053603894658485363e-01
3.680110094767664961e-03 2.862889325464566537e-01
3.802831989745290939e-03 2.669079175095090406e-01
3.927514282722965704e-03 2.472173474810000493e-01
4.054156973700691856e-03 2.272172257291194541e-01
4.182760062678468095e-03 2.069075556649757897e-01
4.313323549656295289e-03 1.862883408467554402e-01
4.445847434634171702e-03 1.653595850437578618e-01
4.580331717612097335e-03 1.441478876764925865e-01
4.716776398590073922e-03 1.278774160717857100e-01
4.855181477568099729e-03 1.206889937690987513e-01
4.995546954546175623e-03 1.173424822346638557e-01
5.137872829524301604e-03 1.153956004639991179e-01
5.282159102502477672e-03 1.140890877296647510e-01
5.428405773480703828e-03 1.131322050882725555e-01
5.576612842458980070e-03 1.123899282350371565e-01
5.726780309437305531e-03 1.117904500815700836e-01
5.878908174415681948e-03 1.112917036360465545e-01
6.032996437394107583e-03 1.108671910753306067e-01
6.189045098372585908e-03 1.104992088959795976e-01
6.347054157351111718e-03 1.101757087311216882e-01
6.507023614329687615e-03 1.098878021345714440e-01
6.668953469308313599e-03 1.096289612967114718e-01
6.832843722286989670e-03 1.093942450710803788e-01
6.998694373265715828e-03 1.091798263345629960e-01
7.166505422244492073e-03 1.089826854341393869e-01
7.336276869223317537e-03 1.088004024519472618e-01
7.508008714202193956e-03 1.086310117889942861e-01
7.681700957181119595e-03 1.084728977847537607e-01
7.857353598160098790e-03 1.083247182529519792e-01
8.034966637139125470e-03 1.081853474970534135e-01
8.214540074118200502e-03 1.080538332015075764e-01
8.396073909097327356e-03 1.079293633803412034e-01
8.579568142076502563e-03 1.078112407270095108e-01
8.765022773055727856e-03 1.076988624852489446e-01
8.952437802035004971e-03 1.075917044896633895e-01
9.141813229014330439e-03 1.074893083915394038e-01
9.333149053993705993e-03 1.073912713437959326e-01
9.526445276973131635e-03 1.072972376032674674e-01
9.721701897952607363e-03 1.072068916417893286e-01
9.918918916932136648e-03 1.071199524548668847e-01
1.011809633391171255e-02 1.070361688286764063e-01
1.031923414889133854e-02 1.069553153796931888e-01
1.052233236187101462e-02 1.068771892217509484e-01
1.072739097285074078e-02 1.068016071459835376e-01
1.093440998183051703e-02 1.067284032226148149e-01
1.114338938881034163e-02 1.066574267518341779e-01
1.135432919379021806e-02 1.065885405050640278e-01
1.156722939677014457e-02 1.065216192091069658e-01
1.178208999775011943e-02 1.064565482344023289e-01
1.199891099673014612e-02 1.063932224556333878e-01
1.221769239371022463e-02 1.063315452584518428e-01
1.243843418869035149e-02 1.062714276706568650e-01
1.266113638167052670e-02 1.062127875997470883e-01
1.288579897265075200e-02 1.061555491617473812e-01
1.311242196163102738e-02 1.060996420885978592e-01
1.334100534861135459e-02 1.060450012034371003e-01
1.357154913359173015e-02 1.059915659546789429e-01
1.380405331657215580e-02 1.059392800012189245e-01
1.403851789755263153e-02 1.058880908421662298e-01
1.427494287653315735e-02 1.058379494855620773e-01
1.451332825351373326e-02 1.057888101512751561e-01
1.475367402849436273e-02 1.057406300040673319e-01
1.499598020147503881e-02 1.056933689134257615e-01
1.524024677245576498e-02 1.056469892372861596e-01
1.548647374143653950e-02 1.056014556273773136e-01
1.573466110841736931e-02 1.055567348541521927e-01
1.598480887339824227e-02 1.055127956496094005e-01
1.623691703637917053e-02 1.054696085662509553e-01
1.649098559736014366e-02 1.054271458499819319e-01
1.674701455634117209e-02 1.053853813238382758e-01
1.700500391332224540e-02 1.053442902777917412e-01
1.726495366830337400e-02 1.053038493576824858e-01
1.752686382128455442e-02 1.052640364442673920e-01
1.779073437226577625e-02 1.052248305131473355e-01
1.805656532124705685e-02 1.051862114726234143e-01
1.832435666822837886e-02 1.051481599986283239e-01
1.859410841320975616e-02 1.051106574427636414e-01
1.886582055619118528e-02 1.050736860170216197e-01
1.913949309717265929e-02 1.050372297235216273e-01
1.941512603615418858e-02 1.050012770184699518e-01
1.969271937313575929e-02 1.049658271681103427e-01
1.997227310811738876e-02 1.049308342808593503e-01
2.025378724109906312e-02 1.048962979825923958e-01
2.053726177208079276e-02 1.048622093492278390e-01
2.082269670106256382e-02 1.048285565722485990e-01
2.111009202804439364e-02 1.047953274113451461e-01
2.139944775302626487e-02 1.047625101069124126e-01
2.169076387600819486e-02 1.047300936099137408e-01
2.198404039699017321e-02 1.046980675499713659e-01
2.227927731597219643e-02 1.046664221323183874e-01
2.257647463295427495e-02 1.046351480389479532e-01
2.287563234793639835e-02 1.046042363557021515e-01
2.317675046091857705e-02 1.045736785249789524e-01
2.347982897190080062e-02 1.045434663169054063e-01
2.378486788088307949e-02 1.045135918113874601e-01
2.409186718786539977e-02 1.044840473852635815e-01
2.440082689284778228e-02 1.044548257008596215e-01
2.471174699583020273e-02 1.044259196940791889e-01
2.502462749681268195e-02 1.043973225613890471e-01
2.533946839579521298e-02 1.043690277462472893e-01
2.565626969277778543e-02 1.043410289265506163e-01
2.597503138776041318e-02 1.043133200059870730e-01
2.629575348074308580e-02 1.042858951134737755e-01
2.661843597172581372e-02 1.042587486151266840e-01
2.694307886070858651e-02 1.042318751396121013e-01
2.726968214769141807e-02 1.042052696033036741e-01
2.759824583267428758e-02 1.041789271812587070e-01
2.792876991565721931e-02 1.041528430727054200e-01
2.826125439664019939e-02 1.041270116938998042e-01
2.859569927562322089e-02 1.041014244753228901e-01
2.893210455260630115e-02 1.040760851787174146e-01
2.927047022758941935e-02 1.040509860134664483e-01
2.961079630057259979e-02 1.040261219593959369e-01
2.995308277155582163e-02 1.040014890025558053e-01
3.029732964053910224e-02 1.039770834351848722e-01
3.064353690752242426e-02 1.039529016284861940e-01
3.099170457250580504e-02 1.039289399911944162e-01
3.134183263548922377e-02 1.039051949850394591e-01
3.169392109647270472e-02 1.038816631451244532e-01
3.204796995545623056e-02 1.038583410885491193e-01
3.240397921243980128e-02 1.038352255109172145e-01
3.276194886742343076e-02 1.038123131826738238e-01
3.312187892040710513e-02 1.037896009796550334e-01
3.348376937139083825e-02 1.037670860343658796e-01
3.384762022037460932e-02 1.037447662123195669e-01
3.421343146735843915e-02 1.037226372193333912e-01
3.458120311234230693e-02 1.037006969213771918e-01
3.495093515532624040e-02 1.036789427736132807e-01
3.532262759631021182e-02 1.036573721522283942e-01
3.569628043529424199e-02 1.036359824780974243e-01
3.607189367227831706e-02 1.036147712539814830e-01
3.644946730726244394e-02 1.035937360686980668e-01
3.682900134024662264e-02 1.035728745816356239e-01
3.721049577123083929e-02 1.035521844659259560e-01
3.759395060021512164e-02 1.035316632342793974e-01
3.797936582719944193e-02 1.035113091342993313e-01
3.836674145218382098e-02 1.034911198495965245e-01
3.875607747516824492e-02 1.034710932542573375e-01
3.914737389615272761e-02 1.034512273086865691e-01
3.954063071513724825e-02 1.034315200198955009e-01
3.993584793212182765e-02 1.034119694334359463e-01
4.033302554710645887e-02 1.033925736575313642e-01
4.073216356009112804e-02 1.033733309607595130e-01
4.113326197107585597e-02 1.033542392961218775e-01
4.153632078006062878e-02 1.033352969716349323e-01
4.194133998704546035e-02 1.033165022624545071e-01
4.234831959203032986e-02 1.032978534619416050e-01
4.275725959501525814e-02 1.032793488874087923e-01
4.316815999600023129e-02 1.032609868370749640e-01
4.358102079498526321e-02 1.032427657949602229e-01
4.399584199197033307e-02 1.032246841481970628e-01
4.441262358695546170e-02 1.032067403423799073e-01
4.483136557994064214e-02 1.031889328590678279e-01
4.525206797092586747e-02 1.031712602160318598e-01
4.567473075991114462e-02 1.031537210027906881e-01
4.609935394689646665e-02 1.031363137190904472e-01
4.652593753188184744e-02 1.031190369911589716e-01
4.695448151486726618e-02 1.031018894493061083e-01
4.738498589585275061e-02 1.030848697391217733e-01
4.781745067483826606e-02 1.030679765008982035e-01
4.825187585182384720e-02 1.030512084701178249e-01
4.868826142680946628e-02 1.030345643448370707e-01
4.912660739979515107e-02 1.030180428574923868e-01
4.956691377078088073e-02 1.030016427686471225e-01
5.000918053976664834e-02 1.029853628876645361e-01
5.045340770675248165e-02 1.029692019778525036e-01
5.089959527173835291e-02 1.029531588784490109e-01
5.134774323472428292e-02 1.029372324328962501e-01
5.179785159571025088e-02 1.029214214826453672e-01
5.224992035469628454e-02 1.029057249254563822e-01
5.270394951168235614e-02 1.028901416444528982e-01
5.315993906666848651e-02 1.028746705485366758e-01
5.361788901965465481e-02 1.028593105788200845e-01
5.407779937064088882e-02 1.028440606637215926e-01
5.453967011962716771e-02 1.028289197719680081e-01
5.500350126661349148e-02 1.028138868812756429e-01
5.546929281159986708e-02 1.027989609706954077e-01
5.593704475458628755e-02 1.027841410592996857e-01
5.640675709557277373e-02 1.027694261587129843e-01
5.687842983455929091e-02 1.027548153003581544e-01
5.735206297154587379e-02 1.027403075438791807e-01
5.782765650653248768e-02 1.027259019347250002e-01
5.830521043951917420e-02 1.027115975536849746e-01
5.878472477050590561e-02 1.026973934810156697e-01
5.926619949949267496e-02 1.026832888222445894e-01
5.974963462647950307e-02 1.026692826826143268e-01
6.023503015146637607e-02 1.026553741823744426e-01
6.072238607445330782e-02 1.026415624645671543e-01
6.121170239544027752e-02 1.026278466630769631e-01
6.170297911442730598e-02 1.026142259395023404e-01
6.219621623141437933e-02 1.026006994546416889e-01
6.269141374640151143e-02 1.025872663921483796e-01
6.318857165938866760e-02 1.025739259350843258e-01
6.368768997037589641e-02 1.025606772843992015e-01
6.418876867936318398e-02 1.025475196426619412e-01
6.469180778635051643e-02 1.025344522301401690e-01
6.519680729133789376e-02 1.025214742746357460e-01
6.570376719432530210e-02 1.025085850032208118e-01
6.621268749531278308e-02 1.024957836698533464e-01
6.672356819430030894e-02 1.024830695225531219e-01
6.723640929128789356e-02 1.024704418299899611e-01
6.775121078627552307e-02 1.024578998557985759e-01
6.826797267926318358e-02 1.024454428839475795e-01
6.878669497025091673e-02 1.024330701963285795e-01
6.930737765923869476e-02 1.024207810946273500e-01
6.983002074622653155e-02 1.024085748780692862e-01
7.035462423121441322e-02 1.023964508627775855e-01
7.088118811420231202e-02 1.023844083622076906e-01
7.140971239519029734e-02 1.023724467064957705e-01
7.194019707417832754e-02 1.023605652246725867e-01
7.247264215116641650e-02 1.023487632627209931e-01
7.300704762615452259e-02 1.023370401650518513e-01
7.354341349914270132e-02 1.023253952911267473e-01
7.408173977013092493e-02 1.023138279980754517e-01
7.462202643911922118e-02 1.023023376580322885e-01
7.516427350610754843e-02 1.022909236418090284e-01
7.570848097109590669e-02 1.022795853359443202e-01
7.625464883408433758e-02 1.022683221251226016e-01
7.680277709507281336e-02 1.022571334083347411e-01
7.735286575406134790e-02 1.022460185815623618e-01
7.790491481104989957e-02 1.022349770551345960e-01
7.845892426603853775e-02 1.022240082371179970e-01
7.901489411902722082e-02 1.022131115513939814e-01
7.957282437001594877e-02 1.022022864216034221e-01
8.013271501900470772e-02 1.021915322762747408e-01
8.069456606599353932e-02 1.021808485530277949e-01
8.125837751098241579e-02 1.021702346917739562e-01
8.182414935397135103e-02 1.021596901414649483e-01
8.239188159496033115e-02 1.021492143530559199e-01
8.296157423394934227e-02 1.021388067863501642e-01
8.353322727093842603e-02 1.021284669024606767e-01
8.410684070592755468e-02 1.021181941713776853e-01
8.468241453891674209e-02 1.021079880643433468e-01
8.525994876990593274e-02 1.020978480620026579e-01
8.583944339889522379e-02 1.020877736459076673e-01
8.642089842588455972e-02 1.020777643067372620e-01
8.700431385087394054e-02 1.020678195352392459e-01
8.758968967386336624e-02 1.020579388313872515e-01
8.817702589485282294e-02 1.020481216952487807e-01
8.876632251384235228e-02 1.020383676367583592e-01
8.935757953083194038e-02 1.020286761655611746e-01
8.995079694582157337e-02 1.020190468008678325e-01
9.054597475881122348e-02 1.020094790606553697e-01
9.114311296980096011e-02 1.019999724725900309e-01
9.174221157879074162e-02 1.019905265631451952e-01
9.234327058578056802e-02 1.019811408694357435e-01
9.294628999077042542e-02 1.019718149289761816e-01
9.355126979376035545e-02 1.019625482830132102e-01
9.415820999475034425e-02 1.019533404792513365e-01
9.476711059374037793e-02 1.019441910671622931e-01
9.537797159073045650e-02 1.019350996026871653e-01
9.599079298572055219e-02 1.019260656433786383e-01
9.660557477871074827e-02 1.019170887532311609e-01
9.722231696970097536e-02 1.019081684974138952e-01
9.784101955869126122e-02 1.018993044475824672e-01
9.846168254568156419e-02 1.018904961764996037e-01
9.908430593067193981e-02 1.018817432636681397e-01
9.970888971366237419e-02 1.018730452894845151e-01
1.003354338946528534e-01 1.018644018409471802e-01
1.009639384736433915e-01 1.018558125055146479e-01
1.015944034506339466e-01 1.018472768772978737e-01
1.022268288256245744e-01 1.018387945508840570e-01
1.028612145986152610e-01 1.018303651277456118e-01
1.034975607696059924e-01 1.018219882096327022e-01
1.041358673385967409e-01 1.018136634049892769e-01
1.047761343055875760e-01 1.018053903221554923e-01
1.054183616705784560e-01 1.017971685762154715e-01
1.060625494335693947e-01 1.017889977822315772e-01
1.067086975945603783e-01 1.017808775621893841e-01
1.073568061535513790e-01 1.017728075378856456e-01
1.080068751105424663e-01 1.017647873377893336e-01
1.086589044655335984e-01 1.017568165898887211e-01
1.093128942185247754e-01 1.017488949288700290e-01
1.099688443695159834e-01 1.017410219890795692e-01
1.106267549185072641e-01 1.017331974116702092e-01
1.112866258654986035e-01 1.017254208373220559e-01
1.119484572104899878e-01 1.017176919132288110e-01
1.126122489534813753e-01 1.017100102859216232e-01
1.132780010944728633e-01 1.017023756084321079e-01
1.139457136334643961e-01 1.016947875333175794e-01
1.146153865704559877e-01 1.016872457196569407e-01
1.152870199054476102e-01 1.016797498259712912e-01
1.159606136384392638e-01 1.016722995169821453e-01
1.166361677694310039e-01 1.016648944567683510e-01
1.173136822984227889e-01 1.016575343155431826e-01
1.179931572254146188e-01 1.016502187631010412e-01
1.186745925504064658e-01 1.016429474753057782e-01
1.193579882733983993e-01 1.016357201275737143e-01
1.200433443943903777e-01 1.016285364010562353e-01
1.207306609133824149e-01 1.016213959764590141e-01
1.214199378303744969e-01 1.016142985401168181e-01
1.221111751453665961e-01 1.016072437781543464e-01
1.228043728583587818e-01 1.016002313821822156e-01
1.234995309693510124e-01 1.015932610436331984e-01
1.241966494783433017e-01 1.015863324590873806e-01
1.248957283853355943e-01 1.015794453250199458e-01
1.255967676903279873e-01 1.015725993429130586e-01
1.262997673933204390e-01 1.015657942143721182e-01
1.270047274943129079e-01 1.015590296458174779e-01
1.277116479933054216e-01 1.015523053438606160e-01
1.284205288902980080e-01 1.015456210196140352e-01
1.291313701852906393e-01 1.015389763844991439e-01
1.298441718782833154e-01 1.015323711542671786e-01
1.305589339692760642e-01 1.015258050451891686e-01
1.312756564582688024e-01 1.015192777776541405e-01
1.319943393452616409e-01 1.015127890726546245e-01
1.327149826302545244e-01 1.015063386550251051e-01
1.334375863132474527e-01 1.014999262503369221e-01
1.341621503942403981e-01 1.014935515878238187e-01
1.348886748732334440e-01 1.014872143976348479e-01
1.356171597502265069e-01 1.014809144133766439e-01
1.363476050252196425e-01 1.014746513696645619e-01
1.370800106982128508e-01 1.014684250043192265e-01
1.378143767692060206e-01 1.014622350562434105e-01
1.385507032381993187e-01 1.014560812673585000e-01
1.392889901051926616e-01 1.014499633816193652e-01
1.400292373701860493e-01 1.014438811438243826e-01
1.407714450331794265e-01 1.014378343028991825e-01
1.415156130941729040e-01 1.014318226077849799e-01
1.422617415531664542e-01 1.014258458111995248e-01
1.430098304101600493e-01 1.014199036662059988e-01
1.437598796651536337e-01 1.014139959294080573e-01
1.445118893181473185e-01 1.014081223580007574e-01
1.452658593691410482e-01 1.014022827124236442e-01
1.460217898181348506e-01 1.013964767538794859e-01
1.467796806651286701e-01 1.013907042465204966e-01
1.475395319101225067e-01 1.013849649554079135e-01
1.483013435531164437e-01 1.013792586483112657e-01
1.490651155941104256e-01 1.013735850947824341e-01
1.498308480331044801e-01 1.013679440652144742e-01
1.505985408700985240e-01 1.013623353335433852e-01
1.513681941050926405e-01 1.013567586738493981e-01
1.521398077380868297e-01 1.013512138634276027e-01
1.529133817690810637e-01 1.013457006800745769e-01
1.536889161980753704e-01 1.013402189045322921e-01
1.544664110250696387e-01 1.013347683182893588e-01
1.552458662500640352e-01 1.013293487055201836e-01
1.560272818730584765e-01 1.013239598513650114e-01
1.568106578940529627e-01 1.013186015427808978e-01
1.575959943130474383e-01 1.013132735692764963e-01
1.583832911300420421e-01 1.013079757205867237e-01
1.591725483450366629e-01 1.013027077895495703e-01
1.599637659580313565e-01 1.012974695694737887e-01
1.607569439690260948e-01 1.012922608563540383e-01
1.615520823780208504e-01 1.012870814468752739e-01
1.623491811850156785e-01 1.012819311401247369e-01
1.631482403900105516e-01 1.012768097360827596e-01
1.639492599930054972e-01 1.012717170368612196e-01
1.647522399940004323e-01 1.012666528460702958e-01
1.655571803929954677e-01 1.012616169682811484e-01
1.663640811899905481e-01 1.012566092106173543e-01
1.671729423849857010e-01 1.012516293807521478e-01
1.679837639779808434e-01 1.012466772886647798e-01
1.687965459689760583e-01 1.012417527451476840e-01
1.696112883579713460e-01 1.012368555630231148e-01
1.704279911449667062e-01 1.012319855565069898e-01
1.712466543299620836e-01 1.012271425407414577e-01
1.720672779129574781e-01 1.012223263332460294e-01
1.728898618939529452e-01 1.012175367520806585e-01
1.737144062729484850e-01 1.012127736174510267e-01
1.745409110499440697e-01 1.012080367503706418e-01
1.753693762249396715e-01 1.012033259737198515e-01
1.761998017979353459e-01 1.011986411116922863e-01
1.770321877689310930e-01 1.011939819894158987e-01
1.778665341379268849e-01 1.011893484341749860e-01
1.787028409049227218e-01 1.011847402739251417e-01
1.795411080699185480e-01 1.011801573381065633e-01
1.803813356329145023e-01 1.011755994580539469e-01
1.812235235939104738e-01 1.011710664654419806e-01
1.820676719529065180e-01 1.011665581942247510e-01
1.829137807099025514e-01 1.011620744788940540e-01
1.837618498648986853e-01 1.011576151558584019e-01
1.846118794178948919e-01 1.011531800623357014e-01
1.854638693688911155e-01 1.011487690369116399e-01
1.863178197178873563e-01 1.011443819198269006e-01
1.871737304648836975e-01 1.011400185518541162e-01
1.880316016098800835e-01 1.011356787756251541e-01
1.888914331528765145e-01 1.011313624348586654e-01
1.897532250938729903e-01 1.011270693740248666e-01
1.906169774328694833e-01 1.011227994396246416e-01
1.914826901698660766e-01 1.011185524785419287e-01
1.923503633048627148e-01 1.011143283394743131e-01
1.932199968378593979e-01 1.011101268718024304e-01
1.940915907688560982e-01 1.011059479264280331e-01
1.949651450978528711e-01 1.011017913553300535e-01
1.958406598248497166e-01 1.010976570113518991e-01
1.967181349498466070e-01 1.010935447489775957e-01
1.975975704728435423e-01 1.010894544233823938e-01
1.984789663938404669e-01 1.010853858909646213e-01
1.993623227128375197e-01 1.010813390095318121e-01
2.002476394298345896e-01 1.010773136374431835e-01
2.011349165448317322e-01 1.010733096346269067e-01
2.020241540578288642e-01 1.010693268619650281e-01
2.029153519688260965e-01 1.010653651811024428e-01
2.038085102778234015e-01 1.010614244553185159e-01
2.047036289848207236e-01 1.010575045484424089e-01
2.056007080898180628e-01 1.010536053254878219e-01
2.064997475928155024e-01 1.010497266528158494e-01
2.074007474938129869e-01 1.010458683972332850e-01
2.083037077928105441e-01 1.010420304270796821e-01
2.092086284898081183e-01 1.010382126115577373e-01
2.101155095848057097e-01 1.010344148205733900e-01
2.110243510778034015e-01 1.010306369255923320e-01
2.119351529688011382e-01 1.010268787985664080e-01
2.128479152577989197e-01 1.010231403125713828e-01
2.137626379447967184e-01 1.010194213419349230e-01
2.146793210297945897e-01 1.010157217614094383e-01
2.155979645127925337e-01 1.010120414471770978e-01
2.165185683937905226e-01 1.010083802762208049e-01
2.174411326727885563e-01 1.010047381262049460e-01
2.183656573497865794e-01 1.010011148762177957e-01
2.192921424247847306e-01 1.009975104058321860e-01
2.202205878977829268e-01 1.009939245956718856e-01
2.211509937687811678e-01 1.009903573274943261e-01
2.220833600377793982e-01 1.009868084835186253e-01
2.230176867047777289e-01 1.009832779472437797e-01
2.239539737697761046e-01 1.009797656029338131e-01
2.248922212327745529e-01 1.009762713355348840e-01
2.258324290937730461e-01 1.009727950312412775e-01
2.267745973527715286e-01 1.009693365767780904e-01
2.277187260097701116e-01 1.009658958598324274e-01
2.286648150647687394e-01 1.009624727691014190e-01
2.296128645177674399e-01 1.009590671938120215e-01
2.305628743687661297e-01 1.009556790243030383e-01
2.315148446177649200e-01 1.009523081516518345e-01
2.324687752647637551e-01 1.009489544676332312e-01
2.334246663097626351e-01 1.009456178650762898e-01
2.343825177527615322e-01 1.009422982374129363e-01
2.353423295937605020e-01 1.009389954789901706e-01
2.363041018327595444e-01 1.009357094848377240e-01
2.372678344697586317e-01 1.009324401510219849e-01
2.382335275047577638e-01 1.009291873740108952e-01
2.392011809377569131e-01 1.009259510513927649e-01
2.401707947687561351e-01 1.009227310814036910e-01
2.411423689977554297e-01 1.009195273629007322e-01
2.421159036247547691e-01 1.009163397957904690e-01
2.430913986497540979e-01 1.009131682804699642e-01
2.440688540727535549e-01 1.009100127181740414e-01
2.450482698937530290e-01 1.009068730109765749e-01
2.460296461127525758e-01 1.009037490614819038e-01
2.470129827297521674e-01 1.009006407732009336e-01
2.479982797447517484e-01 1.008975480502624505e-01
2.489855371577514298e-01 1.008944707976047461e-01
2.499747549687511561e-01 1.008914089206915388e-01
2.509659331777509550e-01 1.008883623259681089e-01
2.519590717847506878e-01 1.008853309203254917e-01
2.529541707897505765e-01 1.008823146114443403e-01
2.539512301927505100e-01 1.008793133077811738e-01
2.549502499937504885e-01 1.008763269182857553e-01
2.559512301927505673e-01 1.008733553527510762e-01
2.569541707897506355e-01 1.008703985215462784e-01
2.579590717847507486e-01 1.008674563357863374e-01
2.589659331777509621e-01 1.008645287070895902e-01
2.599747549687512205e-01 1.008616155479658133e-01
2.609855371577514682e-01 1.008587167713591720e-01
2.619982797447518164e-01 1.008558322909423044e-01
2.630129827297520984e-01 1.008529620210952271e-01
2.640296461127525363e-01 1.008501058766825831e-01
2.650482698937530190e-01 1.008472637733325572e-01
2.660688540727535467e-01 1.008444356272183151e-01
2.670913986497541748e-01 1.008416213551979884e-01
2.681159036247547922e-01 1.008388208746253539e-01
2.691423689977554545e-01 1.008360341036338564e-01
2.701707947687562172e-01 1.008332609608069835e-01
2.712011809377570248e-01 1.008305013654214183e-01
2.722335275047577108e-01 1.008277552372742747e-01
2.732678344697586081e-01 1.008250224968793157e-01
2.743041018327595504e-01 1.008223030651535651e-01
2.753423295937605375e-01 1.008195968637609768e-01
2.763825177527615695e-01 1.008169038148402780e-01
2.774246663097627019e-01 1.008142238411796482e-01
2.784687752647638237e-01 1.008115568660042510e-01
2.795148446177649904e-01 1.008089028132902742e-01
2.805628743687662574e-01 1.008062616073974460e-01
2.816128645177674028e-01 1.008036331733491442e-01
2.826648150647687596e-01 1.008010174366328754e-01
2.837187260097701613e-01 1.007984143234161162e-01
2.847745973527716079e-01 1.007958237602169516e-01
2.858324290937730994e-01 1.007932456742658411e-01
2.868922212327746357e-01 1.007906799932133529e-01
2.879539737697762170e-01 1.007881266453230645e-01
2.890176867047778431e-01 1.007855855592551669e-01
2.900833600377795141e-01 1.007830566643681119e-01
2.911509937687811744e-01 1.007805398903700855e-01
2.922205878977829352e-01 1.007780351675875569e-01
2.932921424247847964e-01 1.007755424267767763e-01
2.943656573497866469e-01 1.007730615993114032e-01
2.954411326727885978e-01 1.007705926169063515e-01
2.965185683937905936e-01 1.007681354119224076e-01
2.975979645127926343e-01 1.007656899171143483e-01
2.986793210297947199e-01 1.007632560657972104e-01
2.997626379447967393e-01 1.007608337916689190e-01
3.008479152577989146e-01 1.007584230290484301e-01
3.019351529688011904e-01 1.007560237126022551e-01
3.030243510778034555e-01 1.007536357775522390e-01
3.041155095848058210e-01 1.007512591595310231e-01
3.052086284898081758e-01 1.007488937947222801e-01
3.063037077928106311e-01 1.007465396196551982e-01
3.074007474938131312e-01 1.007441965714260534e-01
3.084997475928156763e-01 1.007418645875172991e-01
3.096007080898180996e-01 1.007395436059125432e-01
3.107036289848207899e-01 1.007372335649768941e-01
3.118085102778234696e-01 1.007349344036118366e-01
3.129153519688261942e-01 1.007326460610729196e-01
3.140241540578289636e-01 1.007303684771099772e-01
3.151349165448318335e-01 1.007281015918927436e-01
3.162476394298346927e-01 1.007258453459897868e-01
3.173623227128376523e-01 1.007235996804843603e-01
3.184789663938406568e-01 1.007213645367625310e-01
3.195975704728435396e-01 1.007191398567456320e-01
3.207181349498466338e-01 1.007169255826981802e-01
3.218406598248497730e-01 1.007147216573526932e-01
3.229651450978529570e-01 1.007125280237885917e-01
3.240915907688562414e-01 1.007103446255811080e-01
3.252199968378595152e-01 1.007081714066277028e-01
3.263503633048628338e-01 1.007060083112824717e-01
3.274826901698662529e-01 1.007038552842858259e-01
3.286169774328696613e-01 1.007017122707445783e-01
3.297532250938730591e-01 1.006995792162350550e-01
3.308914331528765573e-01 1.006974560666196589e-01
3.320316016098801559e-01 1.006953427682469454e-01
3.331737304648837994e-01 1.006932392677835214e-01
3.343178197178874878e-01 1.006911455123234989e-01
3.354638693688912210e-01 1.006890614492884362e-01
3.366118794178950546e-01 1.006869870265445499e-01
3.377618498648988776e-01 1.006849221922637705e-01
3.389137807099027455e-01 1.006828668950334599e-01
3.400676719529066028e-01 1.006808210837973755e-01
3.412235235939105604e-01 1.006787847078425835e-01
3.423813356329146185e-01 1.006767577168707767e-01
3.435411080699187214e-01 1.006747400608736104e-01
3.447028409049228137e-01 1.006727316902648051e-01
3.458665341379270064e-01 1.006707325557712474e-01
3.470321877689312440e-01 1.006687426084831999e-01
3.481998017979355819e-01 1.006667617998598246e-01
3.493693762249399093e-01 1.006647900816559638e-01
3.505409110499441705e-01 1.006628274060416828e-01
3.517144062729485876e-01 1.006608737254609531e-01
3.528898618939531051e-01 1.006589289927399267e-01
3.540672779129576120e-01 1.006569931610303975e-01
3.552466543299622193e-01 1.006550661837972704e-01
3.564279911449668714e-01 1.006531480148858959e-01
3.576112883579715684e-01 1.006512386084056770e-01
3.587965459689763104e-01 1.006493379188541093e-01
3.599837639779809306e-01 1.006474459010133909e-01
3.611729423849858178e-01 1.006455625099976492e-01
3.623640811899906944e-01 1.006436877012609477e-01
3.635571803929956158e-01 1.006418214305287301e-01
3.647522399940006377e-01 1.006399636539005160e-01
3.659492599930056489e-01 1.006381143277345763e-01
3.671482403900107605e-01 1.006362734087338923e-01
3.683491811850159170e-01 1.006344408538991375e-01
3.695520823780210629e-01 1.006326166205251116e-01
3.707569439690261981e-01 1.006308006662426230e-01
3.719637659580314892e-01 1.006289929489380536e-01
3.731725483450368253e-01 1.006271934268416768e-01
3.743832911300422062e-01 1.006254020584520376e-01
3.755959943130476320e-01 1.006236188025741163e-01
3.768106578940531581e-01 1.006218436182995390e-01
3.780272818730586737e-01 1.006200764650301560e-01
3.792458662500642896e-01 1.006183173024144534e-01
3.804664110250698950e-01 1.006165660904450448e-01
3.816889161980754896e-01 1.006148227893448460e-01
3.829133817690812402e-01 1.006130873596553649e-01
3.841398077380869802e-01 1.006113597621861172e-01
3.853681941050928206e-01 1.006096399580147099e-01
3.865985408700987613e-01 1.006079279085266981e-01
3.878308480331046915e-01 1.006062235753383133e-01
3.890651155941106665e-01 1.006045269203798831e-01
3.903013435531166864e-01 1.006028379058269140e-01
3.915395319101228067e-01 1.006011564941325098e-01
3.927796806651288053e-01 1.005994826480135912e-01
3.940217898181350153e-01 1.005978163304646622e-01
3.952658593691412148e-01 1.005961575047135820e-01
3.965118893181475146e-01 1.005945061342918140e-01
3.977598796651538593e-01 1.005928621829495634e-01
3.990098304101602489e-01 1.005912256147218770e-01
4.002617415531666833e-01 1.005895963938911314e-01
4.015156130941732182e-01 1.005879744849853125e-01
4.027714450331797424e-01 1.005863598528063396e-01
4.040292373701862005e-01 1.005847524623781908e-01
4.052889901051928145e-01 1.005831522790008037e-01
4.065507032381995289e-01 1.005815592682025444e-01
4.078143767692062882e-01 1.005799733957668668e-01
4.090800106982130369e-01 1.005783946277153812e-01
4.103476050252198859e-01 1.005768229303204558e-01
4.116171597502267798e-01 1.005752582700778497e-01
4.128886748732337186e-01 1.005737006137462780e-01
4.141621503942407023e-01 1.005721499282976883e-01
4.154375863132476199e-01 1.005706061809554935e-01
4.167149826302546933e-01 1.005690693391700641e-01
4.179943393452618672e-01 1.005675393706251253e-01
4.192756564582690304e-01 1.005660162432387844e-01
4.205589339692762940e-01 1.005644999251464333e-01
4.218441718782836025e-01 1.005629903847344714e-01
4.231313701852909004e-01 1.005614875905826433e-01
4.244205288902982987e-01 1.005599915115276827e-01
4.257116479933056308e-01 1.005585021166069681e-01
4.270047274943131188e-01 1.005570193750887631e-01
4.282997673933206517e-01 1.005555432564583795e-01
4.295967676903282295e-01 1.005540737304266574e-01
4.308957283853359077e-01 1.005526107669034580e-01
4.321966494783435753e-01 1.005511543360414067e-01
4.334995309693513432e-01 1.005497044081798824e-01
4.348043728583591006e-01 1.005482609538900229e-01
4.361111751453669583e-01 1.005468239439451794e-01
4.374199378303746943e-01 1.005453933493329066e-01
4.387306609133826418e-01 1.005439691412419179e-01
4.400433443943906342e-01 1.005425512910836650e-01
4.413579882733986715e-01 1.005411397704532861e-01
4.426745925504067536e-01 1.005397345511715446e-01
4.439931572254149361e-01 1.005383356052478444e-01
4.453136822984231080e-01 1.005369429049005059e-01
4.466361677694313248e-01 1.005355564225455800e-01
4.479606136384396420e-01 1.005341761307972093e-01
4.492870199054478375e-01 1.005328020024745111e-01
4.506153865704562445e-01 1.005314340105779303e-01
4.519457136334646408e-01 1.005300721283232390e-01
4.532780010944731375e-01 1.005287163291019997e-01
4.546122489534816791e-01 1.005273665865099170e-01
4.559484572104903211e-01 1.005260228743287132e-01
4.572866258654989524e-01 1.005246851665330260e-01
4.586267549185076287e-01 1.005233534372866611e-01
4.599688443695163498e-01 1.005220276609352509e-01
4.613128942185250048e-01 1.005207078120240738e-01
4.626589044655338712e-01 1.005193938652662183e-01
4.640068751105427269e-01 1.005180857955760010e-01
4.653568061535516831e-01 1.005167835780396840e-01
4.667086975945606842e-01 1.005154871879294920e-01
4.680625494335697301e-01 1.005141966006982412e-01
4.694183616705788209e-01 1.005129117919769111e-01
4.707761343055879566e-01 1.005116327375799312e-01
4.721358673385971372e-01 1.005103594134877237e-01
4.734975607696062516e-01 1.005090917958735841e-01
4.748612145986155220e-01 1.005078298610693754e-01
4.762268288256248927e-01 1.005065735855928677e-01
4.775944034506342528e-01 1.005053229461290443e-01
4.789639384736437133e-01 1.005040779195361805e-01
4.803354338946532187e-01 1.005028384828431098e-01
4.817088897136627690e-01 1.005016046132512081e-01
4.830843059306723641e-01 1.005003762881222923e-01
4.844616825456818376e-01 1.004991534850011442e-01
4.858410195586915226e-01 1.004979361815802191e-01
4.872223169697012524e-01 1.004967243557340351e-01
4.886055747787110826e-01 1.004955179854917641e-01
4.899907929857209021e-01 1.004943170490507354e-01
4.913779715907308221e-01 1.004931215247697601e-01
4.927671105937407314e-01 1.004919313911685486e-01
4.941582099947507412e-01 1.004907466269306660e-01
4.955512697937607958e-01 1.004895672108930271e-01
4.969462899907707287e-01 1.004883931220602461e-01
4.983432705857808731e-01 1.004872243395864562e-01
4.997422115787910624e-01 1.004860608427879110e-01
5.011431129698012965e-01 1.004849026111347132e-01
5.025459747588115755e-01 1.004837496242527717e-01
5.039507969458218994e-01 1.004826018619217193e-01
5.053575795308323793e-01 1.004814593040758292e-01
5.067663225138427929e-01 1.004803219307971451e-01
5.081770258948532515e-01 1.004791897223279024e-01
5.095896896738636439e-01 1.004780626590500575e-01
5.110043138508743032e-01 1.004769407215057586e-01
5.124208984258848965e-01 1.004758238903770001e-01
5.138394433988955345e-01 1.004747121465003751e-01
5.152599487699063285e-01 1.004736054708563614e-01
5.166824145389171674e-01 1.004725038445721114e-01
5.181068407059279401e-01 1.004714072489215348e-01
5.195332272709388688e-01 1.004703156653202617e-01
5.209615742339498423e-01 1.004692290753334133e-01
5.223918815949606387e-01 1.004681474606604064e-01
5.238241493539717020e-01 1.004670708031528692e-01
5.252583775109828101e-01 1.004659990847950185e-01
5.266945660659939632e-01 1.004649322877180645e-01
5.281327150190051611e-01 1.004638703941886368e-01
5.295728243700164040e-01 1.004628133866157652e-01
5.310148941190276917e-01 1.004617612475446342e-01
5.324589242660390243e-01 1.004607139596584015e-01
5.339049148110504017e-01 1.004596715057785861e-01
5.353528657540617131e-01 1.004586338688585739e-01
5.368027770950731803e-01 1.004576010319943452e-01
5.382546488340846924e-01 1.004565729784065997e-01
5.397084809710962494e-01 1.004555496914596446e-01
5.411642735061079623e-01 1.004545311546445052e-01
5.426220264391196091e-01 1.004535173515870017e-01
5.440817397701314118e-01 1.004525082660439328e-01
5.455434134991431483e-01 1.004515038819042833e-01
5.470070476261550407e-01 1.004505041831862122e-01
5.484726421511667560e-01 1.004495091540368590e-01
5.499401970741787382e-01 1.004485187787353961e-01
5.514097123951906543e-01 1.004475330416840367e-01
5.528811881142027262e-01 1.004465519274194835e-01
5.543546242312148431e-01 1.004455754205983292e-01
5.558300207462270048e-01 1.004446035060090336e-01
5.573073776592392115e-01 1.004436361685623058e-01
5.587866949702514630e-01 1.004426733932955451e-01
5.602679726792635373e-01 1.004417151653697604e-01
5.617512107862758786e-01 1.004407614700702916e-01
5.632364092912882647e-01 1.004398122928053388e-01
5.647235681943006957e-01 1.004388676191047547e-01
5.662126874953131717e-01 1.004379274346233197e-01
5.677037671943258035e-01 1.004369917251321520e-01
5.691968072913383692e-01 1.004360604765286852e-01
5.706918077863509797e-01 1.004351336748255386e-01
5.721887686793637462e-01 1.004342113061587188e-01
5.736876899703762245e-01 1.004332933567807090e-01
5.751885716593890807e-01 1.004323798130631051e-01
5.766914137464018708e-01 1.004314706614966024e-01
5.781962162314148168e-01 1.004305658886867347e-01
5.797029791144278077e-01 1.004296654813576495e-01
5.812117023954407324e-01 1.004287694263499842e-01
5.827223860744538131e-01 1.004278777106171194e-01
5.842350301514669386e-01 1.004269903212321458e-01
5.857496346264799980e-01 1.004261072453774967e-01
5.872661994994931023e-01 1.004252284703542747e-01
5.887847247705062514e-01 1.004243539835745214e-01
5.903052104395195565e-01 1.004234837725631740e-01
5.918276565065329065e-01 1.004226178249594259e-01
5.933520629715463013e-01 1.004217561285131871e-01
5.948784298345597410e-01 1.004208986710856955e-01
5.964067570955732256e-01 1.004200454406496551e-01
5.979370447545868661e-01 1.004191964252889313e-01
5.994692928116004405e-01 1.004183516131956361e-01
6.010035012666138377e-01 1.004175109926745829e-01
6.025396701196276128e-01 1.004166745521353626e-01
6.040777993706413218e-01 1.004158422801002398e-01
6.056178890196550757e-01 1.004150141651968531e-01
6.071599390666689855e-01 1.004141901961625588e-01
6.087039495116828292e-01 1.004133703618411977e-01
6.102499203546968287e-01 1.004125546511821787e-01
6.117978515957107621e-01 1.004117430532442123e-01
6.133477432347248515e-01 1.004109355571894541e-01
6.148995952717387636e-01 1.004101321522861273e-01
6.164534077067529427e-01 1.004093328279089536e-01
6.180091805397671667e-01 1.004085375735347813e-01
6.195669137707813245e-01 1.004077463787489549e-01
6.211266073997956383e-01 1.004069592332346023e-01
6.226882614268099969e-01 1.004061761267853875e-01
6.242518758518244004e-01 1.004053970492919945e-01
6.258174506748388488e-01 1.004046219907516468e-01
6.273849858958533421e-01 1.004038509412620434e-01
6.289544815148676582e-01 1.004030838910240503e-01
6.305259375318823523e-01 1.004023208303386622e-01
6.320993539468969802e-01 1.004015617496104573e-01
6.336747307599116530e-01 1.004008066393411447e-01
6.352520679709263707e-01 1.004000554901369607e-01
6.368313655799411332e-01 1.003993082927014252e-01
6.384126235869560517e-01 1.003985650378397265e-01
6.399958419919709041e-01 1.003978257164542254e-01
6.415810207949856903e-01 1.003970903195497699e-01
6.431681599960007434e-01 1.003963588382259242e-01
6.447572595950157304e-01 1.003956312636844206e-01
6.463483195920308733e-01 1.003949075872225816e-01
6.479413399870459500e-01 1.003941878002368171e-01
6.495363207800611827e-01 1.003934718942205706e-01
6.511332619710764602e-01 1.003927598607646521e-01
6.527321635600916716e-01 1.003920516915562389e-01
6.543330255471070389e-01 1.003913473783799165e-01
6.559358479321222291e-01 1.003906469131161661e-01
6.575406307151376861e-01 1.003899502877410171e-01
6.591473738961531881e-01 1.003892574943271859e-01
6.607560774751687349e-01 1.003885685250415910e-01
6.623667414521843266e-01 1.003878833721481012e-01
6.639793658271999632e-01 1.003872020280030808e-01
6.655939506002157557e-01 1.003865244850601357e-01
6.672104957712314821e-01 1.003858507358644792e-01
6.688290013402472534e-01 1.003851807730583023e-01
6.704494673072629585e-01 1.003845145893752372e-01
6.720718936722788195e-01 1.003838521776443254e-01
6.736962804352947254e-01 1.003831935307865908e-01
6.753226275963107872e-01 1.003825386418171484e-01
6.769509351553267829e-01 1.003818875038439973e-01
6.785812031123429344e-01 1.003812401100670909e-01
6.802134314673590199e-01 1.003805964537790724e-01
6.818476202203752612e-01 1.003799565283661210e-01
6.834837693713914364e-01 1.003793203273042334e-01
6.851218789204075454e-01 1.003786878441636082e-01
6.867619488674239214e-01 1.003780590726038036e-01
6.884039792124403423e-01 1.003774340063781356e-01
6.900479699554568080e-01 1.003768126393285165e-01
6.916939210964733187e-01 1.003761949653908664e-01
6.933418326354898742e-01 1.003755809785891184e-01
6.949917045725064746e-01 1.003749706730408253e-01
6.966435369075231199e-01 1.003743640429510392e-01
6.982973296405398100e-01 1.003737610826182097e-01
6.999530827715563230e-01 1.003731617864280778e-01
7.016107963005731030e-01 1.003725661488583942e-01
7.032704702275899278e-01 1.003719741644772540e-01
7.049321045526069085e-01 1.003713858279397242e-01
7.065956992756238231e-01 1.003708011339934369e-01
7.082612543966407825e-01 1.003702200774742731e-01
7.099287699156578979e-01 1.003696426533072228e-01
7.115982458326749471e-01 1.003690688565070377e-01
7.132696821476921523e-01 1.003684986821769543e-01
7.149430788607090692e-01 1.003679321255099566e-01
7.166184359717263641e-01 1.003673691817871250e-01
7.182957534807437039e-01 1.003668098463792874e-01
7.199750313877609775e-01 1.003662541147443132e-01
7.216562696927784071e-01 1.003657019824305136e-01
7.233394683957958815e-01 1.003651534450731714e-01
7.250246274968132898e-01 1.003646084983971509e-01
7.267117469958308540e-01 1.003640671382140526e-01
7.284008268928482410e-01 1.003635293604253631e-01
7.300918671878658950e-01 1.003629951610197635e-01
7.317848678808835938e-01 1.003624645360744055e-01
7.334798289719013376e-01 1.003619374817541487e-01
7.351767504609192372e-01 1.003614139943116712e-01
7.368756323479370707e-01 1.003608940700880664e-01
7.385764746329549491e-01 1.003603777055124269e-01
7.402792773159728723e-01 1.003598648971005536e-01
7.419840403969908404e-01 1.003593556414579813e-01
7.436907638760087425e-01 1.003588499352747188e-01
7.453994477530268004e-01 1.003583477753329234e-01
7.471100920280450142e-01 1.003578491584983107e-01
7.488226967010631618e-01 1.003573540817276899e-01
7.505372617720814654e-01 1.003568625420621918e-01
7.522537872410997029e-01 1.003563745366336801e-01
7.539722731081180962e-01 1.003558900626599082e-01
7.556927193731364234e-01 1.003554091174471835e-01
7.574151260361549065e-01 1.003549316983886885e-01
7.591394930971732125e-01 1.003544578029660628e-01
7.608658205561917853e-01 1.003539874287483341e-01
7.625941084132104031e-01 1.003535205733922103e-01
7.643243566682289547e-01 1.003530572346428701e-01
7.660565653212476622e-01 1.003525974103322144e-01
7.677907343722664146e-01 1.003521410983812673e-01
7.695268638212852119e-01 1.003516882967975810e-01
7.712649536683040541e-01 1.003512390036783580e-01
7.730050039133229411e-01 1.003507932172074679e-01
7.747470145563417621e-01 1.003503509356571538e-01
7.764909855973607389e-01 1.003499121573892122e-01
7.782369170363797606e-01 1.003494768808515791e-01
7.799848088733989382e-01 1.003490451045820492e-01
7.817346611084180497e-01 1.003486168272064855e-01
7.834864737414372060e-01 1.003481920474390832e-01
7.852402467724565183e-01 1.003477707640830635e-01
7.869959802014757644e-01 1.003473529760301602e-01
7.887536740284951664e-01 1.003469386822610637e-01
7.905133282535142802e-01 1.003465278818451850e-01
7.922749428765337720e-01 1.003461205739416828e-01
7.940385178975533087e-01 1.003457167577985892e-01
7.958040533165727792e-01 1.003453164327532954e-01
7.975715491335924057e-01 1.003449195982328290e-01
7.993410053486120770e-01 1.003445262537540489e-01
8.011124219616317932e-01 1.003441363989233670e-01
8.028857989726515543e-01 1.003437500334375121e-01
8.046611363816711382e-01 1.003433671570834185e-01
8.064384341886909890e-01 1.003429877697379347e-01
8.082176923937108848e-01 1.003426118713690446e-01
8.099989109967308254e-01 1.003422394620354513e-01
8.117820899977508109e-01 1.003418705418863133e-01
8.135672293967708413e-01 1.003415051111625489e-01
8.153543291937909165e-01 1.003411431701958928e-01
8.171433893888111477e-01 1.003407847194099645e-01
8.189344099818313127e-01 1.003404297593202682e-01
8.207273909728513006e-01 1.003400782905342625e-01
8.225223323618716664e-01 1.003397303137514851e-01
8.243192341488919661e-01 1.003393858297645519e-01
8.261180963339124217e-01 1.003390448394579221e-01
8.279189189169328111e-01 1.003387073438105626e-01
8.297217018979533565e-01 1.003383733438929365e-01
8.315264452769738357e-01 1.003380428408708058e-01
8.333331490539944708e-01 1.003377158360025945e-01
8.351418132290151508e-01 1.003373923306413729e-01
8.369524378020356536e-01 1.003370723262347747e-01
8.387650227730564234e-01 1.003367558243254271e-01
8.405795681420771270e-01 1.003364428265495767e-01
8.423960739090979866e-01 1.003361333346414336e-01
8.442145400741188910e-01 1.003358273504283416e-01
8.460349666371398403e-01 1.003355248758356910e-01
8.478573535981608345e-01 1.003352259128835189e-01
8.496817009571818735e-01 1.003349304636905331e-01
8.515080087142030685e-01 1.003346385304712401e-01
8.533362768692239753e-01 1.003343501155376100e-01
8.551665054222451490e-01 1.003340652213007139e-01
8.569986943732663676e-01 1.003337838502684903e-01
8.588328437222877421e-01 1.003335060050483951e-01
8.606689534693090504e-01 1.003332316883464581e-01
8.625070236143304037e-01 1.003329609029686986e-01
8.643470541573519128e-01 1.003326936518203899e-01
8.661890450983733558e-01 1.003324299379079743e-01
8.680329964373949547e-01 1.003321697643379529e-01
8.698789081744163765e-01 1.003319131343180237e-01
8.717267803094379541e-01 1.003316600511583029e-01
8.735766128424596877e-01 1.003314105182699090e-01
8.754284057734814661e-01 1.003311645391680579e-01
8.772821591025032895e-01 1.003309221174698007e-01
8.791378728295250466e-01 1.003306832568961610e-01
8.809955469545469597e-01 1.003304479612725647e-01
8.828551814775689177e-01 1.003302162345285492e-01
8.847167763985909206e-01 1.003299880806998584e-01
8.865803317176127463e-01 1.003297635039262364e-01
8.884458474346348389e-01 1.003295425084547998e-01
8.903133235496569764e-01 1.003293250986398988e-01
8.921827600626792698e-01 1.003291112789419792e-01
8.940541569737014971e-01 1.003289010539301085e-01
8.959275142827237692e-01 1.003286944282816284e-01
8.978028319897460863e-01 1.003284914067837374e-01
8.996801100947685592e-01 1.003282919943321305e-01
9.015593485977907440e-01 1.003280961959342049e-01
9.034405474988133067e-01 1.003279040167068537e-01
9.053237067978358033e-01 1.003277154618798378e-01
9.072088264948584557e-01 1.003275305367951065e-01
9.090959065898810421e-01 1.003273492469062556e-01
9.109849470829037843e-01 1.003271715977826078e-01
9.128759479739264604e-01 1.003269975951054799e-01
9.147689092629492924e-01 1.003268272446734694e-01
9.166638309499721693e-01 1.003266605523991523e-01
9.185607130349948690e-01 1.003264975243125523e-01
9.204595555180178357e-01 1.003263381665604748e-01
9.223603583990407362e-01 1.003261824854080331e-01
9.242631216780637926e-01 1.003260304872387737e-01
9.261678453550868939e-01 1.003258821785556199e-01
9.280745294301100401e-01 1.003257375659826756e-01
9.299831739031333422e-01 1.003255966562635049e-01
9.318937787741565781e-01 1.003254594562654339e-01
9.338063440431798590e-01 1.003253259729778302e-01
9.357208697102029626e-01 1.003251962135130460e-01
9.376373557752263332e-01 1.003250701851080284e-01
9.395558022382498597e-01 1.003249478951270118e-01
9.414762090992733201e-01 1.003248293510575206e-01
9.433985763582968254e-01 1.003247145605163787e-01
9.453229040153204865e-01 1.003246035312477941e-01
9.472491920703440815e-01 1.003244962711246080e-01
9.491774405233678324e-01 1.003243927881503489e-01
9.511076493743915172e-01 1.003242930904590519e-01
9.530398186234151359e-01 1.003241971863167992e-01
9.549739482704390214e-01 1.003241050841220949e-01
9.569100383154629519e-01 1.003240167924089182e-01
9.588480887584868162e-01 1.003239323198440169e-01
9.607880995995108364e-01 1.003238516752317649e-01
9.627300708385349015e-01 1.003237748675136209e-01
9.646740024755590115e-01 1.003237019057678786e-01
9.666198945105831664e-01 1.003236327992136911e-01
9.685677469436073661e-01 1.003235675572096558e-01
9.705175597746313887e-01 1.003235061892561591e-01
9.724693330036556782e-01 1.003234487049965845e-01
9.744230666306800126e-01 1.003233951142175756e-01
9.763787606557043919e-01 1.003233454268511043e-01
9.783364150787289271e-01 1.003232996529761917e-01
9.802960298997533961e-01 1.003232578028178529e-01
9.822576051187779100e-01 1.003232198867514968e-01
9.842211407358025799e-01 1.003231859153012329e-01
9.861866367508271836e-01 1.003231558991433681e-01
9.881540931638517211e-01 1.003231298491066292e-01
9.901235099748764146e-01 1.003231077761737172e-01
9.920948871839012639e-01 1.003230896914823339e-01
9.940682247909260472e-01 1.003230756063276108e-01
9.960435227959509863e-01 1.003230655321625392e-01
9.980207811989759703e-01 1.003230594805991499e-01
1.000000000000000666e+00 1.003230574634113442e-01
