0.000000000000000000e+00 1.443511640648638683e-01
2.078119897502626434e-05 1.443337110142701440e-01
4.352279595010249372e-05 1.443146291832113903e-01
6.822479092522875592e-05 1.442939233094702178e-01
9.488718390040502381e-05 1.442715985247304267e-01
1.235099748756312839e-04 1.442476603510363387e-01
1.540931638509075632e-04 1.442221146970049384e-01
1.866367508262337669e-04 1.441949678537778057e-01
2.211407358016100034e-04 1.441662264907293267e-01
2.576051187770363269e-04 1.441358976509376222e-01
2.960298997525126832e-04 1.441039887464245772e-01
3.364150787280388555e-04 1.440705075531539259e-01
3.787606557036150606e-04 1.440354622058306333e-01
4.230666306792412444e-04 1.439988611924691575e-01
4.693330036549174067e-04 1.439607133487663393e-01
5.175597746306437102e-04 1.439210278522699560e-01
5.677469436064200466e-04 1.438798142163583704e-01
6.198945105822462531e-04 1.438370822840405738e-01
6.740024755581224382e-04 1.437928422215775381e-01
7.300708385340486020e-04 1.437471045119343149e-01
7.880995995100251780e-04 1.436998799480863342e-01
8.480887584860512989e-04 1.436511796261589757e-01
9.100383154621275068e-04 1.436010149384445989e-01
9.739482704382536934e-04 1.435493975662715249e-01
1.039818623414429750e-03 1.434963394727578334e-01
1.107649374390655894e-03 1.434418528954544414e-01
1.177440523366932558e-03 1.433859503388709156e-01
1.249192070343258659e-03 1.433286445669195441e-01
1.322904015319634847e-03 1.432699485952584617e-01
1.398576358296060905e-03 1.432098756835638587e-01
1.476209099272537051e-03 1.431484393277367151e-01
1.555802238249063716e-03 1.430856532520353164e-01
1.637355775225640036e-03 1.430215314011732686e-01
1.720869710202266008e-03 1.429560879323609757e-01
1.806344043178942285e-03 1.428893372073227752e-01
1.893778774155669082e-03 1.428212937842837649e-01
1.983173903132445098e-03 1.427519724099455545e-01
2.074529430109271419e-03 1.426813880114483901e-01
2.167845355086147393e-03 1.426095556883377746e-01
2.263121678063073454e-03 1.425364907045452711e-01
2.360358399040050469e-03 1.424622084803787436e-01
2.459555518017076271e-03 1.423867245845455154e-01
2.560713034994152593e-03 1.423100547262046989e-01
2.663830949971278568e-03 1.422322147470685971e-01
2.768909262948454630e-03 1.421532206135505683e-01
2.875947973925680780e-03 1.420730884089714541e-01
2.984947082902957450e-03 1.419918343258331217e-01
3.095906589880283773e-03 1.419094746581689437e-01
3.208826494857659750e-03 1.418260257939704116e-01
3.323706797835085814e-03 1.417415042077093679e-01
3.440547498812561965e-03 1.416559264529498041e-01
3.559348597790088636e-03 1.415693091550746519e-01
3.680110094767664961e-03 1.414816690041118818e-01
3.802831989745290939e-03 1.413930227476929424e-01
3.927514282722965704e-03 1.413033871841239963e-01
4.054156973700691856e-03 1.412127791556067047e-01
4.182760062678468095e-03 1.411212155415900726e-01
4.313323549656295289e-03 1.410287132522734521e-01
4.445847434634171702e-03 1.409352892222735243e-01
4.580331717612097335e-03 1.408409604044504604e-01
4.716776398590073922e-03 1.407457437639074438e-01
4.855181477568099729e-03 1.406496562721774035e-01
4.995546954546175623e-03 1.405527149015996791e-01
5.137872829524301604e-03 1.404549366198918625e-01
5.282159102502477672e-03 1.403563383721486701e-01
5.428405773480703828e-03 1.402569355191665978e-01
5.576612842458980070e-03 1.401567449060509840e-01
5.726780309437305531e-03 1.400557833291844190e-01
5.878908174415681948e-03 1.399540675431845405e-01
6.032996437394107583e-03 1.398516142553760389e-01
6.189045098372585908e-03 1.397484401204215354e-01
6.347054157351111718e-03 1.396445617350813850e-01
6.507023614329687615e-03 1.395399956331292990e-01
6.668953469308313599e-03 1.394347582804098540e-01
6.832843722286989670e-03 1.393288660700449932e-01
6.998694373265715828e-03 1.392223353177798051e-01
7.166505422244492073e-03 1.391151822574919206e-01
7.336276869223317537e-03 1.390074230368252839e-01
7.508008714202193956e-03 1.388990737129922048e-01
7.681700957181119595e-03 1.387901502487086103e-01
7.857353598160098790e-03 1.386806685082779544e-01
8.034966637139125470e-03 1.385706442538265915e-01
8.214540074118200502e-03 1.384600931416707648e-01
8.396073909097327356e-03 1.383490307188411095e-01
8.579568142076502563e-03 1.382374724197359406e-01
8.765022773055727856e-03 1.381254335629262808e-01
8.952437802035004971e-03 1.380129293480908681e-01
9.141813229014330439e-03 1.378999748530964908e-01
9.333149053993705993e-03 1.377865850312056106e-01
9.526445276973131635e-03 1.376727747084266762e-01
9.721701897952607363e-03 1.375585585809922795e-01
9.918918916932136648e-03 1.374439512129639052e-01
1.011809633391171255e-02 1.373289670339728208e-01
1.031923414889133854e-02 1.372136203370800389e-01
1.052233236187101462e-02 1.370979252767628165e-01
1.072739097285074078e-02 1.369818958670214193e-01
1.093440998183051703e-02 1.368655459796046525e-01
1.114338938881034163e-02 1.367488893423560725e-01
1.135432919379021806e-02 1.366319395376658363e-01
1.156722939677014457e-02 1.365147100010433157e-01
1.178208999775011943e-02 1.363972140197912131e-01
1.199891099673014612e-02 1.362794647317936425e-01
1.221769239371022463e-02 1.361614751244012989e-01
1.243843418869035149e-02 1.360432580334227370e-01
1.266113638167052670e-02 1.359248261422153492e-01
1.288579897265075200e-02 1.358061919808652429e-01
1.311242196163102738e-02 1.356873679254720910e-01
1.334100534861135459e-02 1.355683661975153886e-01
1.357154913359173015e-02 1.354491988633165778e-01
1.380405331657215580e-02 1.353298778335832731e-01
1.403851789755263153e-02 1.352104148630378366e-01
1.427494287653315735e-02 1.350908215501277487e-01
1.451332825351373326e-02 1.349711093368158588e-01
1.475367402849436273e-02 1.348512895084478247e-01
1.499598020147503881e-02 1.347313731936831405e-01
1.524024677245576498e-02 1.346113713645198107e-01
1.548647374143653950e-02 1.344912948363617133e-01
1.573466110841736931e-02 1.343711542681745030e-01
1.598480887339824227e-02 1.342509601626943883e-01
1.623691703637917053e-02 1.341307228667030227e-01
1.649098559736014366e-02 1.340104525713670947e-01
1.674701455634117209e-02 1.338901593126262390e-01
1.700500391332224540e-02 1.337698529716467299e-01
1.726495366830337400e-02 1.336495432753264656e-01
1.752686382128455442e-02 1.335292397968519951e-01
1.779073437226577625e-02 1.334089519563037285e-01
1.805656532124705685e-02 1.332886890213169084e-01
1.832435666822837886e-02 1.331684601077815222e-01
1.859410841320975616e-02 1.330482741805934233e-01
1.886582055619118528e-02 1.329281400544468084e-01
1.913949309717265929e-02 1.328080663946670237e-01
1.941512603615418858e-02 1.326880617180880850e-01
1.969271937313575929e-02 1.325681343939639212e-01
1.997227310811738876e-02 1.324482926449250531e-01
2.025378724109906312e-02 1.323285445479582267e-01
2.053726177208079276e-02 1.322088980354372556e-01
2.082269670106256382e-02 1.320893608961720977e-01
2.111009202804439364e-02 1.319699407764972354e-01
2.139944775302626487e-02 1.318506451813938329e-01
2.169076387600819486e-02 1.317314814756312402e-01
2.198404039699017321e-02 1.316124568849449394e-01
2.227927731597219643e-02 1.314935784972364463e-01
2.257647463295427495e-02 1.313748532637996624e-01
2.287563234793639835e-02 1.312562880005716248e-01
2.317675046091857705e-02 1.311378893894001585e-01
2.347982897190080062e-02 1.310196639793376749e-01
2.378486788088307949e-02 1.309016181879489871e-01
2.409186718786539977e-02 1.307837583026348616e-01
2.440082689284778228e-02 1.306660904819681446e-01
2.471174699583020273e-02 1.305486207570454027e-01
2.502462749681268195e-02 1.304313550328364824e-01
2.533946839579521298e-02 1.303142990895438114e-01
2.565626969277778543e-02 1.301974585839576204e-01
2.597503138776041318e-02 1.300808390508059742e-01
2.629575348074308580e-02 1.299644459040888433e-01
2.661843597172581372e-02 1.298482844383983537e-01
2.694307886070858651e-02 1.297323598302046743e-01
2.726968214769141807e-02 1.296166771391046579e-01
2.759824583267428758e-02 1.295012413090256276e-01
2.792876991565721931e-02 1.293860571693606076e-01
2.826125439664019939e-02 1.292711294360296692e-01
2.859569927562322089e-02 1.291564627124358045e-01
2.893210455260630115e-02 1.290420614903109442e-01
2.927047022758941935e-02 1.289279301504119013e-01
2.961079630057259979e-02 1.288140729630404269e-01
2.995308277155582163e-02 1.287004940883571813e-01
3.029732964053910224e-02 1.285871975764441566e-01
3.064353690752242426e-02 1.284741873670704471e-01
3.099170457250580504e-02 1.283614672891051911e-01
3.134183263548922377e-02 1.282490410595137909e-01
3.169392109647270472e-02 1.281369122818623307e-01
3.204796995545623056e-02 1.280250844442531732e-01
3.240397921243980128e-02 1.279135609165713838e-01
3.276194886742343076e-02 1.278023449469484485e-01
3.312187892040710513e-02 1.276914396572947641e-01
3.348376937139083825e-02 1.275808480377541021e-01
3.384762022037460932e-02 1.274705729398924736e-01
3.421343146735843915e-02 1.273606170684257188e-01
3.458120311234230693e-02 1.272509829712349938e-01
3.495093515532624040e-02 1.271416730274133045e-01
3.532262759631021182e-02 1.270326894329969758e-01
3.569628043529424199e-02 1.269240341840564834e-01
3.607189367227831706e-02 1.268157090566874867e-01
3.644946730726244394e-02 1.267077155704344482e-01
3.682900134024662264e-02 1.266000639016379992e-01
3.721049577123083929e-02 1.264927557653332535e-01
3.759395060021512164e-02 1.263857928623562388e-01
3.797936582719944193e-02 1.262791768852108421e-01
3.836674145218382098e-02 1.261729095119926147e-01
3.875607747516824492e-02 1.260669924009065190e-01
3.914737389615272761e-02 1.259614271853446710e-01
3.954063071513724825e-02 1.258562154694771174e-01
3.993584793212182765e-02 1.257513588243414082e-01
4.033302554710645887e-02 1.256468587843809492e-01
4.073216356009112804e-02 1.255427168444050168e-01
4.113326197107585597e-02 1.254389344569452613e-01
4.153632078006062878e-02 1.253355130299736997e-01
4.194133998704546035e-02 1.252324539249576596e-01
4.234831959203032986e-02 1.251297584552254760e-01
4.275725959501525814e-02 1.250274278846070786e-01
4.316815999600023129e-02 1.249254634263440161e-01
4.358102079498526321e-02 1.248238662422287842e-01
4.399584199197033307e-02 1.247226374419599521e-01
4.441262358695546170e-02 1.246217780826874982e-01
4.483136557994064214e-02 1.245212891687348389e-01
4.525206797092586747e-02 1.244211716514705968e-01
4.567473075991114462e-02 1.243214264293206472e-01
4.609935394689646665e-02 1.242220543478971678e-01
4.652593753188184744e-02 1.241230562002329646e-01
4.695448151486726618e-02 1.240244327271050051e-01
4.738498589585275061e-02 1.239261846174337378e-01
4.781745067483826606e-02 1.238283125087458192e-01
4.825187585182384720e-02 1.237308169876858294e-01
4.868826142680946628e-02 1.236336985905723690e-01
4.912660739979515107e-02 1.235369578039824529e-01
4.956691377078088073e-02 1.234405950653576084e-01
5.000918053976664834e-02 1.233446107636275713e-01
5.045340770675248165e-02 1.232490052398390185e-01
5.089959527173835291e-02 1.231537787877930862e-01
5.134774323472428292e-02 1.230589316546814166e-01
5.179785159571025088e-02 1.229644640417242168e-01
5.224992035469628454e-02 1.228703761048108717e-01
5.270394951168235614e-02 1.227766679551477863e-01
5.315993906666848651e-02 1.226833396599243814e-01
5.361788901965465481e-02 1.225903912430010706e-01
5.407779937064088882e-02 1.224978226856455327e-01
5.453967011962716771e-02 1.224056339273413008e-01
5.500350126661349148e-02 1.223138248666877786e-01
5.546929281159986708e-02 1.222223953624429343e-01
5.593704475458628755e-02 1.221313452347549539e-01
5.640675709557277373e-02 1.220406742666450273e-01
5.687842983455929091e-02 1.219503822058205372e-01
5.735206297154587379e-02 1.218604687669163911e-01
5.782765650653248768e-02 1.217709336342842341e-01
5.830521043951917420e-02 1.216817764654757467e-01
5.878472477050590561e-02 1.215929968955980905e-01
5.926619949949267496e-02 1.215045945427598861e-01
5.974963462647950307e-02 1.214165690148691357e-01
6.023503015146637607e-02 1.213289199181007555e-01
6.072238607445330782e-02 1.212416468674152870e-01
6.121170239544027752e-02 1.211547494995865448e-01
6.170297911442730598e-02 1.210682274892883048e-01
6.219621623141437933e-02 1.209820805689001688e-01
6.269141374640151143e-02 1.208963085528076825e-01
6.318857165938866760e-02 1.208109113671458762e-01
6.368768997037589641e-02 1.207258890860863354e-01
6.418876867936318398e-02 1.206412419759981536e-01
6.469180778635051643e-02 1.205569705490454058e-01
6.519680729133789376e-02 1.204730756203739039e-01
6.570376719432530210e-02 1.203895465745053600e-01
6.621268749531278308e-02 1.203063836830046557e-01
6.672356819430030894e-02 1.202235870099724602e-01
6.723640929128789356e-02 1.201411564465550280e-01
6.775121078627552307e-02 1.200590917347692521e-01
6.826797267926318358e-02 1.199773924883257015e-01
6.878669497025091673e-02 1.198960582107828354e-01
6.930737765923869476e-02 1.198150883113267007e-01
6.983002074622653155e-02 1.197344821184559288e-01
7.035462423121441322e-02 1.196542388918112321e-01
7.088118811420231202e-02 1.195743578323754802e-01
7.140971239519029734e-02 1.194948380912481262e-01
7.194019707417832754e-02 1.194156787771714356e-01
7.247264215116641650e-02 1.193368789629713905e-01
7.300704762615452259e-02 1.192584376910640204e-01
7.354341349914270132e-02 1.191803539781469135e-01
7.408173977013092493e-02 1.191026268192020982e-01
7.462202643911922118e-02 1.190252551909012357e-01
7.516427350610754843e-02 1.189482380545039408e-01
7.570848097109590669e-02 1.188715743583221712e-01
7.625464883408433758e-02 1.187952630398115272e-01
7.680277709507281336e-02 1.187193030273369643e-01
7.735286575406134790e-02 1.186436932416461421e-01
7.790491481104989957e-02 1.185684325970704223e-01
7.845892426603853775e-02 1.184935200024562485e-01
7.901489411902722082e-02 1.184189543618133084e-01
7.957282437001594877e-02 1.183447345746419105e-01
8.013271501900470772e-02 1.182708595358848008e-01
8.069456606599353932e-02 1.181973281354110616e-01
8.125837751098241579e-02 1.181241392569178095e-01
8.182414935397135103e-02 1.180512917760806885e-01
8.239188159496033115e-02 1.179787845577505989e-01
8.296157423394934227e-02 1.179066164519236848e-01
8.353322727093842603e-02 1.178347862881466979e-01
8.410684070592755468e-02 1.177632928679303026e-01
8.468241453891674209e-02 1.176921349546391909e-01
8.525994876990593274e-02 1.176213112602040589e-01
8.583944339889522379e-02 1.175508204278385843e-01
8.642089842588455972e-02 1.174806610097744314e-01
8.700431385087394054e-02 1.174108314387827673e-01
8.758968967386336624e-02 1.173413299920050140e-01
8.817702589485282294e-02 1.172721547452715285e-01
8.876632251384235228e-02 1.172033035157095116e-01
8.935757953083194038e-02 1.171347737865203464e-01
8.995079694582157337e-02 1.170665714086294162e-01
9.054597475881122348e-02 1.169986943373684807e-01
9.114311296980096011e-02 1.169311406883432464e-01
9.174221157879074162e-02 1.168639087111226910e-01
9.234327058578056802e-02 1.167969967642034507e-01
9.294628999077042542e-02 1.167304032938569769e-01
9.355126979376035545e-02 1.166641268163292056e-01
9.415820999475034425e-02 1.165981659029207418e-01
9.476711059374037793e-02 1.165325191675412597e-01
9.537797159073045650e-02 1.164671852563755883e-01
9.599079298572055219e-02 1.164021628393567265e-01
9.660557477871074827e-02 1.163374506031769201e-01
9.722231696970097536e-02 1.162730472456140335e-01
9.784101955869126122e-02 1.162089514709914589e-01
9.846168254568156419e-02 1.161451619866213231e-01
9.908430593067193981e-02 1.160816775001294737e-01
9.970888971366237419e-02 1.160184967175915682e-01
1.003354338946528534e-01 1.159556183424527293e-01
1.009639384736433915e-01 1.158930410752552348e-01
1.015944034506339466e-01 1.158307636142352770e-01
1.022268288256245744e-01 1.157687846569282891e-01
1.028612145986152610e-01 1.157071029029664994e-01
1.034975607696059924e-01 1.156457170583590349e-01
1.041358673385967409e-01 1.155846258416154820e-01
1.047761343055875760e-01 1.155238279922133765e-01
1.054183616705784560e-01 1.154633222820382193e-01
1.060625494335693947e-01 1.154031075306054949e-01
1.067086975945603783e-01 1.153431826250777420e-01
1.073568061535513790e-01 1.152835465463589310e-01
1.080068751105424663e-01 1.152241984028498090e-01
1.086589044655335984e-01 1.151651374738438122e-01
1.093128942185247754e-01 1.151063632636183387e-01
1.099688443695159834e-01 1.150478705895832121e-01
1.106267549185072641e-01 1.149896586217919597e-01
1.112866258654986035e-01 1.149317264252635862e-01
1.119484572104899878e-01 1.148740729821758483e-01
1.126122489534813753e-01 1.148166972093313254e-01
1.132780010944728633e-01 1.147595979726487442e-01
1.139457136334643961e-01 1.147027740991018452e-01
1.146153865704559877e-01 1.146462243864762726e-01
1.152870199054476102e-01 1.145899476112269694e-01
1.159606136384392638e-01 1.145339425346741102e-01
1.166361677694310039e-01 1.144782079076979292e-01
1.173136822984227889e-01 1.144227424740430488e-01
1.179931572254146188e-01 1.143675449722636739e-01
1.186745925504064658e-01 1.143126141362804243e-01
1.193579882733983993e-01 1.142579486944229894e-01
1.200433443943903777e-01 1.142035473667595141e-01
1.207306609133824149e-01 1.141494088603814822e-01
1.214199378303744969e-01 1.140955318622051406e-01
1.221111751453665961e-01 1.140419150286761801e-01
1.228043728583587818e-01 1.139885569715830688e-01
1.234995309693510124e-01 1.139354562389496978e-01
1.241966494783433017e-01 1.138826112896959702e-01
1.248957283853355943e-01 1.138300204598892973e-01
1.255967676903279873e-01 1.137776842767918017e-01
1.262997673933204390e-01 1.137256012872311511e-01
1.270047274943129079e-01 1.136737700910053911e-01
1.277116479933054216e-01 1.136221893308528019e-01
1.284205288902980080e-01 1.135708576838426465e-01
1.291313701852906393e-01 1.135197738543841789e-01
1.298441718782833154e-01 1.134689365686610413e-01
1.305589339692760642e-01 1.134183445703485088e-01
1.312756564582688024e-01 1.133679966175257930e-01
1.319943393452616409e-01 1.133178914807516646e-01
1.327149826302545244e-01 1.132680279423367020e-01
1.334375863132474527e-01 1.132184047969271717e-01
1.341621503942403981e-01 1.131690208535798409e-01
1.348886748732334440e-01 1.131198749396343656e-01
1.356171597502265069e-01 1.130709659067928863e-01
1.363476050252196425e-01 1.130222926399707534e-01
1.370800106982128508e-01 1.129738540696724747e-01
1.378143767692060206e-01 1.129256491888662867e-01
1.385507032381993187e-01 1.128776770753755765e-01
1.392889901051926616e-01 1.128299355951648819e-01
1.400292373701860493e-01 1.127824237009691782e-01
1.407714450331794265e-01 1.127351403216922537e-01
1.415156130941729040e-01 1.126880843687364797e-01
1.422617415531664542e-01 1.126412547409679082e-01
1.430098304101600493e-01 1.125946503286333750e-01
1.437598796651536337e-01 1.125482700163033395e-01
1.445118893181473185e-01 1.125021126848706199e-01
1.452658593691410482e-01 1.124561772125721448e-01
1.460217898181348506e-01 1.124104624749467235e-01
1.467796806651286701e-01 1.123649673435607038e-01
1.475395319101225067e-01 1.123196906832455710e-01
1.483013435531164437e-01 1.122746313474806829e-01
1.490651155941104256e-01 1.122297881714204443e-01
1.498308480331044801e-01 1.121851599618854389e-01
1.505985408700985240e-01 1.121407454834377343e-01
1.513681941050926405e-01 1.120965434392366955e-01
1.521398077380868297e-01 1.120525534237695880e-01
1.529133817690810637e-01 1.120087742550068127e-01
1.536889161980753704e-01 1.119652047765210684e-01
1.544664110250696387e-01 1.119218438530086707e-01
1.552458662500640352e-01 1.118786903667897265e-01
1.560272818730584765e-01 1.118357432153514047e-01
1.568106578940529627e-01 1.117930013099542458e-01
1.575959943130474383e-01 1.117504635753587966e-01
1.583832911300420421e-01 1.117081289508441710e-01
1.591725483450366629e-01 1.116659963927458393e-01
1.599637659580313565e-01 1.116240648788885126e-01
1.607569439690260948e-01 1.115823334154129737e-01
1.615520823780208504e-01 1.115408010466834299e-01
1.623491811850156785e-01 1.114994668690984098e-01
1.631482403900105516e-01 1.114583294149115722e-01
1.639492599930054972e-01 1.114173877150549802e-01
1.647522399940004323e-01 1.113766407918715257e-01
1.655571803929954677e-01 1.113360876619890194e-01
1.663640811899905481e-01 1.112957273383493179e-01
1.671729423849857010e-01 1.112555588314474014e-01
1.679837639779808434e-01 1.112155811497145402e-01
1.687965459689760583e-01 1.111757932989125425e-01
1.696112883579713460e-01 1.111361942803322650e-01
1.704279911449667062e-01 1.110967830874935725e-01
1.712466543299620836e-01 1.110575587009191983e-01
1.720672779129574781e-01 1.110185200804053862e-01
1.728898618939529452e-01 1.109796661539561857e-01
1.737144062729484850e-01 1.109409962534507743e-01
1.745409110499440697e-01 1.109025093733191913e-01
1.753693762249396715e-01 1.108642045216356731e-01
1.761998017979353459e-01 1.108260807182208374e-01
1.770321877689310930e-01 1.107881369932780385e-01
1.778665341379268849e-01 1.107503723866407330e-01
1.787028409049227218e-01 1.107127859477239629e-01
1.795411080699185480e-01 1.106753767363143348e-01
1.803813356329145023e-01 1.106381438244284643e-01
1.812235235939104738e-01 1.106010862995407962e-01
1.820676719529065180e-01 1.105642032696217691e-01
1.829137807099025514e-01 1.105274938705729654e-01
1.837618498648986853e-01 1.104909572768027481e-01
1.846118794178948919e-01 1.104545923121982298e-01
1.854638693688911155e-01 1.104183981091530903e-01
1.863178197178873563e-01 1.103823737960458740e-01
1.871737304648836975e-01 1.103465184991020143e-01
1.880316016098800835e-01 1.103108313435703786e-01
1.888914331528765145e-01 1.102753114541870499e-01
1.897532250938729903e-01 1.102399579548248160e-01
1.906169774328694833e-01 1.102047699671341030e-01
1.914826901698660766e-01 1.101697466079057247e-01
1.923503633048627148e-01 1.101348869847595391e-01
1.932199968378593979e-01 1.101001901896174473e-01
1.940915907688560982e-01 1.100656552891905587e-01
1.949651450978528711e-01 1.100312816493616147e-01
1.958406598248497166e-01 1.099970683897603940e-01
1.967181349498466070e-01 1.099630146417767407e-01
1.975975704728435423e-01 1.099291195469760257e-01
1.984789663938404669e-01 1.098953822560748556e-01
1.993623227128375197e-01 1.098618019285620556e-01
2.002476394298345896e-01 1.098283777330787275e-01
2.011349165448317322e-01 1.097951088487487958e-01
2.020241540578288642e-01 1.097619944677382248e-01
2.029153519688260965e-01 1.097290337994451664e-01
2.038085102778234015e-01 1.096962260768712255e-01
2.047036289848207236e-01 1.096635705659080445e-01
2.056007080898180628e-01 1.096310662617161757e-01
2.064997475928155024e-01 1.095987123980398520e-01
2.074007474938129869e-01 1.095665082055349987e-01
2.083037077928105441e-01 1.095344529133409905e-01
2.092086284898081183e-01 1.095025457499634314e-01
2.101155095848057097e-01 1.094707859434175257e-01
2.110243510778034015e-01 1.094391727204886283e-01
2.119351529688011382e-01 1.094077053048849030e-01
2.128479152577989197e-01 1.093763829139553778e-01
2.137626379447967184e-01 1.093452047534848592e-01
2.146793210297945897e-01 1.093141700098975433e-01
2.155979645127925337e-01 1.092832780875463428e-01
2.165185683937905226e-01 1.092525282143235466e-01
2.174411326727885563e-01 1.092219196277544740e-01
2.183656573497865794e-01 1.091914515736994162e-01
2.192921424247847306e-01 1.091611233055109070e-01
2.202205878977829268e-01 1.091309340837232356e-01
2.211509937687811678e-01 1.091008831763868175e-01
2.220833600377793982e-01 1.090709698602192884e-01
2.230176867047777289e-01 1.090411934228496943e-01
2.239539737697761046e-01 1.090115531665413334e-01
2.248922212327745529e-01 1.089820484139304574e-01
2.258324290937730461e-01 1.089526785165187972e-01
2.267745973527715286e-01 1.089234426030750436e-01
2.277187260097701116e-01 1.088943399992469835e-01
2.286648150647687394e-01 1.088653700279737513e-01
2.296128645177674399e-01 1.088365320110609435e-01
2.305628743687661297e-01 1.088078252700976217e-01
2.315148446177649200e-01 1.087792491266652145e-01
2.324687752647637551e-01 1.087508029017153627e-01
2.334246663097626351e-01 1.087224859139032662e-01
2.343825177527615322e-01 1.086942974765366526e-01
2.353423295937605020e-01 1.086662368926702843e-01
2.363041018327595444e-01 1.086383034476545023e-01
2.372678344697586317e-01 1.086104966186480503e-01
2.382335275047577638e-01 1.085828157273326655e-01
2.392011809377569131e-01 1.085552601046168714e-01
2.401707947687561351e-01 1.085278290891864700e-01
2.411423689977554297e-01 1.085005220265387732e-01
2.421159036247547691e-01 1.084733382685495046e-01
2.430913986497540979e-01 1.084462771736632303e-01
2.440688540727535549e-01 1.084193381078761564e-01
2.450482698937530290e-01 1.083925204467730691e-01
2.460296461127525758e-01 1.083658235789973223e-01
2.470129827297521674e-01 1.083392469117129275e-01
2.479982797447517484e-01 1.083127898788087545e-01
2.489855371577514298e-01 1.082864517143288796e-01
2.499747549687511561e-01 1.082602318296792820e-01
2.509659331777509550e-01 1.082341296331237046e-01
2.519590717847506878e-01 1.082081445315424550e-01
2.529541707897505765e-01 1.081822759315121951e-01
2.539512301927505100e-01 1.081565232396744652e-01
2.549502499937504885e-01 1.081308858623003105e-01
2.559512301927505673e-01 1.081053632038400936e-01
2.569541707897506355e-01 1.080799546641549036e-01
2.579590717847507486e-01 1.080546596339434229e-01
2.589659331777509621e-01 1.080294774876778552e-01
2.599747549687512205e-01 1.080044077694530397e-01
2.609855371577514682e-01 1.079794498854808743e-01
2.619982797447518164e-01 1.079546032507870540e-01
2.630129827297520984e-01 1.079298672876396192e-01
2.640296461127525363e-01 1.079052414244704022e-01
2.650482698937530190e-01 1.078807250953145586e-01
2.660688540727535467e-01 1.078563177398332157e-01
2.670913986497541748e-01 1.078320188040619437e-01
2.681159036247547922e-01 1.078078277421189446e-01
2.691423689977554545e-01 1.077837440192374319e-01
2.701707947687562172e-01 1.077597671166461712e-01
2.712011809377570248e-01 1.077358965390355222e-01
2.722335275047577108e-01 1.077121316226653941e-01
2.732678344697586081e-01 1.076884718538877184e-01
2.743041018327595504e-01 1.076649167160955850e-01
2.753423295937605375e-01 1.076414656915767876e-01
2.763825177527615695e-01 1.076181182627612004e-01
2.774246663097627019e-01 1.075948739128985421e-01
2.784687752647638237e-01 1.075717321261039916e-01
2.795148446177649904e-01 1.075486923866551398e-01
2.805628743687662574e-01 1.075257541773000092e-01
2.816128645177674028e-01 1.075029169762168474e-01
2.826648150647687596e-01 1.074801802520813226e-01
2.837187260097701613e-01 1.074575434564591925e-01
2.847745973527716079e-01 1.074350062134915712e-01
2.858324290937730994e-01 1.074125680046333214e-01
2.868922212327746357e-01 1.073902283208549302e-01
2.879539737697762170e-01 1.073679866605923849e-01
2.890176867047778431e-01 1.073458425283297657e-01
2.900833600377795141e-01 1.073237954337862982e-01
2.911509937687811744e-01 1.073018448917302664e-01
2.922205878977829352e-01 1.072799904225412021e-01
2.932921424247847964e-01 1.072582315537328745e-01
2.943656573497866469e-01 1.072365678227940877e-01
2.954411326727885978e-01 1.072149987818798861e-01
2.965185683937905936e-01 1.071935240051199723e-01
2.975979645127926343e-01 1.071721429105475798e-01
2.986793210297947199e-01 1.071508550558789435e-01
2.997626379447967393e-01 1.071296599951746115e-01
3.008479152577989146e-01 1.071085572809542807e-01
3.019351529688011904e-01 1.070875464656963344e-01
3.030243510778034555e-01 1.070666271028049704e-01
3.041155095848058210e-01 1.070457987470419259e-01
3.052086284898081758e-01 1.070250609543739739e-01
3.063037077928106311e-01 1.070044132810721305e-01
3.074007474938131312e-01 1.069838552817992672e-01
3.084997475928156763e-01 1.069633865062624561e-01
3.096007080898180996e-01 1.069430064938020064e-01
3.107036289848207899e-01 1.069227147650056164e-01
3.118085102778234696e-01 1.069025110218044666e-01
3.129153519688261942e-01 1.068823948132236745e-01
3.140241540578289636e-01 1.068623656989278331e-01
3.151349165448318335e-01 1.068424232465496615e-01
3.162476394298346927e-01 1.068225670298412755e-01
3.173623227128376523e-01 1.068027966275576224e-01
3.184789663938406568e-01 1.067831116230406607e-01
3.195975704728435396e-01 1.067635116045872190e-01
3.207181349498466338e-01 1.067439961667893539e-01
3.218406598248497730e-01 1.067245649131916829e-01
3.229651450978529570e-01 1.067052174608004722e-01
3.240915907688562414e-01 1.066859534472369697e-01
3.252199968378595152e-01 1.066667723651225502e-01
3.263503633048628338e-01 1.066476738374352723e-01
3.274826901698662529e-01 1.066286574827577660e-01
3.286169774328696613e-01 1.066097229175954758e-01
3.297532250938730591e-01 1.065908697580149611e-01
3.308914331528765573e-01 1.065720976207230192e-01
3.320316016098801559e-01 1.065534061236267094e-01
3.331737304648837994e-01 1.065347948858601929e-01
3.343178197178874878e-01 1.065162635271553609e-01
3.354638693688912210e-01 1.064978116663379409e-01
3.366118794178950546e-01 1.064794389185825946e-01
3.377618498648988776e-01 1.064611448908582281e-01
3.389137807099027455e-01 1.064429291747304163e-01
3.400676719529066028e-01 1.064247915068637362e-01
3.412235235939105604e-01 1.064067315018743798e-01
3.423813356329146185e-01 1.063887487836986806e-01
3.435411080699187214e-01 1.063708429831179275e-01
3.447028409049228137e-01 1.063530137359826461e-01
3.458665341379270064e-01 1.063352606819840951e-01
3.470321877689312440e-01 1.063175834638947492e-01
3.481998017979355819e-01 1.062999817272455710e-01
3.493693762249399093e-01 1.062824551205071022e-01
3.505409110499441705e-01 1.062650032959173985e-01
3.517144062729485876e-01 1.062476259112316856e-01
3.528898618939531051e-01 1.062303226328197708e-01
3.540672779129576120e-01 1.062130931407828383e-01
3.552466543299622193e-01 1.061959371370378991e-01
3.564279911449668714e-01 1.061788541669288904e-01
3.576112883579715684e-01 1.061618439175777279e-01
3.587965459689763104e-01 1.061449060696326996e-01
3.599837639779809306e-01 1.061280403003257572e-01
3.611729423849858178e-01 1.061112462856167032e-01
3.623640811899906944e-01 1.060945237016471671e-01
3.635571803929956158e-01 1.060778722256422862e-01
3.647522399940006377e-01 1.060612915363070841e-01
3.659492599930056489e-01 1.060447813136882883e-01
3.671482403900107605e-01 1.060283412383593304e-01
3.683491811850159170e-01 1.060119709896568674e-01
3.695520823780210629e-01 1.059956702425252084e-01
3.707569439690261981e-01 1.059794386622763401e-01
3.719637659580314892e-01 1.059632758962440052e-01
3.731725483450368253e-01 1.059471817528533921e-01
3.743832911300422062e-01 1.059311559016162668e-01
3.755959943130476320e-01 1.059151980231715778e-01
3.768106578940531581e-01 1.058993078059342480e-01
3.780272818730586737e-01 1.058834849437580022e-01
3.792458662500642896e-01 1.058677291343568388e-01
3.804664110250698950e-01 1.058520400783125731e-01
3.816889161980754896e-01 1.058364174785943884e-01
3.829133817690812402e-01 1.058208610405992067e-01
3.841398077380869802e-01 1.058053704728326855e-01
3.853681941050928206e-01 1.057899454884732304e-01
3.865985408700987613e-01 1.057745858082483476e-01
3.878308480331046915e-01 1.057592911652681794e-01
3.890651155941106665e-01 1.057440613128174944e-01
3.903013435531166864e-01 1.057288958621240699e-01
3.915395319101228067e-01 1.057137945537902357e-01
3.927796806651288053e-01 1.056987571214386273e-01
3.940217898181350153e-01 1.056837832949253236e-01
3.952658593691412148e-01 1.056688728025627771e-01
3.965118893181475146e-01 1.056540253726260814e-01
3.977598796651538593e-01 1.056392407343367257e-01
3.990098304101602489e-01 1.056245186184336243e-01
4.002617415531666833e-01 1.056098587573676417e-01
4.015156130941732182e-01 1.055952608850720537e-01
4.027714450331797424e-01 1.055807247361650186e-01
4.040292373701862005e-01 1.055662500443072388e-01
4.052889901051928145e-01 1.055518365392697500e-01
4.065507032381995289e-01 1.055374839420093885e-01
4.078143767692062882e-01 1.055231919567083954e-01
4.090800106982130369e-01 1.055089604317259872e-01
4.103476050252198859e-01 1.054947890899483737e-01
4.116171597502267798e-01 1.054806776651786016e-01
4.128886748732337186e-01 1.054666258986762112e-01
4.141621503942407023e-01 1.054526335367875906e-01
4.154375863132476199e-01 1.054387003293477260e-01
4.167149826302546933e-01 1.054248260286145961e-01
4.179943393452618672e-01 1.054110103885988609e-01
4.192756564582690304e-01 1.053972531647013877e-01
4.205589339692762940e-01 1.053835541136545206e-01
4.218441718782836025e-01 1.053699129938481527e-01
4.231313701852909004e-01 1.053563295662072324e-01
4.244205288902982987e-01 1.053428035959403236e-01
4.257116479933056308e-01 1.053293348556627596e-01
4.270047274943131188e-01 1.053159231306738525e-01
4.282997673933206517e-01 1.053025682275584435e-01
4.295967676903282295e-01 1.052892698036913405e-01
4.308957283853359077e-01 1.052760276536293393e-01
4.321966494783435753e-01 1.052628415629019293e-01
4.334995309693513432e-01 1.052497113120245964e-01
4.348043728583591006e-01 1.052366366791832319e-01
4.361111751453669583e-01 1.052236174420099341e-01
4.374199378303746943e-01 1.052106533787306453e-01
4.387306609133826418e-01 1.051977442688748071e-01
4.400433443943906342e-01 1.051848898936536408e-01
4.413579882733986715e-01 1.051720900360327698e-01
4.426745925504067536e-01 1.051593444804416327e-01
4.439931572254149361e-01 1.051466530119663512e-01
4.453136822984231080e-01 1.051340154147220735e-01
4.466361677694313248e-01 1.051214314689234569e-01
4.479606136384396420e-01 1.051089009458884005e-01
4.492870199054478375e-01 1.050964235998234769e-01
4.506153865704562445e-01 1.050839993248340598e-01
4.519457136334646408e-01 1.050716278913312735e-01
4.532780010944731375e-01 1.050593090813252833e-01
4.546122489534816791e-01 1.050470426844700572e-01
4.559484572104903211e-01 1.050348284954400607e-01
4.572866258654989524e-01 1.050226663122199727e-01
4.586267549185076287e-01 1.050105559350087564e-01
4.599688443695163498e-01 1.049984971655269356e-01
4.613128942185250048e-01 1.049864898066006635e-01
4.626589044655338712e-01 1.049745336619603980e-01
4.640068751105427269e-01 1.049626285362540573e-01
4.653568061535516831e-01 1.049507742353544548e-01
4.667086975945606842e-01 1.049389705671272266e-01
4.680625494335697301e-01 1.049272173429655758e-01
4.694183616705788209e-01 1.049155143805840379e-01
4.707761343055879566e-01 1.049038615088405818e-01
4.721358673385971372e-01 1.048922585757602194e-01
4.734975607696062516e-01 1.048807052997447753e-01
4.748612145986155220e-01 1.048692015193301852e-01
4.762268288256248927e-01 1.048577470640900539e-01
4.775944034506342528e-01 1.048463417586688734e-01
4.789639384736437133e-01 1.048349854253962238e-01
4.803354338946532187e-01 1.048236778859533147e-01
4.817088897136627690e-01 1.048124189624144165e-01
4.830843059306723641e-01 1.048012084778842806e-01
4.844616825456818376e-01 1.047900462568856078e-01
4.858410195586915226e-01 1.047789321255752637e-01
4.872223169697012524e-01 1.047678659118304600e-01
4.886055747787110826e-01 1.047568474451784498e-01
4.899907929857209021e-01 1.047458765564804467e-01
4.913779715907308221e-01 1.047349530772012094e-01
4.927671105937407314e-01 1.047240768379471693e-01
4.941582099947507412e-01 1.047132476657829936e-01
4.955512697937607958e-01 1.047024653795478044e-01
4.969462899907707287e-01 1.046917297819689452e-01
4.983432705857808731e-01 1.046810408007699811e-01
4.997422115787910624e-01 1.046703982517950687e-01
5.011431129698012965e-01 1.046598019623069253e-01
5.025459747588115755e-01 1.046492517668448224e-01
5.039507969458218994e-01 1.046387475045857801e-01
5.053575795308323793e-01 1.046282890176963992e-01
5.067663225138427929e-01 1.046178761503367693e-01
5.081770258948532515e-01 1.046075087480663052e-01
5.095896896738636439e-01 1.045971866574999243e-01
5.110043138508743032e-01 1.045869097260978126e-01
5.124208984258848965e-01 1.045766778020326276e-01
5.138394433988955345e-01 1.045664907341031929e-01
5.152599487699063285e-01 1.045563483717072972e-01
5.166824145389171674e-01 1.045462505649197710e-01
5.181068407059279401e-01 1.045361971648017668e-01
5.195332272709388688e-01 1.045261880241395713e-01
5.209615742339498423e-01 1.045162229989685804e-01
5.223918815949606387e-01 1.045063019514434477e-01
5.238241493539717020e-01 1.044964247549423630e-01
5.252583775109828101e-01 1.044865913027818866e-01
5.266945660659939632e-01 1.044768013563558556e-01
5.281327150190051611e-01 1.044670548006921690e-01
5.295728243700164040e-01 1.044573515099974509e-01
5.310148941190276917e-01 1.044476913525851924e-01
5.324589242660390243e-01 1.044380741939573976e-01
5.339049148110504017e-01 1.044284998986710206e-01
5.353528657540617131e-01 1.044189683314330208e-01
5.368027770950731803e-01 1.044094793577111102e-01
5.382546488340846924e-01 1.044000328440599368e-01
5.397084809710962494e-01 1.043906286582923365e-01
5.411642735061079623e-01 1.043812666695732166e-01
5.426220264391196091e-01 1.043719467484877095e-01
5.440817397701314118e-01 1.043626687670909520e-01
5.455434134991431483e-01 1.043534325989271816e-01
5.470070476261550407e-01 1.043442381189602503e-01
5.484726421511667560e-01 1.043350852032911141e-01
5.499401970741787382e-01 1.043259737284530780e-01
5.514097123951906543e-01 1.043169035699172270e-01
5.528811881142027262e-01 1.043078745992234574e-01
5.543546242312148431e-01 1.042988866787877694e-01
5.558300207462270048e-01 1.042899396529254202e-01
5.573073776592392115e-01 1.042810334985813381e-01
5.587866949702514630e-01 1.042721680714604610e-01
5.602679726792635373e-01 1.042633432407935878e-01
5.617512107862758786e-01 1.042545588839632609e-01
5.632364092912882647e-01 1.042458148831982984e-01
5.647235681943006957e-01 1.042371111236137377e-01
5.662126874953131717e-01 1.042284474920950055e-01
5.677037671943258035e-01 1.042198238767045315e-01
5.691968072913383692e-01 1.042112401663936455e-01
5.706918077863509797e-01 1.042026962508775245e-01
5.721887686793637462e-01 1.041941920205916444e-01
5.736876899703762245e-01 1.041857273666695755e-01
5.751885716593890807e-01 1.041773021809135058e-01
5.766914137464018708e-01 1.041689163557426023e-01
5.781962162314148168e-01 1.041605697841280764e-01
5.797029791144278077e-01 1.041522623595375341e-01
5.812117023954407324e-01 1.041439939759585404e-01
5.827223860744538131e-01 1.041357645281238836e-01
5.842350301514669386e-01 1.041275739121649418e-01
5.857496346264799980e-01 1.041194220270693083e-01
5.872661994994931023e-01 1.041113087775795976e-01
5.887847247705062514e-01 1.041032340795424865e-01
5.903052104395195565e-01 1.040951978693184510e-01
5.918276565065329065e-01 1.040871999516850277e-01
5.933520629715463013e-01 1.040792402562272234e-01
5.948784298345597410e-01 1.040713186998479256e-01
5.964067570955732256e-01 1.040634351927538365e-01
5.979370447545868661e-01 1.040555896420596177e-01
5.994692928116004405e-01 1.040477819538801335e-01
6.010035012666138377e-01 1.040400120344754792e-01
6.025396701196276128e-01 1.040322797908365821e-01
6.040777993706413218e-01 1.040245851309319208e-01
6.056178890196550757e-01 1.040169279637875172e-01
6.071599390666689855e-01 1.040093081994718921e-01
6.087039495116828292e-01 1.040017257490533503e-01
6.102499203546968287e-01 1.039941805245569451e-01
6.117978515957107621e-01 1.039866724389400254e-01
6.133477432347248515e-01 1.039792014061011460e-01
6.148995952717387636e-01 1.039717673409197157e-01
6.164534077067529427e-01 1.039643701593351566e-01
6.180091805397671667e-01 1.039570097784469072e-01
6.195669137707813245e-01 1.039496861166064184e-01
6.211266073997956383e-01 1.039423990934325165e-01
6.226882614268099969e-01 1.039351486296170718e-01
6.242518758518244004e-01 1.039279346462752135e-01
6.258174506748388488e-01 1.039207570634216732e-01
6.273849858958533421e-01 1.039136157968530150e-01
6.289544815148676582e-01 1.039065107522720161e-01
6.305259375318823523e-01 1.038994418147737020e-01
6.320993539468969802e-01 1.038924090117707838e-01
6.336747307599116530e-01 1.038854122379188477e-01
6.352520679709263707e-01 1.038784514043822466e-01
6.368313655799411332e-01 1.038715264316660697e-01
6.384126235869560517e-01 1.038646372453945754e-01
6.399958419919709041e-01 1.038577837739208670e-01
6.415810207949856903e-01 1.038509659470567975e-01
6.431681599960007434e-01 1.038441836954563241e-01
6.447572595950157304e-01 1.038374369503648198e-01
6.463483195920308733e-01 1.038307256435632986e-01
6.479413399870459500e-01 1.038240497074013752e-01
6.495363207800611827e-01 1.038174090748638922e-01
6.511332619710764602e-01 1.038108036796395045e-01
6.527321635600916716e-01 1.038042334561782160e-01
6.543330255471070389e-01 1.037976983397316533e-01
6.559358479321222291e-01 1.037911982663686644e-01
6.575406307151376861e-01 1.037847331729679773e-01
6.591473738961531881e-01 1.037783029971821314e-01
6.607560774751687349e-01 1.037719076773691157e-01
6.623667414521843266e-01 1.037655471524941558e-01
6.639793658271999632e-01 1.037592213620066317e-01
6.655939506002157557e-01 1.037529302457193409e-01
6.672104957712314821e-01 1.037466737437572478e-01
6.688290013402472534e-01 1.037404517967044359e-01
6.704494673072629585e-01 1.037342643461973968e-01
6.720718936722788195e-01 1.037281113364165452e-01
6.736962804352947254e-01 1.037219927172331885e-01
6.753226275963107872e-01 1.037159084503046780e-01
6.769509351553267829e-01 1.037098585201969431e-01
6.785812031123429344e-01 1.037038427701520854e-01
6.802134314673590199e-01 1.036978611794646538e-01
6.818476202203752612e-01 1.036919137111354250e-01
6.834837693713914364e-01 1.036860003199385205e-01
6.851218789204075454e-01 1.036801209570530902e-01
6.867619488674239214e-01 1.036742755726030724e-01
6.884039792124403423e-01 1.036684641169530324e-01
6.900479699554568080e-01 1.036626865413054766e-01
6.916939210964733187e-01 1.036569427979094904e-01
6.933418326354898742e-01 1.036512328400892857e-01
6.949917045725064746e-01 1.036455566221876901e-01
6.966435369075231199e-01 1.036399140994896245e-01
6.982973296405398100e-01 1.036343052281499671e-01
6.999530827715563230e-01 1.036287299651342392e-01
7.016107963005731030e-01 1.036231882681803718e-01
7.032704702275899278e-01 1.036176800957681055e-01
7.049321045526069085e-01 1.036122054071026144e-01
7.065956992756238231e-01 1.036067641621033347e-01
7.082612543966407825e-01 1.036013563213967342e-01
7.099287699156578979e-01 1.035959818463103588e-01
7.115982458326749471e-01 1.035906406988748168e-01
7.132696821476921523e-01 1.035853328418275543e-01
7.149430788607090692e-01 1.035800582386345037e-01
7.166184359717263641e-01 1.035748168535273461e-01
7.182957534807437039e-01 1.035696086515698194e-01
7.199750313877609775e-01 1.035644335987564585e-01
7.216562696927784071e-01 1.035592916621411175e-01
7.233394683957958815e-01 1.035541828099741934e-01
7.250246274968132898e-01 1.035491070117878915e-01
7.267117469958308540e-01 1.035440642382894905e-01
7.284008268928482410e-01 1.035390544607985575e-01
7.300918671878658950e-01 1.035340776497306325e-01
7.317848678808835938e-01 1.035291337712500870e-01
7.334798289719013376e-01 1.035242227805977661e-01
7.351767504609192372e-01 1.035193446096052267e-01
7.368756323479370707e-01 1.035144993409148062e-01
7.385764746329549491e-01 1.035096869135640335e-01
7.402792773159728723e-01 1.035049072870901782e-01
7.419840403969908404e-01 1.035001604318050578e-01
7.436907638760087425e-01 1.034954463233859895e-01
7.453994477530268004e-01 1.034907649400208102e-01
7.471100920280450142e-01 1.034861162610233865e-01
7.488226967010631618e-01 1.034815002662538980e-01
7.505372617720814654e-01 1.034769169359487234e-01
7.522537872410997029e-01 1.034723662507418401e-01
7.539722731081180962e-01 1.034678481917517545e-01
7.556927193731364234e-01 1.034633627406809780e-01
7.574151260361549065e-01 1.034589098798973095e-01
7.591394930971732125e-01 1.034544895924932179e-01
7.608658205561917853e-01 1.034501018623207869e-01
7.625941084132104031e-01 1.034457466740131976e-01
7.643243566682289547e-01 1.034414240129888640e-01
7.660565653212476622e-01 1.034371338654529876e-01
7.677907343722664146e-01 1.034328762183923528e-01
7.695268638212852119e-01 1.034286510595693875e-01
7.712649536683040541e-01 1.034244583775163345e-01
7.730050039133229411e-01 1.034202981615307548e-01
7.747470145563417621e-01 1.034161704016724609e-01
7.764909855973607389e-01 1.034120750887629892e-01
7.782369170363797606e-01 1.034080122143865577e-01
7.799848088733989382e-01 1.034039817708925779e-01
7.817346611084180497e-01 1.033999837514045644e-01
7.834864737414372060e-01 1.033960181498256858e-01
7.852402467724565183e-01 1.033920849608508941e-01
7.869959802014757644e-01 1.033881841799784984e-01
7.887536740284951664e-01 1.033843158035195192e-01
7.905133282535142802e-01 1.033804798286028503e-01
7.922749428765337720e-01 1.033766762531702910e-01
7.940385178975533087e-01 1.033729050759500945e-01
7.958040533165727792e-01 1.033691662964049546e-01
7.975715491335924057e-01 1.033654599146400926e-01
7.993410053486120770e-01 1.033617859312753184e-01
8.011124219616317932e-01 1.033581443472876421e-01
8.028857989726515543e-01 1.033545351638894411e-01
8.046611363816711382e-01 1.033509583825638761e-01
8.064384341886909890e-01 1.033474140055412605e-01
8.082176923937108848e-01 1.033439020372472900e-01
8.099989109967308254e-01 1.033404224876963151e-01
8.117820899977508109e-01 1.033369753795480850e-01
8.135672293967708413e-01 1.033335607617455881e-01
8.153543291937909165e-01 1.033301785323636895e-01
8.171433893888111477e-01 1.033268287379472683e-01
8.189344099818313127e-01 1.033235114036144958e-01
8.207273909728513006e-01 1.033202265445592322e-01
8.225223323618716664e-01 1.033169741721908647e-01
8.243192341488919661e-01 1.033137542972128592e-01
8.261180963339124217e-01 1.033105669310089847e-01
8.279189189169328111e-01 1.033074120861559725e-01
8.297217018979533565e-01 1.033042897765157064e-01
8.315264452769738357e-01 1.033012000171591033e-01
8.333331490539944708e-01 1.032981428242447791e-01
8.351418132290151508e-01 1.032951182149071251e-01
8.369524378020356536e-01 1.032921262071749280e-01
8.387650227730564234e-01 1.032891668199206608e-01
8.405795681420771270e-01 1.032862400728347119e-01
8.423960739090979866e-01 1.032833459864180015e-01
8.442145400741188910e-01 1.032804845819857015e-01
8.460349666371398403e-01 1.032776558816757423e-01
8.478573535981608345e-01 1.032748599084605118e-01
8.496817009571818735e-01 1.032720966861576245e-01
8.515080087142030685e-01 1.032693662394402467e-01
8.533362768692239753e-01 1.032666685938448681e-01
8.551665054222451490e-01 1.032640037757779905e-01
8.569986943732663676e-01 1.032613718125219154e-01
8.588328437222877421e-01 1.032587727322393373e-01
8.606689534693090504e-01 1.032562065639763410e-01
8.625070236143304037e-01 1.032536733376666627e-01
8.643470541573519128e-01 1.032511730841351172e-01
8.661890450983733558e-01 1.032487058351002907e-01
8.680329964373949547e-01 1.032462716231789118e-01
8.698789081744163765e-01 1.032438704818894326e-01
8.717267803094379541e-01 1.032415024456558306e-01
8.735766128424596877e-01 1.032391675498122025e-01
8.754284057734814661e-01 1.032368658306068998e-01
8.772821591025032895e-01 1.032345973252070948e-01
8.791378728295250466e-01 1.032323620717038593e-01
8.809955469545469597e-01 1.032301601091161342e-01
8.828551814775689177e-01 1.032279914773971408e-01
8.847167763985909206e-01 1.032258562174380723e-01
8.865803317176127463e-01 1.032237543710739225e-01
8.884458474346348389e-01 1.032216859810882875e-01
8.903133235496569764e-01 1.032196510912193887e-01
8.921827600626792698e-01 1.032176497461643749e-01
8.940541569737014971e-01 1.032156819915855811e-01
8.959275142827237692e-01 1.032137478741158021e-01
8.978028319897460863e-01 1.032118474413638021e-01
8.996801100947685592e-01 1.032099807419202681e-01
9.015593485977907440e-01 1.032081478253632917e-01
9.034405474988133067e-01 1.032063487422645309e-01
9.053237067978358033e-01 1.032045835441950526e-01
9.072088264948584557e-01 1.032028522837318829e-01
9.090959065898810421e-01 1.032011550144631001e-01
9.109849470829037843e-01 1.031994917909947879e-01
9.128759479739264604e-01 1.031978626689586676e-01
9.147689092629492924e-01 1.031962677050165256e-01
9.166638309499721693e-01 1.031947069568669856e-01
9.185607130349948690e-01 1.031931804832550426e-01
9.204595555180178357e-01 1.031916883439750326e-01
9.223603583990407362e-01 1.031902305998799868e-01
9.242631216780637926e-01 1.031888073128886668e-01
9.261678453550868939e-01 1.031874185459916993e-01
9.280745294301100401e-01 1.031860643632593888e-01
9.299831739031333422e-01 1.031847448298494341e-01
9.318937787741565781e-01 1.031834600120137002e-01
9.338063440431798590e-01 1.031822099771071560e-01
9.357208697102029626e-01 1.031809947935940774e-01
9.376373557752263332e-01 1.031798145310571652e-01
9.395558022382498597e-01 1.031786692602050387e-01
9.414762090992733201e-01 1.031775590528805492e-01
9.433985763582968254e-01 1.031764839820690227e-01
9.453229040153204865e-01 1.031754441219070451e-01
9.472491920703440815e-01 1.031744395476896226e-01
9.491774405233678324e-01 1.031734703358811178e-01
9.511076493743915172e-01 1.031725365641221609e-01
9.530398186234151359e-01 1.031716383112399604e-01
9.549739482704390214e-01 1.031707756572561308e-01
9.569100383154629519e-01 1.031699486833970031e-01
9.588480887584868162e-01 1.031691574721025489e-01
9.607880995995108364e-01 1.031684021070354978e-01
9.627300708385349015e-01 1.031676826730924673e-01
9.646740024755590115e-01 1.031669992564125948e-01
9.666198945105831664e-01 1.031663519443870303e-01
9.685677469436073661e-01 1.031657408256711067e-01
9.705175597746313887e-01 1.031651659901924867e-01
9.724693330036556782e-01 1.031646275291625003e-01
9.744230666306800126e-01 1.031641255350883718e-01
9.763787606557043919e-01 1.031636601017803939e-01
9.783364150787289271e-01 1.031632313243664584e-01
9.802960298997533961e-01 1.031628392993012983e-01
9.822576051187779100e-01 1.031624841243781870e-01
9.842211407358025799e-01 1.031621658987409429e-01
9.861866367508271836e-01 1.031618847228946145e-01
9.881540931638517211e-01 1.031616406987180268e-01
9.901235099748764146e-01 1.031614339294757293e-01
9.920948871839012639e-01 1.031612645198301259e-01
9.940682247909260472e-01 1.031611325758541725e-01
9.960435227959509863e-01 1.031610382050434649e-01
9.980207811989759703e-01 1.031609815163285204e-01
1.000000000000000666e+00 1.031609626200902102e-01
