0.000000000000000000e+00 9.337293176788902249e-01
2.078119897502626434e-05 9.320879134029214086e-01
4.352279595010249372e-05 9.302916670087478801e-01
6.822479092522875592e-05 9.283405785073323147e-01
9.488718390040502381e-05 9.262346479121745801e-01
1.235099748756312839e-04 9.239738752374754283e-01
1.540931638509075632e-04 9.215582604997074601e-01
1.866367508262337669e-04 9.189878037170723379e-01
2.211407358016100034e-04 9.162625049098721552e-01
2.576051187770363269e-04 9.133823641006459937e-01
2.960298997525126832e-04 9.103473813143398985e-01
3.364150787280388555e-04 9.071575565784946171e-01
3.787606557036150606e-04 9.038128899234592062e-01
4.230666306792412444e-04 9.003133813825735521e-01
4.693330036549174067e-04 8.966590309924036273e-01
5.175597746306437102e-04 8.928498387929648672e-01
5.677469436064200466e-04 8.888858048279587587e-01
6.198945105822462531e-04 8.847669291450226403e-01
6.740024755581224382e-04 8.804932117959832771e-01
7.300708385340486020e-04 8.760646528371308639e-01
7.880995995100251780e-04 8.714812523294914737e-01
8.480887584860512989e-04 8.667430103391222662e-01
9.100383154621275068e-04 8.618499269373985916e-01
9.739482704382536934e-04 8.568020022013368431e-01
1.039818623414429750e-03 8.515992362138981031e-01
1.107649374390655894e-03 8.462416290643278716e-01
1.177440523366932558e-03 8.407291808484897988e-01
1.249192070343258659e-03 8.350618916692137406e-01
1.322904015319634847e-03 8.292397616366549151e-01
1.398576358296060905e-03 8.232627908686670493e-01
1.476209099272537051e-03 8.171309794911704172e-01
1.555802238249063716e-03 8.108443276385566278e-01
1.637355775225640036e-03 8.044028354540702086e-01
1.720869710202266008e-03 7.978065030902332655e-01
1.806344043178942285e-03 7.910553307092534903e-01
1.893778774155669082e-03 7.841493184834592567e-01
1.983173903132445098e-03 7.770884665957337178e-01
2.074529430109271419e-03 7.698727752399766588e-01
2.167845355086147393e-03 7.625022446215433680e-01
2.263121678063073454e-03 7.549768749577313587e-01
2.360358399040050469e-03 7.472966664782578761e-01
2.459555518017076271e-03 7.394616194257397357e-01
2.560713034994152593e-03 7.314717340562049142e-01
2.663830949971278568e-03 7.233270106395890409e-01
2.768909262948454630e-03 7.150274494602731901e-01
2.875947973925680780e-03 7.065730508175966929e-01
2.984947082902957450e-03 6.979638150264073637e-01
3.095906589880283773e-03 6.891997424176088405e-01
3.208826494857659750e-03 6.802808333387172501e-01
3.323706797835085814e-03 6.712070881544404122e-01
3.440547498812561965e-03 6.619785072472473830e-01
3.559348597790088636e-03 6.525950910179701969e-01
3.680110094767664961e-03 6.430568398863917290e-01
3.802831989745290939e-03 6.333637542918689745e-01
3.927514282722965704e-03 6.235158346939437823e-01
4.054156973700691856e-03 6.135130815729806786e-01
4.182760062678468095e-03 6.033554954308034679e-01
4.313323549656295289e-03 5.930430767913477119e-01
4.445847434634171702e-03 5.825758262013209787e-01
4.580331717612097335e-03 5.719537442308770814e-01
4.716776398590073922e-03 5.611768314742914265e-01
4.855181477568099729e-03 5.502450885506573464e-01
4.995546954546175623e-03 5.391585161045869823e-01
5.137872829524301604e-03 5.279171148069188302e-01
5.282159102502477672e-03 5.165208853554437152e-01
5.428405773480703828e-03 5.049698284756365396e-01
5.576612842458980070e-03 4.932639449213900851e-01
5.726780309437305531e-03 4.814032354757797338e-01
5.878908174415681948e-03 4.693877009518148125e-01
6.032996437394107583e-03 4.572173421932146931e-01
6.189045098372585908e-03 4.448921600751904459e-01
6.347054157351111718e-03 4.324121555052369836e-01
6.507023614329687615e-03 4.197773294239356412e-01
6.668953469308313599e-03 4.069876828057653606e-01
6.832843722286989670e-03 3.940432166599257546e-01
6.998694373265715828e-03 3.809439320311701072e-01
7.166505422244492073e-03 3.676898300006479214e-01
7.336276869223317537e-03 3.542809116867550734e-01
7.508008714202193956e-03 3.407171782460016174e-01
7.681700957181119595e-03 3.269986308738793146e-01
7.857353598160098790e-03 3.131252708057482570e-01
8.034966637139125470e-03 2.990970993177280990e-01
8.214540074118200502e-03 2.849141177276022785e-01
8.396073909097327356e-03 2.705763273957300097e-01
8.579568142076502563e-03 2.560837297259711542e-01
8.765022773055727856e-03 2.414363261666181704e-01
8.952437802035004971e-03 2.266341182113410513e-01
9.141813229014330439e-03 2.116771074001398134e-01
9.333149053993705993e-03 1.965652953203090858e-01
9.526445276973131635e-03 1.812986836074107488e-01
9.721701897952607363e-03 1.658772739462601731e-01
9.918918916932136648e-03 1.503010680719177872e-01
1.011809633391171255e-02 1.345739752501945719e-01
1.031923414889133854e-02 1.215523064355984867e-01
1.052233236187101462e-02 1.155990945446094820e-01
1.072739097285074078e-02 1.129154838281665740e-01
1.093440998183051703e-02 1.113941376577970988e-01
1.114338938881034163e-02 1.103886363743895177e-01
1.135432919379021806e-02 1.096592638721240465e-01
1.156722939677014457e-02 1.090971909222077374e-01
1.178208999775011943e-02 1.086454363401679335e-01
1.199891099673014612e-02 1.082709897398737992e-01
1.221769239371022463e-02 1.079532471843297203e-01
1.243843418869035149e-02 1.076785946118854753e-01
1.266113638167052670e-02 1.074376240256650211e-01
1.288579897265075200e-02 1.072235945970637372e-01
1.311242196163102738e-02 1.070315305907234005e-01
1.334100534861135459e-02 1.068576665055071956e-01
1.357154913359173015e-02 1.066990917814030770e-01
1.380405331657215580e-02 1.065535154063544515e-01
1.403851789755263153e-02 1.064191053309466034e-01
1.427494287653315735e-02 1.062943761010943650e-01
1.451332825351373326e-02 1.061781084635319006e-01
1.475367402849436273e-02 1.060692907067395940e-01
1.499598020147503881e-02 1.059670751073869821e-01
1.524024677245576498e-02 1.058707450831909425e-01
1.548647374143653950e-02 1.057796900693678127e-01
1.573466110841736931e-02 1.056933860562751099e-01
1.598480887339824227e-02 1.056113803370653803e-01
1.623691703637917053e-02 1.055332794277857311e-01
1.649098559736014366e-02 1.054587394073088630e-01
1.674701455634117209e-02 1.053874581233940066e-01
1.700500391332224540e-02 1.053191688517941815e-01
1.726495366830337400e-02 1.052536350953914984e-01
1.752686382128455442e-02 1.051906462843850282e-01
1.779073437226577625e-02 1.051300141988597281e-01
1.805656532124705685e-02 1.050715699923066154e-01
1.832435666822837886e-02 1.050151617413910415e-01
1.859410841320975616e-02 1.049606524246729788e-01
1.886582055619118528e-02 1.049079180140022605e-01
1.913949309717265929e-02 1.048568450198664459e-01
1.941512603615418858e-02 1.048073282865184946e-01
1.969271937313575929e-02 1.047592835688817975e-01
1.997227310811738876e-02 1.047126114943818936e-01
2.025378724109906312e-02 1.046672426039755854e-01
2.053726177208079276e-02 1.046231023873633731e-01
2.082269670106256382e-02 1.045801235740844992e-01
2.111009202804439364e-02 1.045382448355682420e-01
2.139944775302626487e-02 1.044974094817707200e-01
2.169076387600819486e-02 1.044575649017693147e-01
2.198404039699017321e-02 1.044186622416227866e-01
2.227927731597219643e-02 1.043806561052457726e-01
2.257647463295427495e-02 1.043435042550423103e-01
2.287563234793639835e-02 1.043071673303970631e-01
2.317675046091857705e-02 1.042716085947157784e-01
2.347982897190080062e-02 1.042367937112171766e-01
2.378486788088307949e-02 1.042026905435792516e-01
2.409186718786539977e-02 1.041692689772156510e-01
2.440082689284778228e-02 1.041365007580561108e-01
2.471174699583020273e-02 1.041043593465150879e-01
2.502462749681268195e-02 1.040728197850503828e-01
2.533946839579521298e-02 1.040418585780933380e-01
2.565626969277778543e-02 1.040114535835203607e-01
2.597503138776041318e-02 1.039815839148583998e-01
2.629575348074308580e-02 1.039522298523746086e-01
2.661843597172581372e-02 1.039233727583384337e-01
2.694307886070858651e-02 1.038949949895446173e-01
2.726968214769141807e-02 1.038670798097599962e-01
2.759824583267428758e-02 1.038396113508478213e-01
2.792876991565721931e-02 1.038125747401059396e-01
2.826125439664019939e-02 1.037859562209360320e-01
2.859569927562322089e-02 1.037597402608635283e-01
2.893210455260630115e-02 1.037339167897283476e-01
2.927047022758941935e-02 1.037084716750307639e-01
2.961079630057259979e-02 1.036833936811743101e-01
2.995308277155582163e-02 1.036586718308516314e-01
3.029732964053910224e-02 1.036342954974784070e-01
3.064353690752242426e-02 1.036102545391393570e-01
3.099170457250580504e-02 1.035865392957175668e-01
3.134183263548922377e-02 1.035631405475861272e-01
3.169392109647270472e-02 1.035400494805677196e-01
3.204796995545623056e-02 1.035172576625098123e-01
3.240397921243980128e-02 1.034947570266264161e-01
3.276194886742343076e-02 1.034725398505883659e-01
3.312187892040710513e-02 1.034505987075003963e-01
3.348376937139083825e-02 1.034289264067978359e-01
3.384762022037460932e-02 1.034075164584937340e-01
3.421343146735843915e-02 1.033863618843894466e-01
3.458120311234230693e-02 1.033654567020733522e-01
3.495093515532624040e-02 1.033447948107426434e-01
3.532262759631021182e-02 1.033243703942077624e-01
3.569628043529424199e-02 1.033041778832595042e-01
3.607189367227831706e-02 1.032842119175780837e-01
3.644946730726244394e-02 1.032644673323345197e-01
3.682900134024662264e-02 1.032449391597558275e-01
3.721049577123083929e-02 1.032256226368878649e-01
3.759395060021512164e-02 1.032065130566092864e-01
3.797936582719944193e-02 1.031876060869824502e-01
3.836674145218382098e-02 1.031688973541254606e-01
3.875607747516824492e-02 1.031503827330552264e-01
3.914737389615272761e-02 1.031320582279546816e-01
3.954063071513724825e-02 1.031139199740657153e-01
3.993584793212182765e-02 1.030959642342882121e-01
4.033302554710645887e-02 1.030781873848417157e-01
4.073216356009112804e-02 1.030605859796699664e-01
4.113326197107585597e-02 1.030431565856050058e-01
4.153632078006062878e-02 1.030258959731767676e-01
4.194133998704546035e-02 1.030088009693543721e-01
4.234831959203032986e-02 1.029918685097921255e-01
4.275725959501525814e-02 1.029750956345079627e-01
4.316815999600023129e-02 1.029584794509627588e-01
4.358102079498526321e-02 1.029420171943381535e-01
4.399584199197033307e-02 1.029257061471759022e-01
4.441262358695546170e-02 1.029095436918087414e-01
4.483136557994064214e-02 1.028935272845477172e-01
4.525206797092586747e-02 1.028776544507928048e-01
4.567473075991114462e-02 1.028619228054823281e-01
4.609935394689646665e-02 1.028463300031913219e-01
4.652593753188184744e-02 1.028308737913789239e-01
4.695448151486726618e-02 1.028155519680054308e-01
4.738498589585275061e-02 1.028003623973144515e-01
4.781745067483826606e-02 1.027853029925634015e-01
4.825187585182384720e-02 1.027703717406445033e-01
4.868826142680946628e-02 1.027555666676292084e-01
4.912660739979515107e-02 1.027408858595012520e-01
4.956691377078088073e-02 1.027263274488519479e-01
5.000918053976664834e-02 1.027118896260008074e-01
5.045340770675248165e-02 1.026975706131009747e-01
5.089959527173835291e-02 1.026833686915251814e-01
5.134774323472428292e-02 1.026692821809685185e-01
5.179785159571025088e-02 1.026553094391341597e-01
5.224992035469628454e-02 1.026414488733113917e-01
5.270394951168235614e-02 1.026276989222895397e-01
5.315993906666848651e-02 1.026140580652691314e-01
5.361788901965465481e-02 1.026005248213054111e-01
5.407779937064088882e-02 1.025870977383686600e-01
5.453967011962716771e-02 1.025737754041610994e-01
5.500350126661349148e-02 1.025605564377471274e-01
5.546929281159986708e-02 1.025474394872248063e-01
5.593704475458628755e-02 1.025344232369838487e-01
5.640675709557277373e-02 1.025215063965758122e-01
5.687842983455929091e-02 1.025086877055888662e-01
5.735206297154587379e-02 1.024959659345792973e-01
5.782765650653248768e-02 1.024833398756839070e-01
5.830521043951917420e-02 1.024708083526976732e-01
5.878472477050590561e-02 1.024583702104777949e-01
5.926619949949267496e-02 1.024460243217700933e-01
5.974963462647950307e-02 1.024337695808661547e-01
6.023503015146637607e-02 1.024216049054167271e-01
6.072238607445330782e-02 1.024095292376270838e-01
6.121170239544027752e-02 1.023975415375962539e-01
6.170297911442730598e-02 1.023856407903765559e-01
6.219621623141437933e-02 1.023738259981050863e-01
6.269141374640151143e-02 1.023620961854719708e-01
6.318857165938866760e-02 1.023504503939770272e-01
6.368768997037589641e-02 1.023388876858778024e-01
6.418876867936318398e-02 1.023274071396711310e-01
6.469180778635051643e-02 1.023160078526996475e-01
6.519680729133789376e-02 1.023046889394425840e-01
6.570376719432530210e-02 1.022934495291677320e-01
6.621268749531278308e-02 1.022822887702441591e-01
6.672356819430030894e-02 1.022712058234873378e-01
6.723640929128789356e-02 1.022601998678771690e-01
6.775121078627552307e-02 1.022492700945288185e-01
6.826797267926318358e-02 1.022384157114605840e-01
6.878669497025091673e-02 1.022276359383353511e-01
6.930737765923869476e-02 1.022169300106695183e-01
6.983002074622653155e-02 1.022062971751334232e-01
7.035462423121441322e-02 1.021957366932981642e-01
7.088118811420231202e-02 1.021852478374003087e-01
7.140971239519029734e-02 1.021748298937368432e-01
7.194019707417832754e-02 1.021644821587484736e-01
7.247264215116641650e-02 1.021542039422083520e-01
7.300704762615452259e-02 1.021439945635210234e-01
7.354341349914270132e-02 1.021338533547362926e-01
7.408173977013092493e-02 1.021237796570584194e-01
7.462202643911922118e-02 1.021137728237212078e-01
7.516427350610754843e-02 1.021038322166287343e-01
7.570848097109590669e-02 1.020939572091599939e-01
7.625464883408433758e-02 1.020841471829084107e-01
7.680277709507281336e-02 1.020744015304196617e-01
7.735286575406134790e-02 1.020647196520132471e-01
7.790491481104989957e-02 1.020551009585199259e-01
7.845892426603853775e-02 1.020455448681012733e-01
7.901489411902722082e-02 1.020360508087997664e-01
7.957282437001594877e-02 1.020266182162637425e-01
8.013271501900470772e-02 1.020172465344969942e-01
8.069456606599353932e-02 1.020079352158473757e-01
8.125837751098241579e-02 1.019986837199613888e-01
8.182414935397135103e-02 1.019894915146842274e-01
8.239188159496033115e-02 1.019803580747978694e-01
8.296157423394934227e-02 1.019712828829444223e-01
8.353322727093842603e-02 1.019622654283469793e-01
8.410684070592755468e-02 1.019533052077966490e-01
8.468241453891674209e-02 1.019444017243293227e-01
8.525994876990593274e-02 1.019355544882677017e-01
8.583944339889522379e-02 1.019267630158723764e-01
8.642089842588455972e-02 1.019180268304208659e-01
8.700431385087394054e-02 1.019093454608320376e-01
8.758968967386336624e-02 1.019007184428008111e-01
8.817702589485282294e-02 1.018921453173732838e-01
8.876632251384235228e-02 1.018836256321478950e-01
8.935757953083194038e-02 1.018751589398038254e-01
8.995079694582157337e-02 1.018667447993536618e-01
9.054597475881122348e-02 1.018583827746406545e-01
9.114311296980096011e-02 1.018500724356420084e-01
9.174221157879074162e-02 1.018418133569379824e-01
9.234327058578056802e-02 1.018336051189220604e-01
9.294628999077042542e-02 1.018254473067188304e-01
9.355126979376035545e-02 1.018173395105319845e-01
9.415820999475034425e-02 1.018092813256326473e-01
9.476711059374037793e-02 1.018012723518427198e-01
9.537797159073045650e-02 1.017933121939885027e-01
9.599079298572055219e-02 1.017854004612483432e-01
9.660557477871074827e-02 1.017775367676384823e-01
9.722231696970097536e-02 1.017697207313404406e-01
9.784101955869126122e-02 1.017619519752192697e-01
9.846168254568156419e-02 1.017542301261356308e-01
9.908430593067193981e-02 1.017465548154819349e-01
9.970888971366237419e-02 1.017389256784905077e-01
1.003354338946528534e-01 1.017313423547767381e-01
1.009639384736433915e-01 1.017238044876463549e-01
1.015944034506339466e-01 1.017163117246531606e-01
1.022268288256245744e-01 1.017088637168956505e-01
1.028612145986152610e-01 1.017014601195912055e-01
1.034975607696059924e-01 1.016941005913674229e-01
1.041358673385967409e-01 1.016867847948446646e-01
1.047761343055875760e-01 1.016795123959248620e-01
1.054183616705784560e-01 1.016722830643851661e-01
1.060625494335693947e-01 1.016650964731647955e-01
1.067086975945603783e-01 1.016579522989568413e-01
1.073568061535513790e-01 1.016508502215125453e-01
1.080068751105424663e-01 1.016437899242177978e-01
1.086589044655335984e-01 1.016367710934169971e-01
1.093128942185247754e-01 1.016297934189739904e-01
1.099688443695159834e-01 1.016228565936193456e-01
1.106267549185072641e-01 1.016159603134951656e-01
1.112866258654986035e-01 1.016091042775169456e-01
1.119484572104899878e-01 1.016022881879115464e-01
1.126122489534813753e-01 1.015955117495905419e-01
1.132780010944728633e-01 1.015887746706804762e-01
1.139457136334643961e-01 1.015820766619128790e-01
1.146153865704559877e-01 1.015754174371317348e-01
1.152870199054476102e-01 1.015687967127176516e-01
1.159606136384392638e-01 1.015622142080674500e-01
1.166361677694310039e-01 1.015556696450438667e-01
1.173136822984227889e-01 1.015491627484322312e-01
1.179931572254146188e-01 1.015426932454237680e-01
1.186745925504064658e-01 1.015362608660386051e-01
1.193579882733983993e-01 1.015298653426437991e-01
1.200433443943903777e-01 1.015235064103491430e-01
1.207306609133824149e-01 1.015171838065517945e-01
1.214199378303744969e-01 1.015108972713093805e-01
1.221111751453665961e-01 1.015046465469129217e-01
1.228043728583587818e-01 1.014984313782306413e-01
1.234995309693510124e-01 1.014922515123185404e-01
1.241966494783433017e-01 1.014861066987237104e-01
1.248957283853355943e-01 1.014799966891359595e-01
1.255967676903279873e-01 1.014739212376652433e-01
1.262997673933204390e-01 1.014678801005100273e-01
1.270047274943129079e-01 1.014618730362186472e-01
1.277116479933054216e-01 1.014558998053892713e-01
1.284205288902980080e-01 1.014499601708917925e-01
1.291313701852906393e-01 1.014440538976062456e-01
1.298441718782833154e-01 1.014381807526206491e-01
1.305589339692760642e-01 1.014323405049888244e-01
1.312756564582688024e-01 1.014265329259056575e-01
1.319943393452616409e-01 1.014207577884993355e-01
1.327149826302545244e-01 1.014150148679707208e-01
1.334375863132474527e-01 1.014093039414177694e-01
1.341621503942403981e-01 1.014036247879534364e-01
1.348886748732334440e-01 1.013979771885487047e-01
1.356171597502265069e-01 1.013923609261331987e-01
1.363476050252196425e-01 1.013867757854588908e-01
1.370800106982128508e-01 1.013812215531809530e-01
1.378143767692060206e-01 1.013756980177471650e-01
1.385507032381993187e-01 1.013702049694360507e-01
1.392889901051926616e-01 1.013647422003285392e-01
1.400292373701860493e-01 1.013593095042265163e-01
1.407714450331794265e-01 1.013539066767529667e-01
1.415156130941729040e-01 1.013485335151798616e-01
1.422617415531664542e-01 1.013431898185629954e-01
1.430098304101600493e-01 1.013378753875803229e-01
1.437598796651536337e-01 1.013325900246430517e-01
1.445118893181473185e-01 1.013273335337550873e-01
1.452658593691410482e-01 1.013221057206078468e-01
1.460217898181348506e-01 1.013169063924606456e-01
1.467796806651286701e-01 1.013117353582123348e-01
1.475395319101225067e-01 1.013065924283089309e-01
1.483013435531164437e-01 1.013014774147774216e-01
1.490651155941104256e-01 1.012963901311938336e-01
1.498308480331044801e-01 1.012913303926389896e-01
1.505985408700985240e-01 1.012862980157483578e-01
1.513681941050926405e-01 1.012812928186067329e-01
1.521398077380868297e-01 1.012763146208262716e-01
1.529133817690810637e-01 1.012713632434422834e-01
1.536889161980753704e-01 1.012664385089792479e-01
1.544664110250696387e-01 1.012615402413635235e-01
1.552458662500640352e-01 1.012566682659673117e-01
1.560272818730584765e-01 1.012518224095530078e-01
1.568106578940529627e-01 1.012470025002765311e-01
1.575959943130474383e-01 1.012422083676842999e-01
1.583832911300420421e-01 1.012374398426579142e-01
1.591725483450366629e-01 1.012326967574628395e-01
1.599637659580313565e-01 1.012279789456670270e-01
1.607569439690260948e-01 1.012232862421905966e-01
1.615520823780208504e-01 1.012186184832336022e-01
1.623491811850156785e-01 1.012139755063186791e-01
1.631482403900105516e-01 1.012093571502334782e-01
1.639492599930054972e-01 1.012047632550421433e-01
1.647522399940004323e-01 1.012001936620721965e-01
1.655571803929954677e-01 1.011956482138845342e-01
1.663640811899905481e-01 1.011911267542895398e-01
1.671729423849857010e-01 1.011866291283019664e-01
1.679837639779808434e-01 1.011821551821640575e-01
1.687965459689760583e-01 1.011777047633015819e-01
1.696112883579713460e-01 1.011732777203364908e-01
1.704279911449667062e-01 1.011688739030644074e-01
1.712466543299620836e-01 1.011644931624393340e-01
1.720672779129574781e-01 1.011601353505807294e-01
1.728898618939529452e-01 1.011558003207361639e-01
1.737144062729484850e-01 1.011514879272988748e-01
1.745409110499440697e-01 1.011471980257720588e-01
1.753693762249396715e-01 1.011429304727761158e-01
1.761998017979353459e-01 1.011386851260329955e-01
1.770321877689310930e-01 1.011344618443465321e-01
1.778665341379268849e-01 1.011302604876128941e-01
1.787028409049227218e-01 1.011260809167886660e-01
1.795411080699185480e-01 1.011219229938940950e-01
1.803813356329145023e-01 1.011177865820046401e-01
1.812235235939104738e-01 1.011136715452289753e-01
1.820676719529065180e-01 1.011095777487164143e-01
1.829137807099025514e-01 1.011055050586299048e-01
1.837618498648986853e-01 1.011014533421542017e-01
1.846118794178948919e-01 1.010974224674729416e-01
1.854638693688911155e-01 1.010934123037673937e-01
1.863178197178873563e-01 1.010894227212042751e-01
1.871737304648836975e-01 1.010854535909279373e-01
1.880316016098800835e-01 1.010815047850522203e-01
1.888914331528765145e-01 1.010775761766527919e-01
1.897532250938729903e-01 1.010736676397533118e-01
1.906169774328694833e-01 1.010697790493263609e-01
1.914826901698660766e-01 1.010659102812740406e-01
1.923503633048627148e-01 1.010620612124323164e-01
1.932199968378593979e-01 1.010582317205498265e-01
1.940915907688560982e-01 1.010544216842905602e-01
1.949651450978528711e-01 1.010506309832204380e-01
1.958406598248497166e-01 1.010468594977997070e-01
1.967181349498466070e-01 1.010431071093793182e-01
1.975975704728435423e-01 1.010393737001871600e-01
1.984789663938404669e-01 1.010356591533243947e-01
1.993623227128375197e-01 1.010319633527599070e-01
2.002476394298345896e-01 1.010282861833162876e-01
2.011349165448317322e-01 1.010246275306691116e-01
2.020241540578288642e-01 1.010209872813371823e-01
2.029153519688260965e-01 1.010173653226742185e-01
2.038085102778234015e-01 1.010137615428630398e-01
2.047036289848207236e-01 1.010101758309093628e-01
2.056007080898180628e-01 1.010066080766336832e-01
2.064997475928155024e-01 1.010030581706644337e-01
2.074007474938129869e-01 1.009995260044313503e-01
2.083037077928105441e-01 1.009960114701601852e-01
2.092086284898081183e-01 1.009925144608636444e-01
2.101155095848057097e-01 1.009890348703354340e-01
2.110243510778034015e-01 1.009855725931474435e-01
2.119351529688011382e-01 1.009821275246368527e-01
2.128479152577989197e-01 1.009786995609047722e-01
2.137626379447967184e-01 1.009752885988093873e-01
2.146793210297945897e-01 1.009718945359565079e-01
2.155979645127925337e-01 1.009685172706968892e-01
2.165185683937905226e-01 1.009651567021202095e-01
2.174411326727885563e-01 1.009618127300443841e-01
2.183656573497865794e-01 1.009584852550166889e-01
2.192921424247847306e-01 1.009551741783017154e-01
2.202205878977829268e-01 1.009518794018783722e-01
2.211509937687811678e-01 1.009486008284341541e-01
2.220833600377793982e-01 1.009453383613583694e-01
2.230176867047777289e-01 1.009420919047368664e-01
2.239539737697761046e-01 1.009388613633487447e-01
2.248922212327745529e-01 1.009356466426540588e-01
2.258324290937730461e-01 1.009324476487965805e-01
2.267745973527715286e-01 1.009292642885940422e-01
2.277187260097701116e-01 1.009260964695321006e-01
2.286648150647687394e-01 1.009229440997601174e-01
2.296128645177674399e-01 1.009198070880872045e-01
2.305628743687661297e-01 1.009166853439751738e-01
2.315148446177649200e-01 1.009135787775330695e-01
2.324687752647637551e-01 1.009104872995131574e-01
2.334246663097626351e-01 1.009074108213061788e-01
2.343825177527615322e-01 1.009043492549341337e-01
2.353423295937605020e-01 1.009013025130487823e-01
2.363041018327595444e-01 1.008982705089217918e-01
2.372678344697586317e-01 1.008952531564457911e-01
2.382335275047577638e-01 1.008922503701236428e-01
2.392011809377569131e-01 1.008892620650683747e-01
2.401707947687561351e-01 1.008862881569951853e-01
2.411423689977554297e-01 1.008833285622176834e-01
2.421159036247547691e-01 1.008803831976457094e-01
2.430913986497540979e-01 1.008774519807744963e-01
2.440688540727535549e-01 1.008745348296888611e-01
2.450482698937530290e-01 1.008716316630485638e-01
2.460296461127525758e-01 1.008687424000939692e-01
2.470129827297521674e-01 1.008658669606329467e-01
2.479982797447517484e-01 1.008630052650423409e-01
2.489855371577514298e-01 1.008601572342601033e-01
2.499747549687511561e-01 1.008573227897830438e-01
2.509659331777509550e-01 1.008545018536609328e-01
2.519590717847506878e-01 1.008516943484944889e-01
2.529541707897505765e-01 1.008489001974266497e-01
2.539512301927505100e-01 1.008461193241453197e-01
2.549502499937504885e-01 1.008433516528730728e-01
2.559512301927505673e-01 1.008405971083637803e-01
2.569541707897506355e-01 1.008378556159040818e-01
2.579590717847507486e-01 1.008351271013008255e-01
2.589659331777509621e-01 1.008324114908856067e-01
2.599747549687512205e-01 1.008297087115030133e-01
2.609855371577514682e-01 1.008270186905123877e-01
2.619982797447518164e-01 1.008243413557817075e-01
2.630129827297520984e-01 1.008216766356843097e-01
2.640296461127525363e-01 1.008190244590931733e-01
2.650482698937530190e-01 1.008163847553805864e-01
2.660688540727535467e-01 1.008137574544102077e-01
2.670913986497541748e-01 1.008111424865375944e-01
2.681159036247547922e-01 1.008085397826034429e-01
2.691423689977554545e-01 1.008059492739303425e-01
2.701707947687562172e-01 1.008033708923221083e-01
2.712011809377570248e-01 1.008008045700548305e-01
2.722335275047577108e-01 1.007982502398776514e-01
2.732678344697586081e-01 1.007957078350088520e-01
2.743041018327595504e-01 1.007931772891291627e-01
2.753423295937605375e-01 1.007906585363833596e-01
2.763825177527615695e-01 1.007881515113694115e-01
2.774246663097627019e-01 1.007856561491461411e-01
2.784687752647638237e-01 1.007831723852163908e-01
2.795148446177649904e-01 1.007807001555355159e-01
2.805628743687662574e-01 1.007782393965006157e-01
2.816128645177674028e-01 1.007757900449510191e-01
2.826648150647687596e-01 1.007733520381624975e-01
2.837187260097701613e-01 1.007709253138466959e-01
2.847745973527716079e-01 1.007685098101445409e-01
2.858324290937730994e-01 1.007661054656271427e-01
2.868922212327746357e-01 1.007637122192893697e-01
2.879539737697762170e-01 1.007613300105467680e-01
2.890176867047778431e-01 1.007589587792357688e-01
2.900833600377795141e-01 1.007565984656067781e-01
2.911509937687811744e-01 1.007542490103229271e-01
2.922205878977829352e-01 1.007519103544573941e-01
2.932921424247847964e-01 1.007495824394889355e-01
2.943656573497866469e-01 1.007472652073003877e-01
2.954411326727885978e-01 1.007449586001749331e-01
2.965185683937905936e-01 1.007426625607934501e-01
2.975979645127926343e-01 1.007403770322310710e-01
2.986793210297947199e-01 1.007381019579562248e-01
2.997626379447967393e-01 1.007358372818239478e-01
3.008479152577989146e-01 1.007335829480774103e-01
3.019351529688011904e-01 1.007313389013420601e-01
3.030243510778034555e-01 1.007291050866247206e-01
3.041155095848058210e-01 1.007268814493092329e-01
3.052086284898081758e-01 1.007246679351544161e-01
3.063037077928106311e-01 1.007224644902933453e-01
3.074007474938131312e-01 1.007202710612252888e-01
3.084997475928156763e-01 1.007180875948203019e-01
3.096007080898180996e-01 1.007159140383099283e-01
3.107036289848207899e-01 1.007137503392887268e-01
3.118085102778234696e-01 1.007115964457105384e-01
3.129153519688261942e-01 1.007094523058857660e-01
3.140241540578289636e-01 1.007073178684771003e-01
3.151349165448318335e-01 1.007051930825018232e-01
3.162476394298346927e-01 1.007030778973233981e-01
3.173623227128376523e-01 1.007009722626532600e-01
3.184789663938406568e-01 1.006988761285458195e-01
3.195975704728435396e-01 1.006967894453986989e-01
3.207181349498466338e-01 1.006947121639466952e-01
3.218406598248497730e-01 1.006926442352624185e-01
3.229651450978529570e-01 1.006905856107521563e-01
3.240915907688562414e-01 1.006885362421553604e-01
3.252199968378595152e-01 1.006864960815397197e-01
3.263503633048628338e-01 1.006844650813001479e-01
3.274826901698662529e-01 1.006824431941582693e-01
3.286169774328696613e-01 1.006804303731559658e-01
3.297532250938730591e-01 1.006784265716577087e-01
3.308914331528765573e-01 1.006764317433441192e-01
3.320316016098801559e-01 1.006744458422130645e-01
3.331737304648837994e-01 1.006724688225751618e-01
3.343178197178874878e-01 1.006705006390544721e-01
3.354638693688912210e-01 1.006685412465810614e-01
3.366118794178950546e-01 1.006665906003945676e-01
3.377618498648988776e-01 1.006646486560393711e-01
3.389137807099027455e-01 1.006627153693615828e-01
3.400676719529066028e-01 1.006607906965086147e-01
3.412235235939105604e-01 1.006588745939275553e-01
3.423813356329146185e-01 1.006569670183601606e-01
3.435411080699187214e-01 1.006550679268438386e-01
3.447028409049228137e-01 1.006531772767084720e-01
3.458665341379270064e-01 1.006512950255740169e-01
3.470321877689312440e-01 1.006494211313493509e-01
3.481998017979355819e-01 1.006475555522283877e-01
3.493693762249399093e-01 1.006456982466917560e-01
3.505409110499441705e-01 1.006438491735006796e-01
3.517144062729485876e-01 1.006420082916965053e-01
3.528898618939531051e-01 1.006401755606025211e-01
3.540672779129576120e-01 1.006383509398152964e-01
3.552466543299622193e-01 1.006365343892071662e-01
3.564279911449668714e-01 1.006347258689234414e-01
3.576112883579715684e-01 1.006329253393812989e-01
3.587965459689763104e-01 1.006311327612658402e-01
3.599837639779809306e-01 1.006293480955310626e-01
3.611729423849858178e-01 1.006275713033941421e-01
3.623640811899906944e-01 1.006258023463387635e-01
3.635571803929956158e-01 1.006240411861085704e-01
3.647522399940006377e-01 1.006222877847084834e-01
3.659492599930056489e-01 1.006205421044006620e-01
3.671482403900107605e-01 1.006188041077054063e-01
3.683491811850159170e-01 1.006170737573970075e-01
3.695520823780210629e-01 1.006153510165027354e-01
3.707569439690261981e-01 1.006136358483019494e-01
3.719637659580314892e-01 1.006119282163246281e-01
3.731725483450368253e-01 1.006102280843455543e-01
3.743832911300422062e-01 1.006085354163912260e-01
3.755959943130476320e-01 1.006068501767277690e-01
3.768106578940531581e-01 1.006051723298670847e-01
3.780272818730586737e-01 1.006035018405636583e-01
3.792458662500642896e-01 1.006018386738091602e-01
3.804664110250698950e-01 1.006001827948348887e-01
3.816889161980754896e-01 1.005985341691102708e-01
3.829133817690812402e-01 1.005968927623371034e-01
3.841398077380869802e-01 1.005952585404530364e-01
3.853681941050928206e-01 1.005936314696273814e-01
3.865985408700987613e-01 1.005920115162594192e-01
3.878308480331046915e-01 1.005903986469770944e-01
3.890651155941106665e-01 1.005887928286371275e-01
3.903013435531166864e-01 1.005871940283214333e-01
3.915395319101228067e-01 1.005856022133365529e-01
3.927796806651288053e-01 1.005840173512123903e-01
3.940217898181350153e-01 1.005824394096992147e-01
3.952658593691412148e-01 1.005808683567695205e-01
3.965118893181475146e-01 1.005793041606128646e-01
3.977598796651538593e-01 1.005777467896365879e-01
3.990098304101602489e-01 1.005761962124638864e-01
4.002617415531666833e-01 1.005746523979326457e-01
4.015156130941732182e-01 1.005731153150928453e-01
4.027714450331797424e-01 1.005715849332075446e-01
4.040292373701862005e-01 1.005700612217488715e-01
4.052889901051928145e-01 1.005685441503998412e-01
4.065507032381995289e-01 1.005670336890473887e-01
4.078143767692062882e-01 1.005655298077895859e-01
4.090800106982130369e-01 1.005640324769245947e-01
4.103476050252198859e-01 1.005625416669583549e-01
4.116171597502267798e-01 1.005610573485961612e-01
4.128886748732337186e-01 1.005595794927456044e-01
4.141621503942407023e-01 1.005581080705146152e-01
4.154375863132476199e-01 1.005566430532081890e-01
4.167149826302546933e-01 1.005551844123294264e-01
4.179943393452618672e-01 1.005537321195768968e-01
4.192756564582690304e-01 1.005522861468446799e-01
4.205589339692762940e-01 1.005508464662197288e-01
4.218441718782836025e-01 1.005494130499811484e-01
4.231313701852909004e-01 1.005479858705989743e-01
4.244205288902982987e-01 1.005465649007345613e-01
4.257116479933056308e-01 1.005451501132360592e-01
4.270047274943131188e-01 1.005437414811395369e-01
4.282997673933206517e-01 1.005423389776685661e-01
4.295967676903282295e-01 1.005409425762301967e-01
4.308957283853359077e-01 1.005395522504165529e-01
4.321966494783435753e-01 1.005381679740022932e-01
4.334995309693513432e-01 1.005367897209439865e-01
4.348043728583591006e-01 1.005354174653783628e-01
4.361111751453669583e-01 1.005340511816214949e-01
4.374199378303746943e-01 1.005326908441685901e-01
4.387306609133826418e-01 1.005313364276919086e-01
4.400433443943906342e-01 1.005299879070391394e-01
4.413579882733986715e-01 1.005286452572337758e-01
4.426745925504067536e-01 1.005273084534730049e-01
4.439931572254149361e-01 1.005259774711275700e-01
4.453136822984231080e-01 1.005246522857389663e-01
4.466361677694313248e-01 1.005233328730205378e-01
4.479606136384396420e-01 1.005220192088553816e-01
4.492870199054478375e-01 1.005207112692945715e-01
4.506153865704562445e-01 1.005194090305580601e-01
4.519457136334646408e-01 1.005181124690317368e-01
4.532780010944731375e-01 1.005168215612676358e-01
4.546122489534816791e-01 1.005155362839819655e-01
4.559484572104903211e-01 1.005142566140560800e-01
4.572866258654989524e-01 1.005129825285320661e-01
4.586267549185076287e-01 1.005117140046161150e-01
4.599688443695163498e-01 1.005104510196735135e-01
4.613128942185250048e-01 1.005091935512301971e-01
4.626589044655338712e-01 1.005079415769709467e-01
4.640068751105427269e-01 1.005066950747390692e-01
4.653568061535516831e-01 1.005054540225334414e-01
4.667086975945606842e-01 1.005042183985114246e-01
4.680625494335697301e-01 1.005029881809827302e-01
4.694183616705788209e-01 1.005017633484149159e-01
4.707761343055879566e-01 1.005005438794252665e-01
4.721358673385971372e-01 1.004993297527867757e-01
4.734975607696062516e-01 1.004981209474226089e-01
4.748612145986155220e-01 1.004969174424060613e-01
4.762268288256248927e-01 1.004957192169619179e-01
4.775944034506342528e-01 1.004945262504630954e-01
4.789639384736437133e-01 1.004933385224301701e-01
4.803354338946532187e-01 1.004921560125332652e-01
4.817088897136627690e-01 1.004909787005862781e-01
4.830843059306723641e-01 1.004898065665502938e-01
4.844616825456818376e-01 1.004886395905309343e-01
4.858410195586915226e-01 1.004874777527784008e-01
4.872223169697012524e-01 1.004863210336846141e-01
4.886055747787110826e-01 1.004851694137860324e-01
4.899907929857209021e-01 1.004840228737581831e-01
4.913779715907308221e-01 1.004828813944199234e-01
4.927671105937407314e-01 1.004817449567283888e-01
4.941582099947507412e-01 1.004806135417807694e-01
4.955512697937607958e-01 1.004794871308121312e-01
4.969462899907707287e-01 1.004783657051959989e-01
4.983432705857808731e-01 1.004772492464428568e-01
4.997422115787910624e-01 1.004761377361976238e-01
5.011431129698012965e-01 1.004750311562434134e-01
5.025459747588115755e-01 1.004739294884962053e-01
5.039507969458218994e-01 1.004728327150056222e-01
5.053575795308323793e-01 1.004717408179565397e-01
5.067663225138427929e-01 1.004706537796642846e-01
5.081770258948532515e-01 1.004695715825772995e-01
5.095896896738636439e-01 1.004684942092742700e-01
5.110043138508743032e-01 1.004674216424651656e-01
5.124208984258848965e-01 1.004663538649883531e-01
5.138394433988955345e-01 1.004652908598131500e-01
5.152599487699063285e-01 1.004642326100350924e-01
5.166824145389171674e-01 1.004631790988784329e-01
5.181068407059279401e-01 1.004621303096949747e-01
5.195332272709388688e-01 1.004610862259614767e-01
5.209615742339498423e-01 1.004600468312816380e-01
5.223918815949606387e-01 1.004590121093828919e-01
5.238241493539717020e-01 1.004579820441183491e-01
5.252583775109828101e-01 1.004569566194639385e-01
5.266945660659939632e-01 1.004559358195183383e-01
5.281327150190051611e-01 1.004549196285041690e-01
5.295728243700164040e-01 1.004539080307643856e-01
5.310148941190276917e-01 1.004529010107632764e-01
5.324589242660390243e-01 1.004518985530873654e-01
5.339049148110504017e-01 1.004509006424404577e-01
5.353528657540617131e-01 1.004499072636480389e-01
5.368027770950731803e-01 1.004489184016534448e-01
5.382546488340846924e-01 1.004479340415178057e-01
5.397084809710962494e-01 1.004469541684205602e-01
5.411642735061079623e-01 1.004459787676582477e-01
5.426220264391196091e-01 1.004450078246427736e-01
5.440817397701314118e-01 1.004440413249030467e-01
5.455434134991431483e-01 1.004430792540829537e-01
5.470070476261550407e-01 1.004421215979408449e-01
5.484726421511667560e-01 1.004411683423495488e-01
5.499401970741787382e-01 1.004402194732956083e-01
5.514097123951906543e-01 1.004392749768782539e-01
5.528811881142027262e-01 1.004383348393100700e-01
5.543546242312148431e-01 1.004373990469143441e-01
5.558300207462270048e-01 1.004364675861274120e-01
5.573073776592392115e-01 1.004355404434956606e-01
5.587866949702514630e-01 1.004346176056761103e-01
5.602679726792635373e-01 1.004336990594355827e-01
5.617512107862758786e-01 1.004327847916509781e-01
5.632364092912882647e-01 1.004318747893076097e-01
5.647235681943006957e-01 1.004309690394990101e-01
5.662126874953131717e-01 1.004300675294276801e-01
5.677037671943258035e-01 1.004291702464019526e-01
5.691968072913383692e-01 1.004282771778386568e-01
5.706918077863509797e-01 1.004273883112612037e-01
5.721887686793637462e-01 1.004265036342972539e-01
5.736876899703762245e-01 1.004256231346823958e-01
5.751885716593890807e-01 1.004247468002547466e-01
5.766914137464018708e-01 1.004238746189596715e-01
5.781962162314148168e-01 1.004230065788453696e-01
5.797029791144278077e-01 1.004221426680636658e-01
5.812117023954407324e-01 1.004212828748701353e-01
5.827223860744538131e-01 1.004204271876226046e-01
5.842350301514669386e-01 1.004195755947829144e-01
5.857496346264799980e-01 1.004187280849126868e-01
5.872661994994931023e-01 1.004178846466771413e-01
5.887847247705062514e-01 1.004170452688411402e-01
5.903052104395195565e-01 1.004162099402713532e-01
5.918276565065329065e-01 1.004153786499338702e-01
5.933520629715463013e-01 1.004145513868955342e-01
5.948784298345597410e-01 1.004137281403227749e-01
5.964067570955732256e-01 1.004129088994802216e-01
5.979370447545868661e-01 1.004120936537319098e-01
5.994692928116004405e-01 1.004112823925400466e-01
6.010035012666138377e-01 1.004104751054651218e-01
6.025396701196276128e-01 1.004096717821649359e-01
6.040777993706413218e-01 1.004088724123947535e-01
6.056178890196550757e-01 1.004080769860060257e-01
6.071599390666689855e-01 1.004072854929470571e-01
6.087039495116828292e-01 1.004064979232632687e-01
6.102499203546968287e-01 1.004057142670942843e-01
6.117978515957107621e-01 1.004049345146756783e-01
6.133477432347248515e-01 1.004041586563385047e-01
6.148995952717387636e-01 1.004033866825087828e-01
6.164534077067529427e-01 1.004026185837057217e-01
6.180091805397671667e-01 1.004018543505432737e-01
6.195669137707813245e-01 1.004010939737293162e-01
6.211266073997956383e-01 1.004003374440651658e-01
6.226882614268099969e-01 1.003995847524447038e-01
6.242518758518244004e-01 1.003988358898555144e-01
6.258174506748388488e-01 1.003980908473756650e-01
6.273849858958533421e-01 1.003973496161777168e-01
6.289544815148676582e-01 1.003966121875250750e-01
6.305259375318823523e-01 1.003958785527721831e-01
6.320993539468969802e-01 1.003951487033652029e-01
6.336747307599116530e-01 1.003944226308419174e-01
6.352520679709263707e-01 1.003937003268291633e-01
6.368313655799411332e-01 1.003929817830456345e-01
6.384126235869560517e-01 1.003922669912996612e-01
6.399958419919709041e-01 1.003915559434891969e-01
6.415810207949856903e-01 1.003908486316024001e-01
6.431681599960007434e-01 1.003901450477151375e-01
6.447572595950157304e-01 1.003894451839945495e-01
6.463483195920308733e-01 1.003887490326948878e-01
6.479413399870459500e-01 1.003880565861596796e-01
6.495363207800611827e-01 1.003873678368201183e-01
6.511332619710764602e-01 1.003866827771969505e-01
6.527321635600916716e-01 1.003860013998961465e-01
6.543330255471070389e-01 1.003853236976137708e-01
6.559358479321222291e-01 1.003846496631319862e-01
6.575406307151376861e-01 1.003839792893201910e-01
6.591473738961531881e-01 1.003833125691342698e-01
6.607560774751687349e-01 1.003826494956181620e-01
6.623667414521843266e-01 1.003819900619002947e-01
6.639793658271999632e-01 1.003813342611973580e-01
6.655939506002157557e-01 1.003806820868101690e-01
6.672104957712314821e-01 1.003800335321267390e-01
6.688290013402472534e-01 1.003793885906205108e-01
6.704494673072629585e-01 1.003787472558496097e-01
6.720718936722788195e-01 1.003781095214579255e-01
6.736962804352947254e-01 1.003774753811750575e-01
6.753226275963107872e-01 1.003768448288138854e-01
6.769509351553267829e-01 1.003762178582737058e-01
6.785812031123429344e-01 1.003755944635374847e-01
6.802134314673590199e-01 1.003749746386718850e-01
6.818476202203752612e-01 1.003743583778296394e-01
6.834837693713914364e-01 1.003737456752460538e-01
6.851218789204075454e-01 1.003731365252400615e-01
6.867619488674239214e-01 1.003725309222165685e-01
6.884039792124403423e-01 1.003719288606601673e-01
6.900479699554568080e-01 1.003713303351433661e-01
6.916939210964733187e-01 1.003707353403183733e-01
6.933418326354898742e-01 1.003701438709229815e-01
6.949917045725064746e-01 1.003695559217766820e-01
6.966435369075231199e-01 1.003689714877819550e-01
6.982973296405398100e-01 1.003683905639248808e-01
6.999530827715563230e-01 1.003678131452738903e-01
7.016107963005731030e-01 1.003672392269789326e-01
7.032704702275899278e-01 1.003666688042745281e-01
7.049321045526069085e-01 1.003661018724750914e-01
7.065956992756238231e-01 1.003655384269794837e-01
7.082612543966407825e-01 1.003649784632671266e-01
7.099287699156578979e-01 1.003644219769009721e-01
7.115982458326749471e-01 1.003638689635242276e-01
7.132696821476921523e-01 1.003633194188637834e-01
7.149430788607090692e-01 1.003627733387262300e-01
7.166184359717263641e-01 1.003622307190026736e-01
7.182957534807437039e-01 1.003616915556635042e-01
7.199750313877609775e-01 1.003611558447617402e-01
7.216562696927784071e-01 1.003606235824317794e-01
7.233394683957958815e-01 1.003600947648898845e-01
7.250246274968132898e-01 1.003595693884329759e-01
7.267117469958308540e-01 1.003590474494400198e-01
7.284008268928482410e-01 1.003585289443712780e-01
7.300918671878658950e-01 1.003580138697679758e-01
7.317848678808835938e-01 1.003575022222534391e-01
7.334798289719013376e-01 1.003569939985307774e-01
7.351767504609192372e-01 1.003564891953860477e-01
7.368756323479370707e-01 1.003559878096848268e-01
7.385764746329549491e-01 1.003554898383761107e-01
7.402792773159728723e-01 1.003549952784872357e-01
7.419840403969908404e-01 1.003545041271289989e-01
7.436907638760087425e-01 1.003540163814926750e-01
7.453994477530268004e-01 1.003535320388506819e-01
7.471100920280450142e-01 1.003530510965560119e-01
7.488226967010631618e-01 1.003525735520439943e-01
7.505372617720814654e-01 1.003520994028308799e-01
7.522537872410997029e-01 1.003516286465134244e-01
7.539722731081180962e-01 1.003511612807700681e-01
7.556927193731364234e-01 1.003506973033616440e-01
7.574151260361549065e-01 1.003502367121285460e-01
7.591394930971732125e-01 1.003497795049931446e-01
7.608658205561917853e-01 1.003493256799602440e-01
7.625941084132104031e-01 1.003488752351151952e-01
7.643243566682289547e-01 1.003484281686246593e-01
7.660565653212476622e-01 1.003479844787378700e-01
7.677907343722664146e-01 1.003475441637850657e-01
7.695268638212852119e-01 1.003471072221780863e-01
7.712649536683040541e-01 1.003466736524112612e-01
7.730050039133229411e-01 1.003462434530605490e-01
7.747470145563417621e-01 1.003458166227834680e-01
7.764909855973607389e-01 1.003453931603203453e-01
7.782369170363797606e-01 1.003449730644930121e-01
7.799848088733989382e-01 1.003445563342064972e-01
7.817346611084180497e-01 1.003441429684469866e-01
7.834864737414372060e-01 1.003437329662844879e-01
7.852402467724565183e-01 1.003433263268710962e-01
7.869959802014757644e-01 1.003429230494410629e-01
7.887536740284951664e-01 1.003425231333126832e-01
7.905133282535142802e-01 1.003421265778866173e-01
7.922749428765337720e-01 1.003417333826466529e-01
7.940385178975533087e-01 1.003413435471603860e-01
7.958040533165727792e-01 1.003409570710784293e-01
7.975715491335924057e-01 1.003405739541349401e-01
7.993410053486120770e-01 1.003401941961490768e-01
8.011124219616317932e-01 1.003398177970218214e-01
8.028857989726515543e-01 1.003394447567405173e-01
8.046611363816711382e-01 1.003390750753757471e-01
8.064384341886909890e-01 1.003387087530820676e-01
8.082176923937108848e-01 1.003383457901006331e-01
8.099989109967308254e-01 1.003379861867552264e-01
8.117820899977508109e-01 1.003376299434570323e-01
8.135672293967708413e-01 1.003372770607001557e-01
8.153543291937909165e-01 1.003369275390668669e-01
8.171433893888111477e-01 1.003365813792235772e-01
8.189344099818313127e-01 1.003362385819220881e-01
8.207273909728513006e-01 1.003358991480029216e-01
8.225223323618716664e-01 1.003355630783910601e-01
8.243192341488919661e-01 1.003352303740987633e-01
8.261180963339124217e-01 1.003349010362253463e-01
8.279189189169328111e-01 1.003345750659581093e-01
8.297217018979533565e-01 1.003342524645704364e-01
8.315264452769738357e-01 1.003339332334253625e-01
8.333331490539944708e-01 1.003336173739722975e-01
8.351418132290151508e-01 1.003333048877503159e-01
8.369524378020356536e-01 1.003329957763866020e-01
8.387650227730564234e-01 1.003326900415975331e-01
8.405795681420771270e-01 1.003323876851892338e-01
8.423960739090979866e-01 1.003320887090565355e-01
8.442145400741188910e-01 1.003317931151849057e-01
8.460349666371398403e-01 1.003315009056509194e-01
8.478573535981608345e-01 1.003312120826197196e-01
8.496817009571818735e-01 1.003309266483493334e-01
8.515080087142030685e-01 1.003306446051888817e-01
8.533362768692239753e-01 1.003303659555779687e-01
8.551665054222451490e-01 1.003300907020502203e-01
8.569986943732663676e-01 1.003298188472302455e-01
8.588328437222877421e-01 1.003295503938362726e-01
8.606689534693090504e-01 1.003292853446797611e-01
8.625070236143304037e-01 1.003290237026651793e-01
8.643470541573519128e-01 1.003287654707924331e-01
8.661890450983733558e-01 1.003285106521549092e-01
8.680329964373949547e-01 1.003282592499408488e-01
8.698789081744163765e-01 1.003280112674349717e-01
8.717267803094379541e-01 1.003277667080169494e-01
8.735766128424596877e-01 1.003275255751624045e-01
8.754284057734814661e-01 1.003272878724451034e-01
8.772821591025032895e-01 1.003270536035348465e-01
8.791378728295250466e-01 1.003268227721999528e-01
8.809955469545469597e-01 1.003265953823057749e-01
8.828551814775689177e-01 1.003263714378179461e-01
8.847167763985909206e-01 1.003261509428004794e-01
8.865803317176127463e-01 1.003259339014171414e-01
8.884458474346348389e-01 1.003257203179320073e-01
8.903133235496569764e-01 1.003255101967101409e-01
8.921827600626792698e-01 1.003253035422181222e-01
8.940541569737014971e-01 1.003251003590234086e-01
8.959275142827237692e-01 1.003249006517978881e-01
8.978028319897460863e-01 1.003247044253147424e-01
8.996801100947685592e-01 1.003245116844517781e-01
9.015593485977907440e-01 1.003243224341904549e-01
9.034405474988133067e-01 1.003241366796177036e-01
9.053237067978358033e-01 1.003239544259260513e-01
9.072088264948584557e-01 1.003237756784128160e-01
9.090959065898810421e-01 1.003236004424837985e-01
9.109849470829037843e-01 1.003234287236517697e-01
9.128759479739264604e-01 1.003232605275363454e-01
9.147689092629492924e-01 1.003230958598680805e-01
9.166638309499721693e-01 1.003229347264847082e-01
9.185607130349948690e-01 1.003227771333357471e-01
9.204595555180178357e-01 1.003226230864814328e-01
9.223603583990407362e-01 1.003224725920924126e-01
9.242631216780637926e-01 1.003223256564525628e-01
9.261678453550868939e-01 1.003221822859594603e-01
9.280745294301100401e-01 1.003220424871234945e-01
9.299831739031333422e-01 1.003219062665687833e-01
9.318937787741565781e-01 1.003217736310377667e-01
9.338063440431798590e-01 1.003216445873861828e-01
9.357208697102029626e-01 1.003215191425887165e-01
9.376373557752263332e-01 1.003213973037358486e-01
9.395558022382498597e-01 1.003212790780392411e-01
9.414762090992733201e-01 1.003211644728280449e-01
9.433985763582968254e-01 1.003210534955528421e-01
9.453229040153204865e-01 1.003209461537850622e-01
9.472491920703440815e-01 1.003208424552182870e-01
9.491774405233678324e-01 1.003207424076693610e-01
9.511076493743915172e-01 1.003206460190792654e-01
9.530398186234151359e-01 1.003205532975134928e-01
9.549739482704390214e-01 1.003204642511638239e-01
9.569100383154629519e-01 1.003203788883483272e-01
9.588480887584868162e-01 1.003202972175135654e-01
9.607880995995108364e-01 1.003202192472345405e-01
9.627300708385349015e-01 1.003201449862168027e-01
9.646740024755590115e-01 1.003200744432951180e-01
9.666198945105831664e-01 1.003200076274379654e-01
9.685677469436073661e-01 1.003199445477461899e-01
9.705175597746313887e-01 1.003198852134546820e-01
9.724693330036556782e-01 1.003198296339331691e-01
9.744230666306800126e-01 1.003197778186886296e-01
9.763787606557043919e-01 1.003197297773641694e-01
9.783364150787289271e-01 1.003196855197426990e-01
9.802960298997533961e-01 1.003196450557465730e-01
9.822576051187779100e-01 1.003196083954382006e-01
9.842211407358025799e-01 1.003195755490235569e-01
9.861866367508271836e-01 1.003195465268510445e-01
9.881540931638517211e-01 1.003195213394141028e-01
9.901235099748764146e-01 1.003194999973517215e-01
9.920948871839012639e-01 1.003194825114503974e-01
9.940682247909260472e-01 1.003194688926454248e-01
9.960435227959509863e-01 1.003194591520210899e-01
9.980207811989759703e-01 1.003194533008133632e-01
1.000000000000000666e+00 1.003194513504107738e-01
