0.000000000000000000e+00 8.607102859790616289e-01
2.078119897502626434e-05 8.572603624540228173e-01
4.352279595010249372e-05 8.534849902146054434e-01
6.822479092522875592e-05 8.493841690949991419e-01
9.488718390040502381e-05 8.449578993465222121e-01
1.235099748756312839e-04 8.402061810923415752e-01
1.540931638509075632e-04 8.351290144339083010e-01
1.866367508262337669e-04 8.297263995098500544e-01
2.211407358016100034e-04 8.239983364836273028e-01
2.576051187770363269e-04 8.179448255326454698e-01
2.960298997525126832e-04 8.115658668509595497e-01
3.364150787280388555e-04 8.048614606533044391e-01
3.787606557036150606e-04 7.978316071767729278e-01
4.230666306792412444e-04 7.904763066818888406e-01
4.693330036549174067e-04 7.827955594542491680e-01
5.175597746306437102e-04 7.747893658063748079e-01
5.677469436064200466e-04 7.664577260795959468e-01
6.198945105822462531e-04 7.578006406459809607e-01
6.740024755581224382e-04 7.488181099103443650e-01
7.300708385340486020e-04 7.395101343123349213e-01
7.880995995100251780e-04 7.298767143286186698e-01
8.480887584860512989e-04 7.199178504751169161e-01
9.100383154621275068e-04 7.096335433093546863e-01
9.739482704382536934e-04 6.990237934328472624e-01
1.039818623414429750e-03 6.880886014936019590e-01
1.107649374390655894e-03 6.768279681886807397e-01
1.177440523366932558e-03 6.652418942668416602e-01
1.249192070343258659e-03 6.533303805312614676e-01
1.322904015319634847e-03 6.410934278423473520e-01
1.398576358296060905e-03 6.285310371206037638e-01
1.476209099272537051e-03 6.156432093495977087e-01
1.555802238249063716e-03 6.024299455790040891e-01
1.637355775225640036e-03 5.888912469277081119e-01
1.720869710202266008e-03 5.750271145870167189e-01
1.806344043178942285e-03 5.608375498239167589e-01
1.893778774155669082e-03 5.463225539844447365e-01
1.983173903132445098e-03 5.314821284971043003e-01
2.074529430109271419e-03 5.163162748763873156e-01
2.167845355086147393e-03 5.008249947263555546e-01
2.263121678063073454e-03 4.850082897443193097e-01
2.360358399040050469e-03 4.688661617245705737e-01
2.459555518017076271e-03 4.523986125622206367e-01
2.560713034994152593e-03 4.356056442571012988e-01
2.663830949971278568e-03 4.184872589177453528e-01
2.768909262948454630e-03 4.010434587654534422e-01
2.875947973925680780e-03 3.832742461384333610e-01
2.984947082902957450e-03 3.651796234960180687e-01
3.095906589880283773e-03 3.467595934229684151e-01
3.208826494857659750e-03 3.280141586338527482e-01
3.323706797835085814e-03 3.089433219775047923e-01
3.440547498812561965e-03 2.895470864415330969e-01
3.559348597790088636e-03 2.698254551568834425e-01
3.680110094767664961e-03 2.497784314028621555e-01
3.802831989745290939e-03 2.294060186123809963e-01
3.927514282722965704e-03 2.087082203727033125e-01
4.054156973700691856e-03 1.876850404274010287e-01
4.182760062678468095e-03 1.663364827394173406e-01
4.313323549656295289e-03 1.446968209732815425e-01
4.445847434634171702e-03 1.283094199023678550e-01
4.580331717612097335e-03 1.210919108409859307e-01
4.716776398590073922e-03 1.177120389605397499e-01
4.855181477568099729e-03 1.157374877419906772e-01
4.995546954546175623e-03 1.144091352035199599e-01
5.137872829524301604e-03 1.134347305600246353e-01
5.282159102502477672e-03 1.126780405673942637e-01
5.428405773480703828e-03 1.120664258446812250e-01
5.576612842458980070e-03 1.115572555495949747e-01
5.726780309437305531e-03 1.111236644780700805e-01
5.878908174415681948e-03 1.107477657879168687e-01
6.032996437394107583e-03 1.104171051821845884e-01
6.189045098372585908e-03 1.101226547204813416e-01
6.347054157351111718e-03 1.098579431071885909e-01
6.507023614329687615e-03 1.096178595637085779e-01
6.668953469308313599e-03 1.093984861145324144e-01
6.832843722286989670e-03 1.091967441546933537e-01
6.998694373265715828e-03 1.090101692848295806e-01
7.166505422244492073e-03 1.088367594329264221e-01
7.336276869223317537e-03 1.086748679644165966e-01
7.508008714202193956e-03 1.085231260791364033e-01
7.681700957181119595e-03 1.083803851445314381e-01
7.857353598160098790e-03 1.082456730605727002e-01
8.034966637139125470e-03 1.081181607523997168e-01
8.214540074118200502e-03 1.079971361164758642e-01
8.396073909097327356e-03 1.078819835385585318e-01
8.579568142076502563e-03 1.077721676317135724e-01
8.765022773055727856e-03 1.076672202069950679e-01
8.952437802035004971e-03 1.075667297457768984e-01
9.141813229014330439e-03 1.074703328260982055e-01
9.333149053993705993e-03 1.073777070885938018e-01
9.526445276973131635e-03 1.072885654253506738e-01
9.721701897952607363e-03 1.072026511476796007e-01
9.918918916932136648e-03 1.071197339431923246e-01
1.011809633391171255e-02 1.070396064737472314e-01
1.031923414889133854e-02 1.069620814970984324e-01
1.052233236187101462e-02 1.068869894192282788e-01
1.072739097285074078e-02 1.068141762029353875e-01
1.093440998183051703e-02 1.067435015727128816e-01
1.114338938881034163e-02 1.066748374674242605e-01
1.135432919379021806e-02 1.066080667011731070e-01
1.156722939677014457e-02 1.065430817999645369e-01
1.178208999775011943e-02 1.064797839874405821e-01
1.199891099673014612e-02 1.064180822975818591e-01
1.221769239371022463e-02 1.063578927959251547e-01
1.243843418869035149e-02 1.062991378939403403e-01
1.266113638167052670e-02 1.062417457436234114e-01
1.288579897265075200e-02 1.061856497013978357e-01
1.311242196163102738e-02 1.061307878520875297e-01
1.334100534861135459e-02 1.060771025851263566e-01
1.357154913359173015e-02 1.060245402162933170e-01
1.380405331657215580e-02 1.059730506492879420e-01
1.403851789755263153e-02 1.059225870722085155e-01
1.427494287653315735e-02 1.058731056848064428e-01
1.451332825351373326e-02 1.058245654529078594e-01
1.475367402849436273e-02 1.057769278870085011e-01
1.499598020147503881e-02 1.057301568424947741e-01
1.524024677245576498e-02 1.056842183393206097e-01
1.548647374143653950e-02 1.056390803994079614e-01
1.573466110841736931e-02 1.055947129001167939e-01
1.598480887339824227e-02 1.055510874422814771e-01
1.623691703637917053e-02 1.055081772310818844e-01
1.649098559736014366e-02 1.054659569674211289e-01
1.674701455634117209e-02 1.054244027465364719e-01
1.700500391332224540e-02 1.053834919591139924e-01
1.726495366830337400e-02 1.053432031885250114e-01
1.752686382128455442e-02 1.053035160968680273e-01
1.779073437226577625e-02 1.052644112940537696e-01
1.805656532124705685e-02 1.052258701927204498e-01
1.832435666822837886e-02 1.051878748756276544e-01
1.859410841320975616e-02 1.051504080575145772e-01
1.886582055619118528e-02 1.051134533395480519e-01
1.913949309717265929e-02 1.050769961838924071e-01
1.941512603615418858e-02 1.050410264694642271e-01
1.969271937313575929e-02 1.050055442650836973e-01
1.997227310811738876e-02 1.049705040832032560e-01
2.025378724109906312e-02 1.049359061754498584e-01
2.053726177208079276e-02 1.049017427524959051e-01
2.082269670106256382e-02 1.048680030735702623e-01
2.111009202804439364e-02 1.048346757770460963e-01
2.139944775302626487e-02 1.048017498243348361e-01
2.169076387600819486e-02 1.047692147898638404e-01
2.198404039699017321e-02 1.047370608757567240e-01
2.227927731597219643e-02 1.047052788345225610e-01
2.257647463295427495e-02 1.046738598798178516e-01
2.287563234793639835e-02 1.046427956139108495e-01
2.317675046091857705e-02 1.046120779769981607e-01
2.347982897190080062e-02 1.045816992145406216e-01
2.378486788088307949e-02 1.045516518565888092e-01
2.409186718786539977e-02 1.045219287037385258e-01
2.440082689284778228e-02 1.044925228158635616e-01
2.471174699583020273e-02 1.044634275014196395e-01
2.502462749681268195e-02 1.044346363064244804e-01
2.533946839579521298e-02 1.044061430035244376e-01
2.565626969277778543e-02 1.043779415826868312e-01
2.597503138776041318e-02 1.043500262462977168e-01
2.629575348074308580e-02 1.043223914123030255e-01
2.661843597172581372e-02 1.042950317284896400e-01
2.694307886070858651e-02 1.042679420961488829e-01
2.726968214769141807e-02 1.042411176858944050e-01
2.759824583267428758e-02 1.042145538890304479e-01
2.792876991565721931e-02 1.041882460588056669e-01
2.826125439664019939e-02 1.041621887073405778e-01
2.859569927562322089e-02 1.041363734403043667e-01
2.893210455260630115e-02 1.041108044847067066e-01
2.927047022758941935e-02 1.040854742376436382e-01
2.961079630057259979e-02 1.040603777522961931e-01
2.995308277155582163e-02 1.040355111102446717e-01
3.029732964053910224e-02 1.040108707358507190e-01
3.064353690752242426e-02 1.039864531511685286e-01
3.099170457250580504e-02 1.039622549164241627e-01
3.134183263548922377e-02 1.039382726349014074e-01
3.169392109647270472e-02 1.039145029695412586e-01
3.204796995545623056e-02 1.038909426522003215e-01
3.240397921243980128e-02 1.038675884837217400e-01
3.276194886742343076e-02 1.038444373363956313e-01
3.312187892040710513e-02 1.038214861924382920e-01
3.348376937139083825e-02 1.037987322992204170e-01
3.384762022037460932e-02 1.037761736232231113e-01
3.421343146735843915e-02 1.037538058942970715e-01
3.458120311234230693e-02 1.037316270606234297e-01
3.495093515532624040e-02 1.037096346720666473e-01
3.532262759631021182e-02 1.036878261890169656e-01
3.569628043529424199e-02 1.036661991052564152e-01
3.607189367227831706e-02 1.036447509889615315e-01
3.644946730726244394e-02 1.036234794891950778e-01
3.682900134024662264e-02 1.036023823199618416e-01
3.721049577123083929e-02 1.035814572020758995e-01
3.759395060021512164e-02 1.035607016950524650e-01
3.797936582719944193e-02 1.035401141166559791e-01
3.836674145218382098e-02 1.035196921971443113e-01
3.875607747516824492e-02 1.034994338498895911e-01
3.914737389615272761e-02 1.034793370739830048e-01
3.954063071513724825e-02 1.034593999152490090e-01
3.993584793212182765e-02 1.034396204583837159e-01
4.033302554710645887e-02 1.034199968517071355e-01
4.073216356009112804e-02 1.034005274018270776e-01
4.113326197107585597e-02 1.033812100828092606e-01
4.153632078006062878e-02 1.033620432334697442e-01
4.194133998704546035e-02 1.033430251599407462e-01
4.234831959203032986e-02 1.033241541829483523e-01
4.275725959501525814e-02 1.033054286429389568e-01
4.316815999600023129e-02 1.032868468586850691e-01
4.358102079498526321e-02 1.032684073398906638e-01
4.399584199197033307e-02 1.032501084929185603e-01
4.441262358695546170e-02 1.032319487805068020e-01
4.483136557994064214e-02 1.032139267011211309e-01
4.525206797092586747e-02 1.031960407898956517e-01
4.567473075991114462e-02 1.031782896533688793e-01
4.609935394689646665e-02 1.031606718016999102e-01
4.652593753188184744e-02 1.031431858745041202e-01
4.695448151486726618e-02 1.031258305146859622e-01
4.738498589585275061e-02 1.031086043781421491e-01
4.781745067483826606e-02 1.030915061135097566e-01
4.825187585182384720e-02 1.030745344670093711e-01
4.868826142680946628e-02 1.030576881439376341e-01
4.912660739979515107e-02 1.030409658830682140e-01
4.956691377078088073e-02 1.030243664516015539e-01
5.000918053976664834e-02 1.030078886656745352e-01
5.045340770675248165e-02 1.029915312912891984e-01
5.089959527173835291e-02 1.029752931720589043e-01
5.134774323472428292e-02 1.029591731548748779e-01
5.179785159571025088e-02 1.029431700831577173e-01
5.224992035469628454e-02 1.029272828578421534e-01
5.270394951168235614e-02 1.029115103631585426e-01
5.315993906666848651e-02 1.028958515087767811e-01
5.361788901965465481e-02 1.028803052366889653e-01
5.407779937064088882e-02 1.028648704742267245e-01
5.453967011962716771e-02 1.028495461896767604e-01
5.500350126661349148e-02 1.028343313596133679e-01
5.546929281159986708e-02 1.028192249608916725e-01
5.593704475458628755e-02 1.028042260112952966e-01
5.640675709557277373e-02 1.027893335197338082e-01
5.687842983455929091e-02 1.027745465148207082e-01
5.735206297154587379e-02 1.027598640536390995e-01
5.782765650653248768e-02 1.027452851771167158e-01
5.830521043951917420e-02 1.027308089621830900e-01
5.878472477050590561e-02 1.027164344846415028e-01
5.926619949949267496e-02 1.027021608459389584e-01
5.974963462647950307e-02 1.026879871462821336e-01
6.023503015146637607e-02 1.026739125008282599e-01
6.072238607445330782e-02 1.026599360477858519e-01
6.121170239544027752e-02 1.026460569146739055e-01
6.170297911442730598e-02 1.026322742572347291e-01
6.219621623141437933e-02 1.026185872298799456e-01
6.269141374640151143e-02 1.026049950104162417e-01
6.318857165938866760e-02 1.025914967753145113e-01
6.368768997037589641e-02 1.025780917189730163e-01
6.418876867936318398e-02 1.025647790367663487e-01
6.469180778635051643e-02 1.025515579420439721e-01
6.519680729133789376e-02 1.025384276552976232e-01
6.570376719432530210e-02 1.025253873956188111e-01
6.621268749531278308e-02 1.025124364100680613e-01
6.672356819430030894e-02 1.024995739389604615e-01
6.723640929128789356e-02 1.024867992435339048e-01
6.775121078627552307e-02 1.024741115789548629e-01
6.826797267926318358e-02 1.024615102212007023e-01
6.878669497025091673e-02 1.024489944437037142e-01
6.930737765923869476e-02 1.024365635404010239e-01
6.983002074622653155e-02 1.024242168021573807e-01
7.035462423121441322e-02 1.024119535369974743e-01
7.088118811420231202e-02 1.023997730494796421e-01
7.140971239519029734e-02 1.023876746612332050e-01
7.194019707417832754e-02 1.023756576923754436e-01
7.247264215116641650e-02 1.023637214806145945e-01
7.300704762615452259e-02 1.023518653615905355e-01
7.354341349914270132e-02 1.023400886862911585e-01
7.408173977013092493e-02 1.023283908026567796e-01
7.462202643911922118e-02 1.023167710740211928e-01
7.516427350610754843e-02 1.023052288620046046e-01
7.570848097109590669e-02 1.022937635446091731e-01
7.625464883408433758e-02 1.022823744975219218e-01
7.680277709507281336e-02 1.022710611110805301e-01
7.735286575406134790e-02 1.022598227718977543e-01
7.790491481104989957e-02 1.022486588813619757e-01
7.845892426603853775e-02 1.022375688382267944e-01
7.901489411902722082e-02 1.022265520578630321e-01
7.957282437001594877e-02 1.022156079549339930e-01
8.013271501900470772e-02 1.022047359487489454e-01
8.069456606599353932e-02 1.021939354679450712e-01
8.125837751098241579e-02 1.021832059433074591e-01
8.182414935397135103e-02 1.021725468149503047e-01
8.239188159496033115e-02 1.021619575248104428e-01
8.296157423394934227e-02 1.021514375238840172e-01
8.353322727093842603e-02 1.021409862641821931e-01
8.410684070592755468e-02 1.021306032068205055e-01
8.468241453891674209e-02 1.021202878139629844e-01
8.525994876990593274e-02 1.021100395575501585e-01
8.583944339889522379e-02 1.020998579102185971e-01
8.642089842588455972e-02 1.020897423540115118e-01
8.700431385087394054e-02 1.020796923706794312e-01
8.758968967386336624e-02 1.020697074514989866e-01
8.817702589485282294e-02 1.020597870875945140e-01
8.876632251384235228e-02 1.020499307804260680e-01
8.935757953083194038e-02 1.020401380308987305e-01
8.995079694582157337e-02 1.020304083498259629e-01
9.054597475881122348e-02 1.020207412463404323e-01
9.114311296980096011e-02 1.020111362396385196e-01
9.174221157879074162e-02 1.020015928474418410e-01
9.234327058578056802e-02 1.019921105987476873e-01
9.294628999077042542e-02 1.019826890226550459e-01
9.355126979376035545e-02 1.019733276518865334e-01
9.415820999475034425e-02 1.019640260258629083e-01
9.476711059374037793e-02 1.019547836856788542e-01
9.537797159073045650e-02 1.019456001791567423e-01
9.599079298572055219e-02 1.019364750556108479e-01
9.660557477871074827e-02 1.019274078710194070e-01
9.722231696970097536e-02 1.019183981823442303e-01
9.784101955869126122e-02 1.019094455532676274e-01
9.846168254568156419e-02 1.019005495484377882e-01
9.908430593067193981e-02 1.018917097395604654e-01
9.970888971366237419e-02 1.018829256990836790e-01
1.003354338946528534e-01 1.018741970063212210e-01
1.009639384736433915e-01 1.018655232408107181e-01
1.015944034506339466e-01 1.018569039890221406e-01
1.022268288256245744e-01 1.018483388377273841e-01
1.028612145986152610e-01 1.018398273809491272e-01
1.034975607696059924e-01 1.018313692127987280e-01
1.041358673385967409e-01 1.018229639343774251e-01
1.047761343055875760e-01 1.018146111464110076e-01
1.054183616705784560e-01 1.018063104566863664e-01
1.060625494335693947e-01 1.017980614727700267e-01
1.067086975945603783e-01 1.017898638095505182e-01
1.073568061535513790e-01 1.017817170815079053e-01
1.080068751105424663e-01 1.017736209101148676e-01
1.086589044655335984e-01 1.017655749160662204e-01
1.093128942185247754e-01 1.017575787271016580e-01
1.099688443695159834e-01 1.017496319704035701e-01
1.106267549185072641e-01 1.017417342803795949e-01
1.112866258654986035e-01 1.017338852907209157e-01
1.119484572104899878e-01 1.017260846419681952e-01
1.126122489534813753e-01 1.017183319736927744e-01
1.132780010944728633e-01 1.017106269323277967e-01
1.139457136334643961e-01 1.017029691636096855e-01
1.146153865704559877e-01 1.016953583202120509e-01
1.152870199054476102e-01 1.016877940540020370e-01
1.159606136384392638e-01 1.016802760233798675e-01
1.166361677694310039e-01 1.016728038858094735e-01
1.173136822984227889e-01 1.016653773052455662e-01
1.179931572254146188e-01 1.016579959450094744e-01
1.186745925504064658e-01 1.016506594748859127e-01
1.193579882733983993e-01 1.016433675639742823e-01
1.200433443943903777e-01 1.016361198874256022e-01
1.207306609133824149e-01 1.016289161196789886e-01
1.214199378303744969e-01 1.016217559411406179e-01
1.221111751453665961e-01 1.016146390318090897e-01
1.228043728583587818e-01 1.016075650775278144e-01
1.234995309693510124e-01 1.016005337637479189e-01
1.241966494783433017e-01 1.015935447813584441e-01
1.248957283853355943e-01 1.015865978209174181e-01
1.255967676903279873e-01 1.015796925782911503e-01
1.262997673933204390e-01 1.015728287493062737e-01
1.270047274943129079e-01 1.015660060349094923e-01
1.277116479933054216e-01 1.015592241360666198e-01
1.284205288902980080e-01 1.015524827584915746e-01
1.291313701852906393e-01 1.015457816080334030e-01
1.298441718782833154e-01 1.015391203951283849e-01
1.305589339692760642e-01 1.015324988306068876e-01
1.312756564582688024e-01 1.015259166296659521e-01
1.319943393452616409e-01 1.015193735079783777e-01
1.327149826302545244e-01 1.015128691852625470e-01
1.334375863132474527e-01 1.015064033818545569e-01
1.341621503942403981e-01 1.014999758219569531e-01
1.348886748732334440e-01 1.014935862306071551e-01
1.356171597502265069e-01 1.014872343364910529e-01
1.363476050252196425e-01 1.014809198692205594e-01
1.370800106982128508e-01 1.014746425617658598e-01
1.378143767692060206e-01 1.014684021481105369e-01
1.385507032381993187e-01 1.014621983654295928e-01
1.392889901051926616e-01 1.014560309529488752e-01
1.400292373701860493e-01 1.014498996506248973e-01
1.407714450331794265e-01 1.014438042028616010e-01
1.415156130941729040e-01 1.014377443538962142e-01
1.422617415531664542e-01 1.014317198519689295e-01
1.430098304101600493e-01 1.014257304455119246e-01
1.437598796651536337e-01 1.014197758867265708e-01
1.445118893181473185e-01 1.014138559283025293e-01
1.452658593691410482e-01 1.014079703263702781e-01
1.460217898181348506e-01 1.014021188377274701e-01
1.467796806651286701e-01 1.013963012222739157e-01
1.475395319101225067e-01 1.013905172407453675e-01
1.483013435531164437e-01 1.013847666567516959e-01
1.490651155941104256e-01 1.013790492356960865e-01
1.498308480331044801e-01 1.013733647437257135e-01
1.505985408700985240e-01 1.013677129508139818e-01
1.513681941050926405e-01 1.013620936269145484e-01
1.521398077380868297e-01 1.013565065453921055e-01
1.529133817690810637e-01 1.013509514799934425e-01
1.536889161980753704e-01 1.013454282075998830e-01
1.544664110250696387e-01 1.013399365057656293e-01
1.552458662500640352e-01 1.013344761548874706e-01
1.560272818730584765e-01 1.013290469362499169e-01
1.568106578940529627e-01 1.013236486330215541e-01
1.575959943130474383e-01 1.013182810310892940e-01
1.583832911300420421e-01 1.013129439163871631e-01
1.591725483450366629e-01 1.013076370781756941e-01
1.599637659580313565e-01 1.013023603060885236e-01
1.607569439690260948e-01 1.012971133926167805e-01
1.615520823780208504e-01 1.012918961308546251e-01
1.623491811850156785e-01 1.012867083164281645e-01
1.631482403900105516e-01 1.012815497458033065e-01
1.639492599930054972e-01 1.012764202177013906e-01
1.647522399940004323e-01 1.012713195323573095e-01
1.655571803929954677e-01 1.012662474909077487e-01
1.663640811899905481e-01 1.012612038972381528e-01
1.671729423849857010e-01 1.012561885556792357e-01
1.679837639779808434e-01 1.012512012729978872e-01
1.687965459689760583e-01 1.012462418567145195e-01
1.696112883579713460e-01 1.012413101165038493e-01
1.704279911449667062e-01 1.012364058634444841e-01
1.712466543299620836e-01 1.012315289094869314e-01
1.720672779129574781e-01 1.012266790691431495e-01
1.728898618939529452e-01 1.012218561573657860e-01
1.737144062729484850e-01 1.012170599913764374e-01
1.745409110499440697e-01 1.012122903891508469e-01
1.753693762249396715e-01 1.012075471706418567e-01
1.761998017979353459e-01 1.012028301571272215e-01
1.770321877689310930e-01 1.011981391707773847e-01
1.778665341379268849e-01 1.011934740360832807e-01
1.787028409049227218e-01 1.011888345781154636e-01
1.795411080699185480e-01 1.011842206234892377e-01
1.803813356329145023e-01 1.011796320008399308e-01
1.812235235939104738e-01 1.011750685390026827e-01
1.820676719529065180e-01 1.011705300692712084e-01
1.829137807099025514e-01 1.011660164234019360e-01
1.837618498648986853e-01 1.011615274351893023e-01
1.846118794178948919e-01 1.011570629391815856e-01
1.854638693688911155e-01 1.011526227713443193e-01
1.863178197178873563e-01 1.011482067693959819e-01
1.871737304648836975e-01 1.011438147714845692e-01
1.880316016098800835e-01 1.011394466177605450e-01
1.888914331528765145e-01 1.011351021494572844e-01
1.897532250938729903e-01 1.011307812085032037e-01
1.906169774328694833e-01 1.011264836390306787e-01
1.914826901698660766e-01 1.011222092854495297e-01
1.923503633048627148e-01 1.011179579940990614e-01
1.932199968378593979e-01 1.011137296119498930e-01
1.940915907688560982e-01 1.011095239875855478e-01
1.949651450978528711e-01 1.011053409706731826e-01
1.958406598248497166e-01 1.011011804117167429e-01
1.967181349498466070e-01 1.010970421629801552e-01
1.975975704728435423e-01 1.010929260773601318e-01
1.984789663938404669e-01 1.010888320090203019e-01
1.993623227128375197e-01 1.010847598136152964e-01
2.002476394298345896e-01 1.010807093472678581e-01
2.011349165448317322e-01 1.010766804677862840e-01
2.020241540578288642e-01 1.010726730339314150e-01
2.029153519688260965e-01 1.010686869051867220e-01
2.038085102778234015e-01 1.010647219428074117e-01
2.047036289848207236e-01 1.010607780085200497e-01
2.056007080898180628e-01 1.010568549652843817e-01
2.064997475928155024e-01 1.010529526774920778e-01
2.074007474938129869e-01 1.010490710098844169e-01
2.083037077928105441e-01 1.010452098288610323e-01
2.092086284898081183e-01 1.010413690016743055e-01
2.101155095848057097e-01 1.010375483962403509e-01
2.110243510778034015e-01 1.010337478821712737e-01
2.119351529688011382e-01 1.010299673294824674e-01
2.128479152577989197e-01 1.010262066093632199e-01
2.137626379447967184e-01 1.010224655943345456e-01
2.146793210297945897e-01 1.010187441572474032e-01
2.155979645127925337e-01 1.010150421725030528e-01
2.165185683937905226e-01 1.010113595152925259e-01
2.174411326727885563e-01 1.010076960614517405e-01
2.183656573497865794e-01 1.010040516883649320e-01
2.192921424247847306e-01 1.010004262738260356e-01
2.202205878977829268e-01 1.009968196967263032e-01
2.211509937687811678e-01 1.009932318371591919e-01
2.220833600377793982e-01 1.009896625756017824e-01
2.230176867047777289e-01 1.009861117939121061e-01
2.239539737697761046e-01 1.009825793747075456e-01
2.248922212327745529e-01 1.009790652012588635e-01
2.258324290937730461e-01 1.009755691581864373e-01
2.267745973527715286e-01 1.009720911305856672e-01
2.277187260097701116e-01 1.009686310045521535e-01
2.286648150647687394e-01 1.009651886672458254e-01
2.296128645177674399e-01 1.009617640063022181e-01
2.305628743687661297e-01 1.009583569105468731e-01
2.315148446177649200e-01 1.009549672695401606e-01
2.324687752647637551e-01 1.009515949735251272e-01
2.334246663097626351e-01 1.009482399138734304e-01
2.343825177527615322e-01 1.009449019825277433e-01
2.353423295937605020e-01 1.009415810723774676e-01
2.363041018327595444e-01 1.009382770769991500e-01
2.372678344697586317e-01 1.009349898910692628e-01
2.382335275047577638e-01 1.009317194095924325e-01
2.392011809377569131e-01 1.009284655287897986e-01
2.401707947687561351e-01 1.009252281455181727e-01
2.411423689977554297e-01 1.009220071572329708e-01
2.421159036247547691e-01 1.009188024625239238e-01
2.430913986497540979e-01 1.009156139604246438e-01
2.440688540727535549e-01 1.009124415508390882e-01
2.450482698937530290e-01 1.009092851345528424e-01
2.460296461127525758e-01 1.009061446128422107e-01
2.470129827297521674e-01 1.009030198879458384e-01
2.479982797447517484e-01 1.008999108627188501e-01
2.489855371577514298e-01 1.008968174408483159e-01
2.499747549687511561e-01 1.008937395265209203e-01
2.509659331777509550e-01 1.008906770249878987e-01
2.519590717847506878e-01 1.008876298418949768e-01
2.529541707897505765e-01 1.008845978837118046e-01
2.539512301927505100e-01 1.008815810577222000e-01
2.549502499937504885e-01 1.008785792716653806e-01
2.559512301927505673e-01 1.008755924341778742e-01
2.569541707897506355e-01 1.008726204544668353e-01
2.579590717847507486e-01 1.008696632425078177e-01
2.589659331777509621e-01 1.008667207087577539e-01
2.599747549687512205e-01 1.008637927646374166e-01
2.609855371577514682e-01 1.008608793219556848e-01
2.619982797447518164e-01 1.008579802932843689e-01
2.630129827297520984e-01 1.008550955919319814e-01
2.640296461127525363e-01 1.008522251316637391e-01
2.650482698937530190e-01 1.008493688270519495e-01
2.660688540727535467e-01 1.008465265932110694e-01
2.670913986497541748e-01 1.008436983459601172e-01
2.681159036247547922e-01 1.008408840015988517e-01
2.691423689977554545e-01 1.008380834772609619e-01
2.701707947687562172e-01 1.008352966905016884e-01
2.712011809377570248e-01 1.008325235595972230e-01
2.722335275047577108e-01 1.008297640033448128e-01
2.732678344697586081e-01 1.008270179412970174e-01
2.743041018327595504e-01 1.008242852933704942e-01
2.753423295937605375e-01 1.008215659802819131e-01
2.763825177527615695e-01 1.008188599232142380e-01
2.774246663097627019e-01 1.008161670440185786e-01
2.784687752647638237e-01 1.008134872649628089e-01
2.795148446177649904e-01 1.008108205091295395e-01
2.805628743687662574e-01 1.008081666999441767e-01
2.816128645177674028e-01 1.008055257615293743e-01
2.826648150647687596e-01 1.008028976184685566e-01
2.837187260097701613e-01 1.008002821960641143e-01
2.847745973527716079e-01 1.007976794199269277e-01
2.858324290937730994e-01 1.007950892164353324e-01
2.868922212327746357e-01 1.007925115123755322e-01
2.879539737697762170e-01 1.007899462351649345e-01
2.890176867047778431e-01 1.007873933125990745e-01
2.900833600377795141e-01 1.007848526732294248e-01
2.911509937687811744e-01 1.007823242459199575e-01
2.922205878977829352e-01 1.007798079601838481e-01
2.932921424247847964e-01 1.007773037459600840e-01
2.943656573497866469e-01 1.007748115338412964e-01
2.954411326727885978e-01 1.007723312547225136e-01
2.965185683937905936e-01 1.007698628401948321e-01
2.975979645127926343e-01 1.007674062222303074e-01
2.986793210297947199e-01 1.007649613333802818e-01
2.997626379447967393e-01 1.007625281065628042e-01
3.008479152577989146e-01 1.007601064753649855e-01
3.019351529688011904e-01 1.007576963736906001e-01
3.030243510778034555e-01 1.007552977360273438e-01
3.041155095848058210e-01 1.007529104972692408e-01
3.052086284898081758e-01 1.007505345928907808e-01
3.063037077928106311e-01 1.007481699586835477e-01
3.074007474938131312e-01 1.007458165310459036e-01
3.084997475928156763e-01 1.007434742467523403e-01
3.096007080898180996e-01 1.007411430430955185e-01
3.107036289848207899e-01 1.007388228577377892e-01
3.118085102778234696e-01 1.007365136289142121e-01
3.129153519688261942e-01 1.007342152951933856e-01
3.140241540578289636e-01 1.007319277956597037e-01
3.151349165448318335e-01 1.007296510698214437e-01
3.162476394298346927e-01 1.007273850575831631e-01
3.173623227128376523e-01 1.007251296993963152e-01
3.184789663938406568e-01 1.007228849359822070e-01
3.195975704728435396e-01 1.007206507086403774e-01
3.207181349498466338e-01 1.007184269589991299e-01
3.218406598248497730e-01 1.007162136291717830e-01
3.229651450978529570e-01 1.007140106616083025e-01
3.240915907688562414e-01 1.007118179992866069e-01
3.252199968378595152e-01 1.007096355854879971e-01
3.263503633048628338e-01 1.007074633639703648e-01
3.274826901698662529e-01 1.007053012788808044e-01
3.286169774328696613e-01 1.007031492747312573e-01
3.297532250938730591e-01 1.007010072965304343e-01
3.308914331528765573e-01 1.006988752895458528e-01
3.320316016098801559e-01 1.006967531995678067e-01
3.331737304648837994e-01 1.006946409726916791e-01
3.343178197178874878e-01 1.006925385554571645e-01
3.354638693688912210e-01 1.006904458947213421e-01
3.366118794178950546e-01 1.006883629378128170e-01
3.377618498648988776e-01 1.006862896323524187e-01
3.389137807099027455e-01 1.006842259263915212e-01
3.400676719529066028e-01 1.006821717683419465e-01
3.412235235939105604e-01 1.006801271069573678e-01
3.423813356329146185e-01 1.006780918914278178e-01
3.435411080699187214e-01 1.006760660712141264e-01
3.447028409049228137e-01 1.006740495962265419e-01
3.458665341379270064e-01 1.006720424166812206e-01
3.470321877689312440e-01 1.006700444831641200e-01
3.481998017979355819e-01 1.006680557466426984e-01
3.493693762249399093e-01 1.006660761583670904e-01
3.505409110499441705e-01 1.006641056700331577e-01
3.517144062729485876e-01 1.006621442335911554e-01
3.528898618939531051e-01 1.006601918013923513e-01
3.540672779129576120e-01 1.006582483261151545e-01
3.552466543299622193e-01 1.006563137607493635e-01
3.564279911449668714e-01 1.006543880586858175e-01
3.576112883579715684e-01 1.006524711735604510e-01
3.587965459689763104e-01 1.006505630594246720e-01
3.599837639779809306e-01 1.006486636706038218e-01
3.611729423849858178e-01 1.006467729617655238e-01
3.623640811899906944e-01 1.006448908879241377e-01
3.635571803929956158e-01 1.006430174043577153e-01
3.647522399940006377e-01 1.006411524667416013e-01
3.659492599930056489e-01 1.006392960309961393e-01
3.671482403900107605e-01 1.006374480534005661e-01
3.683491811850159170e-01 1.006356084905341008e-01
3.695520823780210629e-01 1.006337772992696722e-01
3.707569439690261981e-01 1.006319544368306923e-01
3.719637659580314892e-01 1.006301398606847253e-01
3.731725483450368253e-01 1.006283335286620173e-01
3.743832911300422062e-01 1.006265353988564926e-01
3.755959943130476320e-01 1.006247454296739091e-01
3.768106578940531581e-01 1.006229635798112781e-01
3.780272818730586737e-01 1.006211898082832873e-01
3.792458662500642896e-01 1.006194240743409352e-01
3.804664110250698950e-01 1.006176663376061459e-01
3.816889161980754896e-01 1.006159165579115083e-01
3.829133817690812402e-01 1.006141746954271332e-01
3.841398077380869802e-01 1.006124407105889879e-01
3.853681941050928206e-01 1.006107145641025047e-01
3.865985408700987613e-01 1.006089962169939706e-01
3.878308480331046915e-01 1.006072856305084973e-01
3.890651155941106665e-01 1.006055827662250407e-01
3.903013435531166864e-01 1.006038875859593118e-01
3.915395319101228067e-01 1.006022000518134452e-01
3.927796806651288053e-01 1.006005201261545995e-01
3.940217898181350153e-01 1.005988477716356633e-01
3.952658593691412148e-01 1.005971829511341509e-01
3.965118893181475146e-01 1.005955256278521087e-01
3.977598796651538593e-01 1.005938757651960586e-01
3.990098304101602489e-01 1.005922333268730595e-01
4.002617415531666833e-01 1.005905982768337814e-01
4.015156130941732182e-01 1.005889705792779726e-01
4.027714450331797424e-01 1.005873501986898483e-01
4.040292373701862005e-01 1.005857370997656625e-01
4.052889901051928145e-01 1.005841312474939631e-01
4.065507032381995289e-01 1.005825326070854675e-01
4.078143767692062882e-01 1.005809411440129891e-01
4.090800106982130369e-01 1.005793568239887609e-01
4.103476050252198859e-01 1.005777796129822405e-01
4.116171597502267798e-01 1.005762094771810999e-01
4.128886748732337186e-01 1.005746463830503451e-01
4.141621503942407023e-01 1.005730902972596097e-01
4.154375863132476199e-01 1.005715411867405679e-01
4.167149826302546933e-01 1.005699990186506160e-01
4.179943393452618672e-01 1.005684637603858622e-01
4.192756564582690304e-01 1.005669353795772547e-01
4.205589339692762940e-01 1.005654138440739837e-01
4.218441718782836025e-01 1.005638991219886119e-01
4.231313701852909004e-01 1.005623911816136279e-01
4.244205288902982987e-01 1.005608899915162169e-01
4.257116479933056308e-01 1.005593955204584222e-01
4.270047274943131188e-01 1.005579077374377100e-01
4.282997673933206517e-01 1.005564266116705102e-01
4.295967676903282295e-01 1.005549521126054557e-01
4.308957283853359077e-01 1.005534842098827208e-01
4.321966494783435753e-01 1.005520228734006899e-01
4.334995309693513432e-01 1.005505680732364515e-01
4.348043728583591006e-01 1.005491197797058756e-01
4.361111751453669583e-01 1.005476779633295431e-01
4.374199378303746943e-01 1.005462425948433214e-01
4.387306609133826418e-01 1.005448136451849855e-01
4.400433443943906342e-01 1.005433910855235841e-01
4.413579882733986715e-01 1.005419748872044133e-01
4.426745925504067536e-01 1.005405650218104824e-01
4.439931572254149361e-01 1.005391614611093748e-01
4.453136822984231080e-01 1.005377641770813929e-01
4.466361677694313248e-01 1.005363731419079282e-01
4.479606136384396420e-01 1.005349883279685608e-01
4.492870199054478375e-01 1.005336097078533414e-01
4.506153865704562445e-01 1.005322372543295956e-01
4.519457136334646408e-01 1.005308709403911760e-01
4.532780010944731375e-01 1.005295107392003701e-01
4.546122489534816791e-01 1.005281566241320867e-01
4.559484572104903211e-01 1.005268085687471419e-01
4.572866258654989524e-01 1.005254665468005432e-01
4.586267549185076287e-01 1.005241305322405049e-01
4.599688443695163498e-01 1.005228004991949725e-01
4.613128942185250048e-01 1.005214764220012519e-01
4.626589044655338712e-01 1.005201582751563960e-01
4.640068751105427269e-01 1.005188460333693717e-01
4.653568061535516831e-01 1.005175396715169839e-01
4.667086975945606842e-01 1.005162391646675091e-01
4.680625494335697301e-01 1.005149444880703707e-01
4.694183616705788209e-01 1.005136556171539186e-01
4.707761343055879566e-01 1.005123725275354207e-01
4.721358673385971372e-01 1.005110951949939324e-01
4.734975607696062516e-01 1.005098235955104724e-01
4.748612145986155220e-01 1.005085577052197698e-01
4.762268288256248927e-01 1.005072975004486086e-01
4.775944034506342528e-01 1.005060429576905556e-01
4.789639384736437133e-01 1.005047940536153428e-01
4.803354338946532187e-01 1.005035507650643145e-01
4.817088897136627690e-01 1.005023130690540639e-01
4.830843059306723641e-01 1.005010809427602098e-01
4.844616825456818376e-01 1.004998543635491626e-01
4.858410195586915226e-01 1.004986333089284145e-01
4.872223169697012524e-01 1.004974177565968046e-01
4.886055747787110826e-01 1.004962076844051616e-01
4.899907929857209021e-01 1.004950030703751773e-01
4.913779715907308221e-01 1.004938038926913718e-01
4.927671105937407314e-01 1.004926101297005797e-01
4.941582099947507412e-01 1.004914217599174181e-01
4.955512697937607958e-01 1.004902387620056625e-01
4.969462899907707287e-01 1.004890611148063634e-01
4.983432705857808731e-01 1.004878887973041646e-01
4.997422115787910624e-01 1.004867217886519365e-01
5.011431129698012965e-01 1.004855600681560934e-01
5.025459747588115755e-01 1.004844036152804931e-01
5.039507969458218994e-01 1.004832524096446467e-01
5.053575795308323793e-01 1.004821064310238016e-01
5.067663225138427929e-01 1.004809656593418088e-01
5.081770258948532515e-01 1.004798300746871792e-01
5.095896896738636439e-01 1.004786996572837182e-01
5.110043138508743032e-01 1.004775743875226529e-01
5.124208984258848965e-01 1.004764542459338494e-01
5.138394433988955345e-01 1.004753392132029105e-01
5.152599487699063285e-01 1.004742292701609890e-01
5.166824145389171674e-01 1.004731243977883409e-01
5.181068407059279401e-01 1.004720245772113690e-01
5.195332272709388688e-01 1.004709297897008191e-01
5.209615742339498423e-01 1.004698400166792877e-01
5.223918815949606387e-01 1.004687552397009187e-01
5.238241493539717020e-01 1.004676754404789096e-01
5.252583775109828101e-01 1.004666006008561180e-01
5.266945660659939632e-01 1.004655307028251010e-01
5.281327150190051611e-01 1.004644657285155562e-01
5.295728243700164040e-01 1.004634056601997200e-01
5.310148941190276917e-01 1.004623504802883566e-01
5.324589242660390243e-01 1.004613001713303144e-01
5.339049148110504017e-01 1.004602547160152182e-01
5.353528657540617131e-01 1.004592140971638098e-01
5.368027770950731803e-01 1.004581782977444354e-01
5.382546488340846924e-01 1.004571473008459143e-01
5.397084809710962494e-01 1.004561210897071538e-01
5.411642735061079623e-01 1.004550996476908514e-01
5.426220264391196091e-01 1.004540829582981493e-01
5.440817397701314118e-01 1.004530710051616260e-01
5.455434134991431483e-01 1.004520637720465875e-01
5.470070476261550407e-01 1.004510612428486105e-01
5.484726421511667560e-01 1.004500634015947913e-01
5.499401970741787382e-01 1.004490702324449536e-01
5.514097123951906543e-01 1.004480817196801018e-01
5.528811881142027262e-01 1.004470978477217530e-01
5.543546242312148431e-01 1.004461186011082890e-01
5.558300207462270048e-01 1.004451439645128730e-01
5.573073776592392115e-01 1.004441739227321523e-01
5.587866949702514630e-01 1.004432084606894510e-01
5.602679726792635373e-01 1.004422475634333262e-01
5.617512107862758786e-01 1.004412912161380955e-01
5.632364092912882647e-01 1.004403394041012004e-01
5.647235681943006957e-01 1.004393921127424982e-01
5.662126874953131717e-01 1.004384493276101742e-01
5.677037671943258035e-01 1.004375110343650179e-01
5.691968072913383692e-01 1.004365772188004907e-01
5.706918077863509797e-01 1.004356478668226860e-01
5.721887686793637462e-01 1.004347229644629580e-01
5.736876899703762245e-01 1.004338024978704696e-01
5.751885716593890807e-01 1.004328864533144960e-01
5.766914137464018708e-01 1.004319748171828980e-01
5.781962162314148168e-01 1.004310675759818999e-01
5.797029791144278077e-01 1.004301647163345079e-01
5.812117023954407324e-01 1.004292662249838403e-01
5.827223860744538131e-01 1.004283720887832326e-01
5.842350301514669386e-01 1.004274822947114482e-01
5.857496346264799980e-01 1.004265968298516665e-01
5.872661994994931023e-01 1.004257156814119811e-01
5.887847247705062514e-01 1.004248388367085798e-01
5.903052104395195565e-01 1.004239662831741403e-01
5.918276565065329065e-01 1.004230980083536118e-01
5.933520629715463013e-01 1.004222339999056163e-01
5.948784298345597410e-01 1.004213742456009500e-01
5.964067570955732256e-01 1.004205187333214594e-01
5.979370447545868661e-01 1.004196674510623305e-01
5.994692928116004405e-01 1.004188203869261775e-01
6.010035012666138377e-01 1.004179775291312998e-01
6.025396701196276128e-01 1.004171388659989561e-01
6.040777993706413218e-01 1.004163043859668952e-01
6.056178890196550757e-01 1.004154740775767690e-01
6.071599390666689855e-01 1.004146479294816124e-01
6.087039495116828292e-01 1.004138259304409864e-01
6.102499203546968287e-01 1.004130080693226151e-01
6.117978515957107621e-01 1.004121943351017898e-01
6.133477432347248515e-01 1.004113847168602441e-01
6.148995952717387636e-01 1.004105792037852940e-01
6.164534077067529427e-01 1.004097777851722800e-01
6.180091805397671667e-01 1.004089804504178923e-01
6.195669137707813245e-01 1.004081871890305927e-01
6.211266073997956383e-01 1.004073979906145025e-01
6.226882614268099969e-01 1.004066128448877909e-01
6.242518758518244004e-01 1.004058317416638008e-01
6.258174506748388488e-01 1.004050546708655789e-01
6.273849858958533421e-01 1.004042816225153983e-01
6.289544815148676582e-01 1.004035125867402400e-01
6.305259375318823523e-01 1.004027475537681985e-01
6.320993539468969802e-01 1.004019865139304801e-01
6.336747307599116530e-01 1.004012294576580033e-01
6.352520679709263707e-01 1.004004763754855478e-01
6.368313655799411332e-01 1.003997272580455374e-01
6.384126235869560517e-01 1.003989820960742574e-01
6.399958419919709041e-01 1.003982408804043186e-01
6.415810207949856903e-01 1.003975036019727901e-01
6.431681599960007434e-01 1.003967702518103050e-01
6.447572595950157304e-01 1.003960408210529676e-01
6.463483195920308733e-01 1.003953153009306126e-01
6.479413399870459500e-01 1.003945936827741331e-01
6.495363207800611827e-01 1.003938759580118023e-01
6.511332619710764602e-01 1.003931621181701345e-01
6.527321635600916716e-01 1.003924521548719834e-01
6.543330255471070389e-01 1.003917460598393596e-01
6.559358479321222291e-01 1.003910438248893366e-01
6.575406307151376861e-01 1.003903454419364516e-01
6.591473738961531881e-01 1.003896509029921363e-01
6.607560774751687349e-01 1.003889602001623443e-01
6.623667414521843266e-01 1.003882733256506316e-01
6.639793658271999632e-01 1.003875902717539237e-01
6.655939506002157557e-01 1.003869110308672902e-01
6.672104957712314821e-01 1.003862355954772967e-01
6.688290013402472534e-01 1.003855639581681669e-01
6.704494673072629585e-01 1.003848961116168559e-01
6.720718936722788195e-01 1.003842320485954787e-01
6.736962804352947254e-01 1.003835717619690482e-01
6.753226275963107872e-01 1.003829152446975848e-01
6.769509351553267829e-01 1.003822624898336457e-01
6.785812031123429344e-01 1.003816134905237689e-01
6.802134314673590199e-01 1.003809682400064879e-01
6.818476202203752612e-01 1.003803267316144415e-01
6.834837693713914364e-01 1.003796889587717095e-01
6.851218789204075454e-01 1.003790549149961575e-01
6.867619488674239214e-01 1.003784245938956765e-01
6.884039792124403423e-01 1.003777979891730121e-01
6.900479699554568080e-01 1.003771750946196445e-01
6.916939210964733187e-01 1.003765559041210897e-01
6.933418326354898742e-01 1.003759404116533194e-01
6.949917045725064746e-01 1.003753286112833154e-01
6.966435369075231199e-01 1.003747204971694174e-01
6.982973296405398100e-01 1.003741160635615304e-01
6.999530827715563230e-01 1.003735153047983775e-01
7.016107963005731030e-01 1.003729182153112465e-01
7.032704702275899278e-01 1.003723247896215892e-01
7.049321045526069085e-01 1.003717350223397031e-01
7.065956992756238231e-01 1.003711489081673680e-01
7.082612543966407825e-01 1.003705664418960003e-01
7.099287699156578979e-01 1.003699876184065420e-01
7.115982458326749471e-01 1.003694124326697662e-01
7.132696821476921523e-01 1.003688408797469150e-01
7.149430788607090692e-01 1.003682729547871050e-01
7.166184359717263641e-01 1.003677086530299772e-01
7.182957534807437039e-01 1.003671479698046431e-01
7.199750313877609775e-01 1.003665909005275469e-01
7.216562696927784071e-01 1.003660374407066153e-01
7.233394683957958815e-01 1.003654875859370382e-01
7.250246274968132898e-01 1.003649413319034067e-01
7.267117469958308540e-01 1.003643986743791572e-01
7.284008268928482410e-01 1.003638596092261692e-01
7.300918671878658950e-01 1.003633241323951680e-01
7.317848678808835938e-01 1.003627922399253358e-01
7.334798289719013376e-01 1.003622639279443118e-01
7.351767504609192372e-01 1.003617391926682895e-01
7.368756323479370707e-01 1.003612180304017387e-01
7.385764746329549491e-01 1.003607004375368650e-01
7.402792773159728723e-01 1.003601864105557323e-01
7.419840403969908404e-01 1.003596759460271548e-01
7.436907638760087425e-01 1.003591690406080289e-01
7.453994477530268004e-01 1.003586656910454705e-01
7.471100920280450142e-01 1.003581658941718746e-01
7.488226967010631618e-01 1.003576696469104107e-01
7.505372617720814654e-01 1.003571769462700547e-01
7.522537872410997029e-01 1.003566877893501685e-01
7.539722731081180962e-01 1.003562021733365311e-01
7.556927193731364234e-01 1.003557200955035589e-01
7.574151260361549065e-01 1.003552415532141667e-01
7.591394930971732125e-01 1.003547665439189912e-01
7.608658205561917853e-01 1.003542950651573062e-01
7.625941084132104031e-01 1.003538271145556077e-01
7.643243566682289547e-01 1.003533626898300418e-01
7.660565653212476622e-01 1.003529017887836994e-01
7.677907343722664146e-01 1.003524444093088636e-01
7.695268638212852119e-01 1.003519905493858583e-01
7.712649536683040541e-01 1.003515402070834783e-01
7.730050039133229411e-01 1.003510933805587813e-01
7.747470145563417621e-01 1.003506500680575175e-01
7.764909855973607389e-01 1.003502102679147551e-01
7.782369170363797606e-01 1.003497739785528670e-01
7.799848088733989382e-01 1.003493411984839878e-01
7.817346611084180497e-01 1.003489119263090285e-01
7.834864737414372060e-01 1.003484861607171763e-01
7.852402467724565183e-01 1.003480639004883934e-01
7.869959802014757644e-01 1.003476451444892670e-01
7.887536740284951664e-01 1.003472298916779776e-01
7.905133282535142802e-01 1.003468181411010796e-01
7.922749428765337720e-01 1.003464098918945280e-01
7.940385178975533087e-01 1.003460051432843170e-01
7.958040533165727792e-01 1.003456038945862300e-01
7.975715491335924057e-01 1.003452061452057703e-01
7.993410053486120770e-01 1.003448118946388828e-01
8.011124219616317932e-01 1.003444211424719401e-01
8.028857989726515543e-01 1.003440338883806182e-01
8.046611363816711382e-01 1.003436501321321450e-01
8.064384341886909890e-01 1.003432698735848699e-01
8.082176923937108848e-01 1.003428931126873064e-01
8.099989109967308254e-01 1.003425198494790338e-01
8.117820899977508109e-01 1.003421500840921687e-01
8.135672293967708413e-01 1.003417838167487697e-01
8.153543291937909165e-01 1.003414210477641955e-01
8.171433893888111477e-01 1.003410617775441493e-01
8.189344099818313127e-01 1.003407060065882317e-01
8.207273909728513006e-01 1.003403537354874420e-01
8.225223323618716664e-01 1.003400049649255110e-01
8.243192341488919661e-01 1.003396596956796366e-01
8.261180963339124217e-01 1.003393179286193038e-01
8.279189189169328111e-01 1.003389796647092685e-01
8.297217018979533565e-01 1.003386449050049783e-01
8.315264452769738357e-01 1.003383136506587892e-01
8.333331490539944708e-01 1.003379859029156218e-01
8.351418132290151508e-01 1.003376616631161955e-01
8.369524378020356536e-01 1.003373409326942384e-01
8.387650227730564234e-01 1.003370237131807063e-01
8.405795681420771270e-01 1.003367100062006328e-01
8.423960739090979866e-01 1.003363998134754187e-01
8.442145400741188910e-01 1.003360931368225267e-01
8.460349666371398403e-01 1.003357899781557178e-01
8.478573535981608345e-01 1.003354903394855918e-01
8.496817009571818735e-01 1.003351942229201155e-01
8.515080087142030685e-01 1.003349016306649411e-01
8.533362768692239753e-01 1.003346125650225878e-01
8.551665054222451490e-01 1.003343270283953148e-01
8.569986943732663676e-01 1.003340450232828585e-01
8.588328437222877421e-01 1.003337665522848060e-01
8.606689534693090504e-01 1.003334916180993186e-01
8.625070236143304037e-01 1.003332202235257126e-01
8.643470541573519128e-01 1.003329523714621280e-01
8.661890450983733558e-01 1.003326880649086927e-01
8.680329964373949547e-01 1.003324273069657740e-01
8.698789081744163765e-01 1.003321701008356853e-01
8.717267803094379541e-01 1.003319164498236993e-01
8.735766128424596877e-01 1.003316663573356055e-01
8.754284057734814661e-01 1.003314198268823870e-01
8.772821591025032895e-01 1.003311768620769179e-01
8.791378728295250466e-01 1.003309374666368908e-01
8.809955469545469597e-01 1.003307016443844291e-01
8.828551814775689177e-01 1.003304693992466690e-01
8.847167763985909206e-01 1.003302407352556769e-01
8.865803317176127463e-01 1.003300156565507806e-01
8.884458474346348389e-01 1.003297941673767235e-01
8.903133235496569764e-01 1.003295762720865097e-01
8.921827600626792698e-01 1.003293619751401689e-01
8.940541569737014971e-01 1.003291512811062824e-01
8.959275142827237692e-01 1.003289441946623173e-01
8.978028319897460863e-01 1.003287407205957354e-01
8.996801100947685592e-01 1.003285408638029952e-01
9.015593485977907440e-01 1.003283446292929648e-01
9.034405474988133067e-01 1.003281520221843970e-01
9.053237067978358033e-01 1.003279630477088014e-01
9.072088264948584557e-01 1.003277777112105140e-01
9.090959065898810421e-01 1.003275960181468224e-01
9.109849470829037843e-01 1.003274179740893945e-01
9.128759479739264604e-01 1.003272435847240712e-01
9.147689092629492924e-01 1.003270728558534192e-01
9.166638309499721693e-01 1.003269057933944969e-01
9.185607130349948690e-01 1.003267424033824351e-01
9.204595555180178357e-01 1.003265826919697290e-01
9.223603583990407362e-01 1.003264266654270293e-01
9.242631216780637926e-01 1.003262743301446269e-01
9.261678453550868939e-01 1.003261256926320649e-01
9.280745294301100401e-01 1.003259807595205666e-01
9.299831739031333422e-01 1.003258395375611900e-01
9.318937787741565781e-01 1.003257020336301569e-01
9.338063440431798590e-01 1.003255682547242594e-01
9.357208697102029626e-01 1.003254382079653700e-01
9.376373557752263332e-01 1.003253119006007055e-01
9.395558022382498597e-01 1.003251893400026462e-01
9.414762090992733201e-01 1.003250705336704157e-01
9.433985763582968254e-01 1.003249554892316070e-01
9.453229040153204865e-01 1.003248442144406144e-01
9.472491920703440815e-01 1.003247367171833243e-01
9.491774405233678324e-01 1.003246330054745061e-01
9.511076493743915172e-01 1.003245330874614205e-01
9.530398186234151359e-01 1.003244369714229450e-01
9.549739482704390214e-01 1.003243446657716004e-01
9.569100383154629519e-01 1.003242561790549797e-01
9.588480887584868162e-01 1.003241715199548884e-01
9.607880995995108364e-01 1.003240906972902302e-01
9.627300708385349015e-01 1.003240137200183540e-01
9.646740024755590115e-01 1.003239405972338461e-01
9.666198945105831664e-01 1.003238713381717495e-01
9.685677469436073661e-01 1.003238059522082726e-01
9.705175597746313887e-01 1.003237444488609686e-01
9.724693330036556782e-01 1.003236868377914842e-01
9.744230666306800126e-01 1.003236331288049760e-01
9.763787606557043919e-01 1.003235833318527892e-01
9.783364150787289271e-01 1.003235374570326383e-01
9.802960298997533961e-01 1.003234955145910490e-01
9.822576051187779100e-01 1.003234575149225677e-01
9.842211407358025799e-01 1.003234234685736470e-01
9.861866367508271836e-01 1.003233933862417299e-01
9.881540931638517211e-01 1.003233672787782055e-01
9.901235099748764146e-01 1.003233451571882151e-01
9.920948871839012639e-01 1.003233270326327753e-01
9.940682247909260472e-01 1.003233129164315951e-01
9.960435227959509863e-01 1.003233028200614801e-01
9.980207811989759703e-01 1.003232967551598159e-01
1.000000000000000666e+00 1.003232947335259140e-01
