0.000000000000000000e+00 3.058283912968476348e-01
2.078119897502626434e-05 3.058111978893160998e-01
4.352279595010249372e-05 3.057923825386542060e-01
6.822479092522875592e-05 3.057719452448736663e-01
9.488718390040502381e-05 3.057498860079967962e-01
1.235099748756312839e-04 3.057262048280573463e-01
1.540931638509075632e-04 3.057009017051007804e-01
1.866367508262337669e-04 3.056739766391913249e-01
2.211407358016100034e-04 3.056454296303863782e-01
2.576051187770363269e-04 3.056152606787767567e-01
2.960298997525126832e-04 3.055834697844156400e-01
3.364150787280388555e-04 3.055500569474220440e-01
3.787606557036150606e-04 3.055150221678632483e-01
4.230666306792412444e-04 3.054783654458303466e-01
4.693330036549174067e-04 3.054400867814262011e-01
5.175597746306437102e-04 3.054001861747231428e-01
5.677469436064200466e-04 3.053586636258145970e-01
6.198945105822462531e-04 3.053155191347683983e-01
6.740024755581224382e-04 3.052707527016577660e-01
7.300708385340486020e-04 3.052243643265569184e-01
7.880995995100251780e-04 3.051763540095002170e-01
8.480887584860512989e-04 3.051267217505658214e-01
9.100383154621275068e-04 3.050754675497724944e-01
9.739482704382536934e-04 3.050225914071724720e-01
1.039818623414429750e-03 3.049680933227957857e-01
1.107649374390655894e-03 3.049119732966748542e-01
1.177440523366932558e-03 3.048542313288372108e-01
1.249192070343258659e-03 3.047948674193194374e-01
1.322904015319634847e-03 3.047338815681550073e-01
1.398576358296060905e-03 3.046712737753852207e-01
1.476209099272537051e-03 3.046070440410618141e-01
1.555802238249063716e-03 3.045411923652492914e-01
1.637355775225640036e-03 3.044737187480348051e-01
1.720869710202266008e-03 3.044046231895130572e-01
1.806344043178942285e-03 3.043339056898261563e-01
1.893778774155669082e-03 3.042615662491329753e-01
1.983173903132445098e-03 3.041876048676465105e-01
2.074529430109271419e-03 3.041120215455950793e-01
2.167845355086147393e-03 3.040348162833080847e-01
2.263121678063073454e-03 3.039559890811394660e-01
2.360358399040050469e-03 3.038755399395390855e-01
2.459555518017076271e-03 3.037934688590090970e-01
2.560713034994152593e-03 3.037097758401408609e-01
2.663830949971278568e-03 3.036244608835785841e-01
2.768909262948454630e-03 3.035375239900300337e-01
2.875947973925680780e-03 3.034489651602068072e-01
2.984947082902957450e-03 3.033587843947928575e-01
3.095906589880283773e-03 3.032669816943692198e-01
3.208826494857659750e-03 3.031735570592554718e-01
3.323706797835085814e-03 3.030785104894119231e-01
3.440547498812561965e-03 3.029818419841665000e-01
3.559348597790088636e-03 3.028835515419996960e-01
3.680110094767664961e-03 3.027836391602258259e-01
3.802831989745290939e-03 3.026821048346383103e-01
3.927514282722965704e-03 3.025789485593077810e-01
4.054156973700691856e-03 3.024741703264002268e-01
4.182760062678468095e-03 3.023677701265287121e-01
4.313323549656295289e-03 3.022597479497853845e-01
4.445847434634171702e-03 3.021501037881780816e-01
4.580331717612097335e-03 3.020388376405431785e-01
4.716776398590073922e-03 3.019259495214399736e-01
4.855181477568099729e-03 3.018114394766641673e-01
4.995546954546175623e-03 3.016953076094011088e-01
5.137872829524301604e-03 3.015775541229877565e-01
5.282159102502477672e-03 3.014581793897677109e-01
5.428405773480703828e-03 3.013371820458583539e-01
5.576612842458980070e-03 3.012145624352907114e-01
5.726780309437305531e-03 3.010903207636624335e-01
5.878908174415681948e-03 3.009644571439338279e-01
6.032996437394107583e-03 3.008369716296854235e-01
6.189045098372585908e-03 3.007078642386243339e-01
6.347054157351111718e-03 3.005771349686968130e-01
6.507023614329687615e-03 3.004447838085426148e-01
6.668953469308313599e-03 3.003108107440445318e-01
6.832843722286989670e-03 3.001752157619532180e-01
6.998694373265715828e-03 3.000379988516540530e-01
7.166505422244492073e-03 2.998991600057291929e-01
7.336276869223317537e-03 2.997586992197836531e-01
7.508008714202193956e-03 2.996166164919367159e-01
7.681700957181119595e-03 2.994729118221393649e-01
7.857353598160098790e-03 2.993275852115347413e-01
8.034966637139125470e-03 2.991806366619437219e-01
8.214540074118200502e-03 2.990320661753756992e-01
8.396073909097327356e-03 2.988818737537969339e-01
8.579568142076502563e-03 2.987300593988694852e-01
8.765022773055727856e-03 2.985766231119380554e-01
8.952437802035004971e-03 2.984215648939867460e-01
9.141813229014330439e-03 2.982648847456570995e-01
9.333149053993705993e-03 2.981065826673301999e-01
9.526445276973131635e-03 2.979466586591891231e-01
9.721701897952607363e-03 2.977851127212913784e-01
9.918918916932136648e-03 2.976219448536236989e-01
1.011809633391171255e-02 2.974571550561700417e-01
1.031923414889133854e-02 2.972907433289105894e-01
1.052233236187101462e-02 2.971227096718994098e-01
1.072739097285074078e-02 2.969530540852213241e-01
1.093440998183051703e-02 2.967817765690399234e-01
1.114338938881034163e-02 2.966088771235298460e-01
1.135432919379021806e-02 2.964343557489635961e-01
1.156722939677014457e-02 2.962582124456128452e-01
1.178208999775011943e-02 2.960804472137794630e-01
1.199891099673014612e-02 2.959010600537839708e-01
1.221769239371022463e-02 2.957200509659554943e-01
1.243843418869035149e-02 2.955374199506125565e-01
1.266113638167052670e-02 2.953531670080794536e-01
1.288579897265075200e-02 2.951672921386852000e-01
1.311242196163102738e-02 2.949797953427233943e-01
1.334100534861135459e-02 2.947906766205078410e-01
1.357154913359173015e-02 2.945999359723317501e-01
1.380405331657215580e-02 2.944075733985000443e-01
1.403851789755263153e-02 2.942135888993073212e-01
1.427494287653315735e-02 2.940179824750495108e-01
1.451332825351373326e-02 2.938207541260166034e-01
1.475367402849436273e-02 2.936219038525209046e-01
1.499598020147503881e-02 2.934214316548606205e-01
1.524024677245576498e-02 2.932193375333402297e-01
1.548647374143653950e-02 2.930156214882779775e-01
1.573466110841736931e-02 2.928102835199876686e-01
1.598480887339824227e-02 2.926033236287882144e-01
1.623691703637917053e-02 2.923947418150070754e-01
1.649098559736014366e-02 2.921845380789656055e-01
1.674701455634117209e-02 2.919727124210019231e-01
1.700500391332224540e-02 2.917592648414448209e-01
1.726495366830337400e-02 2.915441953406368025e-01
1.752686382128455442e-02 2.913275039189145987e-01
1.779073437226577625e-02 2.911091905766087784e-01
1.805656532124705685e-02 2.908892553140812187e-01
1.832435666822837886e-02 2.906676981316694275e-01
1.859410841320975616e-02 2.904445190297205159e-01
1.886582055619118528e-02 2.902197180085914763e-01
1.913949309717265929e-02 2.899932950686364697e-01
1.941512603615418858e-02 2.897652502102047167e-01
1.969271937313575929e-02 2.895355834336628686e-01
1.997227310811738876e-02 2.893042947393701936e-01
2.025378724109906312e-02 2.890713841276942309e-01
2.053726177208079276e-02 2.888368515990029084e-01
2.082269670106256382e-02 2.886006971536647647e-01
2.111009202804439364e-02 2.883629207920523352e-01
2.139944775302626487e-02 2.881235225145439283e-01
2.169076387600819486e-02 2.878825023215179080e-01
2.198404039699017321e-02 2.876398602133559690e-01
2.227927731597219643e-02 2.873955961904453016e-01
2.257647463295427495e-02 2.871497102531800349e-01
2.287563234793639835e-02 2.869022024019355355e-01
2.317675046091857705e-02 2.866530726371132043e-01
2.347982897190080062e-02 2.864023209591091690e-01
2.378486788088307949e-02 2.861499473683173922e-01
2.409186718786539977e-02 2.858959518651505993e-01
2.440082689284778228e-02 2.856403344499959251e-01
2.471174699583020273e-02 2.853830951232634305e-01
2.502462749681268195e-02 2.851242338853644531e-01
2.533946839579521298e-02 2.848637507367071664e-01
2.565626969277778543e-02 2.846016456776994108e-01
2.597503138776041318e-02 2.843379187087671789e-01
2.629575348074308580e-02 2.840725698303286362e-01
2.661843597172581372e-02 2.838055990428198228e-01
2.694307886070858651e-02 2.835370063466794432e-01
2.726968214769141807e-02 2.832667917423521420e-01
2.759824583267428758e-02 2.829949552302892801e-01
2.792876991565721931e-02 2.827214968109523219e-01
2.826125439664019939e-02 2.824464164847956815e-01
2.859569927562322089e-02 2.821697142522566759e-01
2.893210455260630115e-02 2.818913901137368727e-01
2.927047022758941935e-02 2.816114440696046994e-01
2.961079630057259979e-02 2.813298761201719622e-01
2.995308277155582163e-02 2.810466862657171605e-01
3.029732964053910224e-02 2.807618745065191268e-01
3.064353690752242426e-02 2.804754408429311896e-01
3.099170457250580504e-02 2.801873852755351058e-01
3.134183263548922377e-02 2.798977078053001000e-01
3.169392109647270472e-02 2.796064084337053224e-01
3.204796995545623056e-02 2.793134871627131477e-01
3.240397921243980128e-02 2.790189439943547289e-01
3.276194886742343076e-02 2.787227789296852221e-01
3.312187892040710513e-02 2.784249919669755102e-01
3.348376937139083825e-02 2.781255830995981726e-01
3.384762022037460932e-02 2.778245523151052221e-01
3.421343146735843915e-02 2.775218995993739002e-01
3.458120311234230693e-02 2.772176249517567248e-01
3.495093515532624040e-02 2.769117284162043169e-01
3.532262759631021182e-02 2.766042101164109535e-01
3.569628043529424199e-02 2.762950702172169981e-01
3.607189367227831706e-02 2.759843085356368242e-01
3.644946730726244394e-02 2.756719229965914897e-01
3.682900134024662264e-02 2.753579174935679164e-01
3.721049577123083929e-02 2.750422900038529961e-01
3.759395060021512164e-02 2.747250403293987620e-01
3.797936582719944193e-02 2.744061686296461189e-01
3.836674145218382098e-02 2.740856750281888132e-01
3.875607747516824492e-02 2.737635595681672251e-01
3.914737389615272761e-02 2.734398222471661200e-01
3.954063071513724825e-02 2.731144630498086867e-01
3.993584793212182765e-02 2.727874819635722758e-01
4.033302554710645887e-02 2.724588789826781765e-01
4.073216356009112804e-02 2.721286541065578435e-01
4.113326197107585597e-02 2.717968073371570537e-01
4.153632078006062878e-02 2.714633386769554901e-01
4.194133998704546035e-02 2.711282481279771450e-01
4.234831959203032986e-02 2.707915356915000515e-01
4.275725959501525814e-02 2.704532013682434677e-01
4.316815999600023129e-02 2.701132451586125693e-01
4.358102079498526321e-02 2.697716670628999003e-01
4.399584199197033307e-02 2.694284670814492966e-01
4.441262358695546170e-02 2.690836452146809776e-01
4.483136557994064214e-02 2.687372014631086992e-01
4.525206797092586747e-02 2.683891358273099437e-01
4.567473075991114462e-02 2.680394483078828993e-01
4.609935394689646665e-02 2.676881389054482363e-01
4.652593753188184744e-02 2.673352076206217398e-01
4.695448151486726618e-02 2.669806544539988780e-01
4.738498589585275061e-02 2.666244794061832790e-01
4.781745067483826606e-02 2.662666824777700225e-01
4.825187585182384720e-02 2.659072636693387559e-01
4.868826142680946628e-02 2.655462229814881669e-01
4.912660739979515107e-02 2.651835604148181091e-01
4.956691377078088073e-02 2.648192759699287135e-01
5.000918053976664834e-02 2.644533696474208329e-01
5.045340770675248165e-02 2.640858414479086980e-01
5.089959527173835291e-02 2.637166913720044858e-01
5.134774323472428292e-02 2.633459194203228715e-01
5.179785159571025088e-02 2.629735255934968485e-01
5.224992035469628454e-02 2.625995098921367066e-01
5.270394951168235614e-02 2.622238723168826002e-01
5.315993906666848651e-02 2.618466128683609173e-01
5.361788901965465481e-02 2.614677315472164754e-01
5.407779937064088882e-02 2.610872283540910943e-01
5.453967011962716771e-02 2.607051032896195997e-01
5.500350126661349148e-02 2.603213563544473641e-01
5.546929281159986708e-02 2.599359875491989991e-01
5.593704475458628755e-02 2.595489968744928433e-01
5.640675709557277373e-02 2.591603843309383537e-01
5.687842983455929091e-02 2.587701499191629728e-01
5.735206297154587379e-02 2.583782936398348884e-01
5.782765650653248768e-02 2.579848154937187110e-01
5.830521043951917420e-02 2.575897154817179402e-01
5.878472477050590561e-02 2.571929936048212850e-01
5.926619949949267496e-02 2.567946498639629982e-01
5.974963462647950307e-02 2.563946842596150355e-01
6.023503015146637607e-02 2.559930967913148225e-01
6.072238607445330782e-02 2.555898874574183410e-01
6.121170239544027752e-02 2.551850562560077362e-01
6.170297911442730598e-02 2.547786031882336988e-01
6.219621623141437933e-02 2.543705282641388621e-01
6.269141374640151143e-02 2.539608315061934185e-01
6.318857165938866760e-02 2.535495129340620823e-01
6.368768997037589641e-02 2.531365725028921765e-01
6.418876867936318398e-02 2.527220100083578669e-01
6.469180778635051643e-02 2.523058252799793011e-01
6.519680729133789376e-02 2.518880202765295118e-01
6.570376719432530210e-02 2.514685918621960559e-01
6.621268749531278308e-02 2.510475419424278432e-01
6.672356819430030894e-02 2.506248703692792179e-01
6.723640929128789356e-02 2.502005769448130135e-01
6.775121078627552307e-02 2.497746616244746476e-01
6.826797267926318358e-02 2.493471244275726473e-01
6.878669497025091673e-02 2.489179653759869826e-01
6.930737765923869476e-02 2.484871844790056961e-01
6.983002074622653155e-02 2.480547817372193986e-01
7.035462423121441322e-02 2.476207571485844749e-01
7.088118811420231202e-02 2.471851107116692925e-01
7.140971239519029734e-02 2.467478424263613856e-01
7.194019707417832754e-02 2.463089522934603093e-01
7.247264215116641650e-02 2.458684403140700137e-01
7.300704762615452259e-02 2.454263064892769630e-01
7.354341349914270132e-02 2.449825508200183799e-01
7.408173977013092493e-02 2.445371733070922371e-01
7.462202643911922118e-02 2.440901739512448820e-01
7.516427350610754843e-02 2.436415527532080350e-01
7.570848097109590669e-02 2.431913097137194391e-01
7.625464883408433758e-02 2.427394448335569443e-01
7.680277709507281336e-02 2.422859581135021201e-01
7.735286575406134790e-02 2.418308495543521897e-01
7.790491481104989957e-02 2.413741191569066524e-01
7.845892426603853775e-02 2.409157669219715303e-01
7.901489411902722082e-02 2.404557928503547881e-01
7.957282437001594877e-02 2.399941969428770472e-01
8.013271501900470772e-02 2.395309792003876836e-01
8.069456606599353932e-02 2.390661396237265812e-01
8.125837751098241579e-02 2.385996782137285166e-01
8.182414935397135103e-02 2.381315949711505786e-01
8.239188159496033115e-02 2.376618898966417204e-01
8.296157423394934227e-02 2.371905629907620772e-01
8.353322727093842603e-02 2.367176142541981831e-01
8.410684070592755468e-02 2.362430436882195228e-01
8.468241453891674209e-02 2.357668512951644479e-01
8.525994876990593274e-02 2.352890370780590379e-01
8.583944339889522379e-02 2.348096010377546949e-01
8.642089842588455972e-02 2.343285431669433205e-01
8.700431385087394054e-02 2.338458634477580123e-01
8.758968967386336624e-02 2.333615618779500134e-01
8.817702589485282294e-02 2.328756385567370968e-01
8.876632251384235228e-02 2.323880936824480326e-01
8.935757953083194038e-02 2.318989261751294439e-01
8.995079694582157337e-02 2.314081376425861925e-01
9.054597475881122348e-02 2.309157270407663498e-01
9.114311296980096011e-02 2.304216945481974976e-01
9.174221157879074162e-02 2.299260402610797116e-01
9.234327058578056802e-02 2.294287641787131071e-01
9.294628999077042542e-02 2.289298662844246324e-01
9.355126979376035545e-02 2.284293465714454241e-01
9.415820999475034425e-02 2.279272050407949168e-01
9.476711059374037793e-02 2.274234416954867000e-01
9.537797159073045650e-02 2.269180565377683922e-01
9.599079298572055219e-02 2.264110495688607949e-01
9.660557477871074827e-02 2.259024207894786973e-01
9.722231696970097536e-02 2.253921702002937011e-01
9.784101955869126122e-02 2.248802978020866261e-01
9.846168254568156419e-02 2.243668035957651907e-01
9.908430593067193981e-02 2.238516875822792462e-01
9.970888971366237419e-02 2.233349497625933544e-01
1.003354338946528534e-01 2.228165901376449320e-01
1.009639384736433915e-01 2.222966087083741993e-01
1.015944034506339466e-01 2.217750054757467171e-01
1.022268288256245744e-01 2.212517804408037081e-01
1.028612145986152610e-01 2.207269336046581154e-01
1.034975607696059924e-01 2.202004649683450832e-01
1.041358673385967409e-01 2.196723745324863086e-01
1.047761343055875760e-01 2.191426622970150395e-01
1.054183616705784560e-01 2.186113282617898057e-01
1.060625494335693947e-01 2.180783724294305115e-01
1.067086975945603783e-01 2.175437948093544849e-01
1.073568061535513790e-01 2.170075954112819783e-01
1.080068751105424663e-01 2.164697742011605364e-01
1.086589044655335984e-01 2.159303310627603834e-01
1.093128942185247754e-01 2.153892664809224644e-01
1.099688443695159834e-01 2.148465797685518153e-01
1.106267549185072641e-01 2.143022713905841370e-01
1.112866258654986035e-01 2.137563412437280819e-01
1.119484572104899878e-01 2.132087892945714047e-01
1.126122489534813753e-01 2.126596155513205966e-01
1.132780010944728633e-01 2.121088200227998211e-01
1.139457136334643961e-01 2.115564027116515478e-01
1.146153865704559877e-01 2.110023636179030604e-01
1.152870199054476102e-01 2.104467027416630498e-01
1.159606136384392638e-01 2.098894200836917967e-01
1.166361677694310039e-01 2.093305156451202853e-01
1.173136822984227889e-01 2.087699894271128898e-01
1.179931572254146188e-01 2.082078414307435843e-01
1.186745925504064658e-01 2.076440716570041034e-01
1.193579882733983993e-01 2.070786801069645078e-01
1.200433443943903777e-01 2.065116667820102447e-01
1.207306609133824149e-01 2.059430316838111452e-01
1.214199378303744969e-01 2.053727748133499786e-01
1.221111751453665961e-01 2.048008961687319829e-01
1.228043728583587818e-01 2.042273957459747047e-01
1.234995309693510124e-01 2.036522735569113729e-01
1.241966494783433017e-01 2.030755296564549228e-01
1.248957283853355943e-01 2.024971638547109487e-01
1.255967676903279873e-01 2.019171764165882677e-01
1.262997673933204390e-01 2.013355671621937515e-01
1.270047274943129079e-01 2.007523361395449624e-01
1.277116479933054216e-01 2.001674833610126714e-01
1.284205288902980080e-01 1.995810088241009861e-01
1.291313701852906393e-01 1.989929125279347732e-01
1.298441718782833154e-01 1.984031944746044440e-01
1.305589339692760642e-01 1.978118546674364764e-01
1.312756564582688024e-01 1.972188931103596443e-01
1.319943393452616409e-01 1.966243098081653928e-01
1.327149826302545244e-01 1.960281047671364740e-01
1.334375863132474527e-01 1.954302779956819114e-01
1.341621503942403981e-01 1.948308295051955907e-01
1.348886748732334440e-01 1.942297593116663612e-01
1.356171597502265069e-01 1.936270674385528745e-01
1.363476050252196425e-01 1.930227539193802022e-01
1.370800106982128508e-01 1.924168187922529194e-01
1.378143767692060206e-01 1.918092620857704267e-01
1.385507032381993187e-01 1.912000839706327615e-01
1.392889901051926616e-01 1.905892844277514153e-01
1.400292373701860493e-01 1.899768636868237048e-01
1.407714450331794265e-01 1.893628219146295255e-01
1.415156130941729040e-01 1.887471593618380572e-01
1.422617415531664542e-01 1.881298763684331465e-01
1.430098304101600493e-01 1.875109733800575107e-01
1.437598796651536337e-01 1.868904509782982615e-01
1.445118893181473185e-01 1.862683099194283876e-01
1.452658593691410482e-01 1.856445511813912264e-01
1.460217898181348506e-01 1.850191760210244396e-01
1.467796806651286701e-01 1.843921860436616156e-01
1.475395319101225067e-01 1.837635832870960217e-01
1.483013435531164437e-01 1.831333703216960762e-01
1.490651155941104256e-01 1.825015503700352926e-01
1.498308480331044801e-01 1.818681274542168769e-01
1.505985408700985240e-01 1.812331065769875460e-01
1.513681941050926405e-01 1.805964938174610956e-01
1.521398077380868297e-01 1.799582967741246986e-01
1.529133817690810637e-01 1.793185245464100075e-01
1.536889161980753704e-01 1.786771882344509177e-01
1.544664110250696387e-01 1.780343011796647334e-01
1.552458662500640352e-01 1.773898793426460230e-01
1.560272818730584765e-01 1.767439417144394120e-01
1.568106578940529627e-01 1.760965107624035964e-01
1.575959943130474383e-01 1.754476129148391794e-01
1.583832911300420421e-01 1.747972790837872825e-01
1.591725483450366629e-01 1.741455452232861245e-01
1.599637659580313565e-01 1.734924529184302955e-01
1.607569439690260948e-01 1.728380499963282635e-01
1.615520823780208504e-01 1.721823911488267189e-01
1.623491811850156785e-01 1.715255386342763311e-01
1.631482403900105516e-01 1.708675627942125019e-01
1.639492599930054972e-01 1.702085428458814942e-01
1.647522399940004323e-01 1.695485673744832611e-01
1.655571803929954677e-01 1.688877349630713565e-01
1.663640811899905481e-01 1.682261547152056891e-01
1.671729423849857010e-01 1.675639467201086585e-01
1.679837639779808434e-01 1.669012424446925102e-01
1.687965459689760583e-01 1.662381850357508573e-01
1.696112883579713460e-01 1.655749295186716985e-01
1.704279911449667062e-01 1.649116428812064383e-01
1.712466543299620836e-01 1.642485040345477987e-01
1.720672779129574781e-01 1.635857036465652170e-01
1.728898618939529452e-01 1.629234437905888455e-01
1.737144062729484850e-01 1.622619375714120238e-01
1.745409110499440697e-01 1.616014084274496332e-01
1.753693762249396715e-01 1.609420894689539971e-01
1.761998017979353459e-01 1.602842225720961522e-01
1.770321877689310930e-01 1.596280573858658292e-01
1.778665341379268849e-01 1.589738502212003357e-01
1.787028409049227218e-01 1.583218628380440862e-01
1.795411080699185480e-01 1.576723611487468313e-01
1.803813356329145023e-01 1.570256138563674297e-01
1.812235235939104738e-01 1.563818910472741242e-01
1.820676719529065180e-01 1.557414627563499243e-01
1.829137807099025514e-01 1.551045975223604434e-01
1.837618498648986853e-01 1.544715609960091995e-01
1.846118794178948919e-01 1.538426144872160062e-01
1.854638693688911155e-01 1.532180137095860428e-01
1.863178197178873563e-01 1.525980074550999377e-01
1.871737304648836975e-01 1.519828364416334898e-01
1.880316016098800835e-01 1.513727322261609332e-01
1.888914331528765145e-01 1.507679162288771135e-01
1.897532250938729903e-01 1.501685988740723288e-01
1.906169774328694833e-01 1.495749788510701561e-01
1.914826901698660766e-01 1.489872424979210019e-01
1.923503633048627148e-01 1.484055633098246008e-01
1.932199968378593979e-01 1.478301015735597468e-01
1.940915907688560982e-01 1.472610040920052932e-01
1.949651450978528711e-01 1.466984040928028532e-01
1.958406598248497166e-01 1.461424211385781713e-01
1.967181349498466070e-01 1.455931612383305762e-01
1.975975704728435423e-01 1.450507169850859812e-01
1.984789663938404669e-01 1.445151677991981520e-01
1.993623227128375197e-01 1.439865802413881346e-01
2.002476394298345896e-01 1.434650083879019378e-01
2.011349165448317322e-01 1.429504942598701644e-01
2.020241540578288642e-01 1.424430682979422047e-01
2.029153519688260965e-01 1.419427498722805603e-01
2.038085102778234015e-01 1.414495478169570941e-01
2.047036289848207236e-01 1.409634610085657158e-01
2.056007080898180628e-01 1.404844789004675298e-01
2.064997475928155024e-01 1.400125821497329726e-01
2.074007474938129869e-01 1.395477431626012399e-01
2.083037077928105441e-01 1.390899266896294673e-01
2.092086284898081183e-01 1.386390903930629637e-01
2.101155095848057097e-01 1.381951854053895812e-01
2.110243510778034015e-01 1.377581568740456619e-01
2.119351529688011382e-01 1.373279444886922329e-01
2.128479152577989197e-01 1.369044829896923221e-01
2.137626379447967184e-01 1.364877026585742392e-01
2.146793210297945897e-01 1.360775297697511266e-01
2.155979645127925337e-01 1.356738870592819612e-01
2.165185683937905226e-01 1.352766941121246458e-01
2.174411326727885563e-01 1.348858677820151397e-01
2.183656573497865794e-01 1.345013225516843158e-01
2.192921424247847306e-01 1.341229708836922385e-01
2.202205878977829268e-01 1.337507235463140931e-01
2.211509937687811678e-01 1.333844899165126663e-01
2.220833600377793982e-01 1.330241782614121626e-01
2.230176867047777289e-01 1.326696959991134628e-01
2.239539737697761046e-01 1.323209499389051969e-01
2.248922212327745529e-01 1.319778464994038614e-01
2.258324290937730461e-01 1.316402919240625691e-01
2.267745973527715286e-01 1.313081924425733016e-01
2.277187260097701116e-01 1.309814544692295413e-01
2.286648150647687394e-01 1.306599847338270615e-01
2.296128645177674399e-01 1.303436904318546474e-01
2.305628743687661297e-01 1.300324793476307361e-01
2.315148446177649200e-01 1.297262599668454475e-01
2.324687752647637551e-01 1.294249415776135281e-01
2.334246663097626351e-01 1.291284343601746543e-01
2.343825177527615322e-01 1.288366494665854345e-01
2.353423295937605020e-01 1.285494990931852766e-01
2.363041018327595444e-01 1.282668965324486599e-01
2.372678344697586317e-01 1.279887562438152271e-01
2.382335275047577638e-01 1.277149938781777239e-01
2.392011809377569131e-01 1.274455263330931676e-01
2.401707947687561351e-01 1.271802717770957603e-01
2.411423689977554297e-01 1.269191496781798545e-01
2.421159036247547691e-01 1.266620808252882091e-01
2.430913986497540979e-01 1.264089873446402612e-01
2.440688540727535549e-01 1.261597927118176810e-01
2.450482698937530290e-01 1.259144217601028126e-01
2.460296461127525758e-01 1.256728006849144041e-01
2.470129827297521674e-01 1.254348570425985465e-01
2.479982797447517484e-01 1.252005197576548101e-01
2.489855371577514298e-01 1.249697191017564851e-01
2.499747549687511561e-01 1.247423867069404196e-01
2.509659331777509550e-01 1.245184555410450838e-01
2.519590717847506878e-01 1.242978599048958355e-01
2.529541707897505765e-01 1.240805354180103542e-01
2.539512301927505100e-01 1.238664190046780550e-01
2.549502499937504885e-01 1.236554488789810419e-01
2.559512301927505673e-01 1.234475645284560802e-01
2.569541707897506355e-01 1.232427066968910107e-01
2.579590717847507486e-01 1.230408173681770689e-01
2.589659331777509621e-01 1.228418397410020874e-01
2.599747549687512205e-01 1.226457182215771324e-01
2.609855371577514682e-01 1.224523983895886431e-01
2.619982797447518164e-01 1.222618269892478682e-01
2.630129827297520984e-01 1.220739519030499820e-01
2.640296461127525363e-01 1.218887221325207632e-01
2.650482698937530190e-01 1.217060877773642608e-01
2.660688540727535467e-01 1.215260000143249391e-01
2.670913986497541748e-01 1.213484110761371693e-01
2.681159036247547922e-01 1.211732742306329685e-01
2.691423689977554545e-01 1.210005437598094813e-01
2.701707947687562172e-01 1.208301749371344103e-01
2.712011809377570248e-01 1.206621240127780798e-01
2.722335275047577108e-01 1.204963481822253907e-01
2.732678344697586081e-01 1.203328055786900691e-01
2.743041018327595504e-01 1.201714552426980942e-01
2.753423295937605375e-01 1.200122571074684202e-01
2.763825177527615695e-01 1.198551719777902480e-01
2.774246663097627019e-01 1.197001615106162431e-01
2.784687752647638237e-01 1.195471881960865485e-01
2.795148446177649904e-01 1.193962153387382458e-01
2.805628743687662574e-01 1.192472070388869015e-01
2.816128645177674028e-01 1.191001281743846590e-01
2.826648150647687596e-01 1.189549443844305360e-01
2.837187260097701613e-01 1.188116220467997086e-01
2.847745973527716079e-01 1.186701282700242249e-01
2.858324290937730994e-01 1.185304308655749511e-01
2.868922212327746357e-01 1.183924983401566100e-01
2.879539737697762170e-01 1.182562998748924871e-01
2.890176867047778431e-01 1.181218053108485933e-01
2.900833600377795141e-01 1.179889851335247375e-01
2.911509937687811744e-01 1.178578104575904589e-01
2.922205878977829352e-01 1.177282530120497689e-01
2.932921424247847964e-01 1.176002851258665521e-01
2.943656573497866469e-01 1.174738797138917684e-01
2.954411326727885978e-01 1.173490102615907110e-01
2.965185683937905936e-01 1.172256508158633914e-01
2.975979645127926343e-01 1.171037759642269138e-01
2.986793210297947199e-01 1.169833608308660650e-01
2.997626379447967393e-01 1.168643810567895208e-01
3.008479152577989146e-01 1.167468127914411402e-01
3.019351529688011904e-01 1.166306326795139847e-01
3.030243510778034555e-01 1.165158178492986807e-01
3.041155095848058210e-01 1.164023459013348721e-01
3.052086284898081758e-01 1.162901948972812627e-01
3.063037077928106311e-01 1.161793433490429517e-01
3.074007474938131312e-01 1.160697702080805138e-01
3.084997475928156763e-01 1.159614548549324220e-01
3.096007080898180996e-01 1.158543770906041437e-01
3.107036289848207899e-01 1.157485171224344744e-01
3.118085102778234696e-01 1.156438555619205000e-01
3.129153519688261942e-01 1.155403734067352445e-01
3.140241540578289636e-01 1.154380520386147913e-01
3.151349165448318335e-01 1.153368732106325734e-01
3.162476394298346927e-01 1.152368190397584369e-01
3.173623227128376523e-01 1.151378719983373322e-01
3.184789663938406568e-01 1.150400149057650284e-01
3.195975704728435396e-01 1.149432309204556635e-01
3.207181349498466338e-01 1.148475035320933590e-01
3.218406598248497730e-01 1.147528165541264744e-01
3.229651450978529570e-01 1.146591541152259391e-01
3.240915907688562414e-01 1.145665006551397080e-01
3.252199968378595152e-01 1.144748409123529653e-01
3.263503633048628338e-01 1.143841599233603595e-01
3.274826901698662529e-01 1.142944430109050363e-01
3.286169774328696613e-01 1.142056757802477202e-01
3.297532250938730591e-01 1.141178441118588793e-01
3.308914331528765573e-01 1.140309341552788319e-01
3.320316016098801559e-01 1.139449323231137290e-01
3.331737304648837994e-01 1.138598252851248938e-01
3.343178197178874878e-01 1.137755999624743691e-01
3.354638693688912210e-01 1.136922435220603655e-01
3.366118794178950546e-01 1.136097433709149507e-01
3.377618498648988776e-01 1.135280871518324075e-01
3.389137807099027455e-01 1.134472627355430779e-01
3.400676719529066028e-01 1.133672582200300899e-01
3.412235235939105604e-01 1.132880619205044320e-01
3.423813356329146185e-01 1.132096623687466469e-01
3.435411080699187214e-01 1.131320483060375137e-01
3.447028409049228137e-01 1.130552086793832067e-01
3.458665341379270064e-01 1.129791326369607302e-01
3.470321877689312440e-01 1.129038095237008404e-01
3.481998017979355819e-01 1.128292288770453566e-01
3.493693762249399093e-01 1.127553804227931361e-01
3.505409110499441705e-01 1.126822540710369636e-01
3.517144062729485876e-01 1.126098399122535537e-01
3.528898618939531051e-01 1.125381282135944766e-01
3.540672779129576120e-01 1.124671094141694444e-01
3.552466543299622193e-01 1.123967741238742074e-01
3.564279911449668714e-01 1.123271131156896308e-01
3.576112883579715684e-01 1.122581173269662086e-01
3.587965459689763104e-01 1.121897778520489913e-01
3.599837639779809306e-01 1.121220859412435517e-01
3.611729423849858178e-01 1.120550329967447550e-01
3.623640811899906944e-01 1.119886105695782896e-01
3.635571803929956158e-01 1.119228103565476362e-01
3.647522399940006377e-01 1.118576241972045054e-01
3.659492599930056489e-01 1.117930440708989753e-01
3.671482403900107605e-01 1.117290620939249829e-01
3.683491811850159170e-01 1.116656705166747671e-01
3.695520823780210629e-01 1.116028617207532048e-01
3.707569439690261981e-01 1.115406282171527430e-01
3.719637659580314892e-01 1.114789626414885576e-01
3.731725483450368253e-01 1.114178577549405913e-01
3.743832911300422062e-01 1.113573064377556404e-01
3.755959943130476320e-01 1.112973016901366990e-01
3.768106578940531581e-01 1.112378366279126451e-01
3.780272818730586737e-01 1.111789044809501914e-01
3.792458662500642896e-01 1.111204985907717213e-01
3.804664110250698950e-01 1.110626124083108346e-01
3.816889161980754896e-01 1.110052394917582508e-01
3.829133817690812402e-01 1.109483735044485275e-01
3.841398077380869802e-01 1.108920082127822920e-01
3.853681941050928206e-01 1.108361374842229685e-01
3.865985408700987613e-01 1.107807552854567640e-01
3.878308480331046915e-01 1.107258556797896670e-01
3.890651155941106665e-01 1.106714328269006176e-01
3.903013435531166864e-01 1.106174809783765228e-01
3.915395319101228067e-01 1.105639944789297696e-01
3.927796806651288053e-01 1.105109677621021469e-01
3.940217898181350153e-01 1.104583953500623411e-01
3.952658593691412148e-01 1.104062718513291047e-01
3.965118893181475146e-01 1.103545919592378161e-01
3.977598796651538593e-01 1.103033504503454915e-01
3.990098304101602489e-01 1.102525421828526309e-01
4.002617415531666833e-01 1.102021620950616176e-01
4.015156130941732182e-01 1.101522052038714783e-01
4.027714450331797424e-01 1.101026666033236429e-01
4.040292373701862005e-01 1.100535414631506614e-01
4.052889901051928145e-01 1.100048250272415151e-01
4.065507032381995289e-01 1.099565126128466408e-01
4.078143767692062882e-01 1.099085996078646849e-01
4.090800106982130369e-01 1.098610814716831641e-01
4.103476050252198859e-01 1.098139537314293812e-01
4.116171597502267798e-01 1.097672119827799442e-01
4.128886748732337186e-01 1.097208518874624589e-01
4.141621503942407023e-01 1.096748691725647068e-01
4.154375863132476199e-01 1.096292596292487292e-01
4.167149826302546933e-01 1.095840191115794171e-01
4.179943393452618672e-01 1.095391435354071547e-01
4.192756564582690304e-01 1.094946288772548626e-01
4.205589339692762940e-01 1.094504711732404295e-01
4.218441718782836025e-01 1.094066665180087050e-01
4.231313701852909004e-01 1.093632110636836435e-01
4.244205288902982987e-01 1.093201010188568079e-01
4.257116479933056308e-01 1.092773326477157886e-01
4.270047274943131188e-01 1.092349022685411980e-01
4.282997673933206517e-01 1.091928062539452848e-01
4.295967676903282295e-01 1.091510410280840532e-01
4.308957283853359077e-01 1.091096030678525980e-01
4.321966494783435753e-01 1.090684889001956315e-01
4.334995309693513432e-01 1.090276951023343016e-01
4.348043728583591006e-01 1.089872183004455125e-01
4.361111751453669583e-01 1.089470551689136896e-01
4.374199378303746943e-01 1.089072024295181240e-01
4.387306609133826418e-01 1.088676568506116160e-01
4.400433443943906342e-01 1.088284152463266652e-01
4.413579882733986715e-01 1.087894744757987447e-01
4.426745925504067536e-01 1.087508314424033284e-01
4.439931572254149361e-01 1.087124830930226715e-01
4.453136822984231080e-01 1.086744264173054031e-01
4.466361677694313248e-01 1.086366584468540786e-01
4.479606136384396420e-01 1.085991762549215617e-01
4.492870199054478375e-01 1.085619769548305108e-01
4.506153865704562445e-01 1.085250577006691836e-01
4.519457136334646408e-01 1.084884156850795950e-01
4.532780010944731375e-01 1.084520481399278841e-01
4.546122489534816791e-01 1.084159523348321580e-01
4.559484572104903211e-01 1.083801255769118871e-01
4.572866258654989524e-01 1.083445652100772927e-01
4.586267549185076287e-01 1.083092686144360300e-01
4.599688443695163498e-01 1.082742332057085449e-01
4.613128942185250048e-01 1.082394564346532972e-01
4.626589044655338712e-01 1.082049357864978967e-01
4.640068751105427269e-01 1.081706687803890010e-01
4.653568061535516831e-01 1.081366529688460032e-01
4.667086975945606842e-01 1.081028859372228923e-01
4.680625494335697301e-01 1.080693653031824103e-01
4.694183616705788209e-01 1.080360887162680611e-01
4.707761343055879566e-01 1.080030538570867227e-01
4.721358673385971372e-01 1.079702584374888780e-01
4.734975607696062516e-01 1.079377001990630691e-01
4.748612145986155220e-01 1.079053769138174079e-01
4.762268288256248927e-01 1.078732863827197019e-01
4.775944034506342528e-01 1.078414264358744656e-01
4.789639384736437133e-01 1.078097949317851356e-01
4.803354338946532187e-01 1.077783897569942612e-01
4.817088897136627690e-01 1.077472088256430371e-01
4.830843059306723641e-01 1.077162500790453947e-01
4.844616825456818376e-01 1.076855114852687673e-01
4.858410195586915226e-01 1.076549910387262499e-01
4.872223169697012524e-01 1.076246867597762391e-01
4.886055747787110826e-01 1.075945966943250703e-01
4.899907929857209021e-01 1.075647189134401605e-01
4.913779715907308221e-01 1.075350515129753215e-01
4.927671105937407314e-01 1.075055926132005985e-01
4.941582099947507412e-01 1.074763403583654103e-01
4.955512697937607958e-01 1.074472929165802976e-01
4.969462899907707287e-01 1.074184484789588445e-01
4.983432705857808731e-01 1.073898052600236186e-01
4.997422115787910624e-01 1.073613614965213264e-01
5.011431129698012965e-01 1.073331154478125576e-01
5.025459747588115755e-01 1.073050653950708699e-01
5.039507969458218994e-01 1.072772096411822584e-01
5.053575795308323793e-01 1.072495465103625450e-01
5.067663225138427929e-01 1.072220743478514565e-01
5.081770258948532515e-01 1.071947915196087425e-01
5.095896896738636439e-01 1.071676964120160669e-01
5.110043138508743032e-01 1.071407874315785241e-01
5.124208984258848965e-01 1.071140630046344688e-01
5.138394433988955345e-01 1.070875215770729083e-01
5.152599487699063285e-01 1.070611616140507011e-01
5.166824145389171674e-01 1.070349815997188175e-01
5.181068407059279401e-01 1.070089800369543320e-01
5.195332272709388688e-01 1.069831554470870028e-01
5.209615742339498423e-01 1.069575063696357742e-01
5.223918815949606387e-01 1.069320313621144464e-01
5.238241493539717020e-01 1.069067289995753317e-01
5.252583775109828101e-01 1.068815978747737483e-01
5.266945660659939632e-01 1.068566365973178528e-01
5.281327150190051611e-01 1.068318437941117166e-01
5.295728243700164040e-01 1.068072181085283345e-01
5.310148941190276917e-01 1.067827582005669157e-01
5.324589242660390243e-01 1.067584627464380903e-01
5.339049148110504017e-01 1.067343304384014285e-01
5.353528657540617131e-01 1.067103599845336676e-01
5.368027770950731803e-01 1.066865501085151879e-01
5.382546488340846924e-01 1.066628995494151161e-01
5.397084809710962494e-01 1.066394070614840595e-01
5.411642735061079623e-01 1.066160714139464255e-01
5.426220264391196091e-01 1.065928913908021219e-01
5.440817397701314118e-01 1.065698657906225255e-01
5.455434134991431483e-01 1.065469934263614527e-01
5.470070476261550407e-01 1.065242731251567904e-01
5.484726421511667560e-01 1.065017037281459494e-01
5.499401970741787382e-01 1.064792840902766408e-01
5.514097123951906543e-01 1.064570130801382186e-01
5.528811881142027262e-01 1.064348895797205818e-01
5.543546242312148431e-01 1.064129124844034602e-01
5.558300207462270048e-01 1.063910807024668476e-01
5.573073776592392115e-01 1.063693931553690991e-01
5.587866949702514630e-01 1.063478487770849884e-01
5.602679726792635373e-01 1.063264465143641674e-01
5.617512107862758786e-01 1.063051853262863417e-01
5.632364092912882647e-01 1.062840641842383860e-01
5.647235681943006957e-01 1.062630820717157532e-01
5.662126874953131717e-01 1.062422379841660713e-01
5.677037671943258035e-01 1.062215309288485066e-01
5.691968072913383692e-01 1.062009599246703656e-01
5.706918077863509797e-01 1.061805240020517460e-01
5.721887686793637462e-01 1.061602222027710485e-01
5.736876899703762245e-01 1.061400535798262545e-01
5.751885716593890807e-01 1.061200171972929290e-01
5.766914137464018708e-01 1.061001121301863720e-01
5.781962162314148168e-01 1.060803374643232849e-01
5.797029791144278077e-01 1.060606922961908338e-01
5.812117023954407324e-01 1.060411757328104387e-01
5.827223860744538131e-01 1.060217868916131095e-01
5.842350301514669386e-01 1.060025249003065384e-01
5.857496346264799980e-01 1.059833888967434828e-01
5.872661994994931023e-01 1.059643780288402198e-01
5.887847247705062514e-01 1.059454914543368625e-01
5.903052104395195565e-01 1.059267283408977106e-01
5.918276565065329065e-01 1.059080878656819130e-01
5.933520629715463013e-01 1.058895692155725765e-01
5.948784298345597410e-01 1.058711715867581560e-01
5.964067570955732256e-01 1.058528941848290161e-01
5.979370447545868661e-01 1.058347362245581347e-01
5.994692928116004405e-01 1.058166969298277998e-01
6.010035012666138377e-01 1.057987755335213637e-01
6.025396701196276128e-01 1.057809712774083755e-01
6.040777993706413218e-01 1.057632834120491444e-01
6.056178890196550757e-01 1.057457111966836338e-01
6.071599390666689855e-01 1.057282538991383553e-01
6.087039495116828292e-01 1.057109107957228539e-01
6.102499203546968287e-01 1.056936811711287755e-01
6.117978515957107621e-01 1.056765643183408404e-01
6.133477432347248515e-01 1.056595595385339675e-01
6.148995952717387636e-01 1.056426661409866075e-01
6.164534077067529427e-01 1.056258834429826959e-01
6.180091805397671667e-01 1.056092107697244042e-01
6.195669137707813245e-01 1.055926474542433491e-01
6.211266073997956383e-01 1.055761928373094294e-01
6.226882614268099969e-01 1.055598462673456861e-01
6.242518758518244004e-01 1.055436071003444665e-01
6.258174506748388488e-01 1.055274746997878765e-01
6.273849858958533421e-01 1.055114484365339139e-01
6.289544815148676582e-01 1.054955276888197846e-01
6.305259375318823523e-01 1.054797118420233715e-01
6.320993539468969802e-01 1.054640002888080075e-01
6.336747307599116530e-01 1.054483924287974994e-01
6.352520679709263707e-01 1.054328876687177924e-01
6.368313655799411332e-01 1.054174854221664459e-01
6.384126235869560517e-01 1.054021851096229312e-01
6.399958419919709041e-01 1.053869861583440620e-01
6.415810207949856903e-01 1.053718880022974508e-01
6.431681599960007434e-01 1.053568900820900656e-01
6.447572595950157304e-01 1.053419918448999515e-01
6.463483195920308733e-01 1.053271927444065087e-01
6.479413399870459500e-01 1.053124922407206593e-01
6.495363207800611827e-01 1.052978898003219532e-01
6.511332619710764602e-01 1.052833848959888047e-01
6.527321635600916716e-01 1.052689770067366387e-01
6.543330255471070389e-01 1.052546656177519996e-01
6.559358479321222291e-01 1.052404502203316689e-01
6.575406307151376861e-01 1.052263303118171345e-01
6.591473738961531881e-01 1.052123053955392878e-01
6.607560774751687349e-01 1.051983749807527541e-01
6.623667414521843266e-01 1.051845385825800755e-01
6.639793658271999632e-01 1.051707957219518985e-01
6.655939506002157557e-01 1.051571459255509905e-01
6.672104957712314821e-01 1.051435887257542029e-01
6.688290013402472534e-01 1.051301236605777650e-01
6.704494673072629585e-01 1.051167502736235076e-01
6.720718936722788195e-01 1.051034681140165794e-01
6.736962804352947254e-01 1.050902767363799117e-01
6.753226275963107872e-01 1.050771757007196300e-01
6.769509351553267829e-01 1.050641645724790518e-01
6.785812031123429344e-01 1.050512429223454114e-01
6.802134314673590199e-01 1.050384103263576618e-01
6.818476202203752612e-01 1.050256663657150730e-01
6.834837693713914364e-01 1.050130106268300917e-01
6.851218789204075454e-01 1.050004427012260627e-01
6.867619488674239214e-01 1.049879621855104028e-01
6.884039792124403423e-01 1.049755686813250016e-01
6.900479699554568080e-01 1.049632617952984404e-01
6.916939210964733187e-01 1.049510411390048997e-01
6.933418326354898742e-01 1.049389063289172391e-01
6.949917045725064746e-01 1.049268569863634204e-01
6.966435369075231199e-01 1.049148927374854712e-01
6.982973296405398100e-01 1.049030132131971438e-01
6.999530827715563230e-01 1.048912180491416712e-01
7.016107963005731030e-01 1.048795068856503282e-01
7.032704702275899278e-01 1.048678793677030457e-01
7.049321045526069085e-01 1.048563351448911357e-01
7.065956992756238231e-01 1.048448738713737977e-01
7.082612543966407825e-01 1.048334952058440211e-01
7.099287699156578979e-01 1.048221988114889092e-01
7.115982458326749471e-01 1.048109843559520138e-01
7.132696821476921523e-01 1.047998515112992524e-01
7.149430788607090692e-01 1.047887999539813264e-01
7.166184359717263641e-01 1.047778293647987358e-01
7.182957534807437039e-01 1.047669394288669731e-01
7.199750313877609775e-01 1.047561298355828147e-01
7.216562696927784071e-01 1.047454002785905419e-01
7.233394683957958815e-01 1.047347504557484543e-01
7.250246274968132898e-01 1.047241800690986574e-01
7.267117469958308540e-01 1.047136888248317854e-01
7.284008268928482410e-01 1.047032764332561788e-01
7.300918671878658950e-01 1.046929426087737647e-01
7.317848678808835938e-01 1.046826870698319423e-01
7.334798289719013376e-01 1.046725095389282184e-01
7.351767504609192372e-01 1.046624097425243177e-01
7.368756323479370707e-01 1.046523874110944358e-01
7.385764746329549491e-01 1.046424422790124820e-01
7.402792773159728723e-01 1.046325740846004021e-01
7.419840403969908404e-01 1.046227825700434683e-01
7.436907638760087425e-01 1.046130674813995076e-01
7.453994477530268004e-01 1.046034285685542436e-01
7.471100920280450142e-01 1.045938655852035465e-01
7.488226967010631618e-01 1.045843782888245810e-01
7.505372617720814654e-01 1.045749664406523255e-01
7.522537872410997029e-01 1.045656298056548833e-01
7.539722731081180962e-01 1.045563681525100153e-01
7.556927193731364234e-01 1.045471812535810480e-01
7.574151260361549065e-01 1.045380688848933093e-01
7.591394930971732125e-01 1.045290308261137835e-01
7.608658205561917853e-01 1.045200668605256317e-01
7.625941084132104031e-01 1.045111767750114135e-01
7.643243566682289547e-01 1.045023603600248180e-01
7.660565653212476622e-01 1.044936174095774245e-01
7.677907343722664146e-01 1.044849477212134170e-01
7.695268638212852119e-01 1.044763510959904051e-01
7.712649536683040541e-01 1.044678273384621603e-01
7.730050039133229411e-01 1.044593762566562445e-01
7.747470145563417621e-01 1.044509976620588976e-01
7.764909855973607389e-01 1.044426913695928050e-01
7.782369170363797606e-01 1.044344571976033448e-01
7.799848088733989382e-01 1.044262949678381736e-01
7.817346611084180497e-01 1.044182045054306701e-01
7.834864737414372060e-01 1.044101856388855165e-01
7.852402467724565183e-01 1.044022382000598798e-01
7.869959802014757644e-01 1.043943620241480075e-01
7.887536740284951664e-01 1.043865569496677942e-01
7.905133282535142802e-01 1.043788228184437256e-01
7.922749428765337720e-01 1.043711594755920430e-01
7.940385178975533087e-01 1.043635667695098218e-01
7.958040533165727792e-01 1.043560445518548208e-01
7.975715491335924057e-01 1.043485926775406525e-01
7.993410053486120770e-01 1.043412110047149954e-01
8.011124219616317932e-01 1.043338993947530019e-01
8.028857989726515543e-01 1.043266577122425320e-01
8.046611363816711382e-01 1.043194858249725798e-01
8.064384341886909890e-01 1.043123836039222818e-01
8.082176923937108848e-01 1.043053509232471782e-01
8.099989109967308254e-01 1.042983876602760068e-01
8.117820899977508109e-01 1.042914936954844468e-01
8.135672293967708413e-01 1.042846689125112164e-01
8.153543291937909165e-01 1.042779131981134699e-01
8.171433893888111477e-01 1.042712264421969681e-01
8.189344099818313127e-01 1.042646085377697679e-01
8.207273909728513006e-01 1.042580593809625672e-01
8.225223323618716664e-01 1.042515788710031838e-01
8.243192341488919661e-01 1.042451669102163470e-01
8.261180963339124217e-01 1.042388234040143302e-01
8.279189189169328111e-01 1.042325482608898457e-01
8.297217018979533565e-01 1.042263413924103266e-01
8.315264452769738357e-01 1.042202027132089481e-01
8.333331490539944708e-01 1.042141321409838506e-01
8.351418132290151508e-01 1.042081295964857601e-01
8.369524378020356536e-01 1.042021950035194877e-01
8.387650227730564234e-01 1.041963282889338399e-01
8.405795681420771270e-01 1.041905293826213968e-01
8.423960739090979866e-01 1.041847982175101162e-01
8.442145400741188910e-01 1.041791347295638742e-01
8.460349666371398403e-01 1.041735388577764015e-01
8.478573535981608345e-01 1.041680105441684795e-01
8.496817009571818735e-01 1.041625497337868439e-01
8.515080087142030685e-01 1.041571563747015622e-01
8.533362768692239753e-01 1.041518304180012594e-01
8.551665054222451490e-01 1.041465718177972261e-01
8.569986943732663676e-01 1.041413805312169510e-01
8.588328437222877421e-01 1.041362565184066613e-01
8.606689534693090504e-01 1.041311997425288377e-01
8.625070236143304037e-01 1.041262101697651293e-01
8.643470541573519128e-01 1.041212877693131755e-01
8.661890450983733558e-01 1.041164325133904639e-01
8.680329964373949547e-01 1.041116443772332895e-01
8.698789081744163765e-01 1.041069233391009180e-01
8.717267803094379541e-01 1.041022693802733240e-01
8.735766128424596877e-01 1.040976824850581295e-01
8.754284057734814661e-01 1.040931626407913813e-01
8.772821591025032895e-01 1.040887098378395909e-01
8.791378728295250466e-01 1.040843240696043281e-01
8.809955469545469597e-01 1.040800053325272451e-01
8.828551814775689177e-01 1.040757536260919353e-01
8.847167763985909206e-01 1.040715689528308036e-01
8.865803317176127463e-01 1.040674513183292987e-01
8.884458474346348389e-01 1.040634007312304377e-01
8.903133235496569764e-01 1.040594172032433956e-01
8.921827600626792698e-01 1.040555007491473088e-01
8.940541569737014971e-01 1.040516513867991155e-01
8.959275142827237692e-01 1.040478691371406056e-01
8.978028319897460863e-01 1.040441540242060953e-01
8.996801100947685592e-01 1.040405060751311145e-01
9.015593485977907440e-01 1.040369253201582356e-01
9.034405474988133067e-01 1.040334117926504376e-01
9.053237067978358033e-01 1.040299655290958386e-01
9.072088264948584557e-01 1.040265865691209907e-01
9.090959065898810421e-01 1.040232749554985403e-01
9.109849470829037843e-01 1.040200307341594271e-01
9.128759479739264604e-01 1.040168539542042081e-01
9.147689092629492924e-01 1.040137446679124528e-01
9.166638309499721693e-01 1.040107029307585224e-01
9.185607130349948690e-01 1.040077288014197299e-01
9.204595555180178357e-01 1.040048223417920081e-01
9.223603583990407362e-01 1.040019836170044537e-01
9.242631216780637926e-01 1.039992126954291662e-01
9.261678453550868939e-01 1.039965096486997198e-01
9.280745294301100401e-01 1.039938745517234586e-01
9.299831739031333422e-01 1.039913074826993300e-01
9.318937787741565781e-01 1.039888085231305548e-01
9.338063440431798590e-01 1.039863777578435428e-01
9.357208697102029626e-01 1.039840152750048374e-01
9.376373557752263332e-01 1.039817211661367286e-01
9.395558022382498597e-01 1.039794955261372500e-01
9.414762090992733201e-01 1.039773384532962364e-01
9.433985763582968254e-01 1.039752500493180826e-01
9.453229040153204865e-01 1.039732304193373980e-01
9.472491920703440815e-01 1.039712796719407945e-01
9.491774405233678324e-01 1.039693979191897988e-01
9.511076493743915172e-01 1.039675852766371728e-01
9.530398186234151359e-01 1.039658418633529480e-01
9.549739482704390214e-01 1.039641678019454507e-01
9.569100383154629519e-01 1.039625632185847554e-01
9.588480887584868162e-01 1.039610282430255411e-01
9.607880995995108364e-01 1.039595630086299766e-01
9.627300708385349015e-01 1.039581676523970571e-01
9.646740024755590115e-01 1.039568423149838244e-01
9.666198945105831664e-01 1.039555871407330384e-01
9.685677469436073661e-01 1.039544022776989207e-01
9.705175597746313887e-01 1.039532878776769920e-01
9.724693330036556782e-01 1.039522440962290933e-01
9.744230666306800126e-01 1.039512710927143480e-01
9.763787606557043919e-01 1.039503690303180128e-01
9.783364150787289271e-01 1.039495380760797200e-01
9.802960298997533961e-01 1.039487784009278520e-01
9.822576051187779100e-01 1.039480901797071866e-01
9.842211407358025799e-01 1.039474735912148673e-01
9.861866367508271836e-01 1.039469288182297280e-01
9.881540931638517211e-01 1.039464560475495264e-01
9.901235099748764146e-01 1.039460554700218781e-01
9.920948871839012639e-01 1.039457272805826143e-01
9.940682247909260472e-01 1.039454716782897276e-01
9.960435227959509863e-01 1.039452888663618957e-01
9.980207811989759703e-01 1.039451790522147590e-01
1.000000000000000666e+00 1.039451424474990421e-01
