0.000000000000000000e+00 9.399042706134936864e-01
2.078119897502626434e-05 9.384158077076402149e-01
4.352279595010249372e-05 9.367869304232687711e-01
6.822479092522875592e-05 9.350176387684766555e-01
9.488718390040502381e-05 9.331079327526360379e-01
1.235099748756312839e-04 9.310578123860904221e-01
1.540931638509075632e-04 9.288672776805586562e-01
1.866367508262337669e-04 9.265363286490864159e-01
2.211407358016100034e-04 9.240649653062045221e-01
2.576051187770363269e-04 9.214531876680377431e-01
2.960298997525126832e-04 9.187009957524392423e-01
3.364150787280388555e-04 9.158083895791320206e-01
3.787606557036150606e-04 9.127753691698229366e-01
4.230666306792412444e-04 9.096019345483801199e-01
4.693330036549174067e-04 9.062880857409728597e-01
5.175597746306437102e-04 9.028338227762378043e-01
5.677469436064200466e-04 8.992391456854565979e-01
6.198945105822462531e-04 8.955040545027185273e-01
6.740024755581224382e-04 8.916285492651168099e-01
7.300708385340486020e-04 8.876126300129415503e-01
7.880995995100251780e-04 8.834562967898640373e-01
8.480887584860512989e-04 8.791595496431632295e-01
9.100383154621275068e-04 8.747223886239219315e-01
9.739482704382536934e-04 8.701448137872610511e-01
1.039818623414429750e-03 8.654268251925534283e-01
1.107649374390655894e-03 8.605684229036748567e-01
1.177440523366932558e-03 8.555696069892293476e-01
1.249192070343258659e-03 8.504303775228140294e-01
1.322904015319634847e-03 8.451507345832673934e-01
1.398576358296060905e-03 8.397306782549324167e-01
1.476209099272537051e-03 8.341702086279347839e-01
1.555802238249063716e-03 8.284693257984500070e-01
1.637355775225640036e-03 8.226280298690030746e-01
1.720869710202266008e-03 8.166463209487491159e-01
1.806344043178942285e-03 8.105241991537774915e-01
1.893778774155669082e-03 8.042616646074218778e-01
1.983173903132445098e-03 7.978587174405742388e-01
2.074529430109271419e-03 7.913153577919966875e-01
2.167845355086147393e-03 7.846315858086655437e-01
2.263121678063073454e-03 7.778074016460980733e-01
2.360358399040050469e-03 7.708428054686931041e-01
2.459555518017076271e-03 7.637377974500931810e-01
2.560713034994152593e-03 7.564923777735276245e-01
2.663830949971278568e-03 7.491065466321893407e-01
2.768909262948454630e-03 7.415803042296014169e-01
2.875947973925680780e-03 7.339136507799940423e-01
2.984947082902957450e-03 7.261065865086991922e-01
3.095906589880283773e-03 7.181591116525335439e-01
3.208826494857659750e-03 7.100712264602085932e-01
3.323706797835085814e-03 7.018429311927347758e-01
3.440547498812561965e-03 6.934742261238369121e-01
3.559348597790088636e-03 6.849651115403762036e-01
3.680110094767664961e-03 6.763155877427805551e-01
3.802831989745290939e-03 6.675256550454833349e-01
3.927514282722965704e-03 6.585953137773656874e-01
4.054156973700691856e-03 6.495245642822055077e-01
4.182760062678468095e-03 6.403134069191400712e-01
4.313323549656295289e-03 6.309618420631318836e-01
4.445847434634171702e-03 6.214698701054385266e-01
4.580331717612097335e-03 6.118374914540940512e-01
4.716776398590073922e-03 6.020647065343955884e-01
4.855181477568099729e-03 5.921515157894018389e-01
4.995546954546175623e-03 5.820979196804310085e-01
5.137872829524301604e-03 5.719039186875688463e-01
5.282159102502477672e-03 5.615695133101891168e-01
5.428405773480703828e-03 5.510947040674726294e-01
5.576612842458980070e-03 5.404794914989426990e-01
5.726780309437305531e-03 5.297238761649964989e-01
5.878908174415681948e-03 5.188278586474579512e-01
6.032996437394107583e-03 5.077914395501211819e-01
6.189045098372585908e-03 4.966146194993175667e-01
6.347054157351111718e-03 4.852973991444786139e-01
6.507023614329687615e-03 4.738397791587097840e-01
6.668953469308313599e-03 4.622417602393722458e-01
6.832843722286989670e-03 4.505033431086718498e-01
6.998694373265715828e-03 4.386245285142521544e-01
7.166505422244492073e-03 4.266053172298003293e-01
7.336276869223317537e-03 4.144457100556534490e-01
7.508008714202193956e-03 4.021457078194191626e-01
7.681700957181119595e-03 3.897053113765957533e-01
7.857353598160098790e-03 3.771245216112080190e-01
8.034966637139125470e-03 3.644033394364424860e-01
8.214540074118200502e-03 3.515417657952943364e-01
8.396073909097327356e-03 3.385398016612212735e-01
8.579568142076502563e-03 3.253974480388019952e-01
8.765022773055727856e-03 3.121147059644047150e-01
8.952437802035004971e-03 2.986915765068626771e-01
9.141813229014330439e-03 2.851280607681524470e-01
9.333149053993705993e-03 2.714241598840878567e-01
9.526445276973131635e-03 2.575798750250113400e-01
9.721701897952607363e-03 2.435952073965008124e-01
9.918918916932136648e-03 2.294701582400780204e-01
1.011809633391171255e-02 2.152047288339277442e-01
1.031923414889133854e-02 2.007989204936216077e-01
1.052233236187101462e-02 1.862527345728506589e-01
1.072739097285074078e-02 1.715661724641645569e-01
1.093440998183051703e-02 1.567392355997186681e-01
1.114338938881034163e-02 1.417719255293774794e-01
1.135432919379021806e-02 1.268870455165196087e-01
1.156722939677014457e-02 1.175802853311079671e-01
1.178208999775011943e-02 1.136364608131619075e-01
1.199891099673014612e-02 1.116667580107815194e-01
1.221769239371022463e-02 1.104621578665454934e-01
1.243843418869035149e-02 1.096290707442403173e-01
1.266113638167052670e-02 1.090070241762991499e-01
1.288579897265075200e-02 1.085180716845330351e-01
1.311242196163102738e-02 1.081194170905582785e-01
1.334100534861135459e-02 1.077853935944541597e-01
1.357154913359173015e-02 1.074995547983525618e-01
1.380405331657215580e-02 1.072508084296875941e-01
1.403851789755263153e-02 1.070313619297245250e-01
1.427494287653315735e-02 1.068355560864447107e-01
1.451332825351373326e-02 1.066591662754570735e-01
1.475367402849436273e-02 1.064989648006397643e-01
1.499598020147503881e-02 1.063524363255027028e-01
1.524024677245576498e-02 1.062175868516945648e-01
1.548647374143653950e-02 1.060928119185828161e-01
1.573466110841736931e-02 1.059768034596800107e-01
1.598480887339824227e-02 1.058684825775570160e-01
1.623691703637917053e-02 1.057669501117433908e-01
1.649098559736014366e-02 1.056714496805697817e-01
1.674701455634117209e-02 1.055813396339804894e-01
1.700500391332224540e-02 1.054960714810242173e-01
1.726495366830337400e-02 1.054151730939000414e-01
1.752686382128455442e-02 1.053382354823464984e-01
1.779073437226577625e-02 1.052649022658365963e-01
1.805656532124705685e-02 1.051948612108898062e-01
1.832435666822837886e-02 1.051278373976844843e-01
1.859410841320975616e-02 1.050635877369082566e-01
1.886582055619118528e-02 1.050018965052631620e-01
1.913949309717265929e-02 1.049425709572316540e-01
1.941512603615418858e-02 1.048854362038157545e-01
1.969271937313575929e-02 1.048303442150207987e-01
1.997227310811738876e-02 1.047771461000100574e-01
2.025378724109906312e-02 1.047257223472093796e-01
2.053726177208079276e-02 1.046759562482612732e-01
2.082269670106256382e-02 1.046277435430237324e-01
2.111009202804439364e-02 1.045809895527596428e-01
2.139944775302626487e-02 1.045356076127010592e-01
2.169076387600819486e-02 1.044915182586549779e-01
2.198404039699017321e-02 1.044486485371914353e-01
2.227927731597219643e-02 1.044069313465626481e-01
2.257647463295427495e-02 1.043663048375481628e-01
2.287563234793639835e-02 1.043267118874858096e-01
2.317675046091857705e-02 1.042880996411269939e-01
2.347982897190080062e-02 1.042504191070499214e-01
2.378486788088307949e-02 1.042136248003059235e-01
2.409186718786539977e-02 1.041776744245486719e-01
2.440082689284778228e-02 1.041425285885762969e-01
2.471174699583020273e-02 1.041081505530479512e-01
2.502462749681268195e-02 1.040745060036781799e-01
2.533946839579521298e-02 1.040415628476623749e-01
2.565626969277778543e-02 1.040092910307329338e-01
2.597503138776041318e-02 1.039776623730207517e-01
2.629575348074308580e-02 1.039466504223110488e-01
2.661843597172581372e-02 1.039162303215483280e-01
2.694307886070858651e-02 1.038863786823578106e-01
2.726968214769141807e-02 1.038570734539424056e-01
2.759824583267428758e-02 1.038282938098650521e-01
2.792876991565721931e-02 1.038000201900168423e-01
2.826125439664019939e-02 1.037722345501885107e-01
2.859569927562322089e-02 1.037449178907632191e-01
2.893210455260630115e-02 1.037180556188517372e-01
2.927047022758941935e-02 1.036916306194726051e-01
2.961079630057259979e-02 1.036656284273411860e-01
2.995308277155582163e-02 1.036400349632186496e-01
3.029732964053910224e-02 1.036148367626447686e-01
3.064353690752242426e-02 1.035900210529400733e-01
3.099170457250580504e-02 1.035655757036357538e-01
3.134183263548922377e-02 1.035414891698023254e-01
3.169392109647270472e-02 1.035177504509791485e-01
3.204796995545623056e-02 1.034943490596756666e-01
3.240397921243980128e-02 1.034712749953999172e-01
3.276194886742343076e-02 1.034485187197566741e-01
3.312187892040710513e-02 1.034260711093653445e-01
3.348376937139083825e-02 1.034039233686989967e-01
3.384762022037460932e-02 1.033820673988952582e-01
3.421343146735843915e-02 1.033604949178574955e-01
3.458120311234230693e-02 1.033391985091951792e-01
3.495093515532624040e-02 1.033181707928143567e-01
3.532262759631021182e-02 1.032974047525386102e-01
3.569628043529424199e-02 1.032768936734823895e-01
3.607189367227831706e-02 1.032566311075982651e-01
3.644946730726244394e-02 1.032366108598954807e-01
3.682900134024662264e-02 1.032168269831057472e-01
3.721049577123083929e-02 1.031972737857368150e-01
3.759395060021512164e-02 1.031779457083898260e-01
3.797936582719944193e-02 1.031588375483665498e-01
3.836674145218382098e-02 1.031399441614397894e-01
3.875607747516824492e-02 1.031212606684173416e-01
3.914737389615272761e-02 1.031027823539266974e-01
3.954063071513724825e-02 1.030845046718029123e-01
3.993584793212182765e-02 1.030664232393108948e-01
4.033302554710645887e-02 1.030485338180753413e-01
4.073216356009112804e-02 1.030308323611014570e-01
4.113326197107585597e-02 1.030133148931102610e-01
4.153632078006062878e-02 1.029959776400153626e-01
4.194133998704546035e-02 1.029788169204220866e-01
4.234831959203032986e-02 1.029618291848408140e-01
4.275725959501525814e-02 1.029450110083447445e-01
4.316815999600023129e-02 1.029283590606616117e-01
4.358102079498526321e-02 1.029118701465242813e-01
4.399584199197033307e-02 1.028955411484147736e-01
4.441262358695546170e-02 1.028793690618695494e-01
4.483136557994064214e-02 1.028633509737504059e-01
4.525206797092586747e-02 1.028474840571333565e-01
4.567473075991114462e-02 1.028317655850061463e-01
4.609935394689646665e-02 1.028161928940446029e-01
4.652593753188184744e-02 1.028007634190451908e-01
4.695448151486726618e-02 1.027854746616033849e-01
4.738498589585275061e-02 1.027703242018401242e-01
4.781745067483826606e-02 1.027553096834949026e-01
4.825187585182384720e-02 1.027404288295043489e-01
4.868826142680946628e-02 1.027256794178525584e-01
4.912660739979515107e-02 1.027110592950284118e-01
4.956691377078088073e-02 1.026965663643489429e-01
5.000918053976664834e-02 1.026821985936514220e-01
5.045340770675248165e-02 1.026679539967436522e-01
5.089959527173835291e-02 1.026538306504301556e-01
5.134774323472428292e-02 1.026398266796336584e-01
5.179785159571025088e-02 1.026259402567312184e-01
5.224992035469628454e-02 1.026121696079713985e-01
5.270394951168235614e-02 1.025985130008913310e-01
5.315993906666848651e-02 1.025849687494511386e-01
5.361788901965465481e-02 1.025715352127679614e-01
5.407779937064088882e-02 1.025582107874199039e-01
5.453967011962716771e-02 1.025449939137271782e-01
5.500350126661349148e-02 1.025318830696425737e-01
5.546929281159986708e-02 1.025188767687000291e-01
5.593704475458628755e-02 1.025059735639970437e-01
5.640675709557277373e-02 1.024931720405392321e-01
5.687842983455929091e-02 1.024804708177762536e-01
5.735206297154587379e-02 1.024678685496231145e-01
5.782765650653248768e-02 1.024553639179971304e-01
5.830521043951917420e-02 1.024429556388746360e-01
5.878472477050590561e-02 1.024306424547442862e-01
5.926619949949267496e-02 1.024184231388177019e-01
5.974963462647950307e-02 1.024062964904607492e-01
6.023503015146637607e-02 1.023942613358664738e-01
6.072238607445330782e-02 1.023823165284442754e-01
6.121170239544027752e-02 1.023704609442384061e-01
6.170297911442730598e-02 1.023586934860865466e-01
6.219621623141437933e-02 1.023470130780935461e-01
6.269141374640151143e-02 1.023354186689643397e-01
6.318857165938866760e-02 1.023239092278810797e-01
6.368768997037589641e-02 1.023124837468089438e-01
6.418876867936318398e-02 1.023011412372618056e-01
6.469180778635051643e-02 1.022898807316277997e-01
6.519680729133789376e-02 1.022787012818942576e-01
6.570376719432530210e-02 1.022676019578746681e-01
6.621268749531278308e-02 1.022565818496091600e-01
6.672356819430030894e-02 1.022456400629486867e-01
6.723640929128789356e-02 1.022347757229682824e-01
6.775121078627552307e-02 1.022239879698540188e-01
6.826797267926318358e-02 1.022132759617456477e-01
6.878669497025091673e-02 1.022026388711586298e-01
6.930737765923869476e-02 1.021920758874657470e-01
6.983002074622653155e-02 1.021815862137103181e-01
7.035462423121441322e-02 1.021711690687922280e-01
7.088118811420231202e-02 1.021608236845959194e-01
7.140971239519029734e-02 1.021505493079573335e-01
7.194019707417832754e-02 1.021403451980258947e-01
7.247264215116641650e-02 1.021302106280935623e-01
7.300704762615452259e-02 1.021201448831181302e-01
7.354341349914270132e-02 1.021101472614473482e-01
7.408173977013092493e-02 1.021002170724882863e-01
7.462202643911922118e-02 1.020903536383510196e-01
7.516427350610754843e-02 1.020805562916182185e-01
7.570848097109590669e-02 1.020708243769426066e-01
7.625464883408433758e-02 1.020611572489003027e-01
7.680277709507281336e-02 1.020515542735479647e-01
7.735286575406134790e-02 1.020420148263415511e-01
7.790491481104989957e-02 1.020325382936854430e-01
7.845892426603853775e-02 1.020231240709001536e-01
7.901489411902722082e-02 1.020137715636018072e-01
7.957282437001594877e-02 1.020044801862639572e-01
8.013271501900470772e-02 1.019952493625564116e-01
8.069456606599353932e-02 1.019860785251908014e-01
8.125837751098241579e-02 1.019769671152328527e-01
8.182414935397135103e-02 1.019679145825282268e-01
8.239188159496033115e-02 1.019589203848452336e-01
8.296157423394934227e-02 1.019499839883407921e-01
8.353322727093842603e-02 1.019411048667009101e-01
8.410684070592755468e-02 1.019322825016432954e-01
8.468241453891674209e-02 1.019235163820445822e-01
8.525994876990593274e-02 1.019148060044745702e-01
8.583944339889522379e-02 1.019061508723202447e-01
8.642089842588455972e-02 1.018975504963361561e-01
8.700431385087394054e-02 1.018890043937696610e-01
8.758968967386336624e-02 1.018805120889389737e-01
8.817702589485282294e-02 1.018720731123446271e-01
8.876632251384235228e-02 1.018636870012808449e-01
8.935757953083194038e-02 1.018553532989263238e-01
8.995079694582157337e-02 1.018470715549932848e-01
9.054597475881122348e-02 1.018388413248030450e-01
9.114311296980096011e-02 1.018306621699622688e-01
9.174221157879074162e-02 1.018225336574438561e-01
9.234327058578056802e-02 1.018144553601858099e-01
9.294628999077042542e-02 1.018064268564464331e-01
9.355126979376035545e-02 1.017984477299368612e-01
9.415820999475034425e-02 1.017905175697454978e-01
9.476711059374037793e-02 1.017826359700091804e-01
9.537797159073045650e-02 1.017748025301090514e-01
9.599079298572055219e-02 1.017670168542513798e-01
9.660557477871074827e-02 1.017592785516920340e-01
9.722231696970097536e-02 1.017515872363116691e-01
9.784101955869126122e-02 1.017439425268553271e-01
9.846168254568156419e-02 1.017363440465090668e-01
9.908430593067193981e-02 1.017287914231444629e-01
9.970888971366237419e-02 1.017212842888978036e-01
1.003354338946528534e-01 1.017138222804229719e-01
1.009639384736433915e-01 1.017064050384736545e-01
1.015944034506339466e-01 1.016990322081618020e-01
1.022268288256245744e-01 1.016917034385392271e-01
1.028612145986152610e-01 1.016844183828660708e-01
1.034975607696059924e-01 1.016771766981950376e-01
1.041358673385967409e-01 1.016699780456407770e-01
1.047761343055875760e-01 1.016628220899681856e-01
1.054183616705784560e-01 1.016557084998709476e-01
1.060625494335693947e-01 1.016486369475571722e-01
1.067086975945603783e-01 1.016416071090302242e-01
1.073568061535513790e-01 1.016346186636871290e-01
1.080068751105424663e-01 1.016276712945898830e-01
1.086589044655335984e-01 1.016207646880801785e-01
1.093128942185247754e-01 1.016138985340376694e-01
1.099688443695159834e-01 1.016070725255161789e-01
1.106267549185072641e-01 1.016002863589888366e-01
1.112866258654986035e-01 1.015935397339960133e-01
1.119484572104899878e-01 1.015868323533897638e-01
1.126122489534813753e-01 1.015801639229868131e-01
1.132780010944728633e-01 1.015735341518108487e-01
1.139457136334643961e-01 1.015669427517561091e-01
1.146153865704559877e-01 1.015603894378162425e-01
1.152870199054476102e-01 1.015538739277755675e-01
1.159606136384392638e-01 1.015473959424120637e-01
1.166361677694310039e-01 1.015409552052112668e-01
1.173136822984227889e-01 1.015345514425615853e-01
1.179931572254146188e-01 1.015281843834760084e-01
1.186745925504064658e-01 1.015218537597778192e-01
1.193579882733983993e-01 1.015155593058436473e-01
1.200433443943903777e-01 1.015093007587703211e-01
1.207306609133824149e-01 1.015030778581362536e-01
1.214199378303744969e-01 1.014968903461556798e-01
1.221111751453665961e-01 1.014907379674595822e-01
1.228043728583587818e-01 1.014846204692282094e-01
1.234995309693510124e-01 1.014785376009990636e-01
1.241966494783433017e-01 1.014724891147794350e-01
1.248957283853355943e-01 1.014664747648677118e-01
1.255967676903279873e-01 1.014604943079665117e-01
1.262997673933204390e-01 1.014545475030043664e-01
1.270047274943129079e-01 1.014486341112417617e-01
1.277116479933054216e-01 1.014427538961103631e-01
1.284205288902980080e-01 1.014369066233062472e-01
1.291313701852906393e-01 1.014310920606439348e-01
1.298441718782833154e-01 1.014253099781302209e-01
1.305589339692760642e-01 1.014195601478441733e-01
1.312756564582688024e-01 1.014138423439922831e-01
1.319943393452616409e-01 1.014081563428030214e-01
1.327149826302545244e-01 1.014025019225717750e-01
1.334375863132474527e-01 1.013968788635682267e-01
1.341621503942403981e-01 1.013912869480712298e-01
1.348886748732334440e-01 1.013857259602868738e-01
1.356171597502265069e-01 1.013801956863765175e-01
1.363476050252196425e-01 1.013746959143804194e-01
1.370800106982128508e-01 1.013692264342437033e-01
1.378143767692060206e-01 1.013637870377511463e-01
1.385507032381993187e-01 1.013583775185274982e-01
1.392889901051926616e-01 1.013529976720172060e-01
1.400292373701860493e-01 1.013476472954306651e-01
1.407714450331794265e-01 1.013423261877793441e-01
1.415156130941729040e-01 1.013370341497825400e-01
1.422617415531664542e-01 1.013317709839195030e-01
1.430098304101600493e-01 1.013265364943420899e-01
1.437598796651536337e-01 1.013213304869146486e-01
1.445118893181473185e-01 1.013161527691378294e-01
1.452658593691410482e-01 1.013110031501812530e-01
1.460217898181348506e-01 1.013058814408180214e-01
1.467796806651286701e-01 1.013007874534433694e-01
1.475395319101225067e-01 1.012957210020293819e-01
1.483013435531164437e-01 1.012906819021218291e-01
1.490651155941104256e-01 1.012856699708203773e-01
1.498308480331044801e-01 1.012806850267470998e-01
1.505985408700985240e-01 1.012757268900576491e-01
1.513681941050926405e-01 1.012707953823866053e-01
1.521398077380868297e-01 1.012658903268724570e-01
1.529133817690810637e-01 1.012610115480975514e-01
1.536889161980753704e-01 1.012561588721152539e-01
1.544664110250696387e-01 1.012513321263950883e-01
1.552458662500640352e-01 1.012465311398375867e-01
1.560272818730584765e-01 1.012417557427373882e-01
1.568106578940529627e-01 1.012370057667822260e-01
1.575959943130474383e-01 1.012322810450320271e-01
1.583832911300420421e-01 1.012275814118976242e-01
1.591725483450366629e-01 1.012229067031479718e-01
1.599637659580313565e-01 1.012182567558640583e-01
1.607569439690260948e-01 1.012136314084577521e-01
1.615520823780208504e-01 1.012090305006312918e-01
1.623491811850156785e-01 1.012044538733819776e-01
1.631482403900105516e-01 1.011999013689788007e-01
1.639492599930054972e-01 1.011953728309509248e-01
1.647522399940004323e-01 1.011908681040816632e-01
1.655571803929954677e-01 1.011863870343833877e-01
1.663640811899905481e-01 1.011819294690965571e-01
1.671729423849857010e-01 1.011774952566701774e-01
1.679837639779808434e-01 1.011730842467532115e-01
1.687965459689760583e-01 1.011686962901805487e-01
1.696112883579713460e-01 1.011643312389619159e-01
1.704279911449667062e-01 1.011599889462713175e-01
1.712466543299620836e-01 1.011556692664319496e-01
1.720672779129574781e-01 1.011513720549110373e-01
1.728898618939529452e-01 1.011470971682997405e-01
1.737144062729484850e-01 1.011428444643133057e-01
1.745409110499440697e-01 1.011386138017695280e-01
1.753693762249396715e-01 1.011344050405852679e-01
1.761998017979353459e-01 1.011302180417616714e-01
1.770321877689310930e-01 1.011260526673763566e-01
1.778665341379268849e-01 1.011219087805715205e-01
1.787028409049227218e-01 1.011177862455459459e-01
1.795411080699185480e-01 1.011136849275407201e-01
1.803813356329145023e-01 1.011096046928351561e-01
1.812235235939104738e-01 1.011055454087304711e-01
1.820676719529065180e-01 1.011015069435478725e-01
1.829137807099025514e-01 1.010974891666115566e-01
1.837618498648986853e-01 1.010934919482435745e-01
1.846118794178948919e-01 1.010895151597537012e-01
1.854638693688911155e-01 1.010855586734312056e-01
1.863178197178873563e-01 1.010816223625329024e-01
1.871737304648836975e-01 1.010777061012791411e-01
1.880316016098800835e-01 1.010738097648381933e-01
1.888914331528765145e-01 1.010699332293254343e-01
1.897532250938729903e-01 1.010660763717882021e-01
1.906169774328694833e-01 1.010622390702018009e-01
1.914826901698660766e-01 1.010584212034557061e-01
1.923503633048627148e-01 1.010546226513560492e-01
1.932199968378593979e-01 1.010508432946021773e-01
1.940915907688560982e-01 1.010470830147933430e-01
1.949651450978528711e-01 1.010433416944088725e-01
1.958406598248497166e-01 1.010396192168101920e-01
1.967181349498466070e-01 1.010359154662264225e-01
1.975975704728435423e-01 1.010322303277470524e-01
1.984789663938404669e-01 1.010285636873187454e-01
1.993623227128375197e-01 1.010249154317352932e-01
2.002476394298345896e-01 1.010212854486278733e-01
2.011349165448317322e-01 1.010176736264617597e-01
2.020241540578288642e-01 1.010140798545265950e-01
2.029153519688260965e-01 1.010105040229299367e-01
2.038085102778234015e-01 1.010069460225897497e-01
2.047036289848207236e-01 1.010034057452291051e-01
2.056007080898180628e-01 1.009998830833674505e-01
2.064997475928155024e-01 1.009963779303137410e-01
2.074007474938129869e-01 1.009928901801600831e-01
2.083037077928105441e-01 1.009894197277772798e-01
2.092086284898081183e-01 1.009859664688033398e-01
2.101155095848057097e-01 1.009825302996420343e-01
2.110243510778034015e-01 1.009791111174534461e-01
2.119351529688011382e-01 1.009757088201480857e-01
2.128479152577989197e-01 1.009723233063816172e-01
2.137626379447967184e-01 1.009689544755459495e-01
2.146793210297945897e-01 1.009656022277676257e-01
2.155979645127925337e-01 1.009622664638965828e-01
2.165185683937905226e-01 1.009589470855045829e-01
2.174411326727885563e-01 1.009556439948753048e-01
2.183656573497865794e-01 1.009523570950014854e-01
2.192921424247847306e-01 1.009490862895780633e-01
2.202205878977829268e-01 1.009458314829936448e-01
2.211509937687811678e-01 1.009425925803313084e-01
2.220833600377793982e-01 1.009393694873561981e-01
2.230176867047777289e-01 1.009361621105127199e-01
2.239539737697761046e-01 1.009329703569200737e-01
2.248922212327745529e-01 1.009297941343654387e-01
2.258324290937730461e-01 1.009266333512959662e-01
2.267745973527715286e-01 1.009234879168208615e-01
2.277187260097701116e-01 1.009203577406970753e-01
2.286648150647687394e-01 1.009172427333301647e-01
2.296128645177674399e-01 1.009141428057662854e-01
2.305628743687661297e-01 1.009110578696888610e-01
2.315148446177649200e-01 1.009079878374116446e-01
2.324687752647637551e-01 1.009049326218742770e-01
2.334246663097626351e-01 1.009018921366382771e-01
2.343825177527615322e-01 1.008988662958800464e-01
2.353423295937605020e-01 1.008958550143881361e-01
2.363041018327595444e-01 1.008928582075571817e-01
2.372678344697586317e-01 1.008898757913825744e-01
2.382335275047577638e-01 1.008869076824571581e-01
2.392011809377569131e-01 1.008839537979654838e-01
2.401707947687561351e-01 1.008810140556779256e-01
2.411423689977554297e-01 1.008780883739511663e-01
2.421159036247547691e-01 1.008751766717159576e-01
2.430913986497540979e-01 1.008722788684777993e-01
2.440688540727535549e-01 1.008693948843118193e-01
2.450482698937530290e-01 1.008665246398572218e-01
2.460296461127525758e-01 1.008636680563130411e-01
2.470129827297521674e-01 1.008608250554340890e-01
2.479982797447517484e-01 1.008579955595271388e-01
2.489855371577514298e-01 1.008551794914447353e-01
2.499747549687511561e-01 1.008523767745832106e-01
2.509659331777509550e-01 1.008495873328769249e-01
2.519590717847506878e-01 1.008468110907961290e-01
2.529541707897505765e-01 1.008440479733380135e-01
2.539512301927505100e-01 1.008412979060299836e-01
2.549502499937504885e-01 1.008385608149177798e-01
2.559512301927505673e-01 1.008358366265692807e-01
2.569541707897506355e-01 1.008331252680623041e-01
2.579590717847507486e-01 1.008304266669869248e-01
2.589659331777509621e-01 1.008277407514405338e-01
2.599747549687512205e-01 1.008250674500196925e-01
2.609855371577514682e-01 1.008224066918232548e-01
2.619982797447518164e-01 1.008197584064417229e-01
2.630129827297520984e-01 1.008171225239575391e-01
2.640296461127525363e-01 1.008144989749414216e-01
2.650482698937530190e-01 1.008118876904466471e-01
2.660688540727535467e-01 1.008092886020051371e-01
2.670913986497541748e-01 1.008067016416273887e-01
2.681159036247547922e-01 1.008041267417957021e-01
2.691423689977554545e-01 1.008015638354594623e-01
2.701707947687562172e-01 1.007990128560364296e-01
2.712011809377570248e-01 1.007964737374050235e-01
2.722335275047577108e-01 1.007939464139014918e-01
2.732678344697586081e-01 1.007914308203190779e-01
2.743041018327595504e-01 1.007889268918992637e-01
2.753423295937605375e-01 1.007864345643364190e-01
2.763825177527615695e-01 1.007839537737655611e-01
2.774246663097627019e-01 1.007814844567663515e-01
2.784687752647638237e-01 1.007790265503547417e-01
2.795148446177649904e-01 1.007765799919827232e-01
2.805628743687662574e-01 1.007741447195343865e-01
2.816128645177674028e-01 1.007717206713206193e-01
2.826648150647687596e-01 1.007693077860801617e-01
2.837187260097701613e-01 1.007669060029724312e-01
2.847745973527716079e-01 1.007645152615760514e-01
2.858324290937730994e-01 1.007621355018867293e-01
2.868922212327746357e-01 1.007597666643113843e-01
2.879539737697762170e-01 1.007574086896686483e-01
2.890176867047778431e-01 1.007550615191834670e-01
2.900833600377795141e-01 1.007527250944836028e-01
2.911509937687811744e-01 1.007503993575994822e-01
2.922205878977829352e-01 1.007480842509585750e-01
2.932921424247847964e-01 1.007457797173839376e-01
2.943656573497866469e-01 1.007434857000897854e-01
2.954411326727885978e-01 1.007412021426812854e-01
2.965185683937905936e-01 1.007389289891483242e-01
2.975979645127926343e-01 1.007366661838663552e-01
2.986793210297947199e-01 1.007344136715904032e-01
2.997626379447967393e-01 1.007321713974543009e-01
3.008479152577989146e-01 1.007299393069668036e-01
3.019351529688011904e-01 1.007277173460089381e-01
3.030243510778034555e-01 1.007255054608337114e-01
3.041155095848058210e-01 1.007233035980593661e-01
3.052086284898081758e-01 1.007211117046690751e-01
3.063037077928106311e-01 1.007189297280091239e-01
3.074007474938131312e-01 1.007167576157839139e-01
3.084997475928156763e-01 1.007145953160566709e-01
3.096007080898180996e-01 1.007124427772416175e-01
3.107036289848207899e-01 1.007102999481084560e-01
3.118085102778234696e-01 1.007081667777733752e-01
3.129153519688261942e-01 1.007060432157005497e-01
3.140241540578289636e-01 1.007039292116977958e-01
3.151349165448318335e-01 1.007018247159149893e-01
3.162476394298346927e-01 1.006997296788420398e-01
3.173623227128376523e-01 1.006976440513047133e-01
3.184789663938406568e-01 1.006955677844637159e-01
3.195975704728435396e-01 1.006935008298117107e-01
3.207181349498466338e-01 1.006914431391719433e-01
3.218406598248497730e-01 1.006893946646945509e-01
3.229651450978529570e-01 1.006873553588544523e-01
3.240915907688562414e-01 1.006853251744504463e-01
3.252199968378595152e-01 1.006833040646013949e-01
3.263503633048628338e-01 1.006812919827442115e-01
3.274826901698662529e-01 1.006792888826321675e-01
3.286169774328696613e-01 1.006772947183326439e-01
3.297532250938730591e-01 1.006753094442242036e-01
3.308914331528765573e-01 1.006733330149964939e-01
3.320316016098801559e-01 1.006713653856427110e-01
3.331737304648837994e-01 1.006694065114662612e-01
3.343178197178874878e-01 1.006674563480693951e-01
3.354638693688912210e-01 1.006655148513576903e-01
3.366118794178950546e-01 1.006635819775346108e-01
3.377618498648988776e-01 1.006616576831011051e-01
3.389137807099027455e-01 1.006597419248518033e-01
3.400676719529066028e-01 1.006578346598743789e-01
3.412235235939105604e-01 1.006559358455482583e-01
3.423813356329146185e-01 1.006540454395393885e-01
3.435411080699187214e-01 1.006521633998022636e-01
3.447028409049228137e-01 1.006502896845752754e-01
3.458665341379270064e-01 1.006484242523791595e-01
3.470321877689312440e-01 1.006465670620160513e-01
3.481998017979355819e-01 1.006447180725662804e-01
3.493693762249399093e-01 1.006428772433880514e-01
3.505409110499441705e-01 1.006410445341135301e-01
3.517144062729485876e-01 1.006392199046481639e-01
3.528898618939531051e-01 1.006374033151694602e-01
3.540672779129576120e-01 1.006355947261239475e-01
3.552466543299622193e-01 1.006337940982249962e-01
3.564279911449668714e-01 1.006320013924528051e-01
3.576112883579715684e-01 1.006302165700511814e-01
3.587965459689763104e-01 1.006284395925252234e-01
3.599837639779809306e-01 1.006266704216422780e-01
3.611729423849858178e-01 1.006249090194268336e-01
3.623640811899906944e-01 1.006231553481598956e-01
3.635571803929956158e-01 1.006214093703797635e-01
3.647522399940006377e-01 1.006196710488749813e-01
3.659492599930056489e-01 1.006179403466892636e-01
3.671482403900107605e-01 1.006162172271139327e-01
3.683491811850159170e-01 1.006145016536893616e-01
3.695520823780210629e-01 1.006127935902028370e-01
3.707569439690261981e-01 1.006110930006861165e-01
3.719637659580314892e-01 1.006093998494154290e-01
3.731725483450368253e-01 1.006077141009072279e-01
3.743832911300422062e-01 1.006060357199199257e-01
3.755959943130476320e-01 1.006043646714483569e-01
3.768106578940531581e-01 1.006027009207267342e-01
3.780272818730586737e-01 1.006010444332229720e-01
3.792458662500642896e-01 1.005993951746392279e-01
3.804664110250698950e-01 1.005977531109100431e-01
3.816889161980754896e-01 1.005961182082009686e-01
3.829133817690812402e-01 1.005944904329065526e-01
3.841398077380869802e-01 1.005928697516493137e-01
3.853681941050928206e-01 1.005912561312774511e-01
3.865985408700987613e-01 1.005896495388641926e-01
3.878308480331046915e-01 1.005880499417072665e-01
3.890651155941106665e-01 1.005864573073234347e-01
3.903013435531166864e-01 1.005848716034526968e-01
3.915395319101228067e-01 1.005832927980527675e-01
3.927796806651288053e-01 1.005817208592981460e-01
3.940217898181350153e-01 1.005801557555810188e-01
3.952658593691412148e-01 1.005785974555071099e-01
3.965118893181475146e-01 1.005770459278958473e-01
3.977598796651538593e-01 1.005755011417783645e-01
3.990098304101602489e-01 1.005739630663966683e-01
4.002617415531666833e-01 1.005724316712018201e-01
4.015156130941732182e-01 1.005709069258530486e-01
4.027714450331797424e-01 1.005693888002150427e-01
4.040292373701862005e-01 1.005678772643584934e-01
4.052889901051928145e-01 1.005663722885592887e-01
4.065507032381995289e-01 1.005648738432923378e-01
4.078143767692062882e-01 1.005633818992375944e-01
4.090800106982130369e-01 1.005618964272727150e-01
4.103476050252198859e-01 1.005604173984752242e-01
4.116171597502267798e-01 1.005589447841183925e-01
4.128886748732337186e-01 1.005574785556748868e-01
4.141621503942407023e-01 1.005560186848091231e-01
4.154375863132476199e-01 1.005545651433805282e-01
4.167149826302546933e-01 1.005531179034415967e-01
4.179943393452618672e-01 1.005516769372356983e-01
4.192756564582690304e-01 1.005502422171953014e-01
4.205589339692762940e-01 1.005488137159437356e-01
4.218441718782836025e-01 1.005473914062904733e-01
4.231313701852909004e-01 1.005459752612316154e-01
4.244205288902982987e-01 1.005445652539505852e-01
4.257116479933056308e-01 1.005431613578117583e-01
4.270047274943131188e-01 1.005417635463654591e-01
4.282997673933206517e-01 1.005403717933432556e-01
4.295967676903282295e-01 1.005389860726563361e-01
4.308957283853359077e-01 1.005376063583967167e-01
4.321966494783435753e-01 1.005362326248353810e-01
4.334995309693513432e-01 1.005348648464192141e-01
4.348043728583591006e-01 1.005335029977734024e-01
4.361111751453669583e-01 1.005321470536975070e-01
4.374199378303746943e-01 1.005307969891651998e-01
4.387306609133826418e-01 1.005294527793234027e-01
4.400433443943906342e-01 1.005281143994916915e-01
4.413579882733986715e-01 1.005267818251606854e-01
4.426745925504067536e-01 1.005254550319899520e-01
4.439931572254149361e-01 1.005241339958099916e-01
4.453136822984231080e-01 1.005228186926176021e-01
4.466361677694313248e-01 1.005215090985774468e-01
4.479606136384396420e-01 1.005202051900202509e-01
4.492870199054478375e-01 1.005189069434407889e-01
4.506153865704562445e-01 1.005176143354995777e-01
4.519457136334646408e-01 1.005163273430181026e-01
4.532780010944731375e-01 1.005150459429811766e-01
4.546122489534816791e-01 1.005137701125352473e-01
4.559484572104903211e-01 1.005124998289853994e-01
4.572866258654989524e-01 1.005112350697968393e-01
4.586267549185076287e-01 1.005099758125925363e-01
4.599688443695163498e-01 1.005087220351536803e-01
4.613128942185250048e-01 1.005074737154166842e-01
4.626589044655338712e-01 1.005062308314741415e-01
4.640068751105427269e-01 1.005049933615737023e-01
4.653568061535516831e-01 1.005037612841150757e-01
4.667086975945606842e-01 1.005025345776524998e-01
4.680625494335697301e-01 1.005013132208906201e-01
4.694183616705788209e-01 1.005000971926861414e-01
4.707761343055879566e-01 1.004988864720465364e-01
4.721358673385971372e-01 1.004976810381257718e-01
4.734975607696062516e-01 1.004964808702292905e-01
4.748612145986155220e-01 1.004952859478085991e-01
4.762268288256248927e-01 1.004940962504618229e-01
4.775944034506342528e-01 1.004929117579338449e-01
4.789639384736437133e-01 1.004917324501135578e-01
4.803354338946532187e-01 1.004905583070343916e-01
4.817088897136627690e-01 1.004893893088746326e-01
4.830843059306723641e-01 1.004882254359526078e-01
4.844616825456818376e-01 1.004870666687301267e-01
4.858410195586915226e-01 1.004859129878100388e-01
4.872223169697012524e-01 1.004847643739346236e-01
4.886055747787110826e-01 1.004836208079862708e-01
4.899907929857209021e-01 1.004824822709853710e-01
4.913779715907308221e-01 1.004813487440907038e-01
4.927671105937407314e-01 1.004802202085988694e-01
4.941582099947507412e-01 1.004790966459406937e-01
4.955512697937607958e-01 1.004779780376846565e-01
4.969462899907707287e-01 1.004768643655342963e-01
4.983432705857808731e-01 1.004757556113247824e-01
4.997422115787910624e-01 1.004746517570272168e-01
5.011431129698012965e-01 1.004735527847450544e-01
5.025459747588115755e-01 1.004724586767127004e-01
5.039507969458218994e-01 1.004713694152960940e-01
5.053575795308323793e-01 1.004702849829923333e-01
5.067663225138427929e-01 1.004692053624282738e-01
5.081770258948532515e-01 1.004681305363591681e-01
5.095896896738636439e-01 1.004670604876693185e-01
5.110043138508743032e-01 1.004659951993715078e-01
5.124208984258848965e-01 1.004649346546045152e-01
5.138394433988955345e-01 1.004638788366338242e-01
5.152599487699063285e-01 1.004628277288506649e-01
5.166824145389171674e-01 1.004617813147725969e-01
5.181068407059279401e-01 1.004607395780398454e-01
5.195332272709388688e-01 1.004597025024172585e-01
5.209615742339498423e-01 1.004586700717938763e-01
5.223918815949606387e-01 1.004576422701797395e-01
5.238241493539717020e-01 1.004566190817070132e-01
5.252583775109828101e-01 1.004556004906313194e-01
5.266945660659939632e-01 1.004545864813250339e-01
5.281327150190051611e-01 1.004535770382844473e-01
5.295728243700164040e-01 1.004525721461232979e-01
5.310148941190276917e-01 1.004515717895750476e-01
5.324589242660390243e-01 1.004505759534905646e-01
5.339049148110504017e-01 1.004495846228389694e-01
5.353528657540617131e-01 1.004485977827071913e-01
5.368027770950731803e-01 1.004476154182968040e-01
5.382546488340846924e-01 1.004466375149277446e-01
5.397084809710962494e-01 1.004456640580327076e-01
5.411642735061079623e-01 1.004446950331617239e-01
5.426220264391196091e-01 1.004437304259774844e-01
5.440817397701314118e-01 1.004427702222571300e-01
5.455434134991431483e-01 1.004418144078903508e-01
5.470070476261550407e-01 1.004408629688805094e-01
5.484726421511667560e-01 1.004399158913412970e-01
5.499401970741787382e-01 1.004389731615004527e-01
5.514097123951906543e-01 1.004380347656942257e-01
5.528811881142027262e-01 1.004371006903711783e-01
5.543546242312148431e-01 1.004361709220886190e-01
5.558300207462270048e-01 1.004352454475146289e-01
5.573073776592392115e-01 1.004343242534252445e-01
5.587866949702514630e-01 1.004334073267053040e-01
5.602679726792635373e-01 1.004324946543476982e-01
5.617512107862758786e-01 1.004315862234528983e-01
5.632364092912882647e-01 1.004306820212273049e-01
5.647235681943006957e-01 1.004297820349862591e-01
5.662126874953131717e-01 1.004288862521488523e-01
5.677037671943258035e-01 1.004279946602400775e-01
5.691968072913383692e-01 1.004271072468913145e-01
5.706918077863509797e-01 1.004262239998378187e-01
5.721887686793637462e-01 1.004253449069182486e-01
5.736876899703762245e-01 1.004244699560761650e-01
5.751885716593890807e-01 1.004235991353583657e-01
5.766914137464018708e-01 1.004227324329130949e-01
5.781962162314148168e-01 1.004218698369932217e-01
5.797029791144278077e-01 1.004210113359515211e-01
5.812117023954407324e-01 1.004201569182432419e-01
5.827223860744538131e-01 1.004193065724249684e-01
5.842350301514669386e-01 1.004184602871538157e-01
5.857496346264799980e-01 1.004176180511865274e-01
5.872661994994931023e-01 1.004167798533801004e-01
5.887847247705062514e-01 1.004159456826920621e-01
5.903052104395195565e-01 1.004151155281770430e-01
5.918276565065329065e-01 1.004142893789898988e-01
5.933520629715463013e-01 1.004134672243827409e-01
5.948784298345597410e-01 1.004126490537064487e-01
5.964067570955732256e-01 1.004118348564088103e-01
5.979370447545868661e-01 1.004110246220346891e-01
5.994692928116004405e-01 1.004102183402256626e-01
6.010035012666138377e-01 1.004094160007205638e-01
6.025396701196276128e-01 1.004086175933532193e-01
6.040777993706413218e-01 1.004078231080530043e-01
6.056178890196550757e-01 1.004070325348455084e-01
6.071599390666689855e-01 1.004062458638500660e-01
6.087039495116828292e-01 1.004054630852820040e-01
6.102499203546968287e-01 1.004046841894497277e-01
6.117978515957107621e-01 1.004039091667560529e-01
6.133477432347248515e-01 1.004031380076972207e-01
6.148995952717387636e-01 1.004023707028620233e-01
6.164534077067529427e-01 1.004016072429341488e-01
6.180091805397671667e-01 1.004008476186873666e-01
6.195669137707813245e-01 1.004000918209891346e-01
6.211266073997956383e-01 1.003993398407990595e-01
6.226882614268099969e-01 1.003985916691675639e-01
6.242518758518244004e-01 1.003978472972365116e-01
6.258174506748388488e-01 1.003971067162397063e-01
6.273849858958533421e-01 1.003963699174997143e-01
6.289544815148676582e-01 1.003956368924321108e-01
6.305259375318823523e-01 1.003949076325407891e-01
6.320993539468969802e-01 1.003941821294195152e-01
6.336747307599116530e-01 1.003934603747532045e-01
6.352520679709263707e-01 1.003927423603138552e-01
6.368313655799411332e-01 1.003920280779640045e-01
6.384126235869560517e-01 1.003913175196550489e-01
6.399958419919709041e-01 1.003906106774258428e-01
6.415810207949856903e-01 1.003899075434037669e-01
6.431681599960007434e-01 1.003892081098048394e-01
6.447572595950157304e-01 1.003885123689329528e-01
6.463483195920308733e-01 1.003878203131775282e-01
6.479413399870459500e-01 1.003871319350178176e-01
6.495363207800611827e-01 1.003864472270177416e-01
6.511332619710764602e-01 1.003857661818302327e-01
6.527321635600916716e-01 1.003850887921928781e-01
6.543330255471070389e-01 1.003844150509303618e-01
6.559358479321222291e-01 1.003837449509533963e-01
6.575406307151376861e-01 1.003830784852587227e-01
6.591473738961531881e-01 1.003824156469279305e-01
6.607560774751687349e-01 1.003817564291293873e-01
6.623667414521843266e-01 1.003811008251152687e-01
6.639793658271999632e-01 1.003804488282241530e-01
6.655939506002157557e-01 1.003798004318775111e-01
6.672104957712314821e-01 1.003791556295838272e-01
6.688290013402472534e-01 1.003785144149342418e-01
6.704494673072629585e-01 1.003778767816048967e-01
6.720718936722788195e-01 1.003772427233558945e-01
6.736962804352947254e-01 1.003766122340311040e-01
6.753226275963107872e-01 1.003759853075580633e-01
6.769509351553267829e-01 1.003753619379478823e-01
6.785812031123429344e-01 1.003747421192961176e-01
6.802134314673590199e-01 1.003741258457794411e-01
6.818476202203752612e-01 1.003735131116594292e-01
6.834837693713914364e-01 1.003729039112793847e-01
6.851218789204075454e-01 1.003722982390662100e-01
6.867619488674239214e-01 1.003716960895292554e-01
6.884039792124403423e-01 1.003710974572595560e-01
6.900479699554568080e-01 1.003705023369320659e-01
6.916939210964733187e-01 1.003699107233021193e-01
6.933418326354898742e-01 1.003693226112084280e-01
6.949917045725064746e-01 1.003687379955712222e-01
6.966435369075231199e-01 1.003681568713926942e-01
6.982973296405398100e-01 1.003675792337566652e-01
6.999530827715563230e-01 1.003670050778279060e-01
7.016107963005731030e-01 1.003664343988546481e-01
7.032704702275899278e-01 1.003658671921642265e-01
7.049321045526069085e-01 1.003653034531664517e-01
7.065956992756238231e-01 1.003647431773526527e-01
7.082612543966407825e-01 1.003641863602940248e-01
7.099287699156578979e-01 1.003636329976445168e-01
7.115982458326749471e-01 1.003630830851372918e-01
7.132696821476921523e-01 1.003625366185876833e-01
7.149430788607090692e-01 1.003619935938914048e-01
7.166184359717263641e-01 1.003614540070242589e-01
7.182957534807437039e-01 1.003609178540435382e-01
7.199750313877609775e-01 1.003603851310875678e-01
7.216562696927784071e-01 1.003598558343738595e-01
7.233394683957958815e-01 1.003593299602012906e-01
7.250246274968132898e-01 1.003588075049490352e-01
7.267117469958308540e-01 1.003582884650768559e-01
7.284008268928482410e-01 1.003577728371245203e-01
7.300918671878658950e-01 1.003572606177125515e-01
7.317848678808835938e-01 1.003567518035413803e-01
7.334798289719013376e-01 1.003562463913921787e-01
7.351767504609192372e-01 1.003557443781259162e-01
7.368756323479370707e-01 1.003552457606844278e-01
7.385764746329549491e-01 1.003547505360888464e-01
7.402792773159728723e-01 1.003542587014419202e-01
7.419840403969908404e-01 1.003537702539248483e-01
7.436907638760087425e-01 1.003532851908010975e-01
7.453994477530268004e-01 1.003528035094125581e-01
7.471100920280450142e-01 1.003523252071825134e-01
7.488226967010631618e-01 1.003518502816144603e-01
7.505372617720814654e-01 1.003513787302912769e-01
7.522537872410997029e-01 1.003509105508772620e-01
7.539722731081180962e-01 1.003504457411166645e-01
7.556927193731364234e-01 1.003499842988340857e-01
7.574151260361549065e-01 1.003495262219344375e-01
7.591394930971732125e-01 1.003490715084032758e-01
7.608658205561917853e-01 1.003486201563064395e-01
7.625941084132104031e-01 1.003481721637915908e-01
7.643243566682289547e-01 1.003477275290846488e-01
7.660565653212476622e-01 1.003472862504949381e-01
7.677907343722664146e-01 1.003468483264102901e-01
7.695268638212852119e-01 1.003464137553010116e-01
7.712649536683040541e-01 1.003459825357174290e-01
7.730050039133229411e-01 1.003455546662915393e-01
7.747470145563417621e-01 1.003451301457354145e-01
7.764909855973607389e-01 1.003447089728440600e-01
7.782369170363797606e-01 1.003442911464918624e-01
7.799848088733989382e-01 1.003438766656361975e-01
7.817346611084180497e-01 1.003434655293150707e-01
7.834864737414372060e-01 1.003430577366488802e-01
7.852402467724565183e-01 1.003426532868386400e-01
7.869959802014757644e-01 1.003422521791681038e-01
7.887536740284951664e-01 1.003418544130033618e-01
7.905133282535142802e-01 1.003414599877923835e-01
7.922749428765337720e-01 1.003410689030648367e-01
7.940385178975533087e-01 1.003406811584332259e-01
7.958040533165727792e-01 1.003402967535936274e-01
7.975715491335924057e-01 1.003399156883234000e-01
7.993410053486120770e-01 1.003395379624839462e-01
8.011124219616317932e-01 1.003391635760193523e-01
8.028857989726515543e-01 1.003387925289569993e-01
8.046611363816711382e-01 1.003384248214078817e-01
8.064384341886909890e-01 1.003380604535671627e-01
8.082176923937108848e-01 1.003376994257122318e-01
8.099989109967308254e-01 1.003373417382069227e-01
8.117820899977508109e-01 1.003369873914975452e-01
8.135672293967708413e-01 1.003366363861155630e-01
8.153543291937909165e-01 1.003362887226773997e-01
8.171433893888111477e-01 1.003359444018838975e-01
8.189344099818313127e-01 1.003356034245218159e-01
8.207273909728513006e-01 1.003352657914618334e-01
8.225223323618716664e-01 1.003349315036630857e-01
8.243192341488919661e-01 1.003346005621672393e-01
8.261180963339124217e-01 1.003342729681049733e-01
8.279189189169328111e-01 1.003339487226915794e-01
8.297217018979533565e-01 1.003336278272303345e-01
8.315264452769738357e-01 1.003333102831105023e-01
8.333331490539944708e-01 1.003329960918096786e-01
8.351418132290151508e-01 1.003326852548920567e-01
8.369524378020356536e-01 1.003323777740098566e-01
8.387650227730564234e-01 1.003320736509042410e-01
8.405795681420771270e-01 1.003317728874043857e-01
8.423960739090979866e-01 1.003314754854284369e-01
8.442145400741188910e-01 1.003311814469832891e-01
8.460349666371398403e-01 1.003308907741650852e-01
8.478573535981608345e-01 1.003306034691615889e-01
8.496817009571818735e-01 1.003303195342486881e-01
8.515080087142030685e-01 1.003300389717937807e-01
8.533362768692239753e-01 1.003297617842547618e-01
8.551665054222451490e-01 1.003294879741815915e-01
8.569986943732663676e-01 1.003292175442147965e-01
8.588328437222877421e-01 1.003289504970877738e-01
8.606689534693090504e-01 1.003286868356261935e-01
8.625070236143304037e-01 1.003284265627482214e-01
8.643470541573519128e-01 1.003281696814655732e-01
8.661890450983733558e-01 1.003279161948840426e-01
8.680329964373949547e-01 1.003276661062027786e-01
8.698789081744163765e-01 1.003274194187157298e-01
8.717267803094379541e-01 1.003271761358119490e-01
8.735766128424596877e-01 1.003269362609763016e-01
8.754284057734814661e-01 1.003266997977887293e-01
8.772821591025032895e-01 1.003264667499264851e-01
8.791378728295250466e-01 1.003262371211626619e-01
8.809955469545469597e-01 1.003260109153689961e-01
8.828551814775689177e-01 1.003257881365136189e-01
8.847167763985909206e-01 1.003255687886645819e-01
8.865803317176127463e-01 1.003253528759870949e-01
8.884458474346348389e-01 1.003251404027472871e-01
8.903133235496569764e-01 1.003249313733107495e-01
8.921827600626792698e-01 1.003247257921437430e-01
8.940541569737014971e-01 1.003245236638117960e-01
8.959275142827237692e-01 1.003243249929853947e-01
8.978028319897460863e-01 1.003241297844343904e-01
8.996801100947685592e-01 1.003239380430325511e-01
9.015593485977907440e-01 1.003237497737572981e-01
9.034405474988133067e-01 1.003235649816889008e-01
9.053237067978358033e-01 1.003233836720134470e-01
9.072088264948584557e-01 1.003232058500219265e-01
9.090959065898810421e-01 1.003230315211103979e-01
9.109849470829037843e-01 1.003228606907828613e-01
9.128759479739264604e-01 1.003226933646487462e-01
9.147689092629492924e-01 1.003225295484272556e-01
9.166638309499721693e-01 1.003223692479444235e-01
9.185607130349948690e-01 1.003222124691365985e-01
9.204595555180178357e-01 1.003220592180495280e-01
9.223603583990407362e-01 1.003219095008401479e-01
9.242631216780637926e-01 1.003217633237761253e-01
9.261678453550868939e-01 1.003216206932376620e-01
9.280745294301100401e-01 1.003214816157175227e-01
9.299831739031333422e-01 1.003213460978227833e-01
9.318937787741565781e-01 1.003212141462743318e-01
9.338063440431798590e-01 1.003210857679080886e-01
9.357208697102029626e-01 1.003209609696771309e-01
9.376373557752263332e-01 1.003208397586500683e-01
9.395558022382498597e-01 1.003207221420137629e-01
9.414762090992733201e-01 1.003206081270742317e-01
9.433985763582968254e-01 1.003204977212554805e-01
9.453229040153204865e-01 1.003203909321028486e-01
9.472491920703440815e-01 1.003202877672826066e-01
9.491774405233678324e-01 1.003201882345833296e-01
9.511076493743915172e-01 1.003200923419156204e-01
9.530398186234151359e-01 1.003200000973151068e-01
9.549739482704390214e-01 1.003199115089414145e-01
9.569100383154629519e-01 1.003198265850806237e-01
9.588480887584868162e-01 1.003197453341452272e-01
9.607880995995108364e-01 1.003196677646756019e-01
9.627300708385349015e-01 1.003195938853410768e-01
9.646740024755590115e-01 1.003195237049400446e-01
9.666198945105831664e-01 1.003194572324031669e-01
9.685677469436073661e-01 1.003193944767918205e-01
9.705175597746313887e-01 1.003193354473006921e-01
9.724693330036556782e-01 1.003192801532584860e-01
9.744230666306800126e-01 1.003192286041295483e-01
9.763787606557043919e-01 1.003191808095139914e-01
9.783364150787289271e-01 1.003191367791497202e-01
9.802960298997533961e-01 1.003190965229131953e-01
9.822576051187779100e-01 1.003190600508201552e-01
9.842211407358025799e-01 1.003190273730287380e-01
9.861866367508271836e-01 1.003189984998374834e-01
9.881540931638517211e-01 1.003189734416896212e-01
9.901235099748764146e-01 1.003189522091730707e-01
9.920948871839012639e-01 1.003189348130204828e-01
9.940682247909260472e-01 1.003189212641137362e-01
9.960435227959509863e-01 1.003189115734820502e-01
9.980207811989759703e-01 1.003189057523041910e-01
1.000000000000000666e+00 1.003189038119115667e-01
