0.000000000000000000e+00 9.285905203094242388e-01
2.078119897502626434e-05 9.268218380708947990e-01
4.352279595010249372e-05 9.248863069339580134e-01
6.822479092522875592e-05 9.227839269112005915e-01
9.488718390040502381e-05 9.205146980198204432e-01
1.235099748756312839e-04 9.180786202765662818e-01
1.540931638509075632e-04 9.154756937016171880e-01
1.866367508262337669e-04 9.127059183170379564e-01
2.211407358016100034e-04 9.097692941474703199e-01
2.576051187770363269e-04 9.066658212202824974e-01
2.960298997525126832e-04 9.033954995657567100e-01
3.364150787280388555e-04 8.999583292173327642e-01
3.787606557036150606e-04 8.963543102118485262e-01
4.230666306792412444e-04 8.925834425897830604e-01
4.693330036549174067e-04 8.886457263955255259e-01
5.175597746306437102e-04 8.845411616776608366e-01
5.677469436064200466e-04 8.802697484892368918e-01
6.198945105822462531e-04 8.758314868880895387e-01
6.740024755581224382e-04 8.712263769371372257e-01
7.300708385340486020e-04 8.664544187047156232e-01
7.880995995100251780e-04 8.615156122649172410e-01
8.480887584860512989e-04 8.564099576979303796e-01
9.100383154621275068e-04 8.511374550904107217e-01
9.739482704382536934e-04 8.456981045358554772e-01
1.039818623414429750e-03 8.400919061349828576e-01
1.107649374390655894e-03 8.343188599961397500e-01
1.177440523366932558e-03 8.283789662357067263e-01
1.249192070343258659e-03 8.222722249785195947e-01
1.322904015319634847e-03 8.159986363583148217e-01
1.398576358296060905e-03 8.095582005181632956e-01
1.476209099272537051e-03 8.029509176109436153e-01
1.555802238249063716e-03 7.961767877998053855e-01
1.637355775225640036e-03 7.892358112586558283e-01
1.720869710202266008e-03 7.821279881726600491e-01
1.806344043178942285e-03 7.748533187387414145e-01
1.893778774155669082e-03 7.674118031661160133e-01
1.983173903132445098e-03 7.598034416768132404e-01
2.074529430109271419e-03 7.520282345062229146e-01
2.167845355086147393e-03 7.440861819036664881e-01
2.263121678063073454e-03 7.359772841329482729e-01
2.360358399040050469e-03 7.277015414729491871e-01
2.459555518017076271e-03 7.192589542182217244e-01
2.560713034994152593e-03 7.106495226795906950e-01
2.663830949971278568e-03 7.018732471847762833e-01
2.768909262948454630e-03 6.929301280790228779e-01
2.875947973925680780e-03 6.838201657257465538e-01
2.984947082902957450e-03 6.745433605071873284e-01
3.095906589880283773e-03 6.650997128250787371e-01
3.208826494857659750e-03 6.554892231013252912e-01
3.323706797835085814e-03 6.457118917787003642e-01
3.440547498812561965e-03 6.357677193215446332e-01
3.559348597790088636e-03 6.256567062164888338e-01
3.680110094767664961e-03 6.153788529731787360e-01
3.802831989745290939e-03 6.049341601250178835e-01
3.927514282722965704e-03 5.943226282299234331e-01
4.054156973700691856e-03 5.835442578710885453e-01
4.182760062678468095e-03 5.725990496577623157e-01
4.313323549656295289e-03 5.614870042260428074e-01
4.445847434634171702e-03 5.502081222396728588e-01
4.580331717612097335e-03 5.387624043908638694e-01
4.716776398590073922e-03 5.271498514011149217e-01
4.855181477568099729e-03 5.153704640220595490e-01
4.995546954546175623e-03 5.034242430363108367e-01
5.137872829524301604e-03 4.913111892583297280e-01
5.282159102502477672e-03 4.790313035353005455e-01
5.428405773480703828e-03 4.665845867480185039e-01
5.576612842458980070e-03 4.539710398117917101e-01
5.726780309437305531e-03 4.411906636773518242e-01
5.878908174415681948e-03 4.282434593317830940e-01
6.032996437394107583e-03 4.151294277994582171e-01
6.189045098372585908e-03 4.018485701429859724e-01
6.347054157351111718e-03 3.884008874641780573e-01
6.507023614329687615e-03 3.747863809050184791e-01
6.668953469308313599e-03 3.610050516486555394e-01
6.832843722286989670e-03 3.470569009203951505e-01
6.998694373265715828e-03 3.329419299887175221e-01
7.166505422244492073e-03 3.186601401662968458e-01
7.336276869223317537e-03 3.042115328110391315e-01
7.508008714202193956e-03 2.895961093271297027e-01
7.681700957181119595e-03 2.748138711660936262e-01
7.857353598160098790e-03 2.598648198278691313e-01
8.034966637139125470e-03 2.447489568618918532e-01
8.214540074118200502e-03 2.294662838681924000e-01
8.396073909097327356e-03 2.140168024985064366e-01
8.579568142076502563e-03 1.984005144573965096e-01
8.765022773055727856e-03 1.826174215033855297e-01
8.952437802035004971e-03 1.666675254501051029e-01
9.141813229014330439e-03 1.505508281674546589e-01
9.333149053993705993e-03 1.342789017276409813e-01
9.526445276973131635e-03 1.214825861314309252e-01
9.721701897952607363e-03 1.157901046311128335e-01
9.918918916932136648e-03 1.131745618534983344e-01
1.011809633391171255e-02 1.116669565278820137e-01
1.031923414889133854e-02 1.106606181906528152e-01
1.052233236187101462e-02 1.099260688466323771e-01
1.072739097285074078e-02 1.093576073133272208e-01
1.093440998183051703e-02 1.088993263619138646e-01
1.114338938881034163e-02 1.085185991175318665e-01
1.135432919379021806e-02 1.081949482893084236e-01
1.156722939677014457e-02 1.079147853902963639e-01
1.178208999775011943e-02 1.076686879747837944e-01
1.199891099673014612e-02 1.074498860639096359e-01
1.221769239371022463e-02 1.072533708749484338e-01
1.243843418869035149e-02 1.070753445403882786e-01
1.266113638167052670e-02 1.069128666280952933e-01
1.288579897265075200e-02 1.067636193158606334e-01
1.311242196163102738e-02 1.066257468195287855e-01
1.334100534861135459e-02 1.064977428067618442e-01
1.357154913359173015e-02 1.063783697020940500e-01
1.380405331657215580e-02 1.062665997155936709e-01
1.403851789755263153e-02 1.061615709957960951e-01
1.427494287653315735e-02 1.060625545195054004e-01
1.451332825351373326e-02 1.059689287382692552e-01
1.475367402849436273e-02 1.058801599177511821e-01
1.499598020147503881e-02 1.057957867155780163e-01
1.524024677245576498e-02 1.057154079562724891e-01
1.548647374143653950e-02 1.056386728468388103e-01
1.573466110841736931e-02 1.055652730761190011e-01
1.598480887339824227e-02 1.054949363830854636e-01
1.623691703637917053e-02 1.054274212813477857e-01
1.649098559736014366e-02 1.053625127014557600e-01
1.674701455634117209e-02 1.053000183668669348e-01
1.700500391332224540e-02 1.052397657597451408e-01
1.726495366830337400e-02 1.051815995638952644e-01
1.752686382128455442e-02 1.051253794992090956e-01
1.779073437226577625e-02 1.050709784885880682e-01
1.805656532124705685e-02 1.050182811219009527e-01
1.832435666822837886e-02 1.049671823803429022e-01
1.859410841320975616e-02 1.049175865069595648e-01
1.886582055619118528e-02 1.048694057156256132e-01
1.913949309717265929e-02 1.048225584003152633e-01
1.941512603615418858e-02 1.047769684771930054e-01
1.969271937313575929e-02 1.047325789363350718e-01
1.997227310811738876e-02 1.046893101513448471e-01
2.025378724109906312e-02 1.046471147356218684e-01
2.053726177208079276e-02 1.046059369904747960e-01
2.082269670106256382e-02 1.045657259215944657e-01
2.111009202804439364e-02 1.045264350436701517e-01
2.139944775302626487e-02 1.044880212664116015e-01
2.169076387600819486e-02 1.044504443485126527e-01
2.198404039699017321e-02 1.044136666555616766e-01
2.227927731597219643e-02 1.043776529867710967e-01
2.257647463295427495e-02 1.043423703994179191e-01
2.287563234793639835e-02 1.043077880306322314e-01
2.317675046091857705e-02 1.042738769283412942e-01
2.347982897190080062e-02 1.042406098976952772e-01
2.378486788088307949e-02 1.042079613636559127e-01
2.409186718786539977e-02 1.041759072477803222e-01
2.440082689284778228e-02 1.041444248569081549e-01
2.471174699583020273e-02 1.041134927819215988e-01
2.502462749681268195e-02 1.040830908054587167e-01
2.533946839579521298e-02 1.040531998179115708e-01
2.565626969277778543e-02 1.040238017412040694e-01
2.597503138776041318e-02 1.039948794593063691e-01
2.629575348074308580e-02 1.039664167528733252e-01
2.661843597172581372e-02 1.039383982334058376e-01
2.694307886070858651e-02 1.039108092742509343e-01
2.726968214769141807e-02 1.038836359523310215e-01
2.759824583267428758e-02 1.038568650576170704e-01
2.792876991565721931e-02 1.038304842466204192e-01
2.826125439664019939e-02 1.038044820175597488e-01
2.859569927562322089e-02 1.037788446112067470e-01
2.893210455260630115e-02 1.037535646233184450e-01
2.927047022758941935e-02 1.037286294620479304e-01
2.961079630057259979e-02 1.037040296095824154e-01
2.995308277155582163e-02 1.036797558109250478e-01
3.029732964053910224e-02 1.036557990244789951e-01
3.064353690752242426e-02 1.036321505684175831e-01
3.099170457250580504e-02 1.036088021517477253e-01
3.134183263548922377e-02 1.035857458493101291e-01
3.169392109647270472e-02 1.035629740716024760e-01
3.204796995545623056e-02 1.035404795438153169e-01
3.240397921243980128e-02 1.035182552910446224e-01
3.276194886742343076e-02 1.034962946162897163e-01
3.312187892040710513e-02 1.034745910514802275e-01
3.348376937139083825e-02 1.034531383260796911e-01
3.384762022037460932e-02 1.034319308871231302e-01
3.421343146735843915e-02 1.034109624687235829e-01
3.458120311234230693e-02 1.033902279266606106e-01
3.495093515532624040e-02 1.033697219040046744e-01
3.532262759631021182e-02 1.033494392745912954e-01
3.569628043529424199e-02 1.033293751296771729e-01
3.607189367227831706e-02 1.033095247400163536e-01
3.644946730726244394e-02 1.032898835416440064e-01
3.682900134024662264e-02 1.032704471399087109e-01
3.721049577123083929e-02 1.032512113133147308e-01
3.759395060021512164e-02 1.032321718481546968e-01
3.797936582719944193e-02 1.032133249334356989e-01
3.836674145218382098e-02 1.031946666442366267e-01
3.875607747516824492e-02 1.031761932984999880e-01
3.914737389615272761e-02 1.031579013262753503e-01
3.954063071513724825e-02 1.031397872662703080e-01
3.993584793212182765e-02 1.031218477632350888e-01
4.033302554710645887e-02 1.031040795584777375e-01
4.073216356009112804e-02 1.030864795661214500e-01
4.113326197107585597e-02 1.030690446707304836e-01
4.153632078006062878e-02 1.030517719697158219e-01
4.194133998704546035e-02 1.030346585945125654e-01
4.234831959203032986e-02 1.030177017707689657e-01
4.275725959501525814e-02 1.030008988164534262e-01
4.316815999600023129e-02 1.029842471001368581e-01
4.358102079498526321e-02 1.029677441175585184e-01
4.399584199197033307e-02 1.029513873908936561e-01
4.441262358695546170e-02 1.029351745348091179e-01
4.483136557994064214e-02 1.029191032280091095e-01
4.525206797092586747e-02 1.029031712084134687e-01
4.567473075991114462e-02 1.028873762982788070e-01
4.609935394689646665e-02 1.028717163424918007e-01
4.652593753188184744e-02 1.028561892781384296e-01
4.695448151486726618e-02 1.028407930827442279e-01
4.738498589585275061e-02 1.028255257923490901e-01
4.781745067483826606e-02 1.028103854826881991e-01
4.825187585182384720e-02 1.027953703015676012e-01
4.868826142680946628e-02 1.027804784250464926e-01
4.912660739979515107e-02 1.027657080841150317e-01
4.956691377078088073e-02 1.027510575505180684e-01
5.000918053976664834e-02 1.027365251502372623e-01
5.045340770675248165e-02 1.027221092310219991e-01
5.089959527173835291e-02 1.027078081989163394e-01
5.134774323472428292e-02 1.026936204920202295e-01
5.179785159571025088e-02 1.026795445801663015e-01
5.224992035469628454e-02 1.026655789810937969e-01
5.270394951168235614e-02 1.026517222373473648e-01
5.315993906666848651e-02 1.026379729284248588e-01
5.361788901965465481e-02 1.026243296708492930e-01
5.407779937064088882e-02 1.026107911041435478e-01
5.453967011962716771e-02 1.025973559056989198e-01
5.500350126661349148e-02 1.025840227802820165e-01
5.546929281159986708e-02 1.025707904573549961e-01
5.593704475458628755e-02 1.025576577012623225e-01
5.640675709557277373e-02 1.025446232968518084e-01
5.687842983455929091e-02 1.025316860564323279e-01
5.735206297154587379e-02 1.025188448214860854e-01
5.782765650653248768e-02 1.025060984505118261e-01
5.830521043951917420e-02 1.024934458326893089e-01
5.878472477050590561e-02 1.024808858745976103e-01
5.926619949949267496e-02 1.024684175092261673e-01
5.974963462647950307e-02 1.024560396879807267e-01
6.023503015146637607e-02 1.024437513835564917e-01
6.072238607445330782e-02 1.024315515918251818e-01
6.121170239544027752e-02 1.024194393231620676e-01
6.170297911442730598e-02 1.024074136121403689e-01
6.219621623141437933e-02 1.023954735075487399e-01
6.269141374640151143e-02 1.023836180797101786e-01
6.318857165938866760e-02 1.023718464132400557e-01
6.368768997037589641e-02 1.023601576124419238e-01
6.418876867936318398e-02 1.023485507956151952e-01
6.469180778635051643e-02 1.023370250988259039e-01
6.519680729133789376e-02 1.023255796737053136e-01
6.570376719432530210e-02 1.023142136845563294e-01
6.621268749531278308e-02 1.023029263144575457e-01
6.672356819430030894e-02 1.022917167564934976e-01
6.723640929128789356e-02 1.022805842215261107e-01
6.775121078627552307e-02 1.022695279304274563e-01
6.826797267926318358e-02 1.022585471205844088e-01
6.878669497025091673e-02 1.022476410390710383e-01
6.930737765923869476e-02 1.022368089484305687e-01
6.983002074622653155e-02 1.022260501205527611e-01
7.035462423121441322e-02 1.022153638418525495e-01
7.088118811420231202e-02 1.022047494077448215e-01
7.140971239519029734e-02 1.021942061273568569e-01
7.194019707417832754e-02 1.021837333184021646e-01
7.247264215116641650e-02 1.021733303116160035e-01
7.300704762615452259e-02 1.021629964459012940e-01
7.354341349914270132e-02 1.021527310725297288e-01
7.408173977013092493e-02 1.021425335505449089e-01
7.462202643911922118e-02 1.021324032507910790e-01
7.516427350610754843e-02 1.021223395514611471e-01
7.570848097109590669e-02 1.021123418420499807e-01
7.625464883408433758e-02 1.021024095190011388e-01
7.680277709507281336e-02 1.020925419895733766e-01
7.735286575406134790e-02 1.020827386675985382e-01
7.790491481104989957e-02 1.020729989773276059e-01
7.845892426603853775e-02 1.020633223491567987e-01
7.901489411902722082e-02 1.020537082233024667e-01
7.957282437001594877e-02 1.020441560466824743e-01
8.013271501900470772e-02 1.020346652740461574e-01
8.069456606599353932e-02 1.020252353681303237e-01
8.125837751098241579e-02 1.020158657982251499e-01
8.182414935397135103e-02 1.020065560415382849e-01
8.239188159496033115e-02 1.019973055815174834e-01
8.296157423394934227e-02 1.019881139092319450e-01
8.353322727093842603e-02 1.019789805216524681e-01
8.410684070592755468e-02 1.019699049231174437e-01
8.468241453891674209e-02 1.019608866235557215e-01
8.525994876990593274e-02 1.019519251400256565e-01
8.583944339889522379e-02 1.019430199948787030e-01
8.642089842588455972e-02 1.019341707173703204e-01
8.700431385087394054e-02 1.019253768417660161e-01
8.758968967386336624e-02 1.019166379090305496e-01
8.817702589485282294e-02 1.019079534648634905e-01
8.876632251384235228e-02 1.018993230614737427e-01
8.935757953083194038e-02 1.018907462555476984e-01
8.995079694582157337e-02 1.018822226100969675e-01
9.054597475881122348e-02 1.018737516923680642e-01
9.114311296980096011e-02 1.018653330757731401e-01
9.174221157879074162e-02 1.018569663377262013e-01
9.234327058578056802e-02 1.018486510614900753e-01
9.294628999077042542e-02 1.018403868346212937e-01
9.355126979376035545e-02 1.018321732495320875e-01
9.415820999475034425e-02 1.018240099035620794e-01
9.476711059374037793e-02 1.018158963982369464e-01
9.537797159073045650e-02 1.018078323400048446e-01
9.599079298572055219e-02 1.017998173393186018e-01
9.660557477871074827e-02 1.017918510114018543e-01
9.722231696970097536e-02 1.017839329753052052e-01
9.784101955869126122e-02 1.017760628547189905e-01
9.846168254568156419e-02 1.017682402769992389e-01
9.908430593067193981e-02 1.017604648740050438e-01
9.970888971366237419e-02 1.017527362811155855e-01
1.003354338946528534e-01 1.017450541380853224e-01
1.009639384736433915e-01 1.017374180880398771e-01
1.015944034506339466e-01 1.017298277783686838e-01
1.022268288256245744e-01 1.017222828596897333e-01
1.028612145986152610e-01 1.017147829867710990e-01
1.034975607696059924e-01 1.017073278174858014e-01
1.041358673385967409e-01 1.016999170137379144e-01
1.047761343055875760e-01 1.016925502404220777e-01
1.054183616705784560e-01 1.016852271663544471e-01
1.060625494335693947e-01 1.016779474632306113e-01
1.067086975945603783e-01 1.016707108065576237e-01
1.073568061535513790e-01 1.016635168746252982e-01
1.080068751105424663e-01 1.016563653494271802e-01
1.086589044655335984e-01 1.016492559156428610e-01
1.093128942185247754e-01 1.016421882615538286e-01
1.099688443695159834e-01 1.016351620780433090e-01
1.106267549185072641e-01 1.016281770594903572e-01
1.112866258654986035e-01 1.016212329027975508e-01
1.119484572104899878e-01 1.016143293082645838e-01
1.126122489534813753e-01 1.016074659786375955e-01
1.132780010944728633e-01 1.016006426199633078e-01
1.139457136334643961e-01 1.015938589406692877e-01
1.146153865704559877e-01 1.015871146523830842e-01
1.152870199054476102e-01 1.015804094690518355e-01
1.159606136384392638e-01 1.015737431077289726e-01
1.166361677694310039e-01 1.015671152877296313e-01
1.173136822984227889e-01 1.015605257313813015e-01
1.179931572254146188e-01 1.015539741632214277e-01
1.186745925504064658e-01 1.015474603107078405e-01
1.193579882733983993e-01 1.015409839034592393e-01
1.200433443943903777e-01 1.015345446739268492e-01
1.207306609133824149e-01 1.015281423566766900e-01
1.214199378303744969e-01 1.015217766890200712e-01
1.221111751453665961e-01 1.015154474103424354e-01
1.228043728583587818e-01 1.015091542626862103e-01
1.234995309693510124e-01 1.015028969901345113e-01
1.241966494783433017e-01 1.014966753393400645e-01
1.248957283853355943e-01 1.014904890589626019e-01
1.255967676903279873e-01 1.014843379001503509e-01
1.262997673933204390e-01 1.014782216160219214e-01
1.270047274943129079e-01 1.014721399621098530e-01
1.277116479933054216e-01 1.014660926958853154e-01
1.284205288902980080e-01 1.014600795771541525e-01
1.291313701852906393e-01 1.014541003676328323e-01
1.298441718782833154e-01 1.014481548312989867e-01
1.305589339692760642e-01 1.014422427340128524e-01
1.312756564582688024e-01 1.014363638438219306e-01
1.319943393452616409e-01 1.014305179306315280e-01
1.327149826302545244e-01 1.014247047664654372e-01
1.334375863132474527e-01 1.014189241251775148e-01
1.341621503942403981e-01 1.014131757826769453e-01
1.348886748732334440e-01 1.014074595166705450e-01
1.356171597502265069e-01 1.014017751068664180e-01
1.363476050252196425e-01 1.013961223347380203e-01
1.370800106982128508e-01 1.013905009837005738e-01
1.378143767692060206e-01 1.013849108389204418e-01
1.385507032381993187e-01 1.013793516874114953e-01
1.392889901051926616e-01 1.013738233179877074e-01
1.400292373701860493e-01 1.013683255211537543e-01
1.407714450331794265e-01 1.013628580892838860e-01
1.415156130941729040e-01 1.013574208163405543e-01
1.422617415531664542e-01 1.013520134981285431e-01
1.430098304101600493e-01 1.013466359320227411e-01
1.437598796651536337e-01 1.013412879171819297e-01
1.445118893181473185e-01 1.013359692543134849e-01
1.452658593691410482e-01 1.013306797458585762e-01
1.460217898181348506e-01 1.013254191957917577e-01
1.467796806651286701e-01 1.013201874097645616e-01
1.475395319101225067e-01 1.013149841949537583e-01
1.483013435531164437e-01 1.013098093601385724e-01
1.490651155941104256e-01 1.013046627156559826e-01
1.498308480331044801e-01 1.012995440733318459e-01
1.505985408700985240e-01 1.012944532465926001e-01
1.513681941050926405e-01 1.012893900502767064e-01
1.521398077380868297e-01 1.012843543008010438e-01
1.529133817690810637e-01 1.012793458159789300e-01
1.536889161980753704e-01 1.012743644151516825e-01
1.544664110250696387e-01 1.012694099190458580e-01
1.552458662500640352e-01 1.012644821498676767e-01
1.560272818730584765e-01 1.012595809312095696e-01
1.568106578940529627e-01 1.012547060880665539e-01
1.575959943130474383e-01 1.012498574468550100e-01
1.583832911300420421e-01 1.012450348353077373e-01
1.591725483450366629e-01 1.012402380825878911e-01
1.599637659580313565e-01 1.012354670191401157e-01
1.607569439690260948e-01 1.012307214768025099e-01
1.615520823780208504e-01 1.012260012886848359e-01
1.623491811850156785e-01 1.012213062892485110e-01
1.631482403900105516e-01 1.012166363142202319e-01
1.639492599930054972e-01 1.012119912006279598e-01
1.647522399940004323e-01 1.012073707867729294e-01
1.655571803929954677e-01 1.012027749121970494e-01
1.663640811899905481e-01 1.011982034177240364e-01
1.671729423849857010e-01 1.011936561453753436e-01
1.679837639779808434e-01 1.011891329384331101e-01
1.687965459689760583e-01 1.011846336413647768e-01
1.696112883579713460e-01 1.011801580998571010e-01
1.704279911449667062e-01 1.011757061607867492e-01
1.712466543299620836e-01 1.011712776721940543e-01
1.720672779129574781e-01 1.011668724833181543e-01
1.728898618939529452e-01 1.011624904445219686e-01
1.737144062729484850e-01 1.011581314073489168e-01
1.745409110499440697e-01 1.011537952244548483e-01
1.753693762249396715e-01 1.011494817496365745e-01
1.761998017979353459e-01 1.011451908378077358e-01
1.770321877689310930e-01 1.011409223449753897e-01
1.778665341379268849e-01 1.011366761282645604e-01
1.787028409049227218e-01 1.011324520458699167e-01
1.795411080699185480e-01 1.011282499570670679e-01
1.803813356329145023e-01 1.011240697222129670e-01
1.812235235939104738e-01 1.011199112026958946e-01
1.820676719529065180e-01 1.011157742609861548e-01
1.829137807099025514e-01 1.011116587605620926e-01
1.837618498648986853e-01 1.011075645659557098e-01
1.846118794178948919e-01 1.011034915427099917e-01
1.854638693688911155e-01 1.010994395573782539e-01
1.863178197178873563e-01 1.010954084775278761e-01
1.871737304648836975e-01 1.010913981717084659e-01
1.880316016098800835e-01 1.010874085094645991e-01
1.888914331528765145e-01 1.010834393613184445e-01
1.897532250938729903e-01 1.010794905987515979e-01
1.906169774328694833e-01 1.010755620942229427e-01
1.914826901698660766e-01 1.010716537211264893e-01
1.923503633048627148e-01 1.010677653538155224e-01
1.932199968378593979e-01 1.010638968675692528e-01
1.940915907688560982e-01 1.010600481386002419e-01
1.949651450978528711e-01 1.010562190440420643e-01
1.958406598248497166e-01 1.010524094619354302e-01
1.967181349498466070e-01 1.010486192712341386e-01
1.975975704728435423e-01 1.010448483517829565e-01
1.984789663938404669e-01 1.010410965843165504e-01
1.993623227128375197e-01 1.010373638504579036e-01
2.002476394298345896e-01 1.010336500326947801e-01
2.011349165448317322e-01 1.010299550143919783e-01
2.020241540578288642e-01 1.010262786797693907e-01
2.029153519688260965e-01 1.010226209138992831e-01
2.038085102778234015e-01 1.010189816027033255e-01
2.047036289848207236e-01 1.010153606329395604e-01
2.056007080898180628e-01 1.010117578921961301e-01
2.064997475928155024e-01 1.010081732688922762e-01
2.074007474938129869e-01 1.010046066522580915e-01
2.083037077928105441e-01 1.010010579323396690e-01
2.092086284898081183e-01 1.009975269999877495e-01
2.101155095848057097e-01 1.009940137468467031e-01
2.110243510778034015e-01 1.009905180653595941e-01
2.119351529688011382e-01 1.009870398487490994e-01
2.128479152577989197e-01 1.009835789910169812e-01
2.137626379447967184e-01 1.009801353869409918e-01
2.146793210297945897e-01 1.009767089320597888e-01
2.155979645127925337e-01 1.009732995226755303e-01
2.165185683937905226e-01 1.009699070558442435e-01
2.174411326727885563e-01 1.009665314293649030e-01
2.183656573497865794e-01 1.009631725417836079e-01
2.192921424247847306e-01 1.009598302923789132e-01
2.202205878977829268e-01 1.009565045811579576e-01
2.211509937687811678e-01 1.009531953088556866e-01
2.220833600377793982e-01 1.009499023769192816e-01
2.230176867047777289e-01 1.009466256875118650e-01
2.239539737697761046e-01 1.009433651435034662e-01
2.248922212327745529e-01 1.009401206484605157e-01
2.258324290937730461e-01 1.009368921066498559e-01
2.267745973527715286e-01 1.009336794230241002e-01
2.277187260097701116e-01 1.009304825032219521e-01
2.286648150647687394e-01 1.009273012535593789e-01
2.296128645177674399e-01 1.009241355810271135e-01
2.305628743687661297e-01 1.009209853932822032e-01
2.315148446177649200e-01 1.009178505986465524e-01
2.324687752647637551e-01 1.009147311060965974e-01
2.334246663097626351e-01 1.009116268252633758e-01
2.343825177527615322e-01 1.009085376664238115e-01
2.353423295937605020e-01 1.009054635404982025e-01
2.363041018327595444e-01 1.009024043590402847e-01
2.372678344697586317e-01 1.008993600342411034e-01
2.382335275047577638e-01 1.008963304789131793e-01
2.392011809377569131e-01 1.008933156064954900e-01
2.401707947687561351e-01 1.008903153310426182e-01
2.411423689977554297e-01 1.008873295672191306e-01
2.421159036247547691e-01 1.008843582303019654e-01
2.430913986497540979e-01 1.008814012361668039e-01
2.440688540727535549e-01 1.008784585012908463e-01
2.450482698937530290e-01 1.008755299427416541e-01
2.460296461127525758e-01 1.008726154781773021e-01
2.470129827297521674e-01 1.008697150258417996e-01
2.479982797447517484e-01 1.008668285045559998e-01
2.489855371577514298e-01 1.008639558337182662e-01
2.499747549687511561e-01 1.008610969332974922e-01
2.509659331777509550e-01 1.008582517238291038e-01
2.519590717847506878e-01 1.008554201264092315e-01
2.529541707897505765e-01 1.008526020626941411e-01
2.539512301927505100e-01 1.008497974548947657e-01
2.549502499937504885e-01 1.008470062257655342e-01
2.559512301927505673e-01 1.008442282986129201e-01
2.569541707897506355e-01 1.008414635972801204e-01
2.579590717847507486e-01 1.008387120461489844e-01
2.589659331777509621e-01 1.008359735701325061e-01
2.599747549687512205e-01 1.008332480946749349e-01
2.609855371577514682e-01 1.008305355457418534e-01
2.619982797447518164e-01 1.008278358498231053e-01
2.630129827297520984e-01 1.008251489339223178e-01
2.640296461127525363e-01 1.008224747255569292e-01
2.650482698937530190e-01 1.008198131527540398e-01
2.660688540727535467e-01 1.008171641440445548e-01
2.670913986497541748e-01 1.008145276284619085e-01
2.681159036247547922e-01 1.008119035355358878e-01
2.691423689977554545e-01 1.008092917952898432e-01
2.701707947687562172e-01 1.008066923382385932e-01
2.712011809377570248e-01 1.008041050953822904e-01
2.722335275047577108e-01 1.008015299982027713e-01
2.732678344697586081e-01 1.007989669786627379e-01
2.743041018327595504e-01 1.007964159691991379e-01
2.753423295937605375e-01 1.007938769027212356e-01
2.763825177527615695e-01 1.007913497126060459e-01
2.774246663097627019e-01 1.007888343326966279e-01
2.784687752647638237e-01 1.007863306972951734e-01
2.795148446177649904e-01 1.007838387411655046e-01
2.805628743687662574e-01 1.007813583995207790e-01
2.816128645177674028e-01 1.007788896080304697e-01
2.826648150647687596e-01 1.007764323028088604e-01
2.837187260097701613e-01 1.007739864204145602e-01
2.847745973527716079e-01 1.007715518978489350e-01
2.858324290937730994e-01 1.007691286725504037e-01
2.868922212327746357e-01 1.007667166823913024e-01
2.879539737697762170e-01 1.007643158656765514e-01
2.890176867047778431e-01 1.007619261611390066e-01
2.900833600377795141e-01 1.007595475079359343e-01
2.911509937687811744e-01 1.007571798456472767e-01
2.922205878977829352e-01 1.007548231142722100e-01
2.932921424247847964e-01 1.007524772542239128e-01
2.943656573497866469e-01 1.007501422063299956e-01
2.954411326727885978e-01 1.007478179118279915e-01
2.965185683937905936e-01 1.007455043123591659e-01
2.975979645127926343e-01 1.007432013499729995e-01
2.986793210297947199e-01 1.007409089671155583e-01
2.997626379447967393e-01 1.007386271066339628e-01
3.008479152577989146e-01 1.007363557117673808e-01
3.019351529688011904e-01 1.007340947261496644e-01
3.030243510778034555e-01 1.007318440938013565e-01
3.041155095848058210e-01 1.007296037591316334e-01
3.052086284898081758e-01 1.007273736669322267e-01
3.063037077928106311e-01 1.007251537623750498e-01
3.074007474938131312e-01 1.007229439910109908e-01
3.084997475928156763e-01 1.007207442987659712e-01
3.096007080898180996e-01 1.007185546319375735e-01
3.107036289848207899e-01 1.007163749371946526e-01
3.118085102778234696e-01 1.007142051615728673e-01
3.129153519688261942e-01 1.007120452524716270e-01
3.140241540578289636e-01 1.007098951576526347e-01
3.151349165448318335e-01 1.007077548252378330e-01
3.162476394298346927e-01 1.007056242037047133e-01
3.173623227128376523e-01 1.007035032418854975e-01
3.184789663938406568e-01 1.007013918889635012e-01
3.195975704728435396e-01 1.006992900944727876e-01
3.207181349498466338e-01 1.006971978082919633e-01
3.218406598248497730e-01 1.006951149806450119e-01
3.229651450978529570e-01 1.006930415620969771e-01
3.240915907688562414e-01 1.006909775035531446e-01
3.252199968378595152e-01 1.006889227562547534e-01
3.263503633048628338e-01 1.006868772717774974e-01
3.274826901698662529e-01 1.006848410020301093e-01
3.286169774328696613e-01 1.006828138992490046e-01
3.297532250938730591e-01 1.006807959160019028e-01
3.308914331528765573e-01 1.006787870051760736e-01
3.320316016098801559e-01 1.006767871199865799e-01
3.331737304648837994e-01 1.006747962139659253e-01
3.343178197178874878e-01 1.006728142409663018e-01
3.354638693688912210e-01 1.006708411551554688e-01
3.366118794178950546e-01 1.006688769110142961e-01
3.377618498648988776e-01 1.006669214633368753e-01
3.389137807099027455e-01 1.006649747672249406e-01
3.400676719529066028e-01 1.006630367780882995e-01
3.412235235939105604e-01 1.006611074516419735e-01
3.423813356329146185e-01 1.006591867439025068e-01
3.435411080699187214e-01 1.006572746111905753e-01
3.447028409049228137e-01 1.006553710101208282e-01
3.458665341379270064e-01 1.006534758976086325e-01
3.470321877689312440e-01 1.006515892308621207e-01
3.481998017979355819e-01 1.006497109673814144e-01
3.493693762249399093e-01 1.006478410649591232e-01
3.505409110499441705e-01 1.006459794816739334e-01
3.517144062729485876e-01 1.006441261758921485e-01
3.528898618939531051e-01 1.006422811062664263e-01
3.540672779129576120e-01 1.006404442317275910e-01
3.552466543299622193e-01 1.006386155114910169e-01
3.564279911449668714e-01 1.006367949050490235e-01
3.576112883579715684e-01 1.006349823721710279e-01
3.587965459689763104e-01 1.006331778729002285e-01
3.599837639779809306e-01 1.006313813675551588e-01
3.611729423849858178e-01 1.006295928167231513e-01
3.623640811899906944e-01 1.006278121812611698e-01
3.635571803929956158e-01 1.006260394222948246e-01
3.647522399940006377e-01 1.006242745012140560e-01
3.659492599930056489e-01 1.006225173796722883e-01
3.671482403900107605e-01 1.006207680195864984e-01
3.683491811850159170e-01 1.006190263831326093e-01
3.695520823780210629e-01 1.006172924327435048e-01
3.707569439690261981e-01 1.006155661311131239e-01
3.719637659580314892e-01 1.006138474411854139e-01
3.731725483450368253e-01 1.006121363261604923e-01
3.743832911300422062e-01 1.006104327494890954e-01
3.755959943130476320e-01 1.006087366748712186e-01
3.768106578940531581e-01 1.006070480662558803e-01
3.780272818730586737e-01 1.006053668878382629e-01
3.792458662500642896e-01 1.006036931040579230e-01
3.804664110250698950e-01 1.006020266795973339e-01
3.816889161980754896e-01 1.006003675793817331e-01
3.829133817690812402e-01 1.005987157685752642e-01
3.841398077380869802e-01 1.005970712125803523e-01
3.853681941050928206e-01 1.005954338770356365e-01
3.865985408700987613e-01 1.005938037278171493e-01
3.878308480331046915e-01 1.005921807310316413e-01
3.890651155941106665e-01 1.005905648530188295e-01
3.903013435531166864e-01 1.005889560603504540e-01
3.915395319101228067e-01 1.005873543198247955e-01
3.927796806651288053e-01 1.005857595984690073e-01
3.940217898181350153e-01 1.005841718635365062e-01
3.952658593691412148e-01 1.005825910825035585e-01
3.965118893181475146e-01 1.005810172230707511e-01
3.977598796651538593e-01 1.005794502531599799e-01
3.990098304101602489e-01 1.005778901409123821e-01
4.002617415531666833e-01 1.005763368546894604e-01
4.015156130941732182e-01 1.005747903630670737e-01
4.027714450331797424e-01 1.005732506348399335e-01
4.040292373701862005e-01 1.005717176390152484e-01
4.052889901051928145e-01 1.005701913448132923e-01
4.065507032381995289e-01 1.005686717216667803e-01
4.078143767692062882e-01 1.005671587392183569e-01
4.090800106982130369e-01 1.005656523673180841e-01
4.103476050252198859e-01 1.005641525760260641e-01
4.116171597502267798e-01 1.005626593356065551e-01
4.128886748732337186e-01 1.005611726165294567e-01
4.141621503942407023e-01 1.005596923894682276e-01
4.154375863132476199e-01 1.005582186252980265e-01
4.167149826302546933e-01 1.005567512950958781e-01
4.179943393452618672e-01 1.005552903701368572e-01
4.192756564582690304e-01 1.005538358218964895e-01
4.205589339692762940e-01 1.005523876220457413e-01
4.218441718782836025e-01 1.005509457424519082e-01
4.231313701852909004e-01 1.005495101551771575e-01
4.244205288902982987e-01 1.005480808324763220e-01
4.257116479933056308e-01 1.005466577467980793e-01
4.270047274943131188e-01 1.005452408707793455e-01
4.282997673933206517e-01 1.005438301772488968e-01
4.295967676903282295e-01 1.005424256392240118e-01
4.308957283853359077e-01 1.005410272299075564e-01
4.321966494783435753e-01 1.005396349226902325e-01
4.334995309693513432e-01 1.005382486911476636e-01
4.348043728583591006e-01 1.005368685090381048e-01
4.361111751453669583e-01 1.005354943503036780e-01
4.374199378303746943e-01 1.005341261890679988e-01
4.387306609133826418e-01 1.005327639996347194e-01
4.400433443943906342e-01 1.005314077564862657e-01
4.413579882733986715e-01 1.005300574342852110e-01
4.426745925504067536e-01 1.005287130078691138e-01
4.439931572254149361e-01 1.005273744522522661e-01
4.453136822984231080e-01 1.005260417426250136e-01
4.466361677694313248e-01 1.005247148543503971e-01
4.479606136384396420e-01 1.005233937629640556e-01
4.492870199054478375e-01 1.005220784441743370e-01
4.506153865704562445e-01 1.005207688738598282e-01
4.519457136334646408e-01 1.005194650280689800e-01
4.532780010944731375e-01 1.005181668830183728e-01
4.546122489534816791e-01 1.005168744150926191e-01
4.559484572104903211e-01 1.005155876008436977e-01
4.572866258654989524e-01 1.005143064169871647e-01
4.586267549185076287e-01 1.005130308404056233e-01
4.599688443695163498e-01 1.005117608481437552e-01
4.613128942185250048e-01 1.005104964174088206e-01
4.626589044655338712e-01 1.005092375255707271e-01
4.640068751105427269e-01 1.005079841501599486e-01
4.653568061535516831e-01 1.005067362688658594e-01
4.667086975945606842e-01 1.005054938595369152e-01
4.680625494335697301e-01 1.005042569001806663e-01
4.694183616705788209e-01 1.005030253689599279e-01
4.707761343055879566e-01 1.005017992441945146e-01
4.721358673385971372e-01 1.005005785043596167e-01
4.734975607696062516e-01 1.004993631280830108e-01
4.748612145986155220e-01 1.004981530941482376e-01
4.762268288256248927e-01 1.004969483814890513e-01
4.775944034506342528e-01 1.004957489691922501e-01
4.789639384736437133e-01 1.004945548364937907e-01
4.803354338946532187e-01 1.004933659627813558e-01
4.817088897136627690e-01 1.004921823275899406e-01
4.830843059306723641e-01 1.004910039106030051e-01
4.844616825456818376e-01 1.004898306916516409e-01
4.858410195586915226e-01 1.004886626507128650e-01
4.872223169697012524e-01 1.004874997679095772e-01
4.886055747787110826e-01 1.004863420235090204e-01
4.899907929857209021e-01 1.004851893979230443e-01
4.913779715907308221e-01 1.004840418717054262e-01
4.927671105937407314e-01 1.004828994255530655e-01
4.941582099947507412e-01 1.004817620403045397e-01
4.955512697937607958e-01 1.004806296969386198e-01
4.969462899907707287e-01 1.004795023765736317e-01
4.983432705857808731e-01 1.004783800604680116e-01
4.997422115787910624e-01 1.004772627300175025e-01
5.011431129698012965e-01 1.004761503667566530e-01
5.025459747588115755e-01 1.004750429523559169e-01
5.039507969458218994e-01 1.004739404686216392e-01
5.053575795308323793e-01 1.004728428974959731e-01
5.067663225138427929e-01 1.004717502210564078e-01
5.081770258948532515e-01 1.004706624215124106e-01
5.095896896738636439e-01 1.004695794812086457e-01
5.110043138508743032e-01 1.004685013826206036e-01
5.124208984258848965e-01 1.004674281083562659e-01
5.138394433988955345e-01 1.004663596411550092e-01
5.152599487699063285e-01 1.004652959638848569e-01
5.166824145389171674e-01 1.004642370595451306e-01
5.181068407059279401e-01 1.004631829112637015e-01
5.195332272709388688e-01 1.004621335022961442e-01
5.209615742339498423e-01 1.004610888160261117e-01
5.223918815949606387e-01 1.004600488359635030e-01
5.238241493539717020e-01 1.004590135457450184e-01
5.252583775109828101e-01 1.004579829291333271e-01
5.266945660659939632e-01 1.004569569700147075e-01
5.281327150190051611e-01 1.004559356524008240e-01
5.295728243700164040e-01 1.004549189604260623e-01
5.310148941190276917e-01 1.004539068783496802e-01
5.324589242660390243e-01 1.004528993905505069e-01
5.339049148110504017e-01 1.004518964815315635e-01
5.353528657540617131e-01 1.004508981359151787e-01
5.368027770950731803e-01 1.004499043384458196e-01
5.382546488340846924e-01 1.004489150739864001e-01
5.397084809710962494e-01 1.004479303275202379e-01
5.411642735061079623e-01 1.004469500841487228e-01
5.426220264391196091e-01 1.004459743290920387e-01
5.440817397701314118e-01 1.004450030476867067e-01
5.455434134991431483e-01 1.004440362253877367e-01
5.470070476261550407e-01 1.004430738477653517e-01
5.484726421511667560e-01 1.004421159005055714e-01
5.499401970741787382e-01 1.004411623694114603e-01
5.514097123951906543e-01 1.004402132403981740e-01
5.528811881142027262e-01 1.004392684994968032e-01
5.543546242312148431e-01 1.004383281328515010e-01
5.558300207462270048e-01 1.004373921267198710e-01
5.573073776592392115e-01 1.004364604674711642e-01
5.587866949702514630e-01 1.004355331415874297e-01
5.602679726792635373e-01 1.004346101356626830e-01
5.617512107862758786e-01 1.004336914364000050e-01
5.632364092912882647e-01 1.004327770306148726e-01
5.647235681943006957e-01 1.004318669052320367e-01
5.662126874953131717e-01 1.004309610472854941e-01
5.677037671943258035e-01 1.004300594439178074e-01
5.691968072913383692e-01 1.004291620823812570e-01
5.706918077863509797e-01 1.004282689500350517e-01
5.721887686793637462e-01 1.004273800343458145e-01
5.736876899703762245e-01 1.004264953228878737e-01
5.751885716593890807e-01 1.004256148033413898e-01
5.766914137464018708e-01 1.004247384634932988e-01
5.781962162314148168e-01 1.004238662912354807e-01
5.797029791144278077e-01 1.004229982745650784e-01
5.812117023954407324e-01 1.004221344015840678e-01
5.827223860744538131e-01 1.004212746604987855e-01
5.842350301514669386e-01 1.004204190396192214e-01
5.857496346264799980e-01 1.004195675273577143e-01
5.872661994994931023e-01 1.004187201122321571e-01
5.887847247705062514e-01 1.004178767828597524e-01
5.903052104395195565e-01 1.004170375279619110e-01
5.918276565065329065e-01 1.004162023363611295e-01
5.933520629715463013e-01 1.004153711969804769e-01
5.948784298345597410e-01 1.004145440988448573e-01
5.964067570955732256e-01 1.004137210310786371e-01
5.979370447545868661e-01 1.004129019829069769e-01
5.994692928116004405e-01 1.004120869436539304e-01
6.010035012666138377e-01 1.004112759027439294e-01
6.025396701196276128e-01 1.004104688496983561e-01
6.040777993706413218e-01 1.004096657741387483e-01
6.056178890196550757e-01 1.004088666657842049e-01
6.071599390666689855e-01 1.004080715144507890e-01
6.087039495116828292e-01 1.004072803100528044e-01
6.102499203546968287e-01 1.004064930426010332e-01
6.117978515957107621e-01 1.004057097022036105e-01
6.133477432347248515e-01 1.004049302790635673e-01
6.148995952717387636e-01 1.004041547634807741e-01
6.164534077067529427e-01 1.004033831458502474e-01
6.180091805397671667e-01 1.004026154166631490e-01
6.195669137707813245e-01 1.004018515665037053e-01
6.211266073997956383e-01 1.004010915860524822e-01
6.226882614268099969e-01 1.004003354660831931e-01
6.242518758518244004e-01 1.003995831974631020e-01
6.258174506748388488e-01 1.003988347711546048e-01
6.273849858958533421e-01 1.003980901782121071e-01
6.289544815148676582e-01 1.003973494097828711e-01
6.305259375318823523e-01 1.003966124571070290e-01
6.320993539468969802e-01 1.003958793115174580e-01
6.336747307599116530e-01 1.003951499644383655e-01
6.352520679709263707e-01 1.003944244073865510e-01
6.368313655799411332e-01 1.003937026319691034e-01
6.384126235869560517e-01 1.003929846298853845e-01
6.399958419919709041e-01 1.003922703929245597e-01
6.415810207949856903e-01 1.003915599129674291e-01
6.431681599960007434e-01 1.003908531819848043e-01
6.447572595950157304e-01 1.003901501920361483e-01
6.463483195920308733e-01 1.003894509352738357e-01
6.479413399870459500e-01 1.003887554039359781e-01
6.495363207800611827e-01 1.003880635903534602e-01
6.511332619710764602e-01 1.003873754869435558e-01
6.527321635600916716e-01 1.003866910862142026e-01
6.543330255471070389e-01 1.003860103807598103e-01
6.559358479321222291e-01 1.003853333632654804e-01
6.575406307151376861e-01 1.003846600265032030e-01
6.591473738961531881e-01 1.003839903633318292e-01
6.607560774751687349e-01 1.003833243666995972e-01
6.623667414521843266e-01 1.003826620296411065e-01
6.639793658271999632e-01 1.003820033452787336e-01
6.655939506002157557e-01 1.003813483068207862e-01
6.672104957712314821e-01 1.003806969075633077e-01
6.688290013402472534e-01 1.003800491408891882e-01
6.704494673072629585e-01 1.003794050002662780e-01
6.720718936722788195e-01 1.003787644792494549e-01
6.736962804352947254e-01 1.003781275714801940e-01
6.753226275963107872e-01 1.003774942706836260e-01
6.769509351553267829e-01 1.003768645706739765e-01
6.785812031123429344e-01 1.003762384653467954e-01
6.802134314673590199e-01 1.003756159486860894e-01
6.818476202203752612e-01 1.003749970147593679e-01
6.834837693713914364e-01 1.003743816577195996e-01
6.851218789204075454e-01 1.003737698718039917e-01
6.867619488674239214e-01 1.003731616513350161e-01
6.884039792124403423e-01 1.003725569907194665e-01
6.900479699554568080e-01 1.003719558844476667e-01
6.916939210964733187e-01 1.003713583270947479e-01
6.933418326354898742e-01 1.003707643133206345e-01
6.949917045725064746e-01 1.003701738378672548e-01
6.966435369075231199e-01 1.003695868955613996e-01
6.982973296405398100e-01 1.003690034813140008e-01
6.999530827715563230e-01 1.003684235901184385e-01
7.016107963005731030e-01 1.003678472170519559e-01
7.032704702275899278e-01 1.003672743572747855e-01
7.049321045526069085e-01 1.003667050060314259e-01
7.065956992756238231e-01 1.003661391586470886e-01
7.082612543966407825e-01 1.003655768105325696e-01
7.099287699156578979e-01 1.003650179571802664e-01
7.115982458326749471e-01 1.003644625941649826e-01
7.132696821476921523e-01 1.003639107171450939e-01
7.149430788607090692e-01 1.003633623218604942e-01
7.166184359717263641e-01 1.003628174041352322e-01
7.182957534807437039e-01 1.003622759598742642e-01
7.199750313877609775e-01 1.003617379850652996e-01
7.216562696927784071e-01 1.003612034757790372e-01
7.233394683957958815e-01 1.003606724281677909e-01
7.250246274968132898e-01 1.003601448384660449e-01
7.267117469958308540e-01 1.003596207029912590e-01
7.284008268928482410e-01 1.003591000181414256e-01
7.300918671878658950e-01 1.003585827803986363e-01
7.317848678808835938e-01 1.003580689863251552e-01
7.334798289719013376e-01 1.003575586325660129e-01
7.351767504609192372e-01 1.003570517158490494e-01
7.368756323479370707e-01 1.003565482329822761e-01
7.385764746329549491e-01 1.003560481808573740e-01
7.402792773159728723e-01 1.003555515564464873e-01
7.419840403969908404e-01 1.003550583568047494e-01
7.436907638760087425e-01 1.003545685790685621e-01
7.453994477530268004e-01 1.003540822204565114e-01
7.471100920280450142e-01 1.003535992782693814e-01
7.488226967010631618e-01 1.003531197498887945e-01
7.505372617720814654e-01 1.003526436327800697e-01
7.522537872410997029e-01 1.003521709244882404e-01
7.539722731081180962e-01 1.003517016226424252e-01
7.556927193731364234e-01 1.003512357249528031e-01
7.574151260361549065e-01 1.003507732292108628e-01
7.591394930971732125e-01 1.003503141332925813e-01
7.608658205561917853e-01 1.003498584351523865e-01
7.625941084132104031e-01 1.003494061328307346e-01
7.643243566682289547e-01 1.003489572244476852e-01
7.660565653212476622e-01 1.003485117082064948e-01
7.677907343722664146e-01 1.003480695823931040e-01
7.695268638212852119e-01 1.003476308453754018e-01
7.712649536683040541e-01 1.003471954956038636e-01
7.730050039133229411e-01 1.003467635316118156e-01
7.747470145563417621e-01 1.003463349520143238e-01
7.764909855973607389e-01 1.003459097555110258e-01
7.782369170363797606e-01 1.003454879408827577e-01
7.799848088733989382e-01 1.003450695069937754e-01
7.817346611084180497e-01 1.003446544527921286e-01
7.834864737414372060e-01 1.003442427773079126e-01
7.852402467724565183e-01 1.003438344796558634e-01
7.869959802014757644e-01 1.003434295590322767e-01
7.887536740284951664e-01 1.003430280147191017e-01
7.905133282535142802e-01 1.003426298460807775e-01
7.922749428765337720e-01 1.003422350525656898e-01
7.940385178975533087e-01 1.003418436337064484e-01
7.958040533165727792e-01 1.003414555891193743e-01
7.975715491335924057e-01 1.003410709185058591e-01
7.993410053486120770e-01 1.003406896216511995e-01
8.011124219616317932e-01 1.003403116984251525e-01
8.028857989726515543e-01 1.003399371487830039e-01
8.046611363816711382e-01 1.003395659727644718e-01
8.064384341886909890e-01 1.003391981704942620e-01
8.082176923937108848e-01 1.003388337421833310e-01
8.099989109967308254e-01 1.003384726881267897e-01
8.117820899977508109e-01 1.003381150087070128e-01
8.135672293967708413e-01 1.003377607043919179e-01
8.153543291937909165e-01 1.003374097757350758e-01
8.171433893888111477e-01 1.003370622233770715e-01
8.189344099818313127e-01 1.003367180480446014e-01
8.207273909728513006e-01 1.003363772505521112e-01
8.225223323618716664e-01 1.003360398318005053e-01
8.243192341488919661e-01 1.003357057927784096e-01
8.261180963339124217e-01 1.003353751345617689e-01
8.279189189169328111e-01 1.003350478583150684e-01
8.297217018979533565e-01 1.003347239652904871e-01
8.315264452769738357e-01 1.003344034568289939e-01
8.333331490539944708e-01 1.003340863343596540e-01
8.351418132290151508e-01 1.003337725994019880e-01
8.369524378020356536e-01 1.003334622535626969e-01
8.387650227730564234e-01 1.003331552985406161e-01
8.405795681420771270e-01 1.003328517361233158e-01
8.423960739090979866e-01 1.003325515681878499e-01
8.442145400741188910e-01 1.003322547967034489e-01
8.460349666371398403e-01 1.003319614237299512e-01
8.478573535981608345e-01 1.003316714514171093e-01
8.496817009571818735e-01 1.003313848820088089e-01
8.515080087142030685e-01 1.003311017178382114e-01
8.533362768692239753e-01 1.003308219613334440e-01
8.551665054222451490e-01 1.003305456150132141e-01
8.569986943732663676e-01 1.003302726814908341e-01
8.588328437222877421e-01 1.003300031634728612e-01
8.606689534693090504e-01 1.003297370637588337e-01
8.625070236143304037e-01 1.003294743852441023e-01
8.643470541573519128e-01 1.003292151309174984e-01
8.661890450983733558e-01 1.003289593038642347e-01
8.680329964373949547e-01 1.003287069072638787e-01
8.698789081744163765e-01 1.003284579443926711e-01
8.717267803094379541e-01 1.003282124186235524e-01
8.735766128424596877e-01 1.003279703334261780e-01
8.754284057734814661e-01 1.003277316923674167e-01
8.772821591025032895e-01 1.003274964991124757e-01
8.791378728295250466e-01 1.003272647574246779e-01
8.809955469545469597e-01 1.003270364711661561e-01
8.828551814775689177e-01 1.003268116442988939e-01
8.847167763985909206e-01 1.003265902808837401e-01
8.865803317176127463e-01 1.003263723850830458e-01
8.884458474346348389e-01 1.003261579611599841e-01
8.903133235496569764e-01 1.003259470134783282e-01
8.921827600626792698e-01 1.003257395465048940e-01
8.940541569737014971e-01 1.003255355648084851e-01
8.959275142827237692e-01 1.003253350730611421e-01
8.978028319897460863e-01 1.003251380760393496e-01
8.996801100947685592e-01 1.003249445786226768e-01
9.015593485977907440e-01 1.003247545857968159e-01
9.034405474988133067e-01 1.003245681026524866e-01
9.053237067978358033e-01 1.003243851343864484e-01
9.072088264948584557e-01 1.003242056863025700e-01
9.090959065898810421e-01 1.003240297638123557e-01
9.109849470829037843e-01 1.003238573724348354e-01
9.128759479739264604e-01 1.003236885177980209e-01
9.147689092629492924e-01 1.003235232056399334e-01
9.166638309499721693e-01 1.003233614418086589e-01
9.185607130349948690e-01 1.003232032322615985e-01
9.204595555180178357e-01 1.003230485830703123e-01
9.223603583990407362e-01 1.003228975004163137e-01
9.242631216780637926e-01 1.003227499905960801e-01
9.261678453550868939e-01 1.003226060600182629e-01
9.280745294301100401e-01 1.003224657152070876e-01
9.299831739031333422e-01 1.003223289628017018e-01
9.318937787741565781e-01 1.003221958095573546e-01
9.338063440431798590e-01 1.003220662623465625e-01
9.357208697102029626e-01 1.003219403281597338e-01
9.376373557752263332e-01 1.003218180141045301e-01
9.395558022382498597e-01 1.003216993274095442e-01
9.414762090992733201e-01 1.003215842754233006e-01
9.433985763582968254e-01 1.003214728656149635e-01
9.453229040153204865e-01 1.003213651055758771e-01
9.472491920703440815e-01 1.003212610030208424e-01
9.491774405233678324e-01 1.003211605657876593e-01
9.511076493743915172e-01 1.003210638018395273e-01
9.530398186234151359e-01 1.003209707192655037e-01
9.549739482704390214e-01 1.003208813262802673e-01
9.569100383154629519e-01 1.003207956312276994e-01
9.588480887584868162e-01 1.003207136425789819e-01
9.607880995995108364e-01 1.003206353689351515e-01
9.627300708385349015e-01 1.003205608190291809e-01
9.646740024755590115e-01 1.003204900017240636e-01
9.666198945105831664e-01 1.003204229260161312e-01
9.685677469436073661e-01 1.003203596010361076e-01
9.705175597746313887e-01 1.003203000360490260e-01
9.724693330036556782e-01 1.003202442404562272e-01
9.744230666306800126e-01 1.003201922237960397e-01
9.763787606557043919e-01 1.003201439957453339e-01
9.783364150787289271e-01 1.003200995661194528e-01
9.802960298997533961e-01 1.003200589448764030e-01
9.822576051187779100e-01 1.003200221421140653e-01
9.842211407358025799e-01 1.003199891680740530e-01
9.861866367508271836e-01 1.003199600331422386e-01
9.881540931638517211e-01 1.003199347478508918e-01
9.901235099748764146e-01 1.003199133228772078e-01
9.920948871839012639e-01 1.003198957690480814e-01
9.940682247909260472e-01 1.003198820973392053e-01
9.960435227959509863e-01 1.003198723188773039e-01
9.980207811989759703e-01 1.003198664449404670e-01
1.000000000000000666e+00 1.003198644869615214e-01
