0.000000000000000000e+00 8.952072472424370542e-01
2.078119897502626434e-05 8.926117315546686637e-01
4.352279595010249372e-05 8.897713676013239148e-01
6.822479092522875592e-05 8.866861553717617639e-01
9.488718390040502381e-05 8.833560949579268851e-01
1.235099748756312839e-04 8.797811863964758450e-01
1.540931638509075632e-04 8.759614297443002462e-01
1.866367508262337669e-04 8.718968250686556232e-01
2.211407358016100034e-04 8.675873724417908495e-01
2.576051187770363269e-04 8.630330719437746545e-01
2.960298997525126832e-04 8.582339236636196134e-01
3.364150787280388555e-04 8.531899276995686954e-01
3.787606557036150606e-04 8.479010841598019210e-01
4.230666306792412444e-04 8.423673931632238432e-01
4.693330036549174067e-04 8.365888548402126146e-01
5.175597746306437102e-04 8.305654693334584282e-01
5.677469436064200466e-04 8.242972367987858595e-01
6.198945105822462531e-04 8.177841574060579211e-01
6.740024755581224382e-04 8.110262313400802281e-01
7.300708385340486020e-04 8.040234588015685580e-01
7.880995995100251780e-04 7.967758400081322856e-01
8.480887584860512989e-04 7.892833751953084453e-01
9.100383154621275068e-04 7.815460646176169979e-01
9.739482704382536934e-04 7.735639085496686107e-01
1.039818623414429750e-03 7.653369072872967527e-01
1.107649374390655894e-03 7.568650611487253155e-01
1.177440523366932558e-03 7.481483704757819764e-01
1.249192070343258659e-03 7.391868356351373182e-01
1.322904015319634847e-03 7.299804570195869147e-01
1.398576358296060905e-03 7.205292350493605058e-01
1.476209099272537051e-03 7.108331701734811325e-01
1.555802238249063716e-03 7.008922628711428127e-01
1.637355775225640036e-03 6.907065136531469474e-01
1.720869710202266008e-03 6.802759230633397269e-01
1.806344043178942285e-03 6.696004916801268081e-01
1.893778774155669082e-03 6.586802201180022021e-01
1.983173903132445098e-03 6.475151090290952594e-01
2.074529430109271419e-03 6.361051591047984788e-01
2.167845355086147393e-03 6.244503710773882110e-01
2.263121678063073454e-03 6.125507457217101992e-01
2.360358399040050469e-03 6.004062838568782201e-01
2.459555518017076271e-03 5.880169863480343428e-01
2.560713034994152593e-03 5.753828541081200676e-01
2.663830949971278568e-03 5.625038880996963142e-01
2.768909262948454630e-03 5.493800893368048222e-01
2.875947973925680780e-03 5.360114588868486463e-01
2.984947082902957450e-03 5.223979978725233897e-01
3.095906589880283773e-03 5.085397074737794121e-01
3.208826494857659750e-03 4.944365889298173999e-01
3.323706797835085814e-03 4.800886435411235720e-01
3.440547498812561965e-03 4.654958726715391348e-01
3.559348597790088636e-03 4.506582777503671533e-01
3.680110094767664961e-03 4.355758602745123942e-01
3.802831989745290939e-03 4.202486218106603610e-01
3.927514282722965704e-03 4.046765639974920781e-01
4.054156973700691856e-03 3.888596885479309595e-01
4.182760062678468095e-03 3.727979972514304241e-01
4.313323549656295289e-03 3.564914919762957601e-01
4.445847434634171702e-03 3.399401746720407402e-01
4.580331717612097335e-03 3.231440473717825390e-01
4.716776398590073922e-03 3.061031121946690137e-01
4.855181477568099729e-03 2.888173713483461746e-01
4.995546954546175623e-03 2.712868271314615720e-01
5.137872829524301604e-03 2.535114819362030980e-01
5.282159102502477672e-03 2.354913382507768660e-01
5.428405773480703828e-03 2.172263986634251076e-01
5.576612842458980070e-03 1.987166658521014873e-01
5.726780309437305531e-03 1.799621426774274391e-01
5.878908174415681948e-03 1.609628316277499638e-01
6.032996437394107583e-03 1.417259349891134279e-01
6.189045098372585908e-03 1.260599662561730228e-01
6.347054157351111718e-03 1.189789251746344312e-01
6.507023614329687615e-03 1.157667850893114303e-01
6.668953469308313599e-03 1.139352360362449051e-01
6.832843722286989670e-03 1.127205908677082341e-01
6.998694373265715828e-03 1.118376307294876165e-01
7.166505422244492073e-03 1.111561988136567231e-01
7.336276869223317537e-03 1.106079058747413135e-01
7.508008714202193956e-03 1.101530337459446091e-01
7.681700957181119595e-03 1.097667466816921178e-01
7.857353598160098790e-03 1.094326121480197894e-01
8.034966637139125470e-03 1.091392626625893036e-01
8.214540074118200502e-03 1.088785468791080846e-01
8.396073909097327356e-03 1.086444441028388275e-01
8.579568142076502563e-03 1.084323957742184402e-01
8.765022773055727856e-03 1.082388769511919840e-01
8.952437802035004971e-03 1.080611121557034926e-01
9.141813229014330439e-03 1.078968813824442707e-01
9.333149053993705993e-03 1.077443842722940887e-01
9.526445276973131635e-03 1.076021428824527199e-01
9.721701897952607363e-03 1.074689307116236392e-01
9.918918916932136648e-03 1.073437199817133120e-01
1.011809633391171255e-02 1.072256418655857940e-01
1.031923414889133854e-02 1.071139560579524586e-01
1.052233236187101462e-02 1.070080271971667468e-01
1.072739097285074078e-02 1.069073063833649584e-01
1.093440998183051703e-02 1.068113165377772289e-01
1.114338938881034163e-02 1.067196406921959856e-01
1.135432919379021806e-02 1.066319125384392469e-01
1.156722939677014457e-02 1.065478087386942385e-01
1.178208999775011943e-02 1.064670426208683129e-01
1.199891099673014612e-02 1.063893589727961525e-01
1.221769239371022463e-02 1.063145297153847424e-01
1.243843418869035149e-02 1.062423502841362138e-01
1.266113638167052670e-02 1.061726365856116849e-01
1.288579897265075200e-02 1.061052224236668784e-01
1.311242196163102738e-02 1.060399573118719213e-01
1.334100534861135459e-02 1.059767046053281536e-01
1.357154913359173015e-02 1.059153398980469535e-01
1.380405331657215580e-02 1.058557496423310346e-01
1.403851789755263153e-02 1.057978299545876688e-01
1.427494287653315735e-02 1.057414855784875873e-01
1.451332825351373326e-02 1.056866289813895299e-01
1.475367402849436273e-02 1.056331795641390070e-01
1.499598020147503881e-02 1.055810629676088991e-01
1.524024677245576498e-02 1.055302104620332165e-01
1.548647374143653950e-02 1.054805584075835245e-01
1.573466110841736931e-02 1.054320477764460195e-01
1.598480887339824227e-02 1.053846237285712140e-01
1.623691703637917053e-02 1.053382352349011564e-01
1.649098559736014366e-02 1.052928347433654405e-01
1.674701455634117209e-02 1.052483778841883516e-01
1.700500391332224540e-02 1.052048232112081372e-01
1.726495366830337400e-02 1.051621319743903105e-01
1.752686382128455442e-02 1.051202679140049168e-01
1.779073437226577625e-02 1.050791970579506712e-01
1.805656532124705685e-02 1.050388874920516608e-01
1.832435666822837886e-02 1.049993090676747259e-01
1.859410841320975616e-02 1.049604330419898479e-01
1.886582055619118528e-02 1.049222317922264835e-01
1.913949309717265929e-02 1.048846791930377748e-01
1.941512603615418858e-02 1.048477534060500843e-01
1.969271937313575929e-02 1.048114465485414371e-01
1.997227310811738876e-02 1.047757092396648382e-01
2.025378724109906312e-02 1.047405351970592396e-01
2.053726177208079276e-02 1.047059073713600130e-01
2.082269670106256382e-02 1.046718069155773978e-01
2.111009202804439364e-02 1.046382158479350205e-01
2.139944775302626487e-02 1.046051174952319501e-01
2.169076387600819486e-02 1.045724963205451330e-01
2.198404039699017321e-02 1.045403376848206972e-01
2.227927731597219643e-02 1.045086276804826353e-01
2.257647463295427495e-02 1.044773530385949972e-01
2.287563234793639835e-02 1.044465010807776179e-01
2.317675046091857705e-02 1.044160596910502642e-01
2.347982897190080062e-02 1.043860172932651181e-01
2.378486788088307949e-02 1.043563628281204414e-01
2.409186718786539977e-02 1.043270857284437636e-01
2.440082689284778228e-02 1.042981758933341219e-01
2.471174699583020273e-02 1.042696236621386968e-01
2.502462749681268195e-02 1.042414197887232274e-01
2.533946839579521298e-02 1.042135554160406874e-01
2.565626969277778543e-02 1.041860220507544732e-01
2.597503138776041318e-02 1.041588115383798585e-01
2.629575348074308580e-02 1.041319160416490502e-01
2.661843597172581372e-02 1.041053280290094862e-01
2.694307886070858651e-02 1.040790402852837804e-01
2.726968214769141807e-02 1.040530459556459481e-01
2.759824583267428758e-02 1.040273386043399362e-01
2.792876991565721931e-02 1.040019121478209796e-01
2.826125439664019939e-02 1.039767601507658179e-01
2.859569927562322089e-02 1.039518729820588377e-01
2.893210455260630115e-02 1.039272515866741797e-01
2.927047022758941935e-02 1.039028870998992410e-01
2.961079630057259979e-02 1.038787738657435816e-01
2.995308277155582163e-02 1.038549070097230659e-01
3.029732964053910224e-02 1.038312817856298226e-01
3.064353690752242426e-02 1.038078934921210367e-01
3.099170457250580504e-02 1.037847375195048577e-01
3.134183263548922377e-02 1.037618093944216308e-01
3.169392109647270472e-02 1.037391047981118947e-01
3.204796995545623056e-02 1.037166195627235721e-01
3.240397921243980128e-02 1.036943496522652469e-01
3.276194886742343076e-02 1.036722911350009824e-01
3.312187892040710513e-02 1.036504401733221725e-01
3.348376937139083825e-02 1.036287931348278263e-01
3.384762022037460932e-02 1.036073471599009699e-01
3.421343146735843915e-02 1.035860976731190070e-01
3.458120311234230693e-02 1.035650419240378428e-01
3.495093515532624040e-02 1.035441767317851064e-01
3.532262759631021182e-02 1.035234989182038101e-01
3.569628043529424199e-02 1.035030054112494047e-01
3.607189367227831706e-02 1.034826932523716242e-01
3.644946730726244394e-02 1.034625595881602522e-01
3.682900134024662264e-02 1.034426016616338678e-01
3.721049577123083929e-02 1.034228167721866626e-01
3.759395060021512164e-02 1.034032020822545084e-01
3.797936582719944193e-02 1.033837553655805874e-01
3.836674145218382098e-02 1.033644739691619435e-01
3.875607747516824492e-02 1.033453554604053942e-01
3.914737389615272761e-02 1.033263974945443503e-01
3.954063071513724825e-02 1.033075977790662431e-01
3.993584793212182765e-02 1.032889540669350847e-01
4.033302554710645887e-02 1.032704641735029683e-01
4.073216356009112804e-02 1.032521260816140485e-01
4.113326197107585597e-02 1.032339375517327129e-01
4.153632078006062878e-02 1.032158966456700466e-01
4.194133998704546035e-02 1.031980013989310246e-01
4.234831959203032986e-02 1.031802498870875995e-01
4.275725959501525814e-02 1.031626402323696234e-01
4.316815999600023129e-02 1.031451705544578212e-01
4.358102079498526321e-02 1.031278391323305482e-01
4.399584199197033307e-02 1.031106441851523253e-01
4.441262358695546170e-02 1.030935840013357807e-01
4.483136557994064214e-02 1.030766569087909063e-01
4.525206797092586747e-02 1.030598612721991408e-01
4.567473075991114462e-02 1.030431955301095853e-01
4.609935394689646665e-02 1.030266580677443866e-01
4.652593753188184744e-02 1.030102473813126196e-01
4.695448151486726618e-02 1.029939619778387355e-01
4.738498589585275061e-02 1.029778003927984686e-01
4.781745067483826606e-02 1.029617611684697787e-01
4.825187585182384720e-02 1.029458429305668138e-01
4.868826142680946628e-02 1.029300442874639260e-01
4.912660739979515107e-02 1.029143638872242472e-01
4.956691377078088073e-02 1.028988004060139710e-01
5.000918053976664834e-02 1.028833525684370309e-01
5.045340770675248165e-02 1.028680190752895712e-01
5.089959527173835291e-02 1.028527986947621875e-01
5.134774323472428292e-02 1.028376902058600051e-01
5.179785159571025088e-02 1.028226923950298077e-01
5.224992035469628454e-02 1.028078040996503462e-01
5.270394951168235614e-02 1.027930241544207091e-01
5.315993906666848651e-02 1.027783514219848815e-01
5.361788901965465481e-02 1.027637847969460477e-01
5.407779937064088882e-02 1.027493231721964134e-01
5.453967011962716771e-02 1.027349654781043592e-01
5.500350126661349148e-02 1.027207106586996016e-01
5.546929281159986708e-02 1.027065576659645929e-01
5.593704475458628755e-02 1.026925054880962612e-01
5.640675709557277373e-02 1.026785531142806324e-01
5.687842983455929091e-02 1.026646995545836133e-01
5.735206297154587379e-02 1.026509438461760126e-01
5.782765650653248768e-02 1.026372850224667455e-01
5.830521043951917420e-02 1.026237221491680396e-01
5.878472477050590561e-02 1.026102542958494124e-01
5.926619949949267496e-02 1.025968805563073072e-01
5.974963462647950307e-02 1.025836000297678519e-01
6.023503015146637607e-02 1.025704118313125884e-01
6.072238607445330782e-02 1.025573150977112102e-01
6.121170239544027752e-02 1.025443089646163042e-01
6.170297911442730598e-02 1.025313925930735198e-01
6.219621623141437933e-02 1.025185651471746673e-01
6.269141374640151143e-02 1.025058258119848353e-01
6.318857165938866760e-02 1.024931737764542550e-01
6.368768997037589641e-02 1.024806082473655316e-01
6.418876867936318398e-02 1.024681284367346679e-01
6.469180778635051643e-02 1.024557335731714341e-01
6.519680729133789376e-02 1.024434228951469489e-01
6.570376719432530210e-02 1.024311956445299737e-01
6.621268749531278308e-02 1.024190510854894320e-01
6.672356819430030894e-02 1.024069884811399656e-01
6.723640929128789356e-02 1.023950071137261775e-01
6.775121078627552307e-02 1.023831062657032942e-01
6.826797267926318358e-02 1.023712852376419125e-01
6.878669497025091673e-02 1.023595433313311126e-01
6.930737765923869476e-02 1.023478798655738514e-01
6.983002074622653155e-02 1.023362941603898763e-01
7.035462423121441322e-02 1.023247855513279014e-01
7.088118811420231202e-02 1.023133533753019520e-01
7.140971239519029734e-02 1.023019969841195698e-01
7.194019707417832754e-02 1.022907157312711590e-01
7.247264215116641650e-02 1.022795089847063216e-01
7.300704762615452259e-02 1.022683761138373781e-01
7.354341349914270132e-02 1.022573165016378016e-01
7.408173977013092493e-02 1.022463295323191718e-01
7.462202643911922118e-02 1.022354146033024880e-01
7.516427350610754843e-02 1.022245711132859503e-01
7.570848097109590669e-02 1.022137984740822264e-01
7.625464883408433758e-02 1.022030960984511294e-01
7.680277709507281336e-02 1.021924634117022945e-01
7.735286575406134790e-02 1.021818998396674533e-01
7.790491481104989957e-02 1.021714048205139697e-01
7.845892426603853775e-02 1.021609777926999058e-01
7.901489411902722082e-02 1.021506182071728747e-01
7.957282437001594877e-02 1.021403255171217384e-01
8.013271501900470772e-02 1.021300991816901510e-01
8.069456606599353932e-02 1.021199386681092003e-01
8.125837751098241579e-02 1.021098434470324029e-01
8.182414935397135103e-02 1.020998129971436158e-01
8.239188159496033115e-02 1.020898468003690468e-01
8.296157423394934227e-02 1.020799443465922607e-01
8.353322727093842603e-02 1.020701051285474725e-01
8.410684070592755468e-02 1.020603286468565879e-01
8.468241453891674209e-02 1.020506144047224339e-01
8.525994876990593274e-02 1.020409619132999907e-01
8.583944339889522379e-02 1.020313706860194181e-01
8.642089842588455972e-02 1.020218402441770422e-01
8.700431385087394054e-02 1.020123701109310055e-01
8.758968967386336624e-02 1.020029598173059493e-01
8.817702589485282294e-02 1.019936088959460807e-01
8.876632251384235228e-02 1.019843168874761397e-01
8.935757953083194038e-02 1.019750833338345375e-01
8.995079694582157337e-02 1.019659077848922707e-01
9.054597475881122348e-02 1.019567897914260973e-01
9.114311296980096011e-02 1.019477289121600988e-01
9.174221157879074162e-02 1.019387247064032359e-01
9.234327058578056802e-02 1.019297767414961559e-01
9.294628999077042542e-02 1.019208845866828445e-01
9.355126979376035545e-02 1.019120478153622278e-01
9.415820999475034425e-02 1.019032660063725754e-01
9.476711059374037793e-02 1.018945387410251230e-01
9.537797159073045650e-02 1.018858656061280288e-01
9.599079298572055219e-02 1.018772461908665772e-01
9.660557477871074827e-02 1.018686800899089584e-01
9.722231696970097536e-02 1.018601669000567256e-01
9.784101955869126122e-02 1.018517062235702458e-01
9.846168254568156419e-02 1.018432976646827109e-01
9.908430593067193981e-02 1.018349408331003514e-01
9.970888971366237419e-02 1.018266353403288332e-01
1.003354338946528534e-01 1.018183808033009397e-01
1.009639384736433915e-01 1.018101768405419855e-01
1.015944034506339466e-01 1.018020230759875827e-01
1.022268288256245744e-01 1.017939191350451522e-01
1.028612145986152610e-01 1.017858646485308161e-01
1.034975607696059924e-01 1.017778592485952954e-01
1.041358673385967409e-01 1.017699025727253070e-01
1.047761343055875760e-01 1.017619942595833910e-01
1.054183616705784560e-01 1.017541339531392863e-01
1.060625494335693947e-01 1.017463212984559967e-01
1.067086975945603783e-01 1.017385559458798133e-01
1.073568061535513790e-01 1.017308375467430442e-01
1.080068751105424663e-01 1.017231657575722870e-01
1.086589044655335984e-01 1.017155402357716037e-01
1.093128942185247754e-01 1.017079606438825029e-01
1.099688443695159834e-01 1.017004266452863070e-01
1.106267549185072641e-01 1.016929379084454549e-01
1.112866258654986035e-01 1.016854941025953502e-01
1.119484572104899878e-01 1.016780949019379793e-01
1.126122489534813753e-01 1.016707399813891882e-01
1.132780010944728633e-01 1.016634290207505537e-01
1.139457136334643961e-01 1.016561617005377338e-01
1.146153865704559877e-01 1.016489377060625504e-01
1.152870199054476102e-01 1.016417567233209723e-01
1.159606136384392638e-01 1.016346184429686716e-01
1.166361677694310039e-01 1.016275225563383067e-01
1.173136822984227889e-01 1.016204687593102035e-01
1.179931572254146188e-01 1.016134567484744816e-01
1.186745925504064658e-01 1.016064862248486356e-01
1.193579882733983993e-01 1.015995568901697788e-01
1.200433443943903777e-01 1.015926684504484950e-01
1.207306609133824149e-01 1.015858206124391483e-01
1.214199378303744969e-01 1.015790130870433822e-01
1.221111751453665961e-01 1.015722455859598972e-01
1.228043728583587818e-01 1.015655178248935642e-01
1.234995309693510124e-01 1.015588295203850716e-01
1.241966494783433017e-01 1.015521803928140787e-01
1.248957283853355943e-01 1.015455701634512542e-01
1.255967676903279873e-01 1.015389985572644205e-01
1.262997673933204390e-01 1.015324653001792865e-01
1.270047274943129079e-01 1.015259701216691679e-01
1.277116479933054216e-01 1.015195127522149493e-01
1.284205288902980080e-01 1.015130929256850140e-01
1.291313701852906393e-01 1.015067103770225104e-01
1.298441718782833154e-01 1.015003648444089274e-01
1.305589339692760642e-01 1.014940560671741127e-01
1.312756564582688024e-01 1.014877837877377065e-01
1.319943393452616409e-01 1.014815477497180013e-01
1.327149826302545244e-01 1.014753476996798492e-01
1.334375863132474527e-01 1.014691833854509118e-01
1.341621503942403981e-01 1.014630545576638426e-01
1.348886748732334440e-01 1.014569609682769713e-01
1.356171597502265069e-01 1.014509023719191438e-01
1.363476050252196425e-01 1.014448785246006290e-01
1.370800106982128508e-01 1.014388891848738566e-01
1.378143767692060206e-01 1.014329341127004902e-01
1.385507032381993187e-01 1.014270130703766454e-01
1.392889901051926616e-01 1.014211258221363876e-01
1.400292373701860493e-01 1.014152721335183083e-01
1.407714450331794265e-01 1.014094517729228206e-01
1.415156130941729040e-01 1.014036645095804795e-01
1.422617415531664542e-01 1.013979101154976886e-01
1.430098304101600493e-01 1.013921883636637045e-01
1.437598796651536337e-01 1.013864990296681062e-01
1.445118893181473185e-01 1.013808418901758213e-01
1.452658593691410482e-01 1.013752167242849000e-01
1.460217898181348506e-01 1.013696233122676343e-01
1.467796806651286701e-01 1.013640614366785320e-01
1.475395319101225067e-01 1.013585308813124697e-01
1.483013435531164437e-01 1.013530314320302411e-01
1.490651155941104256e-01 1.013475628763931408e-01
1.498308480331044801e-01 1.013421250031838611e-01
1.505985408700985240e-01 1.013367176036265999e-01
1.513681941050926405e-01 1.013313404697880893e-01
1.521398077380868297e-01 1.013259933960907605e-01
1.529133817690810637e-01 1.013206761779507914e-01
1.536889161980753704e-01 1.013153886129634917e-01
1.544664110250696387e-01 1.013101304998103719e-01
1.552458662500640352e-01 1.013049016392063156e-01
1.560272818730584765e-01 1.012997018331171784e-01
1.568106578940529627e-01 1.012945308850808912e-01
1.575959943130474383e-01 1.012893886005425959e-01
1.583832911300420421e-01 1.012842747858479914e-01
1.591725483450366629e-01 1.012791892495200491e-01
1.599637659580313565e-01 1.012741318010021846e-01
1.607569439690260948e-01 1.012691022517216294e-01
1.615520823780208504e-01 1.012641004141443812e-01
1.623491811850156785e-01 1.012591261025780620e-01
1.631482403900105516e-01 1.012541791324543389e-01
1.639492599930054972e-01 1.012492593208605129e-01
1.647522399940004323e-01 1.012443664862963805e-01
1.655571803929954677e-01 1.012395004484250016e-01
1.663640811899905481e-01 1.012346610287271076e-01
1.671729423849857010e-01 1.012298480496320180e-01
1.679837639779808434e-01 1.012250613353227469e-01
1.687965459689760583e-01 1.012203007110329678e-01
1.696112883579713460e-01 1.012155660035585075e-01
1.704279911449667062e-01 1.012108570410170105e-01
1.712466543299620836e-01 1.012061736526388006e-01
1.720672779129574781e-01 1.012015156693403944e-01
1.728898618939529452e-01 1.011968829229564076e-01
1.737144062729484850e-01 1.011922752469495146e-01
1.745409110499440697e-01 1.011876924757965229e-01
1.753693762249396715e-01 1.011831344454259540e-01
1.761998017979353459e-01 1.011786009930116803e-01
1.770321877689310930e-01 1.011740919567979541e-01
1.778665341379268849e-01 1.011696071765740973e-01
1.787028409049227218e-01 1.011651464931015570e-01
1.795411080699185480e-01 1.011607097484112094e-01
1.803813356329145023e-01 1.011562967859519629e-01
1.812235235939104738e-01 1.011519074499996063e-01
1.820676719529065180e-01 1.011475415864127592e-01
1.829137807099025514e-01 1.011431990418973081e-01
1.837618498648986853e-01 1.011388796645892180e-01
1.846118794178948919e-01 1.011345833036147585e-01
1.854638693688911155e-01 1.011303098092738717e-01
1.863178197178873563e-01 1.011260590331574810e-01
1.871737304648836975e-01 1.011218308277295752e-01
1.880316016098800835e-01 1.011176250467965276e-01
1.888914331528765145e-01 1.011134415452307755e-01
1.897532250938729903e-01 1.011092801788415485e-01
1.906169774328694833e-01 1.011051408048332101e-01
1.914826901698660766e-01 1.011010232811773019e-01
1.923503633048627148e-01 1.010969274671862927e-01
1.932199968378593979e-01 1.010928532230384314e-01
1.940915907688560982e-01 1.010888004100979898e-01
1.949651450978528711e-01 1.010847688907568764e-01
1.958406598248497166e-01 1.010807585283485938e-01
1.967181349498466070e-01 1.010767691874120688e-01
1.975975704728435423e-01 1.010728007333605294e-01
1.984789663938404669e-01 1.010688530326583068e-01
1.993623227128375197e-01 1.010649259528791921e-01
2.002476394298345896e-01 1.010610193624110614e-01
2.011349165448317322e-01 1.010571331307924953e-01
2.020241540578288642e-01 1.010532671285037515e-01
2.029153519688260965e-01 1.010494212268943648e-01
2.038085102778234015e-01 1.010455952984713052e-01
2.047036289848207236e-01 1.010417892165329234e-01
2.056007080898180628e-01 1.010380028553758969e-01
2.064997475928155024e-01 1.010342360903372927e-01
2.074007474938129869e-01 1.010304887975048554e-01
2.083037077928105441e-01 1.010267608540560968e-01
2.092086284898081183e-01 1.010230521380446056e-01
2.101155095848057097e-01 1.010193625283376251e-01
2.110243510778034015e-01 1.010156919048893071e-01
2.119351529688011382e-01 1.010120401483923375e-01
2.128479152577989197e-01 1.010084071404781375e-01
2.137626379447967184e-01 1.010047927637477277e-01
2.146793210297945897e-01 1.010011969015101180e-01
2.155979645127925337e-01 1.009976194380951958e-01
2.165185683937905226e-01 1.009940602586448799e-01
2.174411326727885563e-01 1.009905192490816589e-01
2.183656573497865794e-01 1.009869962963243356e-01
2.192921424247847306e-01 1.009834912880013119e-01
2.202205878977829268e-01 1.009800041126169556e-01
2.211509937687811678e-01 1.009765346595698360e-01
2.220833600377793982e-01 1.009730828189494001e-01
2.230176867047777289e-01 1.009696484817768913e-01
2.239539737697761046e-01 1.009662315398418136e-01
2.248922212327745529e-01 1.009628318856820306e-01
2.258324290937730461e-01 1.009594494127386832e-01
2.267745973527715286e-01 1.009560840151439848e-01
2.277187260097701116e-01 1.009527355878458432e-01
2.286648150647687394e-01 1.009494040266126769e-01
2.296128645177674399e-01 1.009460892278921940e-01
2.305628743687661297e-01 1.009427910889789948e-01
2.315148446177649200e-01 1.009395095078938209e-01
2.324687752647637551e-01 1.009362443833803774e-01
2.334246663097626351e-01 1.009329956149913471e-01
2.343825177527615322e-01 1.009297631029560938e-01
2.353423295937605020e-01 1.009265467482870493e-01
2.363041018327595444e-01 1.009233464526724106e-01
2.372678344697586317e-01 1.009201621186032599e-01
2.382335275047577638e-01 1.009169936491812469e-01
2.392011809377569131e-01 1.009138409483095189e-01
2.401707947687561351e-01 1.009107039205667244e-01
2.411423689977554297e-01 1.009075824711889030e-01
2.421159036247547691e-01 1.009044765061893056e-01
2.430913986497540979e-01 1.009013859321953449e-01
2.440688540727535549e-01 1.008983106565457810e-01
2.450482698937530290e-01 1.008952505872818400e-01
2.460296461127525758e-01 1.008922056330621569e-01
2.470129827297521674e-01 1.008891757032680803e-01
2.479982797447517484e-01 1.008861607078996303e-01
2.489855371577514298e-01 1.008831605576540752e-01
2.499747549687511561e-01 1.008801751638255667e-01
2.509659331777509550e-01 1.008772044384237260e-01
2.519590717847506878e-01 1.008742482940390567e-01
2.529541707897505765e-01 1.008713066439221179e-01
2.539512301927505100e-01 1.008683794019752944e-01
2.549502499937504885e-01 1.008654664826807851e-01
2.559512301927505673e-01 1.008625678011881160e-01
2.569541707897506355e-01 1.008596832732292781e-01
2.579590717847507486e-01 1.008568128151817178e-01
2.589659331777509621e-01 1.008539563439805886e-01
2.599747549687512205e-01 1.008511137772269972e-01
2.609855371577514682e-01 1.008482850330626596e-01
2.619982797447518164e-01 1.008454700302484075e-01
2.630129827297520984e-01 1.008426686881449957e-01
2.640296461127525363e-01 1.008398809266619206e-01
2.650482698937530190e-01 1.008371066663240750e-01
2.660688540727535467e-01 1.008343458282040944e-01
2.670913986497541748e-01 1.008315983339694022e-01
2.681159036247547922e-01 1.008288641058197876e-01
2.691423689977554545e-01 1.008261430665589597e-01
2.701707947687562172e-01 1.008234351395067147e-01
2.712011809377570248e-01 1.008207402485677140e-01
2.722335275047577108e-01 1.008180583181667866e-01
2.732678344697586081e-01 1.008153892733082424e-01
2.743041018327595504e-01 1.008127330394927440e-01
2.753423295937605375e-01 1.008100895427997135e-01
2.763825177527615695e-01 1.008074587098058278e-01
2.774246663097627019e-01 1.008048404676468029e-01
2.784687752647638237e-01 1.008022347439426342e-01
2.795148446177649904e-01 1.007996414668812790e-01
2.805628743687662574e-01 1.007970605651207774e-01
2.816128645177674028e-01 1.007944919678651907e-01
2.826648150647687596e-01 1.007919356047972531e-01
2.837187260097701613e-01 1.007893914061379903e-01
2.847745973527716079e-01 1.007868593025677828e-01
2.858324290937730994e-01 1.007843392253017778e-01
2.868922212327746357e-01 1.007818311060167810e-01
2.879539737697762170e-01 1.007793348769054770e-01
2.890176867047778431e-01 1.007768504706128138e-01
2.900833600377795141e-01 1.007743778203054885e-01
2.911509937687811744e-01 1.007719168595867382e-01
2.922205878977829352e-01 1.007694675225674907e-01
2.932921424247847964e-01 1.007670297438009316e-01
2.943656573497866469e-01 1.007646034583370431e-01
2.954411326727885978e-01 1.007621886016553531e-01
2.965185683937905936e-01 1.007597851097262465e-01
2.975979645127926343e-01 1.007573929189521517e-01
2.986793210297947199e-01 1.007550119662102145e-01
2.997626379447967393e-01 1.007526421888000207e-01
3.008479152577989146e-01 1.007502835244990791e-01
3.019351529688011904e-01 1.007479359114973050e-01
3.030243510778034555e-01 1.007455992884480345e-01
3.041155095848058210e-01 1.007432735944207430e-01
3.052086284898081758e-01 1.007409587689376274e-01
3.063037077928106311e-01 1.007386547519291548e-01
3.074007474938131312e-01 1.007363614837710614e-01
3.084997475928156763e-01 1.007340789052482422e-01
3.096007080898180996e-01 1.007318069575755676e-01
3.107036289848207899e-01 1.007295455823740971e-01
3.118085102778234696e-01 1.007272947216928255e-01
3.129153519688261942e-01 1.007250543179750019e-01
3.140241540578289636e-01 1.007228243140837615e-01
3.151349165448318335e-01 1.007206046532826138e-01
3.162476394298346927e-01 1.007183952792307102e-01
3.173623227128376523e-01 1.007161961360018149e-01
3.184789663938406568e-01 1.007140071680418802e-01
3.195975704728435396e-01 1.007118283202123599e-01
3.207181349498466338e-01 1.007096595377467568e-01
3.218406598248497730e-01 1.007075007662789623e-01
3.229651450978529570e-01 1.007053519518132795e-01
3.240915907688562414e-01 1.007032130407501114e-01
3.252199968378595152e-01 1.007010839798533064e-01
3.263503633048628338e-01 1.006989647162731399e-01
3.274826901698662529e-01 1.006968551975289672e-01
3.286169774328696613e-01 1.006947553715041993e-01
3.297532250938730591e-01 1.006926651864647332e-01
3.308914331528765573e-01 1.006905845910197189e-01
3.320316016098801559e-01 1.006885135341619719e-01
3.331737304648837994e-01 1.006864519652255902e-01
3.343178197178874878e-01 1.006843998339150698e-01
3.354638693688912210e-01 1.006823570902760090e-01
3.366118794178950546e-01 1.006803236847199218e-01
3.377618498648988776e-01 1.006782995679924714e-01
3.389137807099027455e-01 1.006762846911963688e-01
3.400676719529066028e-01 1.006742790057740394e-01
3.412235235939105604e-01 1.006722824635064434e-01
3.423813356329146185e-01 1.006702950165213051e-01
3.435411080699187214e-01 1.006683166172716026e-01
3.447028409049228137e-01 1.006663472185556352e-01
3.458665341379270064e-01 1.006643867734946934e-01
3.470321877689312440e-01 1.006624352355420943e-01
3.481998017979355819e-01 1.006604925584813071e-01
3.493693762249399093e-01 1.006585586964114792e-01
3.505409110499441705e-01 1.006566336037654358e-01
3.517144062729485876e-01 1.006547172352838526e-01
3.528898618939531051e-01 1.006528095460333672e-01
3.540672779129576120e-01 1.006509104913933667e-01
3.552466543299622193e-01 1.006490200270521024e-01
3.564279911449668714e-01 1.006471381090165429e-01
3.576112883579715684e-01 1.006452646935926953e-01
3.587965459689763104e-01 1.006433997374013012e-01
3.599837639779809306e-01 1.006415431973604196e-01
3.611729423849858178e-01 1.006396950306942956e-01
3.623640811899906944e-01 1.006378551949263789e-01
3.635571803929956158e-01 1.006360236478733849e-01
3.647522399940006377e-01 1.006342003476549951e-01
3.659492599930056489e-01 1.006323852526760376e-01
3.671482403900107605e-01 1.006305783216396577e-01
3.683491811850159170e-01 1.006287795135347718e-01
3.695520823780210629e-01 1.006269887876361235e-01
3.707569439690261981e-01 1.006252061035084050e-01
3.719637659580314892e-01 1.006234314209934477e-01
3.731725483450368253e-01 1.006216647002198816e-01
3.743832911300422062e-01 1.006199059015913388e-01
3.755959943130476320e-01 1.006181549857921298e-01
3.768106578940531581e-01 1.006164119137773622e-01
3.780272818730586737e-01 1.006146766467815590e-01
3.792458662500642896e-01 1.006129491463039483e-01
3.804664110250698950e-01 1.006112293741200370e-01
3.816889161980754896e-01 1.006095172922672198e-01
3.829133817690812402e-01 1.006078128630523427e-01
3.841398077380869802e-01 1.006061160490456796e-01
3.853681941050928206e-01 1.006044268130768526e-01
3.865985408700987613e-01 1.006027451182417015e-01
3.878308480331046915e-01 1.006010709278871429e-01
3.890651155941106665e-01 1.005994042056236465e-01
3.903013435531166864e-01 1.005977449153117320e-01
3.915395319101228067e-01 1.005960930210683668e-01
3.927796806651288053e-01 1.005944484872594996e-01
3.940217898181350153e-01 1.005928112785041267e-01
3.952658593691412148e-01 1.005911813596642862e-01
3.965118893181475146e-01 1.005895586958544807e-01
3.977598796651538593e-01 1.005879432524282718e-01
3.990098304101602489e-01 1.005863349949856489e-01
4.002617415531666833e-01 1.005847338893677001e-01
4.015156130941732182e-01 1.005831399016527405e-01
4.027714450331797424e-01 1.005815529981600592e-01
4.040292373701862005e-01 1.005799731454439794e-01
4.052889901051928145e-01 1.005784003102943164e-01
4.065507032381995289e-01 1.005768344597332414e-01
4.078143767692062882e-01 1.005752755610148652e-01
4.090800106982130369e-01 1.005737235816242248e-01
4.103476050252198859e-01 1.005721784892751325e-01
4.116171597502267798e-01 1.005706402519059295e-01
4.128886748732337186e-01 1.005691088376846759e-01
4.141621503942407023e-01 1.005675842149985483e-01
4.154375863132476199e-01 1.005660663524616388e-01
4.167149826302546933e-01 1.005645552189067260e-01
4.179943393452618672e-01 1.005630507833863291e-01
4.192756564582690304e-01 1.005615530151725279e-01
4.205589339692762940e-01 1.005600618837509119e-01
4.218441718782836025e-01 1.005585773588268117e-01
4.231313701852909004e-01 1.005570994103149457e-01
4.244205288902982987e-01 1.005556280083456655e-01
4.257116479933056308e-01 1.005541631232579614e-01
4.270047274943131188e-01 1.005527047256027651e-01
4.282997673933206517e-01 1.005512527861366912e-01
4.295967676903282295e-01 1.005498072758255340e-01
4.308957283853359077e-01 1.005483681658391054e-01
4.321966494783435753e-01 1.005469354275523863e-01
4.334995309693513432e-01 1.005455090325418077e-01
4.348043728583591006e-01 1.005440889525867215e-01
4.361111751453669583e-01 1.005426751596667639e-01
4.374199378303746943e-01 1.005412676259590937e-01
4.387306609133826418e-01 1.005398663238398632e-01
4.400433443943906342e-01 1.005384712258812485e-01
4.413579882733986715e-01 1.005370823048490209e-01
4.426745925504067536e-01 1.005356995337057524e-01
4.439931572254149361e-01 1.005343228856045434e-01
4.453136822984231080e-01 1.005329523338901743e-01
4.466361677694313248e-01 1.005315878520973982e-01
4.479606136384396420e-01 1.005302294139506919e-01
4.492870199054478375e-01 1.005288769933613963e-01
4.506153865704562445e-01 1.005275305644284523e-01
4.519457136334646408e-01 1.005261901014347509e-01
4.532780010944731375e-01 1.005248555788489789e-01
4.546122489534816791e-01 1.005235269713209562e-01
4.559484572104903211e-01 1.005222042536845772e-01
4.572866258654989524e-01 1.005208874009524550e-01
4.586267549185076287e-01 1.005195763883183213e-01
4.599688443695163498e-01 1.005182711911530857e-01
4.613128942185250048e-01 1.005169717850064592e-01
4.626589044655338712e-01 1.005156781456031240e-01
4.640068751105427269e-01 1.005143902488434410e-01
4.653568061535516831e-01 1.005131080708028951e-01
4.667086975945606842e-01 1.005118315877271545e-01
4.680625494335697301e-01 1.005105607760376635e-01
4.694183616705788209e-01 1.005092956123228437e-01
4.707761343055879566e-01 1.005080360733448946e-01
4.721358673385971372e-01 1.005067821360308700e-01
4.734975607696062516e-01 1.005055337774791724e-01
4.748612145986155220e-01 1.005042909749519209e-01
4.762268288256248927e-01 1.005030537058795026e-01
4.775944034506342528e-01 1.005018219478550495e-01
4.789639384736437133e-01 1.005005956786372279e-01
4.803354338946532187e-01 1.004993748761453254e-01
4.817088897136627690e-01 1.004981595184626930e-01
4.830843059306723641e-01 1.004969495838312354e-01
4.844616825456818376e-01 1.004957450506560879e-01
4.858410195586915226e-01 1.004945458974959155e-01
4.872223169697012524e-01 1.004933521030732663e-01
4.886055747787110826e-01 1.004921636462633022e-01
4.899907929857209021e-01 1.004909805060995448e-01
4.913779715907308221e-01 1.004898026617698364e-01
4.927671105937407314e-01 1.004886300926159659e-01
4.941582099947507412e-01 1.004874627781348756e-01
4.955512697937607958e-01 1.004863006979735407e-01
4.969462899907707287e-01 1.004851438319315504e-01
4.983432705857808731e-01 1.004839921599600117e-01
4.997422115787910624e-01 1.004828456621581351e-01
5.011431129698012965e-01 1.004817043187760245e-01
5.025459747588115755e-01 1.004805681102098197e-01
5.039507969458218994e-01 1.004794370170049855e-01
5.053575795308323793e-01 1.004783110198512464e-01
5.067663225138427929e-01 1.004771900995854311e-01
5.081770258948532515e-01 1.004760742371887949e-01
5.095896896738636439e-01 1.004749634137865472e-01
5.110043138508743032e-01 1.004738576106462139e-01
5.124208984258848965e-01 1.004727568091782763e-01
5.138394433988955345e-01 1.004716609909349773e-01
5.152599487699063285e-01 1.004705701376088639e-01
5.166824145389171674e-01 1.004694842310320801e-01
5.181068407059279401e-01 1.004684032531771160e-01
5.195332272709388688e-01 1.004673271861527689e-01
5.209615742339498423e-01 1.004662560122080578e-01
5.223918815949606387e-01 1.004651897137262134e-01
5.238241493539717020e-01 1.004641282732287727e-01
5.252583775109828101e-01 1.004630716733715956e-01
5.266945660659939632e-01 1.004620198969449069e-01
5.281327150190051611e-01 1.004609729268734486e-01
5.295728243700164040e-01 1.004599307462149677e-01
5.310148941190276917e-01 1.004588933381591193e-01
5.324589242660390243e-01 1.004578606860287993e-01
5.339049148110504017e-01 1.004568327732759669e-01
5.353528657540617131e-01 1.004558095834842679e-01
5.368027770950731803e-01 1.004547911003673549e-01
5.382546488340846924e-01 1.004537773077655016e-01
5.397084809710962494e-01 1.004527681896511399e-01
5.411642735061079623e-01 1.004517637301201582e-01
5.426220264391196091e-01 1.004507639133988689e-01
5.440817397701314118e-01 1.004497687238373460e-01
5.455434134991431483e-01 1.004487781459137419e-01
5.470070476261550407e-01 1.004477921642286664e-01
5.484726421511667560e-01 1.004468107635091145e-01
5.499401970741787382e-01 1.004458339286044000e-01
5.514097123951906543e-01 1.004448616444885284e-01
5.528811881142027262e-01 1.004438938962567002e-01
5.543546242312148431e-01 1.004429306691261431e-01
5.558300207462270048e-01 1.004419719484361956e-01
5.573073776592392115e-01 1.004410177196457532e-01
5.587866949702514630e-01 1.004400679683347536e-01
5.602679726792635373e-01 1.004391226802022613e-01
5.617512107862758786e-01 1.004381818410657184e-01
5.632364092912882647e-01 1.004372454368617773e-01
5.647235681943006957e-01 1.004363134536445101e-01
5.662126874953131717e-01 1.004353858775850483e-01
5.677037671943258035e-01 1.004344626949710828e-01
5.691968072913383692e-01 1.004335438922065032e-01
5.706918077863509797e-01 1.004326294558105931e-01
5.721887686793637462e-01 1.004317193724182933e-01
5.736876899703762245e-01 1.004308136287777736e-01
5.751885716593890807e-01 1.004299122117516541e-01
5.766914137464018708e-01 1.004290151083170879e-01
5.781962162314148168e-01 1.004281223055615013e-01
5.797029791144278077e-01 1.004272337906873952e-01
5.812117023954407324e-01 1.004263495510071408e-01
5.827223860744538131e-01 1.004254695739451170e-01
5.842350301514669386e-01 1.004245938470372801e-01
5.857496346264799980e-01 1.004237223579280136e-01
5.872661994994931023e-01 1.004228550943736670e-01
5.887847247705062514e-01 1.004219920442384062e-01
5.903052104395195565e-01 1.004211331954961012e-01
5.918276565065329065e-01 1.004202785362284800e-01
5.933520629715463013e-01 1.004194280546252954e-01
5.948784298345597410e-01 1.004185817389844776e-01
5.964067570955732256e-01 1.004177395777098580e-01
5.979370447545868661e-01 1.004169015593124048e-01
5.994692928116004405e-01 1.004160676724092371e-01
6.010035012666138377e-01 1.004152379057231259e-01
6.025396701196276128e-01 1.004144122480812307e-01
6.040777993706413218e-01 1.004135906884173202e-01
6.056178890196550757e-01 1.004127732157677338e-01
6.071599390666689855e-01 1.004119598192736579e-01
6.087039495116828292e-01 1.004111504881791406e-01
6.102499203546968287e-01 1.004103452118328133e-01
6.117978515957107621e-01 1.004095439796838796e-01
6.133477432347248515e-01 1.004087467812856960e-01
6.148995952717387636e-01 1.004079536062920108e-01
6.164534077067529427e-01 1.004071644444599065e-01
6.180091805397671667e-01 1.004063792856458026e-01
6.195669137707813245e-01 1.004055981198078151e-01
6.211266073997956383e-01 1.004048209370038136e-01
6.226882614268099969e-01 1.004040477273932530e-01
6.242518758518244004e-01 1.004032784812323720e-01
6.258174506748388488e-01 1.004025131888795358e-01
6.273849858958533421e-01 1.004017518407906567e-01
6.289544815148676582e-01 1.004009944275195410e-01
6.305259375318823523e-01 1.004002409397203588e-01
6.320993539468969802e-01 1.003994913681425655e-01
6.336747307599116530e-01 1.003987457036348285e-01
6.352520679709263707e-01 1.003980039371429045e-01
6.368313655799411332e-01 1.003972660597085703e-01
6.384126235869560517e-01 1.003965320624710111e-01
6.399958419919709041e-01 1.003958019366646692e-01
6.415810207949856903e-01 1.003950756736211869e-01
6.431681599960007434e-01 1.003943532647665754e-01
6.447572595950157304e-01 1.003936347016229774e-01
6.463483195920308733e-01 1.003929199758067242e-01
6.479413399870459500e-01 1.003922090790302507e-01
6.495363207800611827e-01 1.003915020030984040e-01
6.511332619710764602e-01 1.003907987399115659e-01
6.527321635600916716e-01 1.003900992814641402e-01
6.543330255471070389e-01 1.003894036198426931e-01
6.559358479321222291e-01 1.003887117472285345e-01
6.575406307151376861e-01 1.003880236558950673e-01
6.591473738961531881e-01 1.003873393382086893e-01
6.607560774751687349e-01 1.003866587866288768e-01
6.623667414521843266e-01 1.003859819937063941e-01
6.639793658271999632e-01 1.003853089520845565e-01
6.655939506002157557e-01 1.003846396544981617e-01
6.672104957712314821e-01 1.003839740937742253e-01
6.688290013402472534e-01 1.003833122628300933e-01
6.704494673072629585e-01 1.003826541546746498e-01
6.720718936722788195e-01 1.003819997624073451e-01
6.736962804352947254e-01 1.003813490792185570e-01
6.753226275963107872e-01 1.003807020983893683e-01
6.769509351553267829e-01 1.003800588132893329e-01
6.785812031123429344e-01 1.003794192173810412e-01
6.802134314673590199e-01 1.003787833042131539e-01
6.818476202203752612e-01 1.003781510674267435e-01
6.834837693713914364e-01 1.003775225007512290e-01
6.851218789204075454e-01 1.003768975980050271e-01
6.867619488674239214e-01 1.003762763530959001e-01
6.884039792124403423e-01 1.003756587600203032e-01
6.900479699554568080e-01 1.003750448128631484e-01
6.916939210964733187e-01 1.003744345057981657e-01
6.933418326354898742e-01 1.003738278330877920e-01
6.949917045725064746e-01 1.003732247890809504e-01
6.966435369075231199e-01 1.003726253682168251e-01
6.982973296405398100e-01 1.003720295650206151e-01
6.999530827715563230e-01 1.003714373741059068e-01
7.016107963005731030e-01 1.003708487901744245e-01
7.032704702275899278e-01 1.003702638080141013e-01
7.049321045526069085e-01 1.003696824225010081e-01
7.065956992756238231e-01 1.003691046285987432e-01
7.082612543966407825e-01 1.003685304213564333e-01
7.099287699156578979e-01 1.003679597959115932e-01
7.115982458326749471e-01 1.003673927474876965e-01
7.132696821476921523e-01 1.003668292713959798e-01
7.149430788607090692e-01 1.003662693630323344e-01
7.166184359717263641e-01 1.003657130178813861e-01
7.182957534807437039e-01 1.003651602315124985e-01
7.199750313877609775e-01 1.003646109995822711e-01
7.216562696927784071e-01 1.003640653178327485e-01
7.233394683957958815e-01 1.003635231820935864e-01
7.250246274968132898e-01 1.003629845882783034e-01
7.267117469958308540e-01 1.003624495323884452e-01
7.284008268928482410e-01 1.003619180105100595e-01
7.300918671878658950e-01 1.003613900188166375e-01
7.317848678808835938e-01 1.003608655535656868e-01
7.334798289719013376e-01 1.003603446111013126e-01
7.351767504609192372e-01 1.003598271878541615e-01
7.368756323479370707e-01 1.003593132803391325e-01
7.385764746329549491e-01 1.003588028851574304e-01
7.402792773159728723e-01 1.003582959989963164e-01
7.419840403969908404e-01 1.003577926186278307e-01
7.436907638760087425e-01 1.003572927409098897e-01
7.453994477530268004e-01 1.003567963627860077e-01
7.471100920280450142e-01 1.003563034812860466e-01
7.488226967010631618e-01 1.003558140935236070e-01
7.505372617720814654e-01 1.003553281966994004e-01
7.522537872410997029e-01 1.003548457880989869e-01
7.539722731081180962e-01 1.003543668650938026e-01
7.556927193731364234e-01 1.003538914251406317e-01
7.574151260361549065e-01 1.003534194657817180e-01
7.591394930971732125e-01 1.003529509846454032e-01
7.608658205561917853e-01 1.003524859794450858e-01
7.625941084132104031e-01 1.003520244479809004e-01
7.643243566682289547e-01 1.003515663881369702e-01
7.660565653212476622e-01 1.003511117978854728e-01
7.677907343722664146e-01 1.003506606752816582e-01
7.695268638212852119e-01 1.003502130184693308e-01
7.712649536683040541e-01 1.003497688256767967e-01
7.730050039133229411e-01 1.003493280952183209e-01
7.747470145563417621e-01 1.003488908254953210e-01
7.764909855973607389e-01 1.003484570149937860e-01
7.782369170363797606e-01 1.003480266622879535e-01
7.799848088733989382e-01 1.003475997660365909e-01
7.817346611084180497e-01 1.003471763249859233e-01
7.834864737414372060e-01 1.003467563379684402e-01
7.852402467724565183e-01 1.003463398039037835e-01
7.869959802014757644e-01 1.003459267217973044e-01
7.887536740284951664e-01 1.003455170907422284e-01
7.905133282535142802e-01 1.003451109099186417e-01
7.922749428765337720e-01 1.003447081785934919e-01
7.940385178975533087e-01 1.003443088961214341e-01
7.958040533165727792e-01 1.003439130619438874e-01
7.975715491335924057e-01 1.003435206755907000e-01
7.993410053486120770e-01 1.003431317366787756e-01
8.011124219616317932e-01 1.003427462449137386e-01
8.028857989726515543e-01 1.003423642000886712e-01
8.046611363816711382e-01 1.003419856020846407e-01
8.064384341886909890e-01 1.003416104508721013e-01
8.082176923937108848e-01 1.003412387465096312e-01
8.099989109967308254e-01 1.003408704891444181e-01
8.117820899977508109e-01 1.003405056790131894e-01
8.135672293967708413e-01 1.003401443164413653e-01
8.153543291937909165e-01 1.003397864018443220e-01
8.171433893888111477e-01 1.003394319357267250e-01
8.189344099818313127e-01 1.003390809186835986e-01
8.207273909728513006e-01 1.003387333513998114e-01
8.225223323618716664e-01 1.003383892346501882e-01
8.243192341488919661e-01 1.003380485693012858e-01
8.261180963339124217e-01 1.003377113563097001e-01
8.279189189169328111e-01 1.003373775967229681e-01
8.297217018979533565e-01 1.003370472916808587e-01
8.315264452769738357e-01 1.003367204424149423e-01
8.333331490539944708e-01 1.003363970502470642e-01
8.351418132290151508e-01 1.003360771165935778e-01
8.369524378020356536e-01 1.003357606429618604e-01
8.387650227730564234e-01 1.003354476309530341e-01
8.405795681420771270e-01 1.003351380822611605e-01
8.423960739090979866e-01 1.003348319986731713e-01
8.442145400741188910e-01 1.003345293820706585e-01
8.460349666371398403e-01 1.003342302344296527e-01
8.478573535981608345e-01 1.003339345578198455e-01
8.496817009571818735e-01 1.003336423544057970e-01
8.515080087142030685e-01 1.003333536264479769e-01
8.533362768692239753e-01 1.003330683763027642e-01
8.551665054222451490e-01 1.003327866064210733e-01
8.569986943732663676e-01 1.003325083193511852e-01
8.588328437222877421e-01 1.003322335177387753e-01
8.606689534693090504e-01 1.003319622043245263e-01
8.625070236143304037e-01 1.003316943819496654e-01
8.643470541573519128e-01 1.003314300535506770e-01
8.661890450983733558e-01 1.003311692221643403e-01
8.680329964373949547e-01 1.003309118909253145e-01
8.698789081744163765e-01 1.003306580630676237e-01
8.717267803094379541e-01 1.003304077419257950e-01
8.735766128424596877e-01 1.003301609309340675e-01
8.754284057734814661e-01 1.003299176336266557e-01
8.772821591025032895e-01 1.003296778536404282e-01
8.791378728295250466e-01 1.003294415947129092e-01
8.809955469545469597e-01 1.003292088606841381e-01
8.828551814775689177e-01 1.003289796554969332e-01
8.847167763985909206e-01 1.003287539831969749e-01
8.865803317176127463e-01 1.003285318479336663e-01
8.884458474346348389e-01 1.003283132539616457e-01
8.903133235496569764e-01 1.003280982056389409e-01
8.921827600626792698e-01 1.003278867074298003e-01
8.940541569737014971e-01 1.003276787639044293e-01
8.959275142827237692e-01 1.003274743797399615e-01
8.978028319897460863e-01 1.003272735597191545e-01
8.996801100947685592e-01 1.003270763087341644e-01
9.015593485977907440e-01 1.003268826317850193e-01
9.034405474988133067e-01 1.003266925339802718e-01
9.053237067978358033e-01 1.003265060205383169e-01
9.072088264948584557e-01 1.003263230967881142e-01
9.090959065898810421e-01 1.003261437681692431e-01
9.109849470829037843e-01 1.003259680402332626e-01
9.128759479739264604e-01 1.003257959186431431e-01
9.147689092629492924e-01 1.003256274091760963e-01
9.166638309499721693e-01 1.003254625177216475e-01
9.185607130349948690e-01 1.003253012502851177e-01
9.204595555180178357e-01 1.003251436129856400e-01
9.223603583990407362e-01 1.003249896120592399e-01
9.242631216780637926e-01 1.003248392538580169e-01
9.261678453550868939e-01 1.003246925448517124e-01
9.280745294301100401e-01 1.003245494916280012e-01
9.299831739031333422e-01 1.003244101008938516e-01
9.318937787741565781e-01 1.003242743794762054e-01
9.338063440431798590e-01 1.003241423343218253e-01
9.357208697102029626e-01 1.003240139724995428e-01
9.376373557752263332e-01 1.003238893012002031e-01
9.395558022382498597e-01 1.003237683277384135e-01
9.414762090992733201e-01 1.003236510595519465e-01
9.433985763582968254e-01 1.003235375042044603e-01
9.453229040153204865e-01 1.003234276693842214e-01
9.472491920703440815e-01 1.003233215629076996e-01
9.491774405233678324e-01 1.003232191927178746e-01
9.511076493743915172e-01 1.003231205668871917e-01
9.530398186234151359e-01 1.003230256936172987e-01
9.549739482704390214e-01 1.003229345812406970e-01
9.569100383154629519e-01 1.003228472382213660e-01
9.588480887584868162e-01 1.003227636731561234e-01
9.607880995995108364e-01 1.003226838947746946e-01
9.627300708385349015e-01 1.003226079119430708e-01
9.646740024755590115e-01 1.003225357336616080e-01
9.666198945105831664e-01 1.003224673690678026e-01
9.685677469436073661e-01 1.003224028274381230e-01
9.705175597746313887e-01 1.003223421181865666e-01
9.724693330036556782e-01 1.003222852508686425e-01
9.744230666306800126e-01 1.003222322351810664e-01
9.763787606557043919e-01 1.003221830809623710e-01
9.783364150787289271e-01 1.003221377981956125e-01
9.802960298997533961e-01 1.003220963970085505e-01
9.822576051187779100e-01 1.003220588876752029e-01
9.842211407358025799e-01 1.003220252806174689e-01
9.861866367508271836e-01 1.003219955864047275e-01
9.881540931638517211e-01 1.003219698157579304e-01
9.901235099748764146e-01 1.003219479795483121e-01
9.920948871839012639e-01 1.003219300888005400e-01
9.940682247909260472e-01 1.003219161546927973e-01
9.960435227959509863e-01 1.003219061885586572e-01
9.980207811989759703e-01 1.003219002018885531e-01
1.000000000000000666e+00 1.003218982063318471e-01
