0.000000000000000000e+00 9.406618081053159663e-01
2.078119897502626434e-05 9.391921081009892980e-01
4.352279595010249372e-05 9.375837637198221053e-01
6.822479092522875592e-05 9.358367749699665339e-01
9.488718390040502381e-05 9.339511418608151816e-01
1.235099748756312839e-04 9.319268644027767223e-01
1.540931638509075632e-04 9.297639426076151903e-01
1.866367508262337669e-04 9.274623764884323274e-01
2.211407358016100034e-04 9.250221660598281215e-01
2.576051187770363269e-04 9.224433113379997273e-01
2.960298997525126832e-04 9.197258123408831310e-01
3.364150787280388555e-04 9.168696690882879308e-01
3.787606557036150606e-04 9.138748816020180188e-01
4.230666306792412444e-04 9.107414499060538793e-01
4.693330036549174067e-04 9.074693740266801534e-01
5.175597746306437102e-04 9.040586539926636078e-01
5.677469436064200466e-04 9.005092898354246644e-01
6.198945105822462531e-04 8.968212815892110390e-01
6.740024755581224382e-04 8.929946292912818162e-01
7.300708385340486020e-04 8.890293329821058466e-01
7.880995995100251780e-04 8.849253927055560354e-01
8.480887584860512989e-04 8.806828085091217284e-01
9.100383154621275068e-04 8.763015804441166567e-01
9.739482704382536934e-04 8.717817085659129717e-01
1.039818623414429750e-03 8.671231929341479683e-01
1.107649374390655894e-03 8.623260336129845438e-01
1.177440523366932558e-03 8.573902306713395705e-01
1.249192070343258659e-03 8.523157841831423553e-01
1.322904015319634847e-03 8.471026942275791116e-01
1.398576358296060905e-03 8.417509608893826156e-01
1.476209099272537051e-03 8.362605842590759009e-01
1.555802238249063716e-03 8.306315644332730175e-01
1.637355775225640036e-03 8.248639015149578091e-01
1.720869710202266008e-03 8.189575956137760127e-01
1.806344043178942285e-03 8.129126468463390154e-01
1.893778774155669082e-03 8.067290553365391581e-01
1.983173903132445098e-03 8.004068212158498286e-01
2.074529430109271419e-03 7.939459446236590834e-01
2.167845355086147393e-03 7.873464257076063788e-01
2.263121678063073454e-03 7.806082646239016487e-01
2.360358399040050469e-03 7.737314615376854610e-01
2.459555518017076271e-03 7.667160166233760732e-01
2.560713034994152593e-03 7.595619300650268135e-01
2.663830949971278568e-03 7.522692020566941196e-01
2.768909262948454630e-03 7.448378328028119055e-01
2.875947973925680780e-03 7.372678225185711476e-01
2.984947082902957450e-03 7.295591714303103492e-01
3.095906589880283773e-03 7.217118797759042303e-01
3.208826494857659750e-03 7.137259478051781736e-01
3.323706797835085814e-03 7.056013757803046849e-01
3.440547498812561965e-03 6.973381639762313844e-01
3.559348597790088636e-03 6.889363126810981175e-01
3.680110094767664961e-03 6.803958221966727171e-01
3.802831989745290939e-03 6.717166928387859892e-01
3.927514282722965704e-03 6.628989249377822413e-01
4.054156973700691856e-03 6.539425188389695887e-01
4.182760062678468095e-03 6.448474749030804754e-01
4.313323549656295289e-03 6.356137935067379674e-01
4.445847434634171702e-03 6.262414750429362575e-01
4.580331717612097335e-03 6.167305199215148415e-01
4.716776398590073922e-03 6.070809285696561197e-01
4.855181477568099729e-03 5.972927014323730077e-01
4.995546954546175623e-03 5.873658389730215257e-01
5.137872829524301604e-03 5.773003416738050619e-01
5.282159102502477672e-03 5.670962100362959557e-01
5.428405773480703828e-03 5.567534445819601885e-01
5.576612842458980070e-03 5.462720458526894030e-01
5.726780309437305531e-03 5.356520144113424697e-01
5.878908174415681948e-03 5.248933508422892746e-01
6.032996437394107583e-03 5.139960557519682727e-01
6.189045098372585908e-03 5.029601297694463735e-01
6.347054157351111718e-03 4.917855735469878753e-01
6.507023614329687615e-03 4.804723877606297266e-01
6.668953469308313599e-03 4.690205731107652820e-01
6.832843722286989670e-03 4.574301303227346627e-01
6.998694373265715828e-03 4.457010601474220013e-01
7.166505422244492073e-03 4.338333633618586815e-01
7.336276869223317537e-03 4.218270407698379576e-01
7.508008714202193956e-03 4.096820932025321271e-01
7.681700957181119595e-03 3.973985215191175313e-01
7.857353598160098790e-03 3.849763266074116008e-01
8.034966637139125470e-03 3.724155093845098463e-01
8.214540074118200502e-03 3.597160707974348393e-01
8.396073909097327356e-03 3.468780118237921317e-01
8.579568142076502563e-03 3.339013334724310611e-01
8.765022773055727856e-03 3.207860367841131044e-01
8.952437802035004971e-03 3.075321228321921674e-01
9.141813229014330439e-03 2.941395927232926533e-01
9.333149053993705993e-03 2.806084475980047399e-01
9.526445276973131635e-03 2.669386886315810448e-01
9.721701897952607363e-03 2.531303170346388409e-01
9.918918916932136648e-03 2.391833340538765118e-01
1.011809633391171255e-02 2.250977409727904499e-01
1.031923414889133854e-02 2.108735391124014480e-01
1.052233236187101462e-02 1.965107298319891949e-01
1.072739097285074078e-02 1.820093145298324333e-01
1.093440998183051703e-02 1.673692946439569729e-01
1.114338938881034163e-02 1.525906716528905305e-01
1.135432919379021806e-02 1.376734750427951737e-01
1.156722939677014457e-02 1.235642056898880459e-01
1.178208999775011943e-02 1.161186809130998060e-01
1.199891099673014612e-02 1.129301825447831115e-01
1.221769239371022463e-02 1.112360097440083656e-01
1.243843418869035149e-02 1.101590276843238125e-01
1.266113638167052670e-02 1.093964518878957209e-01
1.288579897265075200e-02 1.088182040447760734e-01
1.311242196163102738e-02 1.083587513898935650e-01
1.334100534861135459e-02 1.079811667583385204e-01
1.357154913359173015e-02 1.076628737252461471e-01
1.380405331657215580e-02 1.073891915861208551e-01
1.403851789755263153e-02 1.071501032685031607e-01
1.427494287653315735e-02 1.069385051921633994e-01
1.451332825351373326e-02 1.067491984220799023e-01
1.475367402849436273e-02 1.065782766719230862e-01
1.499598020147503881e-02 1.064227389565655379e-01
1.524024677245576498e-02 1.062802354908845975e-01
1.548647374143653950e-02 1.061488958143605721e-01
1.573466110841736931e-02 1.060272094131480963e-01
1.598480887339824227e-02 1.059139408645142083e-01
1.623691703637917053e-02 1.058080682786005089e-01
1.649098559736014366e-02 1.057087378262308447e-01
1.674701455634117209e-02 1.056152296023500081e-01
1.700500391332224540e-02 1.055269316252644973e-01
1.726495366830337400e-02 1.054433197719045201e-01
1.752686382128455442e-02 1.053639421068114368e-01
1.779073437226577625e-02 1.052884065021600229e-01
1.805656532124705685e-02 1.052163707537055320e-01
1.832435666822837886e-02 1.051475346398960120e-01
1.859410841320975616e-02 1.050816335694708809e-01
1.886582055619118528e-02 1.050184334580497175e-01
1.913949309717265929e-02 1.049577258643935168e-01
1.941512603615418858e-02 1.048993223417652720e-01
1.969271937313575929e-02 1.048430626999539289e-01
1.997227310811738876e-02 1.047887883321327873e-01
2.025378724109906312e-02 1.047363703984760530e-01
2.053726177208079276e-02 1.046856843418877830e-01
2.082269670106256382e-02 1.046366190145900932e-01
2.111009202804439364e-02 1.045890735946759659e-01
2.139944775302626487e-02 1.045429559593197416e-01
2.169076387600819486e-02 1.044981817961374709e-01
2.198404039699017321e-02 1.044546738301350836e-01
2.227927731597219643e-02 1.044123610926942780e-01
2.257647463295427495e-02 1.043711782642319924e-01
2.287563234793639835e-02 1.043310651000632916e-01
2.317675046091857705e-02 1.042919659300130947e-01
2.347982897190080062e-02 1.042538292189793686e-01
2.378486788088307949e-02 1.042166071783673931e-01
2.409186718786539977e-02 1.041802554211099935e-01
2.440082689284778228e-02 1.041447326546629942e-01
2.471174699583020273e-02 1.041100004072288560e-01
2.502462749681268195e-02 1.040760227830567763e-01
2.533946839579521298e-02 1.040427662431685635e-01
2.565626969277778543e-02 1.040101994085427389e-01
2.597503138776041318e-02 1.039782928836482379e-01
2.629575348074308580e-02 1.039470190988090181e-01
2.661843597172581372e-02 1.039163521684536295e-01
2.694307886070858651e-02 1.038862677572053028e-01
2.726968214769141807e-02 1.038567429419358507e-01
2.759824583267428758e-02 1.038277560881357697e-01
2.792876991565721931e-02 1.037992868767752958e-01
2.826125439664019939e-02 1.037713165628665335e-01
2.859569927562322089e-02 1.037438255689812766e-01
2.893210455260630115e-02 1.037167986052096036e-01
2.927047022758941935e-02 1.036902180623189146e-01
2.961079630057259979e-02 1.036640689522984188e-01
2.995308277155582163e-02 1.036383367038854197e-01
3.029732964053910224e-02 1.036130074026417325e-01
3.064353690752242426e-02 1.035880678576746872e-01
3.099170457250580504e-02 1.035635055463410975e-01
3.134183263548922377e-02 1.035393085559151855e-01
3.169392109647270472e-02 1.035154655414062264e-01
3.204796995545623056e-02 1.034919656924040976e-01
3.240397921243980128e-02 1.034687987052590047e-01
3.276194886742343076e-02 1.034459547570786703e-01
3.312187892040710513e-02 1.034234244588394663e-01
3.348376937139083825e-02 1.034011987654202130e-01
3.384762022037460932e-02 1.033792693305490978e-01
3.421343146735843915e-02 1.033576276650008813e-01
3.458120311234230693e-02 1.033362661326002740e-01
3.495093515532624040e-02 1.033151771561894305e-01
3.532262759631021182e-02 1.032943535339478081e-01
3.569628043529424199e-02 1.032737883742719104e-01
3.607189367227831706e-02 1.032534750619338582e-01
3.644946730726244394e-02 1.032334072440263539e-01
3.682900134024662264e-02 1.032135788234670587e-01
3.721049577123083929e-02 1.031939839666554531e-01
3.759395060021512164e-02 1.031746169832216398e-01
3.797936582719944193e-02 1.031554725390145671e-01
3.836674145218382098e-02 1.031365453719112896e-01
3.875607747516824492e-02 1.031178304879370039e-01
3.914737389615272761e-02 1.030993230626543605e-01
3.954063071513724825e-02 1.030810184466483398e-01
3.993584793212182765e-02 1.030629121593235886e-01
4.033302554710645887e-02 1.030449998693757641e-01
4.073216356009112804e-02 1.030272774394725283e-01
4.113326197107585597e-02 1.030097408119282770e-01
4.153632078006062878e-02 1.029923861309130773e-01
4.194133998704546035e-02 1.029752096386035431e-01
4.234831959203032986e-02 1.029582077125562323e-01
4.275725959501525814e-02 1.029413768580033223e-01
4.316815999600023129e-02 1.029247136788426081e-01
4.358102079498526321e-02 1.029082149155738507e-01
4.399584199197033307e-02 1.028918773906728340e-01
4.441262358695546170e-02 1.028756980417931260e-01
4.483136557994064214e-02 1.028596739005810251e-01
4.525206797092586747e-02 1.028438020875084985e-01
4.567473075991114462e-02 1.028280798246760108e-01
4.609935394689646665e-02 1.028125044011658357e-01
4.652593753188184744e-02 1.027970732052924940e-01
4.695448151486726618e-02 1.027817836945666835e-01
4.738498589585275061e-02 1.027666334068319254e-01
4.781745067483826606e-02 1.027516199456723206e-01
4.825187585182384720e-02 1.027367409949324489e-01
4.868826142680946628e-02 1.027219942957098425e-01
4.912660739979515107e-02 1.027073776589312731e-01
4.956691377078088073e-02 1.026928889539112655e-01
5.000918053976664834e-02 1.026785261155844925e-01
5.045340770675248165e-02 1.026642871267782753e-01
5.089959527173835291e-02 1.026501700340606282e-01
5.134774323472428292e-02 1.026361729335295569e-01
5.179785159571025088e-02 1.026222939700828646e-01
5.224992035469628454e-02 1.026085313432445190e-01
5.270394951168235614e-02 1.025948832951937700e-01
5.315993906666848651e-02 1.025813481154521367e-01
5.361788901965465481e-02 1.025679241395348884e-01
5.407779937064088882e-02 1.025546097416045882e-01
5.453967011962716771e-02 1.025414033402309438e-01
5.500350126661349148e-02 1.025283033925281778e-01
5.546929281159986708e-02 1.025153083921230696e-01
5.593704475458628755e-02 1.025024168727620838e-01
5.640675709557277373e-02 1.024896274010352604e-01
5.687842983455929091e-02 1.024769385786431924e-01
5.735206297154587379e-02 1.024643490423127884e-01
5.782765650653248768e-02 1.024518574576461505e-01
5.830521043951917420e-02 1.024394625247215529e-01
5.878472477050590561e-02 1.024271629708939924e-01
5.926619949949267496e-02 1.024149575546899893e-01
5.974963462647950307e-02 1.024028450614396651e-01
6.023503015146637607e-02 1.023908243038152283e-01
6.072238607445330782e-02 1.023788941221292076e-01
6.121170239544027752e-02 1.023670533799726640e-01
6.170297911442730598e-02 1.023553009680448767e-01
6.219621623141437933e-02 1.023436357988944667e-01
6.269141374640151143e-02 1.023320568099974903e-01
6.318857165938866760e-02 1.023205629598174793e-01
6.368768997037589641e-02 1.023091532299216372e-01
6.418876867936318398e-02 1.022978266218868004e-01
6.469180778635051643e-02 1.022865821584810070e-01
6.519680729133789376e-02 1.022754188824284427e-01
6.570376719432530210e-02 1.022643358546986708e-01
6.621268749531278308e-02 1.022533321566945763e-01
6.672356819430030894e-02 1.022424068860777330e-01
6.723640929128789356e-02 1.022315591599265439e-01
6.775121078627552307e-02 1.022207881108288391e-01
6.826797267926318358e-02 1.022100928895125771e-01
6.878669497025091673e-02 1.021994726614479376e-01
6.930737765923869476e-02 1.021889266091400433e-01
6.983002074622653155e-02 1.021784539291007987e-01
7.035462423121441322e-02 1.021680538338644029e-01
7.088118811420231202e-02 1.021577255492633618e-01
7.140971239519029734e-02 1.021474683162342384e-01
7.194019707417832754e-02 1.021372813883197339e-01
7.247264215116641650e-02 1.021271640333451386e-01
7.300704762615452259e-02 1.021171155310761358e-01
7.354341349914270132e-02 1.021071351747969841e-01
7.408173977013092493e-02 1.020972222691080844e-01
7.462202643911922118e-02 1.020873761314311096e-01
7.516427350610754843e-02 1.020775960898998580e-01
7.570848097109590669e-02 1.020678814848278715e-01
7.625464883408433758e-02 1.020582316666791417e-01
7.680277709507281336e-02 1.020486459974932203e-01
7.735286575406134790e-02 1.020391238489265356e-01
7.790491481104989957e-02 1.020296646036688293e-01
7.845892426603853775e-02 1.020202676535318514e-01
7.901489411902722082e-02 1.020109324007058144e-01
7.957282437001594877e-02 1.020016582564074320e-01
8.013271501900470772e-02 1.019924446411698965e-01
8.069456606599353932e-02 1.019832909846806746e-01
8.125837751098241579e-02 1.019741967251222015e-01
8.182414935397135103e-02 1.019651613095522019e-01
8.239188159496033115e-02 1.019561841930837348e-01
8.296157423394934227e-02 1.019472648393057457e-01
8.353322727093842603e-02 1.019384027194639997e-01
8.410684070592755468e-02 1.019295973129124566e-01
8.468241453891674209e-02 1.019208481062883614e-01
8.525994876990593274e-02 1.019121545939899176e-01
8.583944339889522379e-02 1.019035162773506559e-01
8.642089842588455972e-02 1.018949326651338305e-01
8.700431385087394054e-02 1.018864032727068297e-01
8.758968967386336624e-02 1.018779276225645763e-01
8.817702589485282294e-02 1.018695052434904491e-01
8.876632251384235228e-02 1.018611356711112692e-01
8.935757953083194038e-02 1.018528184470423315e-01
8.995079694582157337e-02 1.018445531194742404e-01
9.054597475881122348e-02 1.018363392423068253e-01
9.114311296980096011e-02 1.018281763757616087e-01
9.174221157879074162e-02 1.018200640855227296e-01
9.234327058578056802e-02 1.018120019432753737e-01
9.294628999077042542e-02 1.018039895261026451e-01
9.355126979376035545e-02 1.017960264165969769e-01
9.415820999475034425e-02 1.017881122027754076e-01
9.476711059374037793e-02 1.017802464777725902e-01
9.537797159073045650e-02 1.017724288400079224e-01
9.599079298572055219e-02 1.017646588927885176e-01
9.660557477871074827e-02 1.017569362445096548e-01
9.722231696970097536e-02 1.017492605082511992e-01
9.784101955869126122e-02 1.017416313019916946e-01
9.846168254568156419e-02 1.017340482482085029e-01
9.908430593067193981e-02 1.017265109740935758e-01
9.970888971366237419e-02 1.017190191111611158e-01
1.003354338946528534e-01 1.017115722954684970e-01
1.009639384736433915e-01 1.017041701672264375e-01
1.015944034506339466e-01 1.016968123710266514e-01
1.022268288256245744e-01 1.016894985554529091e-01
1.028612145986152610e-01 1.016822283733177096e-01
1.034975607696059924e-01 1.016750014812752984e-01
1.041358673385967409e-01 1.016678175400594075e-01
1.047761343055875760e-01 1.016606762141012560e-01
1.054183616705784560e-01 1.016535771717766296e-01
1.060625494335693947e-01 1.016465200850205503e-01
1.067086975945603783e-01 1.016395046295771459e-01
1.073568061535513790e-01 1.016325304846266986e-01
1.080068751105424663e-01 1.016255973330262852e-01
1.086589044655335984e-01 1.016187048609533405e-01
1.093128942185247754e-01 1.016118527581347242e-01
1.099688443695159834e-01 1.016050407175077830e-01
1.106267549185072641e-01 1.015982684354400783e-01
1.112866258654986035e-01 1.015915356114024115e-01
1.119484572104899878e-01 1.015848419481850673e-01
1.126122489534813753e-01 1.015781871515769041e-01
1.132780010944728633e-01 1.015715709305817088e-01
1.139457136334643961e-01 1.015649929971042392e-01
1.146153865704559877e-01 1.015584530661577944e-01
1.152870199054476102e-01 1.015519508555737110e-01
1.159606136384392638e-01 1.015454860861840225e-01
1.166361677694310039e-01 1.015390584815572123e-01
1.173136822984227889e-01 1.015326677681671480e-01
1.179931572254146188e-01 1.015263136751415607e-01
1.186745925504064658e-01 1.015199959344209313e-01
1.193579882733983993e-01 1.015137142805243448e-01
1.200433443943903777e-01 1.015074684506949571e-01
1.207306609133824149e-01 1.015012581846808232e-01
1.214199378303744969e-01 1.014950832248688040e-01
1.221111751453665961e-01 1.014889433160837823e-01
1.228043728583587818e-01 1.014828382057045286e-01
1.234995309693510124e-01 1.014767676434842752e-01
1.241966494783433017e-01 1.014707313816505946e-01
1.248957283853355943e-01 1.014647291747406560e-01
1.255967676903279873e-01 1.014587607796973157e-01
1.262997673933204390e-01 1.014528259557068435e-01
1.270047274943129079e-01 1.014469244642896284e-01
1.277116479933054216e-01 1.014410560691532959e-01
1.284205288902980080e-01 1.014352205362707565e-01
1.291313701852906393e-01 1.014294176337489084e-01
1.298441718782833154e-01 1.014236471318878119e-01
1.305589339692760642e-01 1.014179088030743997e-01
1.312756564582688024e-01 1.014122024218226531e-01
1.319943393452616409e-01 1.014065277646814950e-01
1.327149826302545244e-01 1.014008846102692624e-01
1.334375863132474527e-01 1.013952727391874697e-01
1.341621503942403981e-01 1.013896919340501745e-01
1.348886748732334440e-01 1.013841419794072884e-01
1.356171597502265069e-01 1.013786226617648528e-01
1.363476050252196425e-01 1.013731337695183699e-01
1.370800106982128508e-01 1.013676750929686093e-01
1.378143767692060206e-01 1.013622464242630722e-01
1.385507032381993187e-01 1.013568475573914940e-01
1.392889901051926616e-01 1.013514782881695109e-01
1.400292373701860493e-01 1.013461384141819688e-01
1.407714450331794265e-01 1.013408277348161052e-01
1.415156130941729040e-01 1.013355460511744383e-01
1.422617415531664542e-01 1.013302931661190370e-01
1.430098304101600493e-01 1.013250688841908637e-01
1.437598796651536337e-01 1.013198730116416230e-01
1.445118893181473185e-01 1.013147053563676625e-01
1.452658593691410482e-01 1.013095657279319550e-01
1.460217898181348506e-01 1.013044539375060199e-01
1.467796806651286701e-01 1.012993697978838564e-01
1.475395319101225067e-01 1.012943131234399496e-01
1.483013435531164437e-01 1.012892837301239274e-01
1.490651155941104256e-01 1.012842814354383975e-01
1.498308480331044801e-01 1.012793060584139260e-01
1.505985408700985240e-01 1.012743574196128538e-01
1.513681941050926405e-01 1.012694353410793641e-01
1.521398077380868297e-01 1.012645396463617703e-01
1.529133817690810637e-01 1.012596701604532440e-01
1.536889161980753704e-01 1.012548267098188071e-01
1.544664110250696387e-01 1.012500091223414445e-01
1.552458662500640352e-01 1.012452172273340945e-01
1.560272818730584765e-01 1.012404508555043714e-01
1.568106578940529627e-01 1.012357098389550791e-01
1.575959943130474383e-01 1.012309940111591061e-01
1.583832911300420421e-01 1.012263032069428415e-01
1.591725483450366629e-01 1.012216372624876737e-01
1.599637659580313565e-01 1.012169960152912579e-01
1.607569439690260948e-01 1.012123793041772302e-01
1.615520823780208504e-01 1.012077869692629695e-01
1.623491811850156785e-01 1.012032188519591258e-01
1.631482403900105516e-01 1.011986747949477350e-01
1.639492599930054972e-01 1.011941546421710469e-01
1.647522399940004323e-01 1.011896582388235183e-01
1.655571803929954677e-01 1.011851854313296356e-01
1.663640811899905481e-01 1.011807360673400991e-01
1.671729423849857010e-01 1.011763099957147388e-01
1.679837639779808434e-01 1.011719070665111492e-01
1.687965459689760583e-01 1.011675271309720320e-01
1.696112883579713460e-01 1.011631700415149271e-01
1.704279911449667062e-01 1.011588356517201664e-01
1.712466543299620836e-01 1.011545238163159277e-01
1.720672779129574781e-01 1.011502343911726831e-01
1.728898618939529452e-01 1.011459672332860465e-01
1.737144062729484850e-01 1.011417222007714722e-01
1.745409110499440697e-01 1.011374991528473100e-01
1.753693762249396715e-01 1.011332979498297674e-01
1.761998017979353459e-01 1.011291184531175474e-01
1.770321877689310930e-01 1.011249605251836325e-01
1.778665341379268849e-01 1.011208240295661948e-01
1.787028409049227218e-01 1.011167088308564804e-01
1.795411080699185480e-01 1.011126147946872916e-01
1.803813356329145023e-01 1.011085417877275183e-01
1.812235235939104738e-01 1.011044896776680524e-01
1.820676719529065180e-01 1.011004583332159312e-01
1.829137807099025514e-01 1.010964476240810567e-01
1.837618498648986853e-01 1.010924574209686039e-01
1.846118794178948919e-01 1.010884875955702228e-01
1.854638693688911155e-01 1.010845380205557115e-01
1.863178197178873563e-01 1.010806085695585277e-01
1.871737304648836975e-01 1.010766991171770934e-01
1.880316016098800835e-01 1.010728095389531178e-01
1.888914331528765145e-01 1.010689397113752747e-01
1.897532250938729903e-01 1.010650895118615500e-01
1.906169774328694833e-01 1.010612588187564109e-01
1.914826901698660766e-01 1.010574475113159149e-01
1.923503633048627148e-01 1.010536554697119838e-01
1.932199968378593979e-01 1.010498825750060503e-01
1.940915907688560982e-01 1.010461287091590638e-01
1.949651450978528711e-01 1.010423937550102846e-01
1.958406598248497166e-01 1.010386775962777428e-01
1.967181349498466070e-01 1.010349801175446371e-01
1.975975704728435423e-01 1.010313012042562825e-01
1.984789663938404669e-01 1.010276407427086326e-01
1.993623227128375197e-01 1.010239986200446027e-01
2.002476394298345896e-01 1.010203747242438277e-01
2.011349165448317322e-01 1.010167689441151123e-01
2.020241540578288642e-01 1.010131811692923376e-01
2.029153519688260965e-01 1.010096112902232751e-01
2.038085102778234015e-01 1.010060591981648270e-01
2.047036289848207236e-01 1.010025247851775443e-01
2.056007080898180628e-01 1.009990079441147326e-01
2.064997475928155024e-01 1.009955085686180670e-01
2.074007474938129869e-01 1.009920265531109862e-01
2.083037077928105441e-01 1.009885617927917256e-01
2.092086284898081183e-01 1.009851141836255184e-01
2.101155095848057097e-01 1.009816836223401126e-01
2.110243510778034015e-01 1.009782700064173061e-01
2.119351529688011382e-01 1.009748732340885607e-01
2.128479152577989197e-01 1.009714932043261765e-01
2.137626379447967184e-01 1.009681298168394470e-01
2.146793210297945897e-01 1.009647829720679013e-01
2.155979645127925337e-01 1.009614525711733102e-01
2.165185683937905226e-01 1.009581385160367717e-01
2.174411326727885563e-01 1.009548407092496769e-01
2.183656573497865794e-01 1.009515590541099073e-01
2.192921424247847306e-01 1.009482934546161864e-01
2.202205878977829268e-01 1.009450438154579632e-01
2.211509937687811678e-01 1.009418100420179099e-01
2.220833600377793982e-01 1.009385920403571002e-01
2.230176867047777289e-01 1.009353897172166475e-01
2.239539737697761046e-01 1.009322029800071296e-01
2.248922212327745529e-01 1.009290317368074230e-01
2.258324290937730461e-01 1.009258758963534203e-01
2.267745973527715286e-01 1.009227353680403061e-01
2.277187260097701116e-01 1.009196100619109554e-01
2.286648150647687394e-01 1.009164998886529635e-01
2.296128645177674399e-01 1.009134047595932060e-01
2.305628743687661297e-01 1.009103245866933424e-01
2.315148446177649200e-01 1.009072592825441539e-01
2.324687752647637551e-01 1.009042087603596594e-01
2.334246663097626351e-01 1.009011729339736735e-01
2.343825177527615322e-01 1.008981517178336729e-01
2.353423295937605020e-01 1.008951450269967437e-01
2.363041018327595444e-01 1.008921527771234755e-01
2.372678344697586317e-01 1.008891748844749359e-01
2.382335275047577638e-01 1.008862112659053289e-01
2.392011809377569131e-01 1.008832618388604691e-01
2.401707947687561351e-01 1.008803265213703976e-01
2.411423689977554297e-01 1.008774052320466630e-01
2.421159036247547691e-01 1.008744978900760897e-01
2.430913986497540979e-01 1.008716044152167951e-01
2.440688540727535549e-01 1.008687247277953725e-01
2.450482698937530290e-01 1.008658587486998548e-01
2.460296461127525758e-01 1.008630063993758846e-01
2.470129827297521674e-01 1.008601676018245075e-01
2.479982797447517484e-01 1.008573422785949553e-01
2.489855371577514298e-01 1.008545303527828285e-01
2.499747549687511561e-01 1.008517317480225467e-01
2.509659331777509550e-01 1.008489463884873483e-01
2.519590717847506878e-01 1.008461741988830179e-01
2.529541707897505765e-01 1.008434151044414750e-01
2.539512301927505100e-01 1.008406690309217035e-01
2.549502499937504885e-01 1.008379359046007590e-01
2.559512301927505673e-01 1.008352156522751841e-01
2.569541707897506355e-01 1.008325082012494628e-01
2.579590717847507486e-01 1.008298134793387257e-01
2.589659331777509621e-01 1.008271314148647402e-01
2.599747549687512205e-01 1.008244619366446687e-01
2.609855371577514682e-01 1.008218049739977307e-01
2.619982797447518164e-01 1.008191604567329064e-01
2.630129827297520984e-01 1.008165283151486319e-01
2.640296461127525363e-01 1.008139084800310920e-01
2.650482698937530190e-01 1.008113008826455326e-01
2.660688540727535467e-01 1.008087054547367051e-01
2.670913986497541748e-01 1.008061221285233983e-01
2.681159036247547922e-01 1.008035508366964400e-01
2.691423689977554545e-01 1.008009915124122580e-01
2.701707947687562172e-01 1.007984440892920469e-01
2.712011809377570248e-01 1.007959085014181189e-01
2.722335275047577108e-01 1.007933846833282271e-01
2.732678344697586081e-01 1.007908725700150526e-01
2.743041018327595504e-01 1.007883720969182384e-01
2.753423295937605375e-01 1.007858831999294269e-01
2.763825177527615695e-01 1.007834058153779661e-01
2.774246663097627019e-01 1.007809398800371264e-01
2.784687752647638237e-01 1.007784853311149420e-01
2.795148446177649904e-01 1.007760421062535994e-01
2.805628743687662574e-01 1.007736101435262738e-01
2.816128645177674028e-01 1.007711893814306758e-01
2.826648150647687596e-01 1.007687797588916745e-01
2.837187260097701613e-01 1.007663812152525679e-01
2.847745973527716079e-01 1.007639936902751110e-01
2.858324290937730994e-01 1.007616171241356995e-01
2.868922212327746357e-01 1.007592514574215670e-01
2.879539737697762170e-01 1.007568966311297443e-01
2.890176867047778431e-01 1.007545525866615638e-01
2.900833600377795141e-01 1.007522192658201893e-01
2.911509937687811744e-01 1.007498966108101301e-01
2.922205878977829352e-01 1.007475845642318013e-01
2.932921424247847964e-01 1.007452830690786644e-01
2.943656573497866469e-01 1.007429920687347991e-01
2.954411326727885978e-01 1.007407115069743758e-01
2.965185683937905936e-01 1.007384413279537594e-01
2.975979645127926343e-01 1.007361814762136876e-01
2.986793210297947199e-01 1.007339318966736369e-01
2.997626379447967393e-01 1.007316925346302267e-01
3.008479152577989146e-01 1.007294633357538050e-01
3.019351529688011904e-01 1.007272442460856732e-01
3.030243510778034555e-01 1.007250352120375170e-01
3.041155095848058210e-01 1.007228361803846756e-01
3.052086284898081758e-01 1.007206470982674740e-01
3.063037077928106311e-01 1.007184679131866989e-01
3.074007474938131312e-01 1.007162985730002402e-01
3.084997475928156763e-01 1.007141390259237851e-01
3.096007080898180996e-01 1.007119892205227962e-01
3.107036289848207899e-01 1.007098491057168282e-01
3.118085102778234696e-01 1.007077186307703126e-01
3.129153519688261942e-01 1.007055977452953055e-01
3.140241540578289636e-01 1.007034863992457563e-01
3.151349165448318335e-01 1.007013845429161475e-01
3.162476394298346927e-01 1.006992921269400793e-01
3.173623227128376523e-01 1.006972091022863280e-01
3.184789663938406568e-01 1.006951354202568621e-01
3.195975704728435396e-01 1.006930710324842604e-01
3.207181349498466338e-01 1.006910158909303937e-01
3.218406598248497730e-01 1.006889699478843853e-01
3.229651450978529570e-01 1.006869331559567676e-01
3.240915907688562414e-01 1.006849054680824529e-01
3.252199968378595152e-01 1.006828868375144875e-01
3.263503633048628338e-01 1.006808772178234834e-01
3.274826901698662529e-01 1.006788765628943566e-01
3.286169774328696613e-01 1.006768848269260497e-01
3.297532250938730591e-01 1.006749019644268550e-01
3.308914331528765573e-01 1.006729279302148311e-01
3.320316016098801559e-01 1.006709626794124596e-01
3.331737304648837994e-01 1.006690061674484771e-01
3.343178197178874878e-01 1.006670583500513527e-01
3.354638693688912210e-01 1.006651191832513975e-01
3.366118794178950546e-01 1.006631886233753798e-01
3.377618498648988776e-01 1.006612666270471634e-01
3.389137807099027455e-01 1.006593531511825318e-01
3.400676719529066028e-01 1.006574481529900478e-01
3.412235235939105604e-01 1.006555515899686393e-01
3.423813356329146185e-01 1.006536634199024643e-01
3.435411080699187214e-01 1.006517836008638256e-01
3.447028409049228137e-01 1.006499120912070222e-01
3.458665341379270064e-01 1.006480488495693215e-01
3.470321877689312440e-01 1.006461938348666429e-01
3.481998017979355819e-01 1.006443470062930723e-01
3.493693762249399093e-01 1.006425083233200984e-01
3.505409110499441705e-01 1.006406777456901880e-01
3.517144062729485876e-01 1.006388552334217396e-01
3.528898618939531051e-01 1.006370407468003270e-01
3.540672779129576120e-01 1.006352342463816552e-01
3.552466543299622193e-01 1.006334356929878687e-01
3.564279911449668714e-01 1.006316450477055119e-01
3.576112883579715684e-01 1.006298622718848207e-01
3.587965459689763104e-01 1.006280873271365311e-01
3.599837639779809306e-01 1.006263201753319625e-01
3.611729423849858178e-01 1.006245607785995200e-01
3.623640811899906944e-01 1.006228090993228491e-01
3.635571803929956158e-01 1.006210651001411965e-01
3.647522399940006377e-01 1.006193287439458156e-01
3.659492599930056489e-01 1.006175999938790366e-01
3.671482403900107605e-01 1.006158788133319354e-01
3.683491811850159170e-01 1.006141651659432923e-01
3.695520823780210629e-01 1.006124590155980797e-01
3.707569439690261981e-01 1.006107603264250333e-01
3.719637659580314892e-01 1.006090690627958889e-01
3.731725483450368253e-01 1.006073851893223847e-01
3.743832911300422062e-01 1.006057086708578019e-01
3.755959943130476320e-01 1.006040394724898729e-01
3.768106578940531581e-01 1.006023775595459996e-01
3.780272818730586737e-01 1.006007228975858425e-01
3.792458662500642896e-01 1.005990754524032638e-01
3.804664110250698950e-01 1.005974351900225938e-01
3.816889161980754896e-01 1.005958020766996169e-01
3.829133817690812402e-01 1.005941760789176159e-01
3.841398077380869802e-01 1.005925571633873861e-01
3.853681941050928206e-01 1.005909452970445428e-01
3.865985408700987613e-01 1.005893404470492025e-01
3.878308480331046915e-01 1.005877425807840536e-01
3.890651155941106665e-01 1.005861516658530380e-01
3.903013435531166864e-01 1.005845676700794916e-01
3.915395319101228067e-01 1.005829905615050618e-01
3.927796806651288053e-01 1.005814203083871816e-01
3.940217898181350153e-01 1.005798568792010544e-01
3.952658593691412148e-01 1.005783002426336725e-01
3.965118893181475146e-01 1.005767503675859820e-01
3.977598796651538593e-01 1.005752072231689415e-01
3.990098304101602489e-01 1.005736707787050627e-01
4.002617415531666833e-01 1.005721410037231367e-01
4.015156130941732182e-01 1.005706178679621338e-01
4.027714450331797424e-01 1.005691013413635981e-01
4.040292373701862005e-01 1.005675913940759225e-01
4.052889901051928145e-01 1.005660879964504345e-01
4.065507032381995289e-01 1.005645911190387320e-01
4.078143767692062882e-01 1.005631007325955284e-01
4.090800106982130369e-01 1.005616168080726847e-01
4.103476050252198859e-01 1.005601393166223878e-01
4.116171597502267798e-01 1.005586682295903228e-01
4.128886748732337186e-01 1.005572035185227225e-01
4.141621503942407023e-01 1.005557451551544607e-01
4.154375863132476199e-01 1.005542931114181415e-01
4.167149826302546933e-01 1.005528473594363564e-01
4.179943393452618672e-01 1.005514078715218362e-01
4.192756564582690304e-01 1.005499746201782424e-01
4.205589339692762940e-01 1.005485475780967530e-01
4.218441718782836025e-01 1.005471267181559936e-01
4.231313701852909004e-01 1.005457120134196913e-01
4.244205288902982987e-01 1.005443034371383687e-01
4.257116479933056308e-01 1.005429009627437642e-01
4.270047274943131188e-01 1.005415045638516358e-01
4.282997673933206517e-01 1.005401142142599569e-01
4.295967676903282295e-01 1.005387298879441005e-01
4.308957283853359077e-01 1.005373515590616551e-01
4.321966494783435753e-01 1.005359792019468179e-01
4.334995309693513432e-01 1.005346127911102005e-01
4.348043728583591006e-01 1.005332523012402446e-01
4.361111751453669583e-01 1.005318977071982811e-01
4.374199378303746943e-01 1.005305489840201127e-01
4.387306609133826418e-01 1.005292061069139875e-01
4.400433443943906342e-01 1.005278690512607098e-01
4.413579882733986715e-01 1.005265377926107123e-01
4.426745925504067536e-01 1.005252123066836256e-01
4.439931572254149361e-01 1.005238925693692775e-01
4.453136822984231080e-01 1.005225785567230162e-01
4.466361677694313248e-01 1.005212702449682499e-01
4.479606136384396420e-01 1.005199676104931300e-01
4.492870199054478375e-01 1.005186706298502458e-01
4.506153865704562445e-01 1.005173792797565135e-01
4.519457136334646408e-01 1.005160935370900954e-01
4.532780010944731375e-01 1.005148133788917875e-01
4.546122489534816791e-01 1.005135387823631044e-01
4.559484572104903211e-01 1.005122697248642949e-01
4.572866258654989524e-01 1.005110061839155355e-01
4.586267549185076287e-01 1.005097481371930307e-01
4.599688443695163498e-01 1.005084955625320520e-01
4.613128942185250048e-01 1.005072484379224557e-01
4.626589044655338712e-01 1.005060067415091823e-01
4.640068751105427269e-01 1.005047704515916462e-01
4.653568061535516831e-01 1.005035395466222919e-01
4.667086975945606842e-01 1.005023140052063030e-01
4.680625494335697301e-01 1.005010938060996312e-01
4.694183616705788209e-01 1.004998789282090937e-01
4.707761343055879566e-01 1.004986693505922624e-01
4.721358673385971372e-01 1.004974650524531887e-01
4.734975607696062516e-01 1.004962660131459712e-01
4.748612145986155220e-01 1.004950722121714934e-01
4.762268288256248927e-01 1.004938836291765225e-01
4.775944034506342528e-01 1.004927002439530287e-01
4.789639384736437133e-01 1.004915220364386991e-01
4.803354338946532187e-01 1.004903489867135374e-01
4.817088897136627690e-01 1.004891810750024872e-01
4.830843059306723641e-01 1.004880182816706435e-01
4.844616825456818376e-01 1.004868605872257376e-01
4.858410195586915226e-01 1.004857079723167068e-01
4.872223169697012524e-01 1.004845604177306839e-01
4.886055747787110826e-01 1.004834179043945230e-01
4.899907929857209021e-01 1.004822804133742170e-01
4.913779715907308221e-01 1.004811479258718998e-01
4.927671105937407314e-01 1.004800204232279282e-01
4.941582099947507412e-01 1.004788978869170790e-01
4.955512697937607958e-01 1.004777802985506452e-01
4.969462899907707287e-01 1.004766676398741315e-01
4.983432705857808731e-01 1.004755598927661864e-01
4.997422115787910624e-01 1.004744570392389624e-01
5.011431129698012965e-01 1.004733590614382277e-01
5.025459747588115755e-01 1.004722659416388691e-01
5.039507969458218994e-01 1.004711776622484870e-01
5.053575795308323793e-01 1.004700942058040086e-01
5.067663225138427929e-01 1.004690155549730624e-01
5.081770258948532515e-01 1.004679416925505914e-01
5.095896896738636439e-01 1.004668726014605884e-01
5.110043138508743032e-01 1.004658082647547218e-01
5.124208984258848965e-01 1.004647486656108091e-01
5.138394433988955345e-01 1.004636937873328029e-01
5.152599487699063285e-01 1.004626436133501249e-01
5.166824145389171674e-01 1.004615981272187486e-01
5.181068407059279401e-01 1.004605573126156615e-01
5.195332272709388688e-01 1.004595211533438892e-01
5.209615742339498423e-01 1.004584896333281241e-01
5.223918815949606387e-01 1.004574627366161682e-01
5.238241493539717020e-01 1.004564404473764494e-01
5.252583775109828101e-01 1.004554227498994784e-01
5.266945660659939632e-01 1.004544096285947957e-01
5.281327150190051611e-01 1.004534010679928868e-01
5.295728243700164040e-01 1.004523970527439053e-01
5.310148941190276917e-01 1.004513975676144116e-01
5.324589242660390243e-01 1.004504025974912729e-01
5.339049148110504017e-01 1.004494121273773466e-01
5.353528657540617131e-01 1.004484261423927438e-01
5.368027770950731803e-01 1.004474446277737326e-01
5.382546488340846924e-01 1.004464675688727382e-01
5.397084809710962494e-01 1.004454949511562334e-01
5.411642735061079623e-01 1.004445267602069175e-01
5.426220264391196091e-01 1.004435629817191644e-01
5.440817397701314118e-01 1.004426036015034912e-01
5.455434134991431483e-01 1.004416486054805213e-01
5.470070476261550407e-01 1.004406979796858834e-01
5.484726421511667560e-01 1.004397517102647158e-01
5.499401970741787382e-01 1.004388097834752053e-01
5.514097123951906543e-01 1.004378721856852424e-01
5.528811881142027262e-01 1.004369389033736987e-01
5.543546242312148431e-01 1.004360099231280251e-01
5.558300207462270048e-01 1.004350852316466813e-01
5.573073776592392115e-01 1.004341648157354022e-01
5.587866949702514630e-01 1.004332486623082665e-01
5.602679726792635373e-01 1.004323367583876414e-01
5.617512107862758786e-01 1.004314290911035024e-01
5.632364092912882647e-01 1.004305256476907549e-01
5.647235681943006957e-01 1.004296264154929119e-01
5.662126874953131717e-01 1.004287313819574173e-01
5.677037671943258035e-01 1.004278405346383379e-01
5.691968072913383692e-01 1.004269538611936574e-01
5.706918077863509797e-01 1.004260713493865531e-01
5.721887686793637462e-01 1.004251929870830923e-01
5.736876899703762245e-01 1.004243187622539252e-01
5.751885716593890807e-01 1.004234486629726891e-01
5.766914137464018708e-01 1.004225826774145514e-01
5.781962162314148168e-01 1.004217207938580964e-01
5.797029791144278077e-01 1.004208630006829805e-01
5.812117023954407324e-01 1.004200092863697658e-01
5.827223860744538131e-01 1.004191596395012237e-01
5.842350301514669386e-01 1.004183140487593801e-01
5.857496346264799980e-01 1.004174725029269161e-01
5.872661994994931023e-01 1.004166349908857253e-01
5.887847247705062514e-01 1.004158015016175381e-01
5.903052104395195565e-01 1.004149720242022009e-01
5.918276565065329065e-01 1.004141465478184114e-01
5.933520629715463013e-01 1.004133250617432055e-01
5.948784298345597410e-01 1.004125075553507634e-01
5.964067570955732256e-01 1.004116940181127432e-01
5.979370447545868661e-01 1.004108844395972810e-01
5.994692928116004405e-01 1.004100788094706154e-01
6.010035012666138377e-01 1.004092771174925625e-01
6.025396701196276128e-01 1.004084793535211795e-01
6.040777993706413218e-01 1.004076855075081848e-01
6.056178890196550757e-01 1.004068955695022747e-01
6.071599390666689855e-01 1.004061095296440026e-01
6.087039495116828292e-01 1.004053273781714689e-01
6.102499203546968287e-01 1.004045491054150335e-01
6.117978515957107621e-01 1.004037747017988425e-01
6.133477432347248515e-01 1.004030041578401616e-01
6.148995952717387636e-01 1.004022374641505566e-01
6.164534077067529427e-01 1.004014746114337830e-01
6.180091805397671667e-01 1.004007155904842880e-01
6.195669137707813245e-01 1.003999603921911232e-01
6.211266073997956383e-01 1.003992090075335741e-01
6.226882614268099969e-01 1.003984614275828524e-01
6.242518758518244004e-01 1.003977176435010416e-01
6.258174506748388488e-01 1.003969776465418323e-01
6.273849858958533421e-01 1.003962414280477472e-01
6.289544815148676582e-01 1.003955089794534433e-01
6.305259375318823523e-01 1.003947802922824789e-01
6.320993539468969802e-01 1.003940553581481737e-01
6.336747307599116530e-01 1.003933341687543723e-01
6.352520679709263707e-01 1.003926167158914473e-01
6.368313655799411332e-01 1.003919029914415867e-01
6.384126235869560517e-01 1.003911929873738673e-01
6.399958419919709041e-01 1.003904866957459063e-01
6.415810207949856903e-01 1.003897841087034865e-01
6.431681599960007434e-01 1.003890852184801813e-01
6.447572595950157304e-01 1.003883900173977300e-01
6.463483195920308733e-01 1.003876984978635672e-01
6.479413399870459500e-01 1.003870106523742922e-01
6.495363207800611827e-01 1.003863264735113114e-01
6.511332619710764602e-01 1.003856459539444052e-01
6.527321635600916716e-01 1.003849690864283828e-01
6.543330255471070389e-01 1.003842958638048732e-01
6.559358479321222291e-01 1.003836262790011036e-01
6.575406307151376861e-01 1.003829603250302460e-01
6.591473738961531881e-01 1.003822979949905853e-01
6.607560774751687349e-01 1.003816392820663234e-01
6.623667414521843266e-01 1.003809841795260116e-01
6.639793658271999632e-01 1.003803326807233415e-01
6.655939506002157557e-01 1.003796847790968949e-01
6.672104957712314821e-01 1.003790404681695336e-01
6.688290013402472534e-01 1.003783997415482049e-01
6.704494673072629585e-01 1.003777625929244272e-01
6.720718936722788195e-01 1.003771290160732077e-01
6.736962804352947254e-01 1.003764990048533895e-01
6.753226275963107872e-01 1.003758725532075402e-01
6.769509351553267829e-01 1.003752496551612861e-01
6.785812031123429344e-01 1.003746303048243804e-01
6.802134314673590199e-01 1.003740144963881503e-01
6.818476202203752612e-01 1.003734022241284107e-01
6.834837693713914364e-01 1.003727934824026613e-01
6.851218789204075454e-01 1.003721882656514186e-01
6.867619488674239214e-01 1.003715865683976749e-01
6.884039792124403423e-01 1.003709883852468704e-01
6.900479699554568080e-01 1.003703937108863103e-01
6.916939210964733187e-01 1.003698025400854288e-01
6.933418326354898742e-01 1.003692148676961077e-01
6.949917045725064746e-01 1.003686306886512752e-01
6.966435369075231199e-01 1.003680499979664742e-01
6.982973296405398100e-01 1.003674727907375996e-01
6.999530827715563230e-01 1.003668990621431889e-01
7.016107963005731030e-01 1.003663288074426452e-01
7.032704702275899278e-01 1.003657620219767094e-01
7.049321045526069085e-01 1.003651987011668495e-01
7.065956992756238231e-01 1.003646388405167317e-01
7.082612543966407825e-01 1.003640824356094308e-01
7.099287699156578979e-01 1.003635294821108304e-01
7.115982458326749471e-01 1.003629799757657926e-01
7.132696821476921523e-01 1.003624339124006698e-01
7.149430788607090692e-01 1.003618912879230274e-01
7.166184359717263641e-01 1.003613520983202695e-01
7.182957534807437039e-01 1.003608163396606245e-01
7.199750313877609775e-01 1.003602840080927427e-01
7.216562696927784071e-01 1.003597550998460847e-01
7.233394683957958815e-01 1.003592296112296167e-01
7.250246274968132898e-01 1.003587075386333793e-01
7.267117469958308540e-01 1.003581888785277793e-01
7.284008268928482410e-01 1.003576736274627568e-01
7.300918671878658950e-01 1.003571617820689654e-01
7.317848678808835938e-01 1.003566533390575222e-01
7.334798289719013376e-01 1.003561482952194384e-01
7.351767504609192372e-01 1.003556466474247039e-01
7.368756323479370707e-01 1.003551483926259785e-01
7.385764746329549491e-01 1.003546535278535407e-01
7.402792773159728723e-01 1.003541620502195753e-01
7.419840403969908404e-01 1.003536739569152736e-01
7.436907638760087425e-01 1.003531892452123320e-01
7.453994477530268004e-01 1.003527079124628407e-01
7.471100920280450142e-01 1.003522299560987013e-01
7.488226967010631618e-01 1.003517553736316265e-01
7.505372617720814654e-01 1.003512841626545554e-01
7.522537872410997029e-01 1.003508163208396281e-01
7.539722731081180962e-01 1.003503518459397392e-01
7.556927193731364234e-01 1.003498907357877196e-01
7.574151260361549065e-01 1.003494329882970298e-01
7.591394930971732125e-01 1.003489786014618301e-01
7.608658205561917853e-01 1.003485275733555088e-01
7.625941084132104031e-01 1.003480799021332637e-01
7.643243566682289547e-01 1.003476355860299790e-01
7.660565653212476622e-01 1.003471946233616130e-01
7.677907343722664146e-01 1.003467570125244623e-01
7.695268638212852119e-01 1.003463227519953982e-01
7.712649536683040541e-01 1.003458918403330735e-01
7.730050039133229411e-01 1.003454642761757304e-01
7.747470145563417621e-01 1.003450400582439339e-01
7.764909855973607389e-01 1.003446191853380742e-01
7.782369170363797606e-01 1.003442016563408923e-01
7.799848088733989382e-01 1.003437874702157173e-01
7.817346611084180497e-01 1.003433766260073551e-01
7.834864737414372060e-01 1.003429691228430454e-01
7.852402467724565183e-01 1.003425649599298947e-01
7.869959802014757644e-01 1.003421641365584704e-01
7.887536740284951664e-01 1.003417666521009277e-01
7.905133282535142802e-01 1.003413725060106898e-01
7.922749428765337720e-01 1.003409816978242941e-01
7.940385178975533087e-01 1.003405942271599210e-01
7.958040533165727792e-01 1.003402100937194202e-01
7.975715491335924057e-01 1.003398292972853822e-01
7.993410053486120770e-01 1.003394518377252881e-01
8.011124219616317932e-01 1.003390777149885116e-01
8.028857989726515543e-01 1.003387069291080125e-01
8.046611363816711382e-01 1.003383394801994483e-01
8.064384341886909890e-01 1.003379753684633807e-01
8.082176923937108848e-01 1.003376145941824588e-01
8.099989109967308254e-01 1.003372571577254291e-01
8.117820899977508109e-01 1.003369030595425426e-01
8.135672293967708413e-01 1.003365523001711612e-01
8.153543291937909165e-01 1.003362048802312195e-01
8.171433893888111477e-01 1.003358608004288194e-01
8.189344099818313127e-01 1.003355200615545090e-01
8.207273909728513006e-01 1.003351826644838379e-01
8.225223323618716664e-01 1.003348486101789810e-01
8.243192341488919661e-01 1.003345178996866843e-01
8.261180963339124217e-01 1.003341905341410267e-01
8.279189189169328111e-01 1.003338665147615882e-01
8.297217018979533565e-01 1.003335458428547960e-01
8.315264452769738357e-01 1.003332285198134388e-01
8.333331490539944708e-01 1.003329145471191230e-01
8.351418132290151508e-01 1.003326039263388036e-01
8.369524378020356536e-01 1.003322966591287529e-01
8.387650227730564234e-01 1.003319927472324374e-01
8.405795681420771270e-01 1.003316921924827937e-01
8.423960739090979866e-01 1.003313949968002300e-01
8.442145400741188910e-01 1.003311011621945831e-01
8.460349666371398403e-01 1.003308106907655900e-01
8.478573535981608345e-01 1.003305235847025967e-01
8.496817009571818735e-01 1.003302398462839889e-01
8.515080087142030685e-01 1.003299594778802872e-01
8.533362768692239753e-01 1.003296824819513156e-01
8.551665054222451490e-01 1.003294088610486162e-01
8.569986943732663676e-01 1.003291386178157413e-01
8.588328437222877421e-01 1.003288717549876974e-01
8.606689534693090504e-01 1.003286082753915842e-01
8.625070236143304037e-01 1.003283481819477324e-01
8.643470541573519128e-01 1.003280914776692873e-01
8.661890450983733558e-01 1.003278381656636659e-01
8.680329964373949547e-01 1.003275882491309334e-01
8.698789081744163765e-01 1.003273417313673560e-01
8.717267803094379541e-01 1.003270986157622224e-01
8.735766128424596877e-01 1.003268589058015220e-01
8.754284057734814661e-01 1.003266226050666676e-01
8.772821591025032895e-01 1.003263897172355507e-01
8.791378728295250466e-01 1.003261602460815416e-01
8.809955469545469597e-01 1.003259341954775424e-01
8.828551814775689177e-01 1.003257115693922535e-01
8.847167763985909206e-01 1.003254923718932545e-01
8.865803317176127463e-01 1.003252766071471014e-01
8.884458474346348389e-01 1.003250642794195485e-01
8.903133235496569764e-01 1.003248553930760484e-01
8.921827600626792698e-01 1.003246499525827506e-01
8.940541569737014971e-01 1.003244479625061691e-01
8.959275142827237692e-01 1.003242494275148750e-01
8.978028319897460863e-01 1.003240543523792605e-01
8.996801100947685592e-01 1.003238627419723861e-01
9.015593485977907440e-01 1.003236746012706182e-01
9.034405474988133067e-01 1.003234899353541987e-01
9.053237067978358033e-01 1.003233087494079662e-01
9.072088264948584557e-01 1.003231310487213979e-01
9.090959065898810421e-01 1.003229568386902471e-01
9.109849470829037843e-01 1.003227861248169178e-01
9.128759479739264604e-01 1.003226189127094797e-01
9.147689092629492924e-01 1.003224552080854842e-01
9.166638309499721693e-01 1.003222950167697858e-01
9.185607130349948690e-01 1.003221383446970122e-01
9.204595555180178357e-01 1.003219851979103849e-01
9.223603583990407362e-01 1.003218355825657160e-01
9.242631216780637926e-01 1.003216895049278412e-01
9.261678453550868939e-01 1.003215469713751723e-01
9.280745294301100401e-01 1.003214079883987531e-01
9.299831739031333422e-01 1.003212725626018292e-01
9.318937787741565781e-01 1.003211407007035122e-01
9.338063440431798590e-01 1.003210124095372247e-01
9.357208697102029626e-01 1.003208876960526158e-01
9.376373557752263332e-01 1.003207665673156307e-01
9.395558022382498597e-01 1.003206490305100784e-01
9.414762090992733201e-01 1.003205350929384509e-01
9.433985763582968254e-01 1.003204247620222145e-01
9.453229040153204865e-01 1.003203180453022120e-01
9.472491920703440815e-01 1.003202149504415774e-01
9.491774405233678324e-01 1.003201154852251392e-01
9.511076493743915172e-01 1.003200196575596004e-01
9.530398186234151359e-01 1.003199274754763143e-01
9.549739482704390214e-01 1.003198389471314927e-01
9.569100383154629519e-01 1.003197540808060950e-01
9.588480887584868162e-01 1.003196728849083952e-01
9.607880995995108364e-01 1.003195953679745372e-01
9.627300708385349015e-01 1.003195215386687433e-01
9.646740024755590115e-01 1.003194514057851316e-01
9.666198945105831664e-01 1.003193849782486602e-01
9.685677469436073661e-01 1.003193222651159178e-01
9.705175597746313887e-01 1.003192632755764008e-01
9.724693330036556782e-01 1.003192080189534291e-01
9.744230666306800126e-01 1.003191565047056449e-01
9.763787606557043919e-01 1.003191087424274014e-01
9.783364150787289271e-01 1.003190647418507886e-01
9.802960298997533961e-01 1.003190245128465913e-01
9.822576051187779100e-01 1.003189880654239974e-01
9.842211407358025799e-01 1.003189554097347752e-01
9.861866367508271836e-01 1.003189265560713445e-01
9.881540931638517211e-01 1.003189015148699820e-01
9.901235099748764146e-01 1.003188802967121540e-01
9.920948871839012639e-01 1.003188629123236558e-01
9.940682247909260472e-01 1.003188493725790387e-01
9.960435227959509863e-01 1.003188396884998335e-01
9.980207811989759703e-01 1.003188338712587557e-01
1.000000000000000666e+00 1.003188319321783872e-01
