0.000000000000000000e+00 2.041065945948635774e-01
2.078119897502626434e-05 2.040868817212177777e-01
4.352279595010249372e-05 2.040653092301240312e-01
6.822479092522875592e-05 2.040418771215817273e-01
9.488718390040502381e-05 2.040165853956094899e-01
1.235099748756312839e-04 2.039894340522343530e-01
1.540931638509075632e-04 2.039604230915068317e-01
1.866367508262337669e-04 2.039295525134780240e-01
2.211407358016100034e-04 2.038968223182332229e-01
2.576051187770363269e-04 2.038622325058645768e-01
2.960298997525126832e-04 2.038257830764800271e-01
3.364150787280388555e-04 2.037874740302146881e-01
3.787606557036150606e-04 2.037473053672078926e-01
4.230666306792412444e-04 2.037052770876182084e-01
4.693330036549174067e-04 2.036613891916293217e-01
5.175597746306437102e-04 2.036156416794225044e-01
5.677469436064200466e-04 2.035680345512052292e-01
6.198945105822462531e-04 2.035185678071901039e-01
6.740024755581224382e-04 2.034672414476004776e-01
7.300708385340486020e-04 2.034140554726727723e-01
7.880995995100251780e-04 2.033590098826494330e-01
8.480887584860512989e-04 2.033021046777865881e-01
9.100383154621275068e-04 2.032433398583382289e-01
9.739482704382536934e-04 2.031827154245807732e-01
1.039818623414429750e-03 2.031202313767856982e-01
1.107649374390655894e-03 2.030558877152371378e-01
1.177440523366932558e-03 2.029896844402231115e-01
1.249192070343258659e-03 2.029216215520439071e-01
1.322904015319634847e-03 2.028516990510020046e-01
1.398576358296060905e-03 2.027799169374064625e-01
1.476209099272537051e-03 2.027062752115672828e-01
1.555802238249063716e-03 2.026307738737870290e-01
1.637355775225640036e-03 2.025534129243748149e-01
1.720869710202266008e-03 2.024741923636116936e-01
1.806344043178942285e-03 2.023931121917595388e-01
1.893778774155669082e-03 2.023101724090441977e-01
1.983173903132445098e-03 2.022253730156356177e-01
2.074529430109271419e-03 2.021387140116160386e-01
2.167845355086147393e-03 2.020501953969776610e-01
2.263121678063073454e-03 2.019598171715693558e-01
2.360358399040050469e-03 2.018675793350605818e-01
2.459555518017076271e-03 2.017734818868986979e-01
2.560713034994152593e-03 2.016775248262613895e-01
2.663830949971278568e-03 2.015797081519915823e-01
2.768909262948454630e-03 2.014800318625211972e-01
2.875947973925680780e-03 2.013784959558384546e-01
2.984947082902957450e-03 2.012751004293891754e-01
3.095906589880283773e-03 2.011698452800569081e-01
3.208826494857659750e-03 2.010627305040998125e-01
3.323706797835085814e-03 2.009537560971918491e-01
3.440547498812561965e-03 2.008429220544477312e-01
3.559348597790088636e-03 2.007302283706202117e-01
3.680110094767664961e-03 2.006156750403766953e-01
3.802831989745290939e-03 2.004992620588178509e-01
3.927514282722965704e-03 2.003809894222755295e-01
4.054156973700691856e-03 2.002608571295266260e-01
4.182760062678468095e-03 2.001388651836018551e-01
4.313323549656295289e-03 2.000150135944078755e-01
4.445847434634171702e-03 1.998893023824542536e-01
4.580331717612097335e-03 1.997617315841056229e-01
4.716776398590073922e-03 1.996323012589395207e-01
4.855181477568099729e-03 1.995010114998615192e-01
4.995546954546175623e-03 1.993678624470630323e-01
5.137872829524301604e-03 1.992328543069980806e-01
5.282159102502477672e-03 1.990959873781912304e-01
5.428405773480703828e-03 1.989572600718214068e-01
5.576612842458980070e-03 1.988166726358401859e-01
5.726780309437305531e-03 1.986742252591175428e-01
5.878908174415681948e-03 1.985299180820760123e-01
6.032996437394107583e-03 1.983837512060470376e-01
6.189045098372585908e-03 1.982357247013089019e-01
6.347054157351111718e-03 1.980858386140050553e-01
6.507023614329687615e-03 1.979340929719067277e-01
6.668953469308313599e-03 1.977804877892639090e-01
6.832843722286989670e-03 1.976250230707007893e-01
6.998694373265715828e-03 1.974676988143886647e-01
7.166505422244492073e-03 1.973085150145108546e-01
7.336276869223317537e-03 1.971474716631443358e-01
7.508008714202193956e-03 1.969845687516869059e-01
7.681700957181119595e-03 1.968198062718259644e-01
7.857353598160098790e-03 1.966531842162203003e-01
8.034966637139125470e-03 1.964847025789173141e-01
8.214540074118200502e-03 1.963143613555384803e-01
8.396073909097327356e-03 1.961421605433681381e-01
8.579568142076502563e-03 1.959681001412774959e-01
8.765022773055727856e-03 1.957921801496458891e-01
8.952437802035004971e-03 1.956144005701791755e-01
9.141813229014330439e-03 1.954347614057704574e-01
9.333149053993705993e-03 1.952532626603126764e-01
9.526445276973131635e-03 1.950699043385744624e-01
9.721701897952607363e-03 1.948846864460477557e-01
9.918918916932136648e-03 1.946976089888770578e-01
1.011809633391171255e-02 1.945086719737822434e-01
1.031923414889133854e-02 1.943178754080348292e-01
1.052233236187101462e-02 1.941252192994693537e-01
1.072739097285074078e-02 1.939307036565050268e-01
1.093440998183051703e-02 1.937343284882248329e-01
1.114338938881034163e-02 1.935360938044596857e-01
1.135432919379021806e-02 1.933359996159111915e-01
1.156722939677014457e-02 1.931340459342949512e-01
1.178208999775011943e-02 1.929302327725007649e-01
1.199891099673014612e-02 1.927245601447740431e-01
1.221769239371022463e-02 1.925170280669248335e-01
1.243843418869035149e-02 1.923076365565500323e-01
1.266113638167052670e-02 1.920963856332734698e-01
1.288579897265075200e-02 1.918832753190326812e-01
1.311242196163102738e-02 1.916683056383426120e-01
1.334100534861135459e-02 1.914514766186413697e-01
1.357154913359173015e-02 1.912327882906278143e-01
1.380405331657215580e-02 1.910122406886642366e-01
1.403851789755263153e-02 1.907898338511885561e-01
1.427494287653315735e-02 1.905655678211782278e-01
1.451332825351373326e-02 1.903394426466982481e-01
1.475367402849436273e-02 1.901114583814514369e-01
1.499598020147503881e-02 1.898816150854320817e-01
1.524024677245576498e-02 1.896499128256206312e-01
1.548647374143653950e-02 1.894163516767745081e-01
1.573466110841736931e-02 1.891809317223068221e-01
1.598480887339824227e-02 1.889436530552307536e-01
1.623691703637917053e-02 1.887045157792350270e-01
1.649098559736014366e-02 1.884635200098580821e-01
1.674701455634117209e-02 1.882206658757985540e-01
1.700500391332224540e-02 1.879759535203469611e-01
1.726495366830337400e-02 1.877293831029727966e-01
1.752686382128455442e-02 1.874809548010832883e-01
1.779073437226577625e-02 1.872306688119424189e-01
1.805656532124705685e-02 1.869785253547975312e-01
1.832435666822837886e-02 1.867245246732072705e-01
1.859410841320975616e-02 1.864686670376147770e-01
1.886582055619118528e-02 1.862109527481368987e-01
1.913949309717265929e-02 1.859513821376839182e-01
1.941512603615418858e-02 1.856899555752872244e-01
1.969271937313575929e-02 1.854266734698304941e-01
1.997227310811738876e-02 1.851615362740668680e-01
2.025378724109906312e-02 1.848945444890296441e-01
2.053726177208079276e-02 1.846256986688406543e-01
2.082269670106256382e-02 1.843549994259532365e-01
2.111009202804439364e-02 1.840824474368289443e-01
2.139944775302626487e-02 1.838080434481649261e-01
2.169076387600819486e-02 1.835317882836000614e-01
2.198404039699017321e-02 1.832536828510187010e-01
2.227927731597219643e-02 1.829737281504595359e-01
2.257647463295427495e-02 1.826919252826749995e-01
2.287563234793639835e-02 1.824082754583575272e-01
2.317675046091857705e-02 1.821227800081350323e-01
2.347982897190080062e-02 1.818354403933169772e-01
2.378486788088307949e-02 1.815462582174718342e-01
2.409186718786539977e-02 1.812552352388757670e-01
2.440082689284778228e-02 1.809623733838678916e-01
2.471174699583020273e-02 1.806676747611730138e-01
2.502462749681268195e-02 1.803711416772300902e-01
2.533946839579521298e-02 1.800727766525885010e-01
2.565626969277778543e-02 1.797725824393859584e-01
2.597503138776041318e-02 1.794705620399880686e-01
2.629575348074308580e-02 1.791667187268184136e-01
2.661843597172581372e-02 1.788610560634099067e-01
2.694307886070858651e-02 1.785535779267360679e-01
2.726968214769141807e-02 1.782442885308339886e-01
2.759824583267428758e-02 1.779331924517600916e-01
2.792876991565721931e-02 1.776202946539010841e-01
2.826125439664019939e-02 1.773056005176449623e-01
2.859569927562322089e-02 1.769891158684002153e-01
2.893210455260630115e-02 1.766708470069961734e-01
2.927047022758941935e-02 1.763508007414149592e-01
2.961079630057259979e-02 1.760289844198236198e-01
2.995308277155582163e-02 1.757054059648825717e-01
3.029732964053910224e-02 1.753800739093054617e-01
3.064353690752242426e-02 1.750529974326010263e-01
3.099170457250580504e-02 1.747241863990279254e-01
3.134183263548922377e-02 1.743936513968166180e-01
3.169392109647270472e-02 1.740614037787048263e-01
3.204796995545623056e-02 1.737274557040819345e-01
3.240397921243980128e-02 1.733918201830462746e-01
3.276194886742343076e-02 1.730545111227796418e-01
3.312187892040710513e-02 1.727155433766840997e-01
3.348376937139083825e-02 1.723749327964212985e-01
3.384762022037460932e-02 1.720326962859463626e-01
3.421343146735843915e-02 1.716888518546170195e-01
3.458120311234230693e-02 1.713434186616060728e-01
3.495093515532624040e-02 1.709964170350962986e-01
3.532262759631021182e-02 1.706478684330176854e-01
3.569628043529424199e-02 1.702977952825997232e-01
3.607189367227831706e-02 1.699462205845024831e-01
3.644946730726244394e-02 1.695931670795254309e-01
3.682900134024662264e-02 1.692386682233680273e-01
3.721049577123083929e-02 1.688827496998380473e-01
3.759395060021512164e-02 1.685254400843304579e-01
3.797936582719944193e-02 1.681667701226096379e-01
3.836674145218382098e-02 1.678067723590472571e-01
3.875607747516824492e-02 1.674454809647640818e-01
3.914737389615272761e-02 1.670829316741625492e-01
3.954063071513724825e-02 1.667191617754452404e-01
3.993584793212182765e-02 1.663542101240253757e-01
4.033302554710645887e-02 1.659881171620841978e-01
4.073216356009112804e-02 1.656209249357095681e-01
4.113326197107585597e-02 1.652526771058861754e-01
4.153632078006062878e-02 1.648834189520744786e-01
4.194133998704546035e-02 1.645131973682105730e-01
4.234831959203032986e-02 1.641420608515403445e-01
4.275725959501525814e-02 1.637700594846809576e-01
4.316815999600023129e-02 1.633972449113997305e-01
4.358102079498526321e-02 1.630236703062545867e-01
4.399584199197033307e-02 1.626493903384260420e-01
4.441262358695546170e-02 1.622744611297185224e-01
4.483136557994064214e-02 1.618989402069057892e-01
4.525206797092586747e-02 1.615228864483864990e-01
4.567473075991114462e-02 1.611463600252775741e-01
4.609935394689646665e-02 1.607694223370391140e-01
4.652593753188184744e-02 1.603921359417564141e-01
4.695448151486726618e-02 1.600145644812600021e-01
4.738498589585275061e-02 1.596367726013598609e-01
4.781745067483826606e-02 1.592588258674211277e-01
4.825187585182384720e-02 1.588807906756009580e-01
4.868826142680946628e-02 1.585027341601693007e-01
4.912660739979515107e-02 1.581247240972059875e-01
4.956691377078088073e-02 1.577468288051421252e-01
5.000918053976664834e-02 1.573691170426033958e-01
5.045340770675248165e-02 1.569916579039798976e-01
5.089959527173835291e-02 1.566145207132080552e-01
5.134774323472428292e-02 1.562377749162566498e-01
5.179785159571025088e-02 1.558614899728215375e-01
5.224992035469628454e-02 1.554857352476831933e-01
5.270394951168235614e-02 1.551105799022655940e-01
5.315993906666848651e-02 1.547360927868601799e-01
5.361788901965465481e-02 1.543623423339667566e-01
5.407779937064088882e-02 1.539893964532570714e-01
5.453967011962716771e-02 1.536173224285626304e-01
5.500350126661349148e-02 1.532461868173217445e-01
5.546929281159986708e-02 1.528760553529249777e-01
5.593704475458628755e-02 1.525069928502517380e-01
5.640675709557277373e-02 1.521390631148951400e-01
5.687842983455929091e-02 1.517723288563420647e-01
5.735206297154587379e-02 1.514068516054759284e-01
5.782765650653248768e-02 1.510426916367835770e-01
5.830521043951917420e-02 1.506799078955199656e-01
5.878472477050590561e-02 1.503185579301249408e-01
5.926619949949267496e-02 1.499586978300037343e-01
5.974963462647950307e-02 1.496003821685395196e-01
6.023503015146637607e-02 1.492436639508375185e-01
6.072238607445330782e-02 1.488885945650378906e-01
6.121170239544027752e-02 1.485352237353666505e-01
6.170297911442730598e-02 1.481835994745984708e-01
6.219621623141437933e-02 1.478337680341553773e-01
6.269141374640151143e-02 1.474857738540482632e-01
6.318857165938866760e-02 1.471396595266775131e-01
6.368768997037589641e-02 1.467954658174330240e-01
6.418876867936318398e-02 1.464532318492506036e-01
6.469180778635051643e-02 1.461129956909466565e-01
6.519680729133789376e-02 1.457747958488012363e-01
6.570376719432530210e-02 1.454386592982656878e-01
6.621268749531278308e-02 1.451046207386604558e-01
6.672356819430030894e-02 1.447727109865817319e-01
6.723640929128789356e-02 1.444429583308407539e-01
6.775121078627552307e-02 1.441153891071854376e-01
6.826797267926318358e-02 1.437900279135858328e-01
6.878669497025091673e-02 1.434668976761666048e-01
6.930737765923869476e-02 1.431460196645503724e-01
6.983002074622653155e-02 1.428274134987199129e-01
7.035462423121441322e-02 1.425110971620990041e-01
7.088118811420231202e-02 1.421970870238185025e-01
7.140971239519029734e-02 1.418853978686409611e-01
7.194019707417832754e-02 1.415760429322013569e-01
7.247264215116641650e-02 1.412690339394515882e-01
7.300704762615452259e-02 1.409643811448995643e-01
7.354341349914270132e-02 1.406620933738048640e-01
7.408173977013092493e-02 1.403621780639049965e-01
7.462202643911922118e-02 1.400646413074603525e-01
7.516427350610754843e-02 1.397694878935683283e-01
7.570848097109590669e-02 1.394767213506425962e-01
7.625464883408433758e-02 1.391863439891224130e-01
7.680277709507281336e-02 1.388983569441959998e-01
7.735286575406134790e-02 1.386127602185979468e-01
7.790491481104989957e-02 1.383295527253166346e-01
7.845892426603853775e-02 1.380487323301199942e-01
7.901489411902722082e-02 1.377702958938248623e-01
7.957282437001594877e-02 1.374942393141881936e-01
8.013271501900470772e-02 1.372205575673273448e-01
8.069456606599353932e-02 1.369492447485417819e-01
8.125837751098241579e-02 1.366802941123947956e-01
8.182414935397135103e-02 1.364136981118912184e-01
8.239188159496033115e-02 1.361494484365792235e-01
8.296157423394934227e-02 1.358875360494145035e-01
8.353322727093842603e-02 1.356279512224293493e-01
8.410684070592755468e-02 1.353706835716062817e-01
8.468241453891674209e-02 1.351157220919463886e-01
8.525994876990593274e-02 1.348630551947964107e-01
8.583944339889522379e-02 1.346126707502508790e-01
8.642089842588455972e-02 1.343645561369785912e-01
8.700431385087394054e-02 1.341186982961297125e-01
8.758968967386336624e-02 1.338750837667085081e-01
8.817702589485282294e-02 1.336336986273790883e-01
8.876632251384235228e-02 1.333945281444944009e-01
8.935757953083194038e-02 1.331575556442466113e-01
8.995079694582157337e-02 1.329227698132104396e-01
9.054597475881122348e-02 1.326901534557008433e-01
9.114311296980096011e-02 1.324596904989577550e-01
9.174221157879074162e-02 1.322313650031092525e-01
9.234327058578056802e-02 1.320051608289689593e-01
9.294628999077042542e-02 1.317810615693924270e-01
9.355126979376035545e-02 1.315590505692810497e-01
9.415820999475034425e-02 1.313391109647422672e-01
9.476711059374037793e-02 1.311212257184781182e-01
9.537797159073045650e-02 1.309053776470692210e-01
9.599079298572055219e-02 1.306915494417619228e-01
9.660557477871074827e-02 1.304797236853372788e-01
9.722231696970097536e-02 1.302698828670142139e-01
9.784101955869126122e-02 1.300620093964931223e-01
9.846168254568156419e-02 1.298560856175839662e-01
9.908430593067193981e-02 1.296520938215208474e-01
9.970888971366237419e-02 1.294500162598980764e-01
1.003354338946528534e-01 1.292498351571300108e-01
1.009639384736433915e-01 1.290515327224167341e-01
1.015944034506339466e-01 1.288550911612124927e-01
1.022268288256245744e-01 1.286604926863089693e-01
1.028612145986152610e-01 1.284677195286276496e-01
1.034975607696059924e-01 1.282767539477103202e-01
1.041358673385967409e-01 1.280875782416215358e-01
1.047761343055875760e-01 1.279001747553487056e-01
1.054183616705784560e-01 1.277145258859322119e-01
1.060625494335693947e-01 1.275306140818799339e-01
1.067086975945603783e-01 1.273484218359527131e-01
1.073568061535513790e-01 1.271679316793468406e-01
1.080068751105424663e-01 1.269891262151787437e-01
1.086589044655335984e-01 1.268119883106786361e-01
1.093128942185247754e-01 1.266365017669322801e-01
1.099688443695159834e-01 1.264626477390874137e-01
1.106267549185072641e-01 1.262904101454169481e-01
1.112866258654986035e-01 1.261197722630863494e-01
1.119484572104899878e-01 1.259507173041746753e-01
1.126122489534813753e-01 1.257832285921827997e-01
1.132780010944728633e-01 1.256172895968359349e-01
1.139457136334643961e-01 1.254528839293354292e-01
1.146153865704559877e-01 1.252899953332308469e-01
1.152870199054476102e-01 1.251286076796274960e-01
1.159606136384392638e-01 1.249687049667529415e-01
1.166361677694310039e-01 1.248102713218905563e-01
1.173136822984227889e-01 1.246532910040500097e-01
1.179931572254146188e-01 1.244977484064225814e-01
1.186745925504064658e-01 1.243436280582031483e-01
1.193579882733983993e-01 1.241909146258204227e-01
1.200433443943903777e-01 1.240395929139452152e-01
1.207306609133824149e-01 1.238896478672202039e-01
1.214199378303744969e-01 1.237410645741288812e-01
1.221111751453665961e-01 1.235938282743906103e-01
1.228043728583587818e-01 1.234479243678814064e-01
1.234995309693510124e-01 1.233033384094165685e-01
1.241966494783433017e-01 1.231600560318819038e-01
1.248957283853355943e-01 1.230180626285740236e-01
1.255967676903279873e-01 1.228773448896040565e-01
1.262997673933204390e-01 1.227378885426298749e-01
1.270047274943129079e-01 1.225996797881167277e-01
1.277116479933054216e-01 1.224627050371346060e-01
1.284205288902980080e-01 1.223269508401567812e-01
1.291313701852906393e-01 1.221924038778308963e-01
1.298441718782833154e-01 1.220590509661588496e-01
1.305589339692760642e-01 1.219268790615663789e-01
1.312756564582688024e-01 1.217958752632829211e-01
1.319943393452616409e-01 1.216660268137176315e-01
1.327149826302545244e-01 1.215373210979633772e-01
1.334375863132474527e-01 1.214097456430177080e-01
1.341621503942403981e-01 1.212832881166514276e-01
1.348886748732334440e-01 1.211579363251982094e-01
1.356171597502265069e-01 1.210336782091857716e-01
1.363476050252196425e-01 1.209105018370429108e-01
1.370800106982128508e-01 1.207883954044500496e-01
1.378143767692060206e-01 1.206673472716365825e-01
1.385507032381993187e-01 1.205473461416150943e-01
1.392889901051926616e-01 1.204283802622048843e-01
1.400292373701860493e-01 1.203104385755912886e-01
1.407714450331794265e-01 1.201935099810785695e-01
1.415156130941729040e-01 1.200775834778325946e-01
1.422617415531664542e-01 1.199626481989174154e-01
1.430098304101600493e-01 1.198486934128494413e-01
1.437598796651536337e-01 1.197357085187692460e-01
1.445118893181473185e-01 1.196236830422878483e-01
1.452658593691410482e-01 1.195126066328870140e-01
1.460217898181348506e-01 1.194024690622380869e-01
1.467796806651286701e-01 1.192932602230653283e-01
1.475395319101225067e-01 1.191849701287907293e-01
1.483013435531164437e-01 1.190775889147588362e-01
1.490651155941104256e-01 1.189711068413254469e-01
1.498308480331044801e-01 1.188655142941656279e-01
1.505985408700985240e-01 1.187608017583632464e-01
1.513681941050926405e-01 1.186569596853765118e-01
1.521398077380868297e-01 1.185539790394825321e-01
1.529133817690810637e-01 1.184518505177945547e-01
1.536889161980753704e-01 1.183505650508757945e-01
1.544664110250696387e-01 1.182501136974661582e-01
1.552458662500640352e-01 1.181504876202886939e-01
1.560272818730584765e-01 1.180516780843390429e-01
1.568106578940529627e-01 1.179536764587931913e-01
1.575959943130474383e-01 1.178564742178673658e-01
1.583832911300420421e-01 1.177600629400225446e-01
1.591725483450366629e-01 1.176644343054530778e-01
1.599637659580313565e-01 1.175695800918573203e-01
1.607569439690260948e-01 1.174754921712384270e-01
1.615520823780208504e-01 1.173821625226690035e-01
1.623491811850156785e-01 1.172895833161047008e-01
1.631482403900105516e-01 1.171977465769046545e-01
1.639492599930054972e-01 1.171066446535293654e-01
1.647522399940004323e-01 1.170162699129194961e-01
1.655571803929954677e-01 1.169266148050064069e-01
1.663640811899905481e-01 1.168376718748119353e-01
1.671729423849857010e-01 1.167494337609583516e-01
1.679837639779808434e-01 1.166618931924445074e-01
1.687965459689760583e-01 1.165750429864913229e-01
1.696112883579713460e-01 1.164888760479097923e-01
1.704279911449667062e-01 1.164033853700419674e-01
1.712466543299620836e-01 1.163185640355966222e-01
1.720672779129574781e-01 1.162344052069649442e-01
1.728898618939529452e-01 1.161509020653292423e-01
1.737144062729484850e-01 1.160680480336507975e-01
1.745409110499440697e-01 1.159858364655039636e-01
1.753693762249396715e-01 1.159042608454028817e-01
1.761998017979353459e-01 1.158233147425263426e-01
1.770321877689310930e-01 1.157429918013086340e-01
1.778665341379268849e-01 1.156632857410584414e-01
1.787028409049227218e-01 1.155841903564901879e-01
1.795411080699185480e-01 1.155056995174408158e-01
1.803813356329145023e-01 1.154278071674632311e-01
1.812235235939104738e-01 1.153505073210544379e-01
1.820676719529065180e-01 1.152737940606815975e-01
1.829137807099025514e-01 1.151976615425166633e-01
1.837618498648986853e-01 1.151221040483663832e-01
1.846118794178948919e-01 1.150471157945892747e-01
1.854638693688911155e-01 1.149726911924503769e-01
1.863178197178873563e-01 1.148988246761164650e-01
1.871737304648836975e-01 1.148255107419524912e-01
1.880316016098800835e-01 1.147527439543208766e-01
1.888914331528765145e-01 1.146805189438250966e-01
1.897532250938729903e-01 1.146088304051825768e-01
1.906169774328694833e-01 1.145376730962328199e-01
1.914826901698660766e-01 1.144670418384358956e-01
1.923503633048627148e-01 1.143969315179691748e-01
1.932199968378593979e-01 1.143273370801985156e-01
1.940915907688560982e-01 1.142582534852897846e-01
1.949651450978528711e-01 1.141896758585076721e-01
1.958406598248497166e-01 1.141215992837755905e-01
1.967181349498466070e-01 1.140540189383409259e-01
1.975975704728435423e-01 1.139869300590414802e-01
1.984789663938404669e-01 1.139203279366091393e-01
1.993623227128375197e-01 1.138542079158825077e-01
2.002476394298345896e-01 1.137885653961884375e-01
2.011349165448317322e-01 1.137233958307104359e-01
2.020241540578288642e-01 1.136586947245709078e-01
2.029153519688260965e-01 1.135944576321621102e-01
2.038085102778234015e-01 1.135306801601903698e-01
2.047036289848207236e-01 1.134673580072032006e-01
2.056007080898180628e-01 1.134044868280474488e-01
2.064997475928155024e-01 1.133420624157539386e-01
2.074007474938129869e-01 1.132800805796433385e-01
2.083037077928105441e-01 1.132185371753359204e-01
2.092086284898081183e-01 1.131574281081977329e-01
2.101155095848057097e-01 1.130967493316601263e-01
2.110243510778034015e-01 1.130364968458642816e-01
2.119351529688011382e-01 1.129766666976378675e-01
2.128479152577989197e-01 1.129172549814946719e-01
2.137626379447967184e-01 1.128582578366727901e-01
2.146793210297945897e-01 1.127996714155816566e-01
2.155979645127925337e-01 1.127414919838010399e-01
2.165185683937905226e-01 1.126837157846631021e-01
2.174411326727885563e-01 1.126263391285572818e-01
2.183656573497865794e-01 1.125693583689601068e-01
2.192921424247847306e-01 1.125127698990710107e-01
2.202205878977829268e-01 1.124565701522150796e-01
2.211509937687811678e-01 1.124007556021181381e-01
2.220833600377793982e-01 1.123453227624644502e-01
2.230176867047777289e-01 1.122902681854456713e-01
2.239539737697761046e-01 1.122355884594287839e-01
2.248922212327745529e-01 1.121812802104912993e-01
2.258324290937730461e-01 1.121273401341683351e-01
2.267745973527715286e-01 1.120737648931502545e-01
2.277187260097701116e-01 1.120205512529546116e-01
2.286648150647687394e-01 1.119676959897375201e-01
2.296128645177674399e-01 1.119151959146725273e-01
2.305628743687661297e-01 1.118630478760270358e-01
2.315148446177649200e-01 1.118112487575863845e-01
2.324687752647637551e-01 1.117597954775605834e-01
2.334246663097626351e-01 1.117086849886544525e-01
2.343825177527615322e-01 1.116579142792019502e-01
2.353423295937605020e-01 1.116074803714953434e-01
2.363041018327595444e-01 1.115573802950134558e-01
2.372678344697586317e-01 1.115076111668952819e-01
2.382335275047577638e-01 1.114581700841907469e-01
2.392011809377569131e-01 1.114090541960865433e-01
2.401707947687561351e-01 1.113602606832439917e-01
2.411423689977554297e-01 1.113117867555652313e-01
2.421159036247547691e-01 1.112636296527942936e-01
2.430913986497540979e-01 1.112157866448255095e-01
2.440688540727535549e-01 1.111682550314097850e-01
2.450482698937530290e-01 1.111210321410390917e-01
2.460296461127525758e-01 1.110741153288539868e-01
2.470129827297521674e-01 1.110275019772471172e-01
2.479982797447517484e-01 1.109811895233859119e-01
2.489855371577514298e-01 1.109351753754244663e-01
2.499747549687511561e-01 1.108894570226273829e-01
2.509659331777509550e-01 1.108440319594675982e-01
2.519590717847506878e-01 1.107988977071619058e-01
2.529541707897505765e-01 1.107540518149158632e-01
2.539512301927505100e-01 1.107094918584265869e-01
2.549502499937504885e-01 1.106652154389709819e-01
2.559512301927505673e-01 1.106212201835013037e-01
2.569541707897506355e-01 1.105775037457925464e-01
2.579590717847507486e-01 1.105340638057056013e-01
2.589659331777509621e-01 1.104908980465245244e-01
2.599747549687512205e-01 1.104480042198315304e-01
2.609855371577514682e-01 1.104053800595443807e-01
2.619982797447518164e-01 1.103630233404741395e-01
2.630129827297520984e-01 1.103209318605295475e-01
2.640296461127525363e-01 1.102791034393614394e-01
2.650482698937530190e-01 1.102375359190401471e-01
2.660688540727535467e-01 1.101962271643323332e-01
2.670913986497541748e-01 1.101551750625077014e-01
2.681159036247547922e-01 1.101143775225462695e-01
2.691423689977554545e-01 1.100738324733881168e-01
2.701707947687562172e-01 1.100335378638289258e-01
2.712011809377570248e-01 1.099934916847744026e-01
2.722335275047577108e-01 1.099536919049422523e-01
2.732678344697586081e-01 1.099141365545397708e-01
2.743041018327595504e-01 1.098748236667993483e-01
2.753423295937605375e-01 1.098357512956441157e-01
2.763825177527615695e-01 1.097969175162661348e-01
2.774246663097627019e-01 1.097583204238561927e-01
2.784687752647638237e-01 1.097199581328450885e-01
2.795148446177649904e-01 1.096818287765879418e-01
2.805628743687662574e-01 1.096439305076057635e-01
2.816128645177674028e-01 1.096062614988110168e-01
2.826648150647687596e-01 1.095688199434269455e-01
2.837187260097701613e-01 1.095316040331196089e-01
2.847745973527716079e-01 1.094946120179272342e-01
2.858324290937730994e-01 1.094578421275586716e-01
2.868922212327746357e-01 1.094212926260631630e-01
2.879539737697762170e-01 1.093849617942088959e-01
2.890176867047778431e-01 1.093488479287386822e-01
2.900833600377795141e-01 1.093129493432068861e-01
2.911509937687811744e-01 1.092772643682523998e-01
2.922205878977829352e-01 1.092417913514776989e-01
2.932921424247847964e-01 1.092065286568603688e-01
2.943656573497866469e-01 1.091714746632230643e-01
2.954411326727885978e-01 1.091366277636550558e-01
2.965185683937905936e-01 1.091019863850388183e-01
2.975979645127926343e-01 1.090675489343479326e-01
2.986793210297947199e-01 1.090333138680118219e-01
2.997626379447967393e-01 1.089992796427265292e-01
3.008479152577989146e-01 1.089654447312876501e-01
3.019351529688011904e-01 1.089318076226842708e-01
3.030243510778034555e-01 1.088983668209791006e-01
3.041155095848058210e-01 1.088651208447923985e-01
3.052086284898081758e-01 1.088320682270515899e-01
3.063037077928106311e-01 1.087992075147912602e-01
3.074007474938131312e-01 1.087665372693237681e-01
3.084997475928156763e-01 1.087340560675030543e-01
3.096007080898180996e-01 1.087017625022660278e-01
3.107036289848207899e-01 1.086696551610580458e-01
3.118085102778234696e-01 1.086377326825892775e-01
3.129153519688261942e-01 1.086059936829331385e-01
3.140241540578289636e-01 1.085744368078648964e-01
3.151349165448318335e-01 1.085430607149882459e-01
3.162476394298346927e-01 1.085118640735795309e-01
3.173623227128376523e-01 1.084808455655586201e-01
3.184789663938406568e-01 1.084500038857235948e-01
3.195975704728435396e-01 1.084193377416698412e-01
3.207181349498466338e-01 1.083888458533645849e-01
3.218406598248497730e-01 1.083585269518554384e-01
3.229651450978529570e-01 1.083283797783157615e-01
3.240915907688562414e-01 1.082984031010560955e-01
3.252199968378595152e-01 1.082685956709423247e-01
3.263503633048628338e-01 1.082389562785386478e-01
3.274826901698662529e-01 1.082094837129821407e-01
3.286169774328696613e-01 1.081801767760458416e-01
3.297532250938730591e-01 1.081510342818195469e-01
3.308914331528765573e-01 1.081220550557152604e-01
3.320316016098801559e-01 1.080932379341169453e-01
3.331737304648837994e-01 1.080645817642359452e-01
3.343178197178874878e-01 1.080360854039537355e-01
3.354638693688912210e-01 1.080077477218686216e-01
3.366118794178950546e-01 1.079795675982318792e-01
3.377618498648988776e-01 1.079515439258059428e-01
3.389137807099027455e-01 1.079236755937498932e-01
3.400676719529066028e-01 1.078959615280907780e-01
3.412235235939105604e-01 1.078684006395534828e-01
3.423813356329146185e-01 1.078409918610047369e-01
3.435411080699187214e-01 1.078137341339818478e-01
3.447028409049228137e-01 1.077866264089658715e-01
3.458665341379270064e-01 1.077596676461159975e-01
3.470321877689312440e-01 1.077328568153182176e-01
3.481998017979355819e-01 1.077061928960383885e-01
3.493693762249399093e-01 1.076796748772264611e-01
3.505409110499441705e-01 1.076533017573281514e-01
3.517144062729485876e-01 1.076270725440771486e-01
3.528898618939531051e-01 1.076009862532936040e-01
3.540672779129576120e-01 1.075750419075190006e-01
3.552466543299622193e-01 1.075492385529337597e-01
3.564279911449668714e-01 1.075235752169801939e-01
3.576112883579715684e-01 1.074980509623798958e-01
3.587965459689763104e-01 1.074726648476135582e-01
3.599837639779809306e-01 1.074474159413148083e-01
3.611729423849858178e-01 1.074223033215231660e-01
3.623640811899906944e-01 1.073973260746845376e-01
3.635571803929956158e-01 1.073724832954361941e-01
3.647522399940006377e-01 1.073477740865949742e-01
3.659492599930056489e-01 1.073231975590694248e-01
3.671482403900107605e-01 1.072987528316679817e-01
3.683491811850159170e-01 1.072744390310657464e-01
3.695520823780210629e-01 1.072502552927635244e-01
3.707569439690261981e-01 1.072262007624628088e-01
3.719637659580314892e-01 1.072022745796521181e-01
3.731725483450368253e-01 1.071784759172346169e-01
3.743832911300422062e-01 1.071548039308493211e-01
3.755959943130476320e-01 1.071312577959695062e-01
3.768106578940531581e-01 1.071078366937699422e-01
3.780272818730586737e-01 1.070845398119177339e-01
3.792458662500642896e-01 1.070613663453817144e-01
3.804664110250698950e-01 1.070383154964409389e-01
3.816889161980754896e-01 1.070153864745287953e-01
3.829133817690812402e-01 1.069925784961489046e-01
3.841398077380869802e-01 1.069698907849177538e-01
3.853681941050928206e-01 1.069473225714790837e-01
3.865985408700987613e-01 1.069248730925705382e-01
3.878308480331046915e-01 1.069025415894872544e-01
3.890651155941106665e-01 1.068803273221154287e-01
3.903013435531166864e-01 1.068582295353496109e-01
3.915395319101228067e-01 1.068362475015378482e-01
3.927796806651288053e-01 1.068143804889616078e-01
3.940217898181350153e-01 1.067926277739798396e-01
3.952658593691412148e-01 1.067709886400248914e-01
3.965118893181475146e-01 1.067494623767811790e-01
3.977598796651538593e-01 1.067280482800789937e-01
3.990098304101602489e-01 1.067067456519223689e-01
4.002617415531666833e-01 1.066855538004783943e-01
4.015156130941732182e-01 1.066644720399826385e-01
4.027714450331797424e-01 1.066434996905611804e-01
4.040292373701862005e-01 1.066226360781476340e-01
4.052889901051928145e-01 1.066018805352164506e-01
4.065507032381995289e-01 1.065812324023096697e-01
4.078143767692062882e-01 1.065606910147078590e-01
4.090800106982130369e-01 1.065402557332269934e-01
4.103476050252198859e-01 1.065199259052030806e-01
4.116171597502267798e-01 1.064997008934974870e-01
4.128886748732337186e-01 1.064795800648445784e-01
4.141621503942407023e-01 1.064595627908820757e-01
4.154375863132476199e-01 1.064396484488017020e-01
4.167149826302546933e-01 1.064198364213145703e-01
4.179943393452618672e-01 1.064001260965121154e-01
4.192756564582690304e-01 1.063805168677706969e-01
4.205589339692762940e-01 1.063610081336909541e-01
4.218441718782836025e-01 1.063415992980905750e-01
4.231313701852909004e-01 1.063222897700686481e-01
4.244205288902982987e-01 1.063030789640120738e-01
4.257116479933056308e-01 1.062839662987962036e-01
4.270047274943131188e-01 1.062649511959567195e-01
4.282997673933206517e-01 1.062460330928799990e-01
4.295967676903282295e-01 1.062272114126434214e-01
4.308957283853359077e-01 1.062084856018650353e-01
4.321966494783435753e-01 1.061898551021261544e-01
4.334995309693513432e-01 1.061713193616621170e-01
4.348043728583591006e-01 1.061528778340064816e-01
4.361111751453669583e-01 1.061345299772737394e-01
4.374199378303746943e-01 1.061162752541223719e-01
4.387306609133826418e-01 1.060981131318156079e-01
4.400433443943906342e-01 1.060800430822073370e-01
4.413579882733986715e-01 1.060620645817105245e-01
4.426745925504067536e-01 1.060441771112286546e-01
4.439931572254149361e-01 1.060263801560138719e-01
4.453136822984231080e-01 1.060086732055481734e-01
4.466361677694313248e-01 1.059910557541208498e-01
4.479606136384396420e-01 1.059735273025003560e-01
4.492870199054478375e-01 1.059560873464518160e-01
4.506153865704562445e-01 1.059387354021619210e-01
4.519457136334646408e-01 1.059214709743160482e-01
4.532780010944731375e-01 1.059042935802455287e-01
4.546122489534816791e-01 1.058872027396785265e-01
4.559484572104903211e-01 1.058701979760101330e-01
4.572866258654989524e-01 1.058532788168265321e-01
4.586267549185076287e-01 1.058364447938295594e-01
4.599688443695163498e-01 1.058196954427241127e-01
4.613128942185250048e-01 1.058030303031556180e-01
4.626589044655338712e-01 1.057864489186842866e-01
4.640068751105427269e-01 1.057699508367375696e-01
4.653568061535516831e-01 1.057535356085949479e-01
4.667086975945606842e-01 1.057372027894364491e-01
4.680625494335697301e-01 1.057209519383996849e-01
4.694183616705788209e-01 1.057047826180522870e-01
4.707761343055879566e-01 1.056886943926731159e-01
4.721358673385971372e-01 1.056726868383429385e-01
4.734975607696062516e-01 1.056567595209073201e-01
4.748612145986155220e-01 1.056409120233673671e-01
4.762268288256248927e-01 1.056251439248784563e-01
4.775944034506342528e-01 1.056094548098179403e-01
4.789639384736437133e-01 1.055938442664358795e-01
4.803354338946532187e-01 1.055783118863543313e-01
4.817088897136627690e-01 1.055628572645990748e-01
4.830843059306723641e-01 1.055474799996427571e-01
4.844616825456818376e-01 1.055321796933856998e-01
4.858410195586915226e-01 1.055169559511201643e-01
4.872223169697012524e-01 1.055018083815006946e-01
4.886055747787110826e-01 1.054867365965269227e-01
4.899907929857209021e-01 1.054717402115092628e-01
4.913779715907308221e-01 1.054568188449774291e-01
4.927671105937407314e-01 1.054419721185422543e-01
4.941582099947507412e-01 1.054271996572715558e-01
4.955512697937607958e-01 1.054125010912802807e-01
4.969462899907707287e-01 1.053978760468245041e-01
4.983432705857808731e-01 1.053833241651536273e-01
4.997422115787910624e-01 1.053688450790729869e-01
5.011431129698012965e-01 1.053544384309714060e-01
5.025459747588115755e-01 1.053401038647389515e-01
5.039507969458218994e-01 1.053258410270597606e-01
5.053575795308323793e-01 1.053116495677681591e-01
5.067663225138427929e-01 1.052975291397432733e-01
5.081770258948532515e-01 1.052834793988270262e-01
5.095896896738636439e-01 1.052695000037923434e-01
5.110043138508743032e-01 1.052555906163316485e-01
5.124208984258848965e-01 1.052417509010326185e-01
5.138394433988955345e-01 1.052279805253635431e-01
5.152599487699063285e-01 1.052142791596413912e-01
5.166824145389171674e-01 1.052006464769975336e-01
5.181068407059279401e-01 1.051870821533549966e-01
5.195332272709388688e-01 1.051735858674678753e-01
5.209615742339498423e-01 1.051601573010253476e-01
5.223918815949606387e-01 1.051467961382898247e-01
5.238241493539717020e-01 1.051335020643238971e-01
5.252583775109828101e-01 1.051202747737176452e-01
5.266945660659939632e-01 1.051071139524021869e-01
5.281327150190051611e-01 1.050940193000549777e-01
5.295728243700164040e-01 1.050809905126241228e-01
5.310148941190276917e-01 1.050680272903266183e-01
5.324589242660390243e-01 1.050551293361701444e-01
5.339049148110504017e-01 1.050422963555882883e-01
5.353528657540617131e-01 1.050295280565282929e-01
5.368027770950731803e-01 1.050168241494825183e-01
5.382546488340846924e-01 1.050041843474768255e-01
5.397084809710962494e-01 1.049916083660345084e-01
5.411642735061079623e-01 1.049790959231599874e-01
5.426220264391196091e-01 1.049666467393170488e-01
5.440817397701314118e-01 1.049542605374087501e-01
5.455434134991431483e-01 1.049419370427650405e-01
5.470070476261550407e-01 1.049296759831340742e-01
5.484726421511667560e-01 1.049174770886723562e-01
5.499401970741787382e-01 1.049053400918733836e-01
5.514097123951906543e-01 1.048932647274240931e-01
5.528811881142027262e-01 1.048812507324405341e-01
5.543546242312148431e-01 1.048692978481687577e-01
5.558300207462270048e-01 1.048574058120969321e-01
5.573073776592392115e-01 1.048455743738989226e-01
5.587866949702514630e-01 1.048338032758151239e-01
5.602679726792635373e-01 1.048220922680341283e-01
5.617512107862758786e-01 1.048104411013878606e-01
5.632364092912882647e-01 1.047988495288161570e-01
5.647235681943006957e-01 1.047873173056049212e-01
5.662126874953131717e-01 1.047758441892656101e-01
5.677037671943258035e-01 1.047644299394714651e-01
5.691968072913383692e-01 1.047530743180464519e-01
5.706918077863509797e-01 1.047417770889587235e-01
5.721887686793637462e-01 1.047305380183111978e-01
5.736876899703762245e-01 1.047193568743216979e-01
5.751885716593890807e-01 1.047082334273098797e-01
5.766914137464018708e-01 1.046971674496847138e-01
5.781962162314148168e-01 1.046861587159288315e-01
5.797029791144278077e-01 1.046752070025858128e-01
5.812117023954407324e-01 1.046643120882346789e-01
5.827223860744538131e-01 1.046534737534687565e-01
5.842350301514669386e-01 1.046426917809182011e-01
5.857496346264799980e-01 1.046319659553680559e-01
5.872661994994931023e-01 1.046212960635700684e-01
5.887847247705062514e-01 1.046106818925473525e-01
5.903052104395195565e-01 1.046001232366715883e-01
5.918276565065329065e-01 1.045896198836219482e-01
5.933520629715463013e-01 1.045791716315134651e-01
5.948784298345597410e-01 1.045687782752934142e-01
5.964067570955732256e-01 1.045584396133515254e-01
5.979370447545868661e-01 1.045481554460345880e-01
5.994692928116004405e-01 1.045379255754438491e-01
6.010035012666138377e-01 1.045277498055375426e-01
6.025396701196276128e-01 1.045176279421576176e-01
6.040777993706413218e-01 1.045075597930089778e-01
6.056178890196550757e-01 1.044975451676395800e-01
6.071599390666689855e-01 1.044875838774279586e-01
6.087039495116828292e-01 1.044776757355707075e-01
6.102499203546968287e-01 1.044678205570784696e-01
6.117978515957107621e-01 1.044580181587582424e-01
6.133477432347248515e-01 1.044482683592039968e-01
6.148995952717387636e-01 1.044385709787907929e-01
6.164534077067529427e-01 1.044289258396568915e-01
6.180091805397671667e-01 1.044193327656964404e-01
6.195669137707813245e-01 1.044097915825464157e-01
6.211266073997956383e-01 1.044003021175862189e-01
6.226882614268099969e-01 1.043908641999393289e-01
6.242518758518244004e-01 1.043814776604386763e-01
6.258174506748388488e-01 1.043721423314792757e-01
6.273849858958533421e-01 1.043628580471137324e-01
6.289544815148676582e-01 1.043536246447588078e-01
6.305259375318823523e-01 1.043444419585337346e-01
6.320993539468969802e-01 1.043353098320681099e-01
6.336747307599116530e-01 1.043262281029227606e-01
6.352520679709263707e-01 1.043171966150573254e-01
6.368313655799411332e-01 1.043082152125320433e-01
6.384126235869560517e-01 1.042992837410576940e-01
6.399958419919709041e-01 1.042904020480938249e-01
6.415810207949856903e-01 1.042815699827243370e-01
6.431681599960007434e-01 1.042727873956194040e-01
6.447572595950157304e-01 1.042640541390414399e-01
6.463483195920308733e-01 1.042553700668432254e-01
6.479413399870459500e-01 1.042467350344578741e-01
6.495363207800611827e-01 1.042381488988907423e-01
6.511332619710764602e-01 1.042296115187133498e-01
6.527321635600916716e-01 1.042211227540483370e-01
6.543330255471070389e-01 1.042126824665720181e-01
6.559358479321222291e-01 1.042042905194977970e-01
6.575406307151376861e-01 1.041959467775728509e-01
6.591473738961531881e-01 1.041876511070709138e-01
6.607560774751687349e-01 1.041794033757813404e-01
6.623667414521843266e-01 1.041712034530076075e-01
6.639793658271999632e-01 1.041630512095553102e-01
6.655939506002157557e-01 1.041549465177304956e-01
6.672104957712314821e-01 1.041468892513268824e-01
6.688290013402472534e-01 1.041388792856016432e-01
6.704494673072629585e-01 1.041309164972854251e-01
6.720718936722788195e-01 1.041230007646970629e-01
6.736962804352947254e-01 1.041151319677138948e-01
6.753226275963107872e-01 1.041073099861538898e-01
6.769509351553267829e-01 1.040995347055030246e-01
6.785812031123429344e-01 1.040918060061686579e-01
6.802134314673590199e-01 1.040841237764372207e-01
6.818476202203752612e-01 1.040764879019708405e-01
6.834837693713914364e-01 1.040688982712678623e-01
6.851218789204075454e-01 1.040613547741715966e-01
6.867619488674239214e-01 1.040538573018295887e-01
6.884039792124403423e-01 1.040464057468011433e-01
6.900479699554568080e-01 1.040390000030624318e-01
6.916939210964733187e-01 1.040316399659930030e-01
6.933418326354898742e-01 1.040243255323602262e-01
6.949917045725064746e-01 1.040170566003189301e-01
6.966435369075231199e-01 1.040098330694054635e-01
6.982973296405398100e-01 1.040026548405330875e-01
6.999530827715563230e-01 1.039955218159875766e-01
7.016107963005731030e-01 1.039884338994211954e-01
7.032704702275899278e-01 1.039813909958486049e-01
7.049321045526069085e-01 1.039743930116430598e-01
7.065956992756238231e-01 1.039674398545284428e-01
7.082612543966407825e-01 1.039605314335795699e-01
7.099287699156578979e-01 1.039536676592131836e-01
7.115982458326749471e-01 1.039468484431878698e-01
7.132696821476921523e-01 1.039400736985953699e-01
7.149430788607090692e-01 1.039333433398615530e-01
7.166184359717263641e-01 1.039266572827365759e-01
7.182957534807437039e-01 1.039200154442964374e-01
7.199750313877609775e-01 1.039134177429361233e-01
7.216562696927784071e-01 1.039068640983650399e-01
7.233394683957958815e-01 1.039003544316035588e-01
7.250246274968132898e-01 1.038938886649795751e-01
7.267117469958308540e-01 1.038874667221408865e-01
7.284008268928482410e-01 1.038810885280515156e-01
7.300918671878658950e-01 1.038747540088766769e-01
7.317848678808835938e-01 1.038684630919303464e-01
7.334798289719013376e-01 1.038622157072037894e-01
7.351767504609192372e-01 1.038560117823746215e-01
7.368756323479370707e-01 1.038498512518566952e-01
7.385764746329549491e-01 1.038437340459527625e-01
7.402792773159728723e-01 1.038376600997369531e-01
7.419840403969908404e-01 1.038316293482498681e-01
7.436907638760087425e-01 1.038256417279380811e-01
7.453994477530268004e-01 1.038196971766104093e-01
7.471100920280450142e-01 1.038137956333343714e-01
7.488226967010631618e-01 1.038079370384320799e-01
7.505372617720814654e-01 1.038021213334896081e-01
7.522537872410997029e-01 1.037963484613597526e-01
7.539722731081180962e-01 1.037906183661577025e-01
7.556927193731364234e-01 1.037849309932557668e-01
7.574151260361549065e-01 1.037792862892866208e-01
7.591394930971732125e-01 1.037736842021364930e-01
7.608658205561917853e-01 1.037681246809469687e-01
7.625941084132104031e-01 1.037626076761108268e-01
7.643243566682289547e-01 1.037571331392732749e-01
7.660565653212476622e-01 1.037517010233292153e-01
7.677907343722664146e-01 1.037463112824205530e-01
7.695268638212852119e-01 1.037409638719375554e-01
7.712649536683040541e-01 1.037356587485154941e-01
7.730050039133229411e-01 1.037303958700355883e-01
7.747470145563417621e-01 1.037251751956223267e-01
7.764909855973607389e-01 1.037199966856436201e-01
7.782369170363797606e-01 1.037148603017097603e-01
7.799848088733989382e-01 1.037097660066725741e-01
7.817346611084180497e-01 1.037047137646253947e-01
7.834864737414372060e-01 1.036997035409021606e-01
7.852402467724565183e-01 1.036947353020761936e-01
7.869959802014757644e-01 1.036898090159632385e-01
7.887536740284951664e-01 1.036849246516154954e-01
7.905133282535142802e-01 1.036800821793282396e-01
7.922749428765337720e-01 1.036752815706341868e-01
7.940385178975533087e-01 1.036705227983065053e-01
7.958040533165727792e-01 1.036658058363593427e-01
7.975715491335924057e-01 1.036611306600450921e-01
7.993410053486120770e-01 1.036564972458582784e-01
8.011124219616317932e-01 1.036519055715358212e-01
8.028857989726515543e-01 1.036473556160593251e-01
8.046611363816711382e-01 1.036428473596415628e-01
8.064384341886909890e-01 1.036383807837208543e-01
8.082176923937108848e-01 1.036339558710410447e-01
8.099989109967308254e-01 1.036295726057667593e-01
8.117820899977508109e-01 1.036252309721789194e-01
8.135672293967708413e-01 1.036209309585307964e-01
8.153543291937909165e-01 1.036166725503043645e-01
8.171433893888111477e-01 1.036124557382221700e-01
8.189344099818313127e-01 1.036082805115934175e-01
8.207273909728513006e-01 1.036041468620683137e-01
8.225223323618716664e-01 1.036000547823878598e-01
8.243192341488919661e-01 1.035960042664885034e-01
8.261180963339124217e-01 1.035919953095856411e-01
8.279189189169328111e-01 1.035880279081621697e-01
8.297217018979533565e-01 1.035841020599635176e-01
8.315264452769738357e-01 1.035802177639985056e-01
8.333331490539944708e-01 1.035763750205420664e-01
8.351418132290151508e-01 1.035725738311405880e-01
8.369524378020356536e-01 1.035688141986123023e-01
8.387650227730564234e-01 1.035650961270513926e-01
8.405795681420771270e-01 1.035614196218284794e-01
8.423960739090979866e-01 1.035577846895970322e-01
8.442145400741188910e-01 1.035541913382927726e-01
8.460349666371398403e-01 1.035506395771399052e-01
8.478573535981608345e-01 1.035471294166513817e-01
8.496817009571818735e-01 1.035436608686357840e-01
8.515080087142030685e-01 1.035402339461971438e-01
8.533362768692239753e-01 1.035368486637418678e-01
8.551665054222451490e-01 1.035335050369799448e-01
8.569986943732663676e-01 1.035302030829298031e-01
8.588328437222877421e-01 1.035269428199231956e-01
8.606689534693090504e-01 1.035237242676081554e-01
8.625070236143304037e-01 1.035205474469526599e-01
8.643470541573519128e-01 1.035174123802501955e-01
8.661890450983733558e-01 1.035143190911260169e-01
8.680329964373949547e-01 1.035112676045363556e-01
8.698789081744163765e-01 1.035082579467783009e-01
8.717267803094379541e-01 1.035052901454939361e-01
8.735766128424596877e-01 1.035023642296706986e-01
8.754284057734814661e-01 1.034994802296552441e-01
8.772821591025032895e-01 1.034966381771484090e-01
8.791378728295250466e-01 1.034938381052201845e-01
8.809955469545469597e-01 1.034910800483078985e-01
8.828551814775689177e-01 1.034883640422270407e-01
8.847167763985909206e-01 1.034856901241737043e-01
8.865803317176127463e-01 1.034830583327322612e-01
8.884458474346348389e-01 1.034804687078825780e-01
8.903133235496569764e-01 1.034779212910020563e-01
8.921827600626792698e-01 1.034754161248774701e-01
8.940541569737014971e-01 1.034729532537076169e-01
8.959275142827237692e-01 1.034705327231120742e-01
8.978028319897460863e-01 1.034681545801369312e-01
8.996801100947685592e-01 1.034658188732621303e-01
9.015593485977907440e-01 1.034635256524101127e-01
9.034405474988133067e-01 1.034612749689499678e-01
9.053237067978358033e-01 1.034590668757082166e-01
9.072088264948584557e-01 1.034569014269752507e-01
9.090959065898810421e-01 1.034547786785122298e-01
9.109849470829037843e-01 1.034526986875609483e-01
9.128759479739264604e-01 1.034506615128494844e-01
9.147689092629492924e-01 1.034486672146036068e-01
9.166638309499721693e-01 1.034467158545533116e-01
9.185607130349948690e-01 1.034448074959412184e-01
9.204595555180178357e-01 1.034429422035333807e-01
9.223603583990407362e-01 1.034411200436264194e-01
9.242631216780637926e-01 1.034393410840571820e-01
9.261678453550868939e-01 1.034376053942133167e-01
9.280745294301100401e-01 1.034359130450416275e-01
9.299831739031333422e-01 1.034342641090578718e-01
9.318937787741565781e-01 1.034326586603575432e-01
9.338063440431798590e-01 1.034310967746255722e-01
9.357208697102029626e-01 1.034295785291473174e-01
9.376373557752263332e-01 1.034281040028169896e-01
9.395558022382498597e-01 1.034266732761517926e-01
9.414762090992733201e-01 1.034252864313001674e-01
9.433985763582968254e-01 1.034239435520543371e-01
9.453229040153204865e-01 1.034226447238606184e-01
9.472491920703440815e-01 1.034213900338327163e-01
9.491774405233678324e-01 1.034201795707618970e-01
9.511076493743915172e-01 1.034190134251300464e-01
9.530398186234151359e-01 1.034178916891214106e-01
9.549739482704390214e-01 1.034168144566346009e-01
9.569100383154629519e-01 1.034157818232975951e-01
9.588480887584868162e-01 1.034147938864779376e-01
9.607880995995108364e-01 1.034138507452962985e-01
9.627300708385349015e-01 1.034129525006424188e-01
9.646740024755590115e-01 1.034120992551864071e-01
9.666198945105831664e-01 1.034112911133923257e-01
9.685677469436073661e-01 1.034105281815349414e-01
9.705175597746313887e-01 1.034098105677104806e-01
9.724693330036556782e-01 1.034091383818554893e-01
9.744230666306800126e-01 1.034085117357575190e-01
9.763787606557043919e-01 1.034079307430748745e-01
9.783364150787289271e-01 1.034073955193464261e-01
9.802960298997533961e-01 1.034069061820135776e-01
9.822576051187779100e-01 1.034064628504314937e-01
9.842211407358025799e-01 1.034060656458871408e-01
9.861866367508271836e-01 1.034057146916176201e-01
9.881540931638517211e-01 1.034054101128225878e-01
9.901235099748764146e-01 1.034051520366861265e-01
9.920948871839012639e-01 1.034049405923917614e-01
9.940682247909260472e-01 1.034047759111399040e-01
9.960435227959509863e-01 1.034046581261676839e-01
9.980207811989759703e-01 1.034045873727664072e-01
1.000000000000000666e+00 1.034045637882993057e-01
