0.000000000000000000e+00 9.529637498135279383e-01
2.078119897502626434e-05 9.517987443679325477e-01
4.352279595010249372e-05 9.505238381457433716e-01
6.822479092522875592e-05 9.491390309664132774e-01
9.488718390040502381e-05 9.476443227687701976e-01
1.235099748756312839e-04 9.460397135589311279e-01
1.540931638509075632e-04 9.443252033633786624e-01
1.866367508262337669e-04 9.425007922057938581e-01
2.211407358016100034e-04 9.405664800960878980e-01
2.576051187770363269e-04 9.385222670364176123e-01
2.960298997525126832e-04 9.363681530250587137e-01
3.364150787280388555e-04 9.341041380622477908e-01
3.787606557036150606e-04 9.317302221512741012e-01
4.230666306792412444e-04 9.292464052967167598e-01
4.693330036549174067e-04 9.266526875045539846e-01
5.175597746306437102e-04 9.239490687807042635e-01
5.677469436064200466e-04 9.211355491314603405e-01
6.198945105822462531e-04 9.182121285627375951e-01
6.740024755581224382e-04 9.151788070819971699e-01
7.300708385340486020e-04 9.120355846963608126e-01
7.880995995100251780e-04 9.087824614143544810e-01
8.480887584860512989e-04 9.054194372448975958e-01
9.100383154621275068e-04 9.019465121977355837e-01
9.739482704382536934e-04 8.983636862833248582e-01
1.039818623414429750e-03 8.946709595129362924e-01
1.107649374390655894e-03 8.908683318987240529e-01
1.177440523366932558e-03 8.869558034536588753e-01
1.249192070343258659e-03 8.829333741917544387e-01
1.322904015319634847e-03 8.788010441279869855e-01
1.398576358296060905e-03 8.745588132783121971e-01
1.476209099272537051e-03 8.702066816599227650e-01
1.555802238249063716e-03 8.657446492910094715e-01
1.637355775225640036e-03 8.611727161910914807e-01
1.720869710202266008e-03 8.564908823808516924e-01
1.806344043178942285e-03 8.516991478823657813e-01
1.893778774155669082e-03 8.467975127190201512e-01
1.983173903132445098e-03 8.417859769156963434e-01
2.074529430109271419e-03 8.366645404987183010e-01
2.167845355086147393e-03 8.314332034960013607e-01
2.263121678063073454e-03 8.260919659370761226e-01
2.360358399040050469e-03 8.206408278531469591e-01
2.459555518017076271e-03 8.150797892771967090e-01
2.560713034994152593e-03 8.094088502440019983e-01
2.663830949971278568e-03 8.036280107902515901e-01
2.768909262948454630e-03 7.977372709545852425e-01
2.875947973925680780e-03 7.917366307776758649e-01
2.984947082902957450e-03 7.856260903023130071e-01
3.095906589880283773e-03 7.794056495734568157e-01
3.208826494857659750e-03 7.730753086383351791e-01
3.323706797835085814e-03 7.666350675464980169e-01
3.440547498812561965e-03 7.600849263499203090e-01
3.559348597790088636e-03 7.534248851030700411e-01
3.680110094767664961e-03 7.466549438629896951e-01
3.802831989745290939e-03 7.397751026893754078e-01
3.927514282722965704e-03 7.327853616446784457e-01
4.054156973700691856e-03 7.256857207941678212e-01
4.182760062678468095e-03 7.184761802060333213e-01
4.313323549656295289e-03 7.111567399514741039e-01
4.445847434634171702e-03 7.037274001047686411e-01
4.580331717612097335e-03 6.961881607433998420e-01
4.716776398590073922e-03 6.885390219481155594e-01
4.855181477568099729e-03 6.807799838030398343e-01
4.995546954546175623e-03 6.729110463957631572e-01
5.137872829524301604e-03 6.649322098174409446e-01
5.282159102502477672e-03 6.568434741628942364e-01
5.428405773480703828e-03 6.486448395306921855e-01
5.576612842458980070e-03 6.403363060232827308e-01
5.726780309437305531e-03 6.319178737470685370e-01
5.878908174415681948e-03 6.233895428125172389e-01
6.032996437394107583e-03 6.147513133342815683e-01
6.189045098372585908e-03 6.060031854312789568e-01
6.347054157351111718e-03 5.971451592268229858e-01
6.507023614329687615e-03 5.881772348487139812e-01
6.668953469308313599e-03 5.790994124293690204e-01
6.832843722286989670e-03 5.699116921059137475e-01
6.998694373265715828e-03 5.606140740203060524e-01
7.166505422244492073e-03 5.512065583194518670e-01
7.336276869223317537e-03 5.416891451553182968e-01
7.508008714202193956e-03 5.320618346850417568e-01
7.681700957181119595e-03 5.223246270710679706e-01
7.857353598160098790e-03 5.124775224812495589e-01
8.034966637139125470e-03 5.025205210889809315e-01
8.214540074118200502e-03 4.924536230733159714e-01
8.396073909097327356e-03 4.822768286190927123e-01
8.579568142076502563e-03 4.719901379170611255e-01
8.765022773055727856e-03 4.615935511640044120e-01
8.952437802035004971e-03 4.510870685628731724e-01
9.141813229014330439e-03 4.404706903229104187e-01
9.333149053993705993e-03 4.297444166597875759e-01
9.526445276973131635e-03 4.189082477957286055e-01
9.721701897952607363e-03 4.079621839596511701e-01
9.918918916932136648e-03 3.969062253873000823e-01
1.011809633391171255e-02 3.857403723213800317e-01
1.031923414889133854e-02 3.744646250116962505e-01
1.052233236187101462e-02 3.630789837152958999e-01
1.072739097285074078e-02 3.515834486965996875e-01
1.093440998183051703e-02 3.399780202275555774e-01
1.114338938881034163e-02 3.282626985877731829e-01
1.135432919379021806e-02 3.164374840646727027e-01
1.156722939677014457e-02 3.045023769536271963e-01
1.178208999775011943e-02 2.924573775581141288e-01
1.199891099673014612e-02 2.803024861898636422e-01
1.221769239371022463e-02 2.680377031725428849e-01
1.243843418869035149e-02 2.556630299161299913e-01
1.266113638167052670e-02 2.431785640573951857e-01
1.288579897265075200e-02 2.305873626402814847e-01
1.311242196163102738e-02 2.179284034659822178e-01
1.334100534861135459e-02 2.054284963674805065e-01
1.357154913359173015e-02 1.937234497279967660e-01
1.380405331657215580e-02 1.836367138191380421e-01
1.403851789755263153e-02 1.755333954024382026e-01
1.427494287653315735e-02 1.692124831608032842e-01
1.451332825351373326e-02 1.642700718700432216e-01
1.475367402849436273e-02 1.603397876843941361e-01
1.499598020147503881e-02 1.571488698059758382e-01
1.524024677245576498e-02 1.545055852260713014e-01
1.548647374143653950e-02 1.522761221712125579e-01
1.573466110841736931e-02 1.503659735613479542e-01
1.598480887339824227e-02 1.487071346987156040e-01
1.623691703637917053e-02 1.472496677023487632e-01
1.649098559736014366e-02 1.459561676185543722e-01
1.674701455634117209e-02 1.447980935457033602e-01
1.700500391332224540e-02 1.437532958769047464e-01
1.726495366830337400e-02 1.428043187337793563e-01
1.752686382128455442e-02 1.419372127245046300e-01
1.779073437226577625e-02 1.411406896040677539e-01
1.805656532124705685e-02 1.404055101193210364e-01
1.832435666822837886e-02 1.397240336758925894e-01
1.859410841320975616e-02 1.390898821745167324e-01
1.886582055619118528e-02 1.384976856607355034e-01
1.913949309717265929e-02 1.379428874597697363e-01
1.941512603615418858e-02 1.374215931532729307e-01
1.969271937313575929e-02 1.369304522788499512e-01
1.997227310811738876e-02 1.364665647417007965e-01
2.025378724109906312e-02 1.360274060942317509e-01
2.053726177208079276e-02 1.356107673689542215e-01
2.082269670106256382e-02 1.352147062442878578e-01
2.111009202804439364e-02 1.348375071135440306e-01
2.139944775302626487e-02 1.344776482077295054e-01
2.169076387600819486e-02 1.341337743497126866e-01
2.198404039699017321e-02 1.338046742375375298e-01
2.227927731597219643e-02 1.334892613958247320e-01
2.257647463295427495e-02 1.331865581165812273e-01
2.287563234793639835e-02 1.328956818515870941e-01
2.317675046091857705e-02 1.326158336269866178e-01
2.347982897190080062e-02 1.323462881347222952e-01
2.378486788088307949e-02 1.320863852218518153e-01
2.409186718786539977e-02 1.318355225507220341e-01
2.440082689284778228e-02 1.315931492446527074e-01
2.471174699583020273e-02 1.313587603665865300e-01
2.502462749681268195e-02 1.311318921046891184e-01
2.533946839579521298e-02 1.309121175605181542e-01
2.565626969277778543e-02 1.306990430527796565e-01
2.597503138776041318e-02 1.304923048635518446e-01
2.629575348074308580e-02 1.302915663658664458e-01
2.661843597172581372e-02 1.300965154808873259e-01
2.694307886070858651e-02 1.299068624210826806e-01
2.726968214769141807e-02 1.297223376817957241e-01
2.759824583267428758e-02 1.295426902499691169e-01
2.792876991565721931e-02 1.293676860024582098e-01
2.826125439664019939e-02 1.291971062709219575e-01
2.859569927562322089e-02 1.290307465529863806e-01
2.893210455260630115e-02 1.288684153525837817e-01
2.927047022758941935e-02 1.287099331342446973e-01
2.961079630057259979e-02 1.285551313784772109e-01
2.995308277155582163e-02 1.284038517268631663e-01
3.029732964053910224e-02 1.282559452068573191e-01
3.064353690752242426e-02 1.281112715278371617e-01
3.099170457250580504e-02 1.279696984405828963e-01
3.134183263548922377e-02 1.278311011537225095e-01
3.169392109647270472e-02 1.276953618011439917e-01
3.204796995545623056e-02 1.275623689551648177e-01
3.240397921243980128e-02 1.274320171810556790e-01
3.276194886742343076e-02 1.273042066285314800e-01
3.312187892040710513e-02 1.271788426570015784e-01
3.348376937139083825e-02 1.270558354909576693e-01
3.384762022037460932e-02 1.269350999030119942e-01
3.421343146735843915e-02 1.268165549217247778e-01
3.458120311234230693e-02 1.267001235621360022e-01
3.495093515532624040e-02 1.265857325768908470e-01
3.532262759631021182e-02 1.264733122260483233e-01
3.569628043529424199e-02 1.263627960641550418e-01
3.607189367227831706e-02 1.262541207427322065e-01
3.644946730726244394e-02 1.261472258272198499e-01
3.682900134024662264e-02 1.260420536269145630e-01
3.721049577123083929e-02 1.259385490369323846e-01
3.759395060021512164e-02 1.258366593911388887e-01
3.797936582719944193e-02 1.257363343252260179e-01
3.836674145218382098e-02 1.256375256490422088e-01
3.875607747516824492e-02 1.255401872275282438e-01
3.914737389615272761e-02 1.254442748694763465e-01
3.954063071513724825e-02 1.253497462236486393e-01
3.993584793212182765e-02 1.252565606815418398e-01
4.033302554710645887e-02 1.251646792863987112e-01
4.073216356009112804e-02 1.250740646479629736e-01
4.113326197107585597e-02 1.249846808625832695e-01
4.153632078006062878e-02 1.248964934381733699e-01
4.194133998704546035e-02 1.248094692238519710e-01
4.234831959203032986e-02 1.247235763437529732e-01
4.275725959501525814e-02 1.246387841348445130e-01
4.316815999600023129e-02 1.245550630883682230e-01
4.358102079498526321e-02 1.244723847947490497e-01
4.399584199197033307e-02 1.243907218916442126e-01
4.441262358695546170e-02 1.243100480150522574e-01
4.483136557994064214e-02 1.242303377530164094e-01
4.525206797092586747e-02 1.241515666021515835e-01
4.567473075991114462e-02 1.240737109263964771e-01
4.609935394689646665e-02 1.239967479180998644e-01
4.652593753188184744e-02 1.239206555612590577e-01
4.695448151486726618e-02 1.238454125966688552e-01
4.738498589585275061e-02 1.237709984889698162e-01
4.781745067483826606e-02 1.236973933954216148e-01
4.825187585182384720e-02 1.236245781363146806e-01
4.868826142680946628e-02 1.235525341669282684e-01
4.912660739979515107e-02 1.234812435508701733e-01
4.956691377078088073e-02 1.234106889348608599e-01
5.000918053976664834e-02 1.233408535247094012e-01
5.045340770675248165e-02 1.232717210625196985e-01
5.089959527173835291e-02 1.232032758050330690e-01
5.134774323472428292e-02 1.231355025030106271e-01
5.179785159571025088e-02 1.230683863816374179e-01
5.224992035469628454e-02 1.230019131218277606e-01
5.270394951168235614e-02 1.229360688425081838e-01
5.315993906666848651e-02 1.228708400836352188e-01
5.361788901965465481e-02 1.228062137900742534e-01
5.407779937064088882e-02 1.227421772962198204e-01
5.453967011962716771e-02 1.226787183113095536e-01
5.500350126661349148e-02 1.226158249054152549e-01
5.546929281159986708e-02 1.225534854960738940e-01
5.593704475458628755e-02 1.224916888355067346e-01
5.640675709557277373e-02 1.224304239984456560e-01
5.687842983455929091e-02 1.223696803704206332e-01
5.735206297154587379e-02 1.223094476366757971e-01
5.782765650653248768e-02 1.222497157714319826e-01
5.830521043951917420e-02 1.221904750277441332e-01
5.878472477050590561e-02 1.221317159276859160e-01
5.926619949949267496e-02 1.220734292530434445e-01
5.974963462647950307e-02 1.220156060363032230e-01
6.023503015146637607e-02 1.219582375521213458e-01
6.072238607445330782e-02 1.219013153090588858e-01
6.121170239544027752e-02 1.218448310417131059e-01
6.170297911442730598e-02 1.217887767031535090e-01
6.219621623141437933e-02 1.217331444576437299e-01
6.269141374640151143e-02 1.216779266737053333e-01
6.318857165938866760e-02 1.216231159174119558e-01
6.368768997037589641e-02 1.215687049459645425e-01
6.418876867936318398e-02 1.215146867015433479e-01
6.469180778635051643e-02 1.214610543053617764e-01
6.519680729133789376e-02 1.214078010519797773e-01
6.570376719432530210e-02 1.213549204038201074e-01
6.621268749531278308e-02 1.213024059859190568e-01
6.672356819430030894e-02 1.212502515808320663e-01
6.723640929128789356e-02 1.211984511237883255e-01
6.775121078627552307e-02 1.211469986979767516e-01
6.826797267926318358e-02 1.210958885300403576e-01
6.878669497025091673e-02 1.210451149857123543e-01
6.930737765923869476e-02 1.209946725656615985e-01
6.983002074622653155e-02 1.209445559013991034e-01
7.035462423121441322e-02 1.208947597514430233e-01
7.088118811420231202e-02 1.208452789975365538e-01
7.140971239519029734e-02 1.207961086410310192e-01
7.194019707417832754e-02 1.207472437994169395e-01
7.247264215116641650e-02 1.206986797029435537e-01
7.300704762615452259e-02 1.206504116913813124e-01
7.354341349914270132e-02 1.206024352108798214e-01
7.408173977013092493e-02 1.205547458109502840e-01
7.462202643911922118e-02 1.205073391415454886e-01
7.516427350610754843e-02 1.204602109502343615e-01
7.570848097109590669e-02 1.204133570794812397e-01
7.625464883408433758e-02 1.203667734640107706e-01
7.680277709507281336e-02 1.203204561282674723e-01
7.735286575406134790e-02 1.202744011839467775e-01
7.790491481104989957e-02 1.202286048276298286e-01
7.845892426603853775e-02 1.201830633384743663e-01
7.901489411902722082e-02 1.201377730760044976e-01
7.957282437001594877e-02 1.200927304779346727e-01
8.013271501900470772e-02 1.200479320581118725e-01
8.069456606599353932e-02 1.200033744044844558e-01
8.125837751098241579e-02 1.199590541771694552e-01
8.182414935397135103e-02 1.199149681065383305e-01
8.239188159496033115e-02 1.198711129914142581e-01
8.296157423394934227e-02 1.198274856972810914e-01
8.353322727093842603e-02 1.197840831545828322e-01
8.410684070592755468e-02 1.197409023570495945e-01
8.468241453891674209e-02 1.196979403600904324e-01
8.525994876990593274e-02 1.196551942792356132e-01
8.583944339889522379e-02 1.196126612886116714e-01
8.642089842588455972e-02 1.195703386194927054e-01
8.700431385087394054e-02 1.195282235588503300e-01
8.758968967386336624e-02 1.194863134479943051e-01
8.817702589485282294e-02 1.194446056812291934e-01
8.876632251384235228e-02 1.194030977045452968e-01
8.935757953083194038e-02 1.193617870143626192e-01
8.995079694582157337e-02 1.193206711563095518e-01
9.054597475881122348e-02 1.192797477240332554e-01
9.114311296980096011e-02 1.192390143580385892e-01
9.174221157879074162e-02 1.191984687445755003e-01
9.234327058578056802e-02 1.191581086145530738e-01
9.294628999077042542e-02 1.191179317424668066e-01
9.355126979376035545e-02 1.190779359453954106e-01
9.415820999475034425e-02 1.190381190819749940e-01
9.476711059374037793e-02 1.189984790514591606e-01
9.537797159073045650e-02 1.189590137927472452e-01
9.599079298572055219e-02 1.189197212834924716e-01
9.660557477871074827e-02 1.188805995391923609e-01
9.722231696970097536e-02 1.188416466123340398e-01
9.784101955869126122e-02 1.188028605915459474e-01
9.846168254568156419e-02 1.187642396007780599e-01
9.908430593067193981e-02 1.187257817985064301e-01
9.970888971366237419e-02 1.186874853769551569e-01
1.003354338946528534e-01 1.186493485613433069e-01
1.009639384736433915e-01 1.186113696091409681e-01
1.015944034506339466e-01 1.185735468093704059e-01
1.022268288256245744e-01 1.185358784818898170e-01
1.028612145986152610e-01 1.184983629767275976e-01
1.034975607696059924e-01 1.184609986734204007e-01
1.041358673385967409e-01 1.184237839803736619e-01
1.047761343055875760e-01 1.183867173342239287e-01
1.054183616705784560e-01 1.183497971992482217e-01
1.060625494335693947e-01 1.183130220667655830e-01
1.067086975945603783e-01 1.182763904545608841e-01
1.073568061535513790e-01 1.182399009063295620e-01
1.080068751105424663e-01 1.182035519911288496e-01
1.086589044655335984e-01 1.181673423028543335e-01
1.093128942185247754e-01 1.181312704597136665e-01
1.099688443695159834e-01 1.180953351037250104e-01
1.106267549185072641e-01 1.180595349002124816e-01
1.112866258654986035e-01 1.180238685373144053e-01
1.119484572104899878e-01 1.179883347254950948e-01
1.126122489534813753e-01 1.179529321970562705e-01
1.132780010944728633e-01 1.179176597056510456e-01
1.139457136334643961e-01 1.178825160258072796e-01
1.146153865704559877e-01 1.178474999524410788e-01
1.152870199054476102e-01 1.178126103004064479e-01
1.159606136384392638e-01 1.177778459040444425e-01
1.166361677694310039e-01 1.177432056168016689e-01
1.173136822984227889e-01 1.177086883108661164e-01
1.179931572254146188e-01 1.176742928769244911e-01
1.186745925504064658e-01 1.176400182239883824e-01
1.193579882733983993e-01 1.176058632793207936e-01
1.200433443943903777e-01 1.175718269885018402e-01
1.207306609133824149e-01 1.175379083154985821e-01
1.214199378303744969e-01 1.175041062427826660e-01
1.221111751453665961e-01 1.174704197712625603e-01
1.228043728583587818e-01 1.174368479199225102e-01
1.234995309693510124e-01 1.174033897248745045e-01
1.241966494783433017e-01 1.173700442376141434e-01
1.248957283853355943e-01 1.173368105222113156e-01
1.255967676903279873e-01 1.173036876514238630e-01
1.262997673933204390e-01 1.172706747019568591e-01
1.270047274943129079e-01 1.172377707496945753e-01
1.277116479933054216e-01 1.172049748664827779e-01
1.284205288902980080e-01 1.171722861210597877e-01
1.291313701852906393e-01 1.171397035876436121e-01
1.298441718782833154e-01 1.171072263662181479e-01
1.305589339692760642e-01 1.170748536175638677e-01
1.312756564582688024e-01 1.170425846125569408e-01
1.319943393452616409e-01 1.170104187868144935e-01
1.327149826302545244e-01 1.169783557768922649e-01
1.334375863132474527e-01 1.169463953913821574e-01
1.341621503942403981e-01 1.169145374428352396e-01
1.348886748732334440e-01 1.168827813475470379e-01
1.356171597502265069e-01 1.168511254266331872e-01
1.363476050252196425e-01 1.168195659988439244e-01
1.370800106982128508e-01 1.167880968224351695e-01
1.378143767692060206e-01 1.167567105780674547e-01
1.385507032381993187e-01 1.167254065685178338e-01
1.392889901051926616e-01 1.166942139041981519e-01
1.400292373701860493e-01 1.166632491929977394e-01
1.407714450331794265e-01 1.166322464276564885e-01
1.415156130941729040e-01 1.166013212466959631e-01
1.422617415531664542e-01 1.165705028701690682e-01
1.430098304101600493e-01 1.165397908640386782e-01
1.437598796651536337e-01 1.165091780931011706e-01
1.445118893181473185e-01 1.164786584556248283e-01
1.452658593691410482e-01 1.164482284136585805e-01
1.460217898181348506e-01 1.164178864514872347e-01
1.467796806651286701e-01 1.163876321660046037e-01
1.475395319101225067e-01 1.163574655616203268e-01
1.483013435531164437e-01 1.163273866475426216e-01
1.490651155941104256e-01 1.162973952717482884e-01
1.498308480331044801e-01 1.162674910967357172e-01
1.505985408700985240e-01 1.162376736405664052e-01
1.513681941050926405e-01 1.162079423351147500e-01
1.521398077380868297e-01 1.161782965771341741e-01
1.529133817690810637e-01 1.161487357634701512e-01
1.536889161980753704e-01 1.161192593104107690e-01
1.544664110250696387e-01 1.160898666609181257e-01
1.552458662500640352e-01 1.160605572842018235e-01
1.560272818730584765e-01 1.160313306714773202e-01
1.568106578940529627e-01 1.160021863306183731e-01
1.575959943130474383e-01 1.159731237812773319e-01
1.583832911300420421e-01 1.159441425511879148e-01
1.591725483450366629e-01 1.159152421737937450e-01
1.599637659580313565e-01 1.158864221870314071e-01
1.607569439690260948e-01 1.158576821329351386e-01
1.615520823780208504e-01 1.158290215577895133e-01
1.623491811850156785e-01 1.158004400125029337e-01
1.631482403900105516e-01 1.157719370530620323e-01
1.639492599930054972e-01 1.157435122409239681e-01
1.647522399940004323e-01 1.157151651433033224e-01
1.655571803929954677e-01 1.156868953333124173e-01
1.663640811899905481e-01 1.156587023900118444e-01
1.671729423849857010e-01 1.156305858983559531e-01
1.679837639779808434e-01 1.156025454490888227e-01
1.687965459689760583e-01 1.155745806386029584e-01
1.696112883579713460e-01 1.155466910687852206e-01
1.704279911449667062e-01 1.155188763468722180e-01
1.712466543299620836e-01 1.154911360853112939e-01
1.720672779129574781e-01 1.154634699016351684e-01
1.728898618939529452e-01 1.154358774183566611e-01
1.737144062729484850e-01 1.154083582628750576e-01
1.745409110499440697e-01 1.153809120673984917e-01
1.753693762249396715e-01 1.153535384688531701e-01
1.761998017979353459e-01 1.153262371088379229e-01
1.770321877689310930e-01 1.152990076335308062e-01
1.778665341379268849e-01 1.152718496936481346e-01
1.787028409049227218e-01 1.152447629443605487e-01
1.795411080699185480e-01 1.152177470452407093e-01
1.803813356329145023e-01 1.151908016601868728e-01
1.812235235939104738e-01 1.151639264573693783e-01
1.820676719529065180e-01 1.151371211091498925e-01
1.829137807099025514e-01 1.151103852920272175e-01
1.837618498648986853e-01 1.150837186865699413e-01
1.846118794178948919e-01 1.150571209773462861e-01
1.854638693688911155e-01 1.150305918528676807e-01
1.863178197178873563e-01 1.150041310055222032e-01
1.871737304648836975e-01 1.149777381315175706e-01
1.880316016098800835e-01 1.149514129308191746e-01
1.888914331528765145e-01 1.149251551070903099e-01
1.897532250938729903e-01 1.148989643676332773e-01
1.906169774328694833e-01 1.148728404233462369e-01
1.914826901698660766e-01 1.148467829886509195e-01
1.923503633048627148e-01 1.148207917814497575e-01
1.932199968378593979e-01 1.147948665230655724e-01
1.940915907688560982e-01 1.147690069382013428e-01
1.949651450978528711e-01 1.147432127548764225e-01
1.958406598248497166e-01 1.147174837043812706e-01
1.967181349498466070e-01 1.146918195212296293e-01
1.975975704728435423e-01 1.146662199431086882e-01
1.984789663938404669e-01 1.146406847108302346e-01
1.993623227128375197e-01 1.146152135682870776e-01
2.002476394298345896e-01 1.145898062624002567e-01
2.011349165448317322e-01 1.145644625430811137e-01
2.020241540578288642e-01 1.145391821631850243e-01
2.029153519688260965e-01 1.145139648784581909e-01
2.038085102778234015e-01 1.144888104475130092e-01
2.047036289848207236e-01 1.144637186317686295e-01
2.056007080898180628e-01 1.144386891954164848e-01
2.064997475928155024e-01 1.144137219053859567e-01
2.074007474938129869e-01 1.143888165312929583e-01
2.083037077928105441e-01 1.143639728454044213e-01
2.092086284898081183e-01 1.143391906226081250e-01
2.101155095848057097e-01 1.143144696403640831e-01
2.110243510778034015e-01 1.142898096786672119e-01
2.119351529688011382e-01 1.142652105200176321e-01
2.128479152577989197e-01 1.142406719493717915e-01
2.137626379447967184e-01 1.142161937541136263e-01
2.146793210297945897e-01 1.141917757240066417e-01
2.155979645127925337e-01 1.141674176511683486e-01
2.165185683937905226e-01 1.141431193300162655e-01
2.174411326727885563e-01 1.141188805572520559e-01
2.183656573497865794e-01 1.140947011318170917e-01
2.192921424247847306e-01 1.140705808548751893e-01
2.202205878977829268e-01 1.140465195297849926e-01
2.211509937687811678e-01 1.140225169621038315e-01
2.220833600377793982e-01 1.139985729595689862e-01
2.230176867047777289e-01 1.139746873321148685e-01
2.239539737697761046e-01 1.139508598918454463e-01
2.248922212327745529e-01 1.139270904530436945e-01
2.258324290937730461e-01 1.139033788321051482e-01
2.267745973527715286e-01 1.138797248474255480e-01
2.277187260097701116e-01 1.138561283192600915e-01
2.286648150647687394e-01 1.138325890694422693e-01
2.296128645177674399e-01 1.138091069211050327e-01
2.305628743687661297e-01 1.137856816983690705e-01
2.315148446177649200e-01 1.137623132261506853e-01
2.324687752647637551e-01 1.137390013302927300e-01
2.334246663097626351e-01 1.137157458381917174e-01
2.343825177527615322e-01 1.136925465802538088e-01
2.353423295937605020e-01 1.136694033921450270e-01
2.363041018327595444e-01 1.136463161177008047e-01
2.372678344697586317e-01 1.136232846114703376e-01
2.382335275047577638e-01 1.136003087389744620e-01
2.392011809377569131e-01 1.135773883715935212e-01
2.401707947687561351e-01 1.135545233722964342e-01
2.411423689977554297e-01 1.135317135696531227e-01
2.421159036247547691e-01 1.135089587231444819e-01
2.430913986497540979e-01 1.134862584959457216e-01
2.440688540727535549e-01 1.134636124751439573e-01
2.450482698937530290e-01 1.134410203101896691e-01
2.460296461127525758e-01 1.134184820548822525e-01
2.470129827297521674e-01 1.133959987177940582e-01
2.479982797447517484e-01 1.133735726427573531e-01
2.489855371577514298e-01 1.133512061594819931e-01
2.499747549687511561e-01 1.133288938644212013e-01
2.509659331777509550e-01 1.133065965465744757e-01
2.519590717847506878e-01 1.132843908404279204e-01
2.529541707897505765e-01 1.132622384636365748e-01
2.539512301927505100e-01 1.132401338662269996e-01
2.549502499937504885e-01 1.132180792286449356e-01
2.559512301927505673e-01 1.131960768481432011e-01
2.569541707897506355e-01 1.131741277397157464e-01
2.579590717847507486e-01 1.131522319792289399e-01
2.589659331777509621e-01 1.131303892413693252e-01
2.599747549687512205e-01 1.131085991403781854e-01
2.609855371577514682e-01 1.130868613692384700e-01
2.619982797447518164e-01 1.130651757197709550e-01
2.630129827297520984e-01 1.130435420546722775e-01
2.640296461127525363e-01 1.130219602722158795e-01
2.650482698937530190e-01 1.130004302801874555e-01
2.660688540727535467e-01 1.129789519820501159e-01
2.670913986497541748e-01 1.129575252724614592e-01
2.681159036247547922e-01 1.129361500381586003e-01
2.691423689977554545e-01 1.129148261609289328e-01
2.701707947687562172e-01 1.128935535206844198e-01
2.712011809377570248e-01 1.128723319977468081e-01
2.722335275047577108e-01 1.128511614741355695e-01
2.732678344697586081e-01 1.128300418340634631e-01
2.743041018327595504e-01 1.128089729638937083e-01
2.753423295937605375e-01 1.127879547518585296e-01
2.763825177527615695e-01 1.127669870877059943e-01
2.774246663097627019e-01 1.127460698623934526e-01
2.784687752647638237e-01 1.127252029678785655e-01
2.795148446177649904e-01 1.127043862969952515e-01
2.805628743687662574e-01 1.126836197434074316e-01
2.816128645177674028e-01 1.126629032016106396e-01
2.826648150647687596e-01 1.126422365669446785e-01
2.837187260097701613e-01 1.126216197356355170e-01
2.847745973527716079e-01 1.126010526048062538e-01
2.858324290937730994e-01 1.125805350724954079e-01
2.868922212327746357e-01 1.125600670376663975e-01
2.879539737697762170e-01 1.125396484001918995e-01
2.890176867047778431e-01 1.125192790608540855e-01
2.900833600377795141e-01 1.124989589213225838e-01
2.911509937687811744e-01 1.124786878841463611e-01
2.922205878977829352e-01 1.124584658527327807e-01
2.932921424247847964e-01 1.124382927313419961e-01
2.943656573497866469e-01 1.124181684250645519e-01
2.954411326727885978e-01 1.123980928398208567e-01
2.965185683937905936e-01 1.123780658823385487e-01
2.975979645127926343e-01 1.123580874601581431e-01
2.986793210297947199e-01 1.123381574816126327e-01
2.997626379447967393e-01 1.123182758558208538e-01
3.008479152577989146e-01 1.122984424926876529e-01
3.019351529688011904e-01 1.122786573028861506e-01
3.030243510778034555e-01 1.122589201978544948e-01
3.041155095848058210e-01 1.122392310897876583e-01
3.052086284898081758e-01 1.122195898916354684e-01
3.063037077928106311e-01 1.121999965170924068e-01
3.074007474938131312e-01 1.121804508805836625e-01
3.084997475928156763e-01 1.121609528972730696e-01
3.096007080898180996e-01 1.121415024830405421e-01
3.107036289848207899e-01 1.121220995544738447e-01
3.118085102778234696e-01 1.121027440288497046e-01
3.129153519688261942e-01 1.120834358241153267e-01
3.140241540578289636e-01 1.120641748588689091e-01
3.151349165448318335e-01 1.120449610523387152e-01
3.162476394298346927e-01 1.120257943243737342e-01
3.173623227128376523e-01 1.120066745954707427e-01
3.184789663938406568e-01 1.119876017868151191e-01
3.195975704728435396e-01 1.119685758203684961e-01
3.207181349498466338e-01 1.119495966190024172e-01
3.218406598248497730e-01 1.119306641065983821e-01
3.229651450978529570e-01 1.119117782080956691e-01
3.240915907688562414e-01 1.118929388493099808e-01
3.252199968378595152e-01 1.118741459564225604e-01
3.263503633048628338e-01 1.118553994550150199e-01
3.274826901698662529e-01 1.118366992687647027e-01
3.286169774328696613e-01 1.118180453182831269e-01
3.297532250938730591e-01 1.117994375213278851e-01
3.308914331528765573e-01 1.117808757962596988e-01
3.320316016098801559e-01 1.117623600709058418e-01
3.331737304648837994e-01 1.117438902970529363e-01
3.343178197178874878e-01 1.117254664645602052e-01
3.354638693688912210e-01 1.117070885954181136e-01
3.366118794178950546e-01 1.116887566784787733e-01
3.377618498648988776e-01 1.116704704976146795e-01
3.389137807099027455e-01 1.116522293804157462e-01
3.400676719529066028e-01 1.116340322601778179e-01
3.412235235939105604e-01 1.116158796479572585e-01
3.423813356329146185e-01 1.115977824655567802e-01
3.435411080699187214e-01 1.115797207536869395e-01
3.447028409049228137e-01 1.115617051474859234e-01
3.458665341379270064e-01 1.115437362434158614e-01
3.470321877689312440e-01 1.115258130376150653e-01
3.481998017979355819e-01 1.115079348755822625e-01
3.493693762249399093e-01 1.114901015423527125e-01
3.505409110499441705e-01 1.114723130269743429e-01
3.517144062729485876e-01 1.114545693548210925e-01
3.528898618939531051e-01 1.114368705221579353e-01
3.540672779129576120e-01 1.114192164894219628e-01
3.552466543299622193e-01 1.114016071948249753e-01
3.564279911449668714e-01 1.113840425686243862e-01
3.576112883579715684e-01 1.113665225417877491e-01
3.587965459689763104e-01 1.113490470492866369e-01
3.599837639779809306e-01 1.113316160301612151e-01
3.611729423849858178e-01 1.113142294262922660e-01
3.623640811899906944e-01 1.112968871810677829e-01
3.635571803929956158e-01 1.112795892384619706e-01
3.647522399940006377e-01 1.112623355425813726e-01
3.659492599930056489e-01 1.112451260375465212e-01
3.671482403900107605e-01 1.112279606675748156e-01
3.683491811850159170e-01 1.112108393771140541e-01
3.695520823780210629e-01 1.111937621109751612e-01
3.707569439690261981e-01 1.111767288144119292e-01
3.719637659580314892e-01 1.111597394331686611e-01
3.731725483450368253e-01 1.111427939134756460e-01
3.743832911300422062e-01 1.111258922020516710e-01
3.755959943130476320e-01 1.111090342460717140e-01
3.768106578940531581e-01 1.110922199931618781e-01
3.780272818730586737e-01 1.110754493913694990e-01
3.792458662500642896e-01 1.110587223891674330e-01
3.804664110250698950e-01 1.110420389354398324e-01
3.816889161980754896e-01 1.110253989794845325e-01
3.829133817690812402e-01 1.110088024710083054e-01
3.841398077380869802e-01 1.109922493601305654e-01
3.853681941050928206e-01 1.109757395973764577e-01
3.865985408700987613e-01 1.109592731336845745e-01
3.878308480331046915e-01 1.109428499203943819e-01
3.890651155941106665e-01 1.109264699092551154e-01
3.903013435531166864e-01 1.109101330524134010e-01
3.915395319101228067e-01 1.108938393024195695e-01
3.927796806651288053e-01 1.108775886122175397e-01
3.940217898181350153e-01 1.108613809351483015e-01
3.952658593691412148e-01 1.108452162249416312e-01
3.965118893181475146e-01 1.108290944357233077e-01
3.977598796651538593e-01 1.108130155219977653e-01
3.990098304101602489e-01 1.107969794386653162e-01
4.002617415531666833e-01 1.107809861410021385e-01
4.015156130941732182e-01 1.107650355846691165e-01
4.027714450331797424e-01 1.107491277257077328e-01
4.040292373701862005e-01 1.107332625205376120e-01
4.052889901051928145e-01 1.107174399259541198e-01
4.065507032381995289e-01 1.107016598991293066e-01
4.078143767692062882e-01 1.106859223976075085e-01
4.090800106982130369e-01 1.106702273793052638e-01
4.103476050252198859e-01 1.106545748025074688e-01
4.116171597502267798e-01 1.106389646258669618e-01
4.128886748732337186e-01 1.106233968083981112e-01
4.141621503942407023e-01 1.106078713094774957e-01
4.154375863132476199e-01 1.105923880888350225e-01
4.167149826302546933e-01 1.105769471065629617e-01
4.179943393452618672e-01 1.105615483231052187e-01
4.192756564582690304e-01 1.105461916992749594e-01
4.205589339692762940e-01 1.105308771962562053e-01
4.218441718782836025e-01 1.105156047756257059e-01
4.231313701852909004e-01 1.105003743993545062e-01
4.244205288902982987e-01 1.104851860298103061e-01
4.257116479933056308e-01 1.104700396297238207e-01
4.270047274943131188e-01 1.104549351621166992e-01
4.282997673933206517e-01 1.104398725901769157e-01
4.295967676903282295e-01 1.104248518771322046e-01
4.308957283853359077e-01 1.104098729861732048e-01
4.321966494783435753e-01 1.103949358805887543e-01
4.334995309693513432e-01 1.103800405243067911e-01
4.348043728583591006e-01 1.103651868829484683e-01
4.361111751453669583e-01 1.103503749251765059e-01
4.374199378303746943e-01 1.103356046234596349e-01
4.387306609133826418e-01 1.103208759522141952e-01
4.400433443943906342e-01 1.103061888805786511e-01
4.413579882733986715e-01 1.102915433584681915e-01
4.426745925504067536e-01 1.102769393022550032e-01
4.439931572254149361e-01 1.102623766053218296e-01
4.453136822984231080e-01 1.102478552264930384e-01
4.466361677694313248e-01 1.102333754050272285e-01
4.479606136384396420e-01 1.102189378394791835e-01
4.492870199054478375e-01 1.102045426856321508e-01
4.506153865704562445e-01 1.101901828795281146e-01
4.519457136334646408e-01 1.101758702560262648e-01
4.532780010944731375e-01 1.101615979161705144e-01
4.546122489534816791e-01 1.101473659589223275e-01
4.559484572104903211e-01 1.101331750578018881e-01
4.572866258654989524e-01 1.101190254531698026e-01
4.586267549185076287e-01 1.101049171113995667e-01
4.599688443695163498e-01 1.100908499330301160e-01
4.613128942185250048e-01 1.100768238406471117e-01
4.626589044655338712e-01 1.100628387900860067e-01
4.640068751105427269e-01 1.100488947565456677e-01
4.653568061535516831e-01 1.100349917208861134e-01
4.667086975945606842e-01 1.100211296625548812e-01
4.680625494335697301e-01 1.100073085578846949e-01
4.694183616705788209e-01 1.099935283809224257e-01
4.707761343055879566e-01 1.099797891048318321e-01
4.721358673385971372e-01 1.099660907029036544e-01
4.734975607696062516e-01 1.099524331490573381e-01
4.748612145986155220e-01 1.099388164179268823e-01
4.762268288256248927e-01 1.099252404847613079e-01
4.775944034506342528e-01 1.099117053252848669e-01
4.789639384736437133e-01 1.098982109155692555e-01
4.803354338946532187e-01 1.098847572319900517e-01
4.817088897136627690e-01 1.098713442511874694e-01
4.830843059306723641e-01 1.098579719500875629e-01
4.844616825456818376e-01 1.098446403059079729e-01
4.858410195586915226e-01 1.098313492961811577e-01
4.872223169697012524e-01 1.098180988987588480e-01
4.886055747787110826e-01 1.098048890918203457e-01
4.899907929857209021e-01 1.097917198538743144e-01
4.913779715907308221e-01 1.097785911637523398e-01
4.927671105937407314e-01 1.097655030006160770e-01
4.941582099947507412e-01 1.097524553439471057e-01
4.955512697937607958e-01 1.097394481735498722e-01
4.969462899907707287e-01 1.097264814695462776e-01
4.983432705857808731e-01 1.097135552123856689e-01
4.997422115787910624e-01 1.097006693828289497e-01
5.011431129698012965e-01 1.096878239619683559e-01
5.025459747588115755e-01 1.096750189312089008e-01
5.039507969458218994e-01 1.096622542722829885e-01
5.053575795308323793e-01 1.096495299672411577e-01
5.067663225138427929e-01 1.096368459984591176e-01
5.081770258948532515e-01 1.096242023486327377e-01
5.095896896738636439e-01 1.096115990007816843e-01
5.110043138508743032e-01 1.095990359382490176e-01
5.124208984258848965e-01 1.095865131446938645e-01
5.138394433988955345e-01 1.095740306041079748e-01
5.152599487699063285e-01 1.095615883008004970e-01
5.166824145389171674e-01 1.095491862194027943e-01
5.181068407059279401e-01 1.095368243448762574e-01
5.195332272709388688e-01 1.095245026624956514e-01
5.209615742339498423e-01 1.095122211578714866e-01
5.223918815949606387e-01 1.094999798169296185e-01
5.238241493539717020e-01 1.094877786259256247e-01
5.252583775109828101e-01 1.094756175714381302e-01
5.266945660659939632e-01 1.094634966403713050e-01
5.281327150190051611e-01 1.094514158199583337e-01
5.295728243700164040e-01 1.094393750977527419e-01
5.310148941190276917e-01 1.094273744616375971e-01
5.324589242660390243e-01 1.094154138998254394e-01
5.339049148110504017e-01 1.094034934008532994e-01
5.353528657540617131e-01 1.093916129535851406e-01
5.368027770950731803e-01 1.093797725472162724e-01
5.382546488340846924e-01 1.093679721712663977e-01
5.397084809710962494e-01 1.093562118155945312e-01
5.411642735061079623e-01 1.093444914703752269e-01
5.426220264391196091e-01 1.093328111261221841e-01
5.440817397701314118e-01 1.093211707736807120e-01
5.455434134991431483e-01 1.093095704042225808e-01
5.470070476261550407e-01 1.092980100092569851e-01
5.484726421511667560e-01 1.092864895806185260e-01
5.499401970741787382e-01 1.092750091104837812e-01
5.514097123951906543e-01 1.092635685913540405e-01
5.528811881142027262e-01 1.092521680160731951e-01
5.543546242312148431e-01 1.092408073778144834e-01
5.558300207462270048e-01 1.092294866700883466e-01
5.573073776592392115e-01 1.092182058867429278e-01
5.587866949702514630e-01 1.092069650219618659e-01
5.602679726792635373e-01 1.091957640702694993e-01
5.617512107862758786e-01 1.091846030265233997e-01
5.632364092912882647e-01 1.091734818859273481e-01
5.647235681943006957e-01 1.091624006440162775e-01
5.662126874953131717e-01 1.091513592966737445e-01
5.677037671943258035e-01 1.091403578401162755e-01
5.691968072913383692e-01 1.091293962709061482e-01
5.706918077863509797e-01 1.091184745859461735e-01
5.721887686793637462e-01 1.091075927824866204e-01
5.736876899703762245e-01 1.090967508581232176e-01
5.751885716593890807e-01 1.090859488108026770e-01
5.766914137464018708e-01 1.090751866388292579e-01
5.781962162314148168e-01 1.090644643408604370e-01
5.797029791144278077e-01 1.090537819158946958e-01
5.812117023954407324e-01 1.090431393632706331e-01
5.827223860744538131e-01 1.090325366826261216e-01
5.842350301514669386e-01 1.090219738738949229e-01
5.857496346264799980e-01 1.090114509373006635e-01
5.872661994994931023e-01 1.090009678734294579e-01
5.887847247705062514e-01 1.089905246833727942e-01
5.903052104395195565e-01 1.089801213689385734e-01
5.918276565065329065e-01 1.089697579328241794e-01
5.933520629715463013e-01 1.089594343784572039e-01
5.948784298345597410e-01 1.089491507091234629e-01
5.964067570955732256e-01 1.089389069261563758e-01
5.979370447545868661e-01 1.089287030268541456e-01
5.994692928116004405e-01 1.089185390048148794e-01
6.010035012666138377e-01 1.089084148579440581e-01
6.025396701196276128e-01 1.088983306086593467e-01
6.040777993706413218e-01 1.088882863267288809e-01
6.056178890196550757e-01 1.088782821024452951e-01
6.071599390666689855e-01 1.088683178554746278e-01
6.087039495116828292e-01 1.088583929517372012e-01
6.102499203546968287e-01 1.088485066417491653e-01
6.117978515957107621e-01 1.088386652113443320e-01
6.133477432347248515e-01 1.088288588085495889e-01
6.148995952717387636e-01 1.088190936442640644e-01
6.164534077067529427e-01 1.088093690086412019e-01
6.180091805397671667e-01 1.087996842795695557e-01
6.195669137707813245e-01 1.087900393782447739e-01
6.211266073997956383e-01 1.087804343965366460e-01
6.226882614268099969e-01 1.087708694073250409e-01
6.242518758518244004e-01 1.087613444374957578e-01
6.258174506748388488e-01 1.087518594906792951e-01
6.273849858958533421e-01 1.087424145673262510e-01
6.289544815148676582e-01 1.087330096724893058e-01
6.305259375318823523e-01 1.087236448159580871e-01
6.320993539468969802e-01 1.087143200100767065e-01
6.336747307599116530e-01 1.087050352679468507e-01
6.352520679709263707e-01 1.086957906026133625e-01
6.368313655799411332e-01 1.086865860269780187e-01
6.384126235869560517e-01 1.086774215539961647e-01
6.399958419919709041e-01 1.086682971969011174e-01
6.415810207949856903e-01 1.086592129693446790e-01
6.431681599960007434e-01 1.086501688854372011e-01
6.447572595950157304e-01 1.086411649597552320e-01
6.463483195920308733e-01 1.086322012073029086e-01
6.479413399870459500e-01 1.086232776435034075e-01
6.495363207800611827e-01 1.086143942841759774e-01
6.511332619710764602e-01 1.086055511455349953e-01
6.527321635600916716e-01 1.085967482441959342e-01
6.543330255471070389e-01 1.085879855971752656e-01
6.559358479321222291e-01 1.085792632218989667e-01
6.575406307151376861e-01 1.085705811362040751e-01
6.591473738961531881e-01 1.085619393583399095e-01
6.607560774751687349e-01 1.085533379069756055e-01
6.623667414521843266e-01 1.085447768011928021e-01
6.639793658271999632e-01 1.085362560604955923e-01
6.655939506002157557e-01 1.085277757048065533e-01
6.672104957712314821e-01 1.085193357544686626e-01
6.688290013402472534e-01 1.085109362302510427e-01
6.704494673072629585e-01 1.085025771533450617e-01
6.720718936722788195e-01 1.084942585453697594e-01
6.736962804352947254e-01 1.084859804283753726e-01
6.753226275963107872e-01 1.084777428248392822e-01
6.769509351553267829e-01 1.084695457576730915e-01
6.785812031123429344e-01 1.084613892502223620e-01
6.802134314673590199e-01 1.084532733262715820e-01
6.818476202203752612e-01 1.084451980100408358e-01
6.834837693713914364e-01 1.084371633261886625e-01
6.851218789204075454e-01 1.084291692998221868e-01
6.867619488674239214e-01 1.084212159564852812e-01
6.884039792124403423e-01 1.084133033221751363e-01
6.900479699554568080e-01 1.084054314233305616e-01
6.916939210964733187e-01 1.083976002868456273e-01
6.933418326354898742e-01 1.083898099400648907e-01
6.949917045725064746e-01 1.083820604107852970e-01
6.966435369075231199e-01 1.083743517272642426e-01
6.982973296405398100e-01 1.083666839182154257e-01
6.999530827715563230e-01 1.083590570128135783e-01
7.016107963005731030e-01 1.083514710406972281e-01
7.032704702275899278e-01 1.083439260319678799e-01
7.049321045526069085e-01 1.083364220171977588e-01
7.065956992756238231e-01 1.083289590274258835e-01
7.082612543966407825e-01 1.083215370941647271e-01
7.099287699156578979e-01 1.083141562493995097e-01
7.115982458326749471e-01 1.083068165255940685e-01
7.132696821476921523e-01 1.082995179556878879e-01
7.149430788607090692e-01 1.082922605731050647e-01
7.166184359717263641e-01 1.082850444117504363e-01
7.182957534807437039e-01 1.082778695060159918e-01
7.199750313877609775e-01 1.082707358907815109e-01
7.216562696927784071e-01 1.082636436014174086e-01
7.233394683957958815e-01 1.082565926737881906e-01
7.250246274968132898e-01 1.082495831442535500e-01
7.267117469958308540e-01 1.082426150496699907e-01
7.284008268928482410e-01 1.082356884273978359e-01
7.300918671878658950e-01 1.082288033152956769e-01
7.317848678808835938e-01 1.082219597517347504e-01
7.334798289719013376e-01 1.082151577755878641e-01
7.351767504609192372e-01 1.082083974262434828e-01
7.368756323479370707e-01 1.082016787436025501e-01
7.385764746329549491e-01 1.081950017680811948e-01
7.402792773159728723e-01 1.081883665406176004e-01
7.419840403969908404e-01 1.081817731026677720e-01
7.436907638760087425e-01 1.081752214962166392e-01
7.453994477530268004e-01 1.081687117637732121e-01
7.471100920280450142e-01 1.081622439483778259e-01
7.488226967010631618e-01 1.081558180936061098e-01
7.505372617720814654e-01 1.081494342435651429e-01
7.522537872410997029e-01 1.081430924429048618e-01
7.539722731081180962e-01 1.081367927368170612e-01
7.556927193731364234e-01 1.081305351710322160e-01
7.574151260361549065e-01 1.081243197918384247e-01
7.591394930971732125e-01 1.081181466460662127e-01
7.608658205561917853e-01 1.081120157811040622e-01
7.625941084132104031e-01 1.081059272448969821e-01
7.643243566682289547e-01 1.080998810859468140e-01
7.660565653212476622e-01 1.080938773533238195e-01
7.677907343722664146e-01 1.080879160966604080e-01
7.695268638212852119e-01 1.080819973661607258e-01
7.712649536683040541e-01 1.080761212126000181e-01
7.730050039133229411e-01 1.080702876873302215e-01
7.747470145563417621e-01 1.080644968422830310e-01
7.764909855973607389e-01 1.080587487299731059e-01
7.782369170363797606e-01 1.080530434034983472e-01
7.799848088733989382e-01 1.080473809165511251e-01
7.817346611084180497e-01 1.080417613234109925e-01
7.834864737414372060e-01 1.080361846789567593e-01
7.852402467724565183e-01 1.080306510386669222e-01
7.869959802014757644e-01 1.080251604586234537e-01
7.887536740284951664e-01 1.080197129955135366e-01
7.905133282535142802e-01 1.080143087066364194e-01
7.922749428765337720e-01 1.080089476499041246e-01
7.940385178975533087e-01 1.080036298838485120e-01
7.958040533165727792e-01 1.079983554676199192e-01
7.975715491335924057e-01 1.079931244609966673e-01
7.993410053486120770e-01 1.079879369243848947e-01
8.011124219616317932e-01 1.079827929188226093e-01
8.028857989726515543e-01 1.079776925059855036e-01
8.046611363816711382e-01 1.079726357481911175e-01
8.064384341886909890e-01 1.079676227083984918e-01
8.082176923937108848e-01 1.079626534502168972e-01
8.099989109967308254e-01 1.079577280379083737e-01
8.117820899977508109e-01 1.079528465363911449e-01
8.135672293967708413e-01 1.079480090112430318e-01
8.153543291937909165e-01 1.079432155287085443e-01
8.171433893888111477e-01 1.079384661556988256e-01
8.189344099818313127e-01 1.079337609598008396e-01
8.207273909728513006e-01 1.079291000092766073e-01
8.225223323618716664e-01 1.079244833730710063e-01
8.243192341488919661e-01 1.079199111208149348e-01
8.261180963339124217e-01 1.079153833228286979e-01
8.279189189169328111e-01 1.079109000501307369e-01
8.297217018979533565e-01 1.079064613744340762e-01
8.315264452769738357e-01 1.079020673681597570e-01
8.333331490539944708e-01 1.078977181044348532e-01
8.351418132290151508e-01 1.078934136571007008e-01
8.369524378020356536e-01 1.078891541007171440e-01
8.387650227730564234e-01 1.078849395105642150e-01
8.405795681420771270e-01 1.078807699626506134e-01
8.423960739090979866e-01 1.078766455337174246e-01
8.442145400741188910e-01 1.078725663012426589e-01
8.460349666371398403e-01 1.078685323434457333e-01
8.478573535981608345e-01 1.078645437392936890e-01
8.496817009571818735e-01 1.078606005685021352e-01
8.515080087142030685e-01 1.078567029115493070e-01
8.533362768692239753e-01 1.078528508496704175e-01
8.551665054222451490e-01 1.078490444648717711e-01
8.569986943732663676e-01 1.078452838399284186e-01
8.588328437222877421e-01 1.078415690583944958e-01
8.606689534693090504e-01 1.078379002046103291e-01
8.625070236143304037e-01 1.078342773636988550e-01
8.643470541573519128e-01 1.078307006215819541e-01
8.661890450983733558e-01 1.078271700649793136e-01
8.680329964373949547e-01 1.078236857814135474e-01
8.698789081744163765e-01 1.078202478592204389e-01
8.717267803094379541e-01 1.078168563875517433e-01
8.735766128424596877e-01 1.078135114563804481e-01
8.754284057734814661e-01 1.078102131565067956e-01
8.772821591025032895e-01 1.078069615795669844e-01
8.791378728295250466e-01 1.078037568180338912e-01
8.809955469545469597e-01 1.078005989652292135e-01
8.828551814775689177e-01 1.077974881153211523e-01
8.847167763985909206e-01 1.077944243633439936e-01
8.865803317176127463e-01 1.077914078051867008e-01
8.884458474346348389e-01 1.077884385376160215e-01
8.903133235496569764e-01 1.077855166582691454e-01
8.921827600626792698e-01 1.077826422656712746e-01
8.940541569737014971e-01 1.077798154592340546e-01
8.959275142827237692e-01 1.077770363392642344e-01
8.978028319897460863e-01 1.077743050069747133e-01
8.996801100947685592e-01 1.077716215644834163e-01
9.015593485977907440e-01 1.077689861148263678e-01
9.034405474988133067e-01 1.077663987619629782e-01
9.053237067978358033e-01 1.077638596107795971e-01
9.072088264948584557e-01 1.077613687671001019e-01
9.090959065898810421e-01 1.077589263376938361e-01
9.109849470829037843e-01 1.077565324302786065e-01
9.128759479739264604e-01 1.077541871535303009e-01
9.147689092629492924e-01 1.077518906170894103e-01
9.166638309499721693e-01 1.077496429315714932e-01
9.185607130349948690e-01 1.077474442085693540e-01
9.204595555180178357e-01 1.077452945606630491e-01
9.223603583990407362e-01 1.077431941014296984e-01
9.242631216780637926e-01 1.077411429454465525e-01
9.261678453550868939e-01 1.077391412083032046e-01
9.280745294301100401e-01 1.077371890066064902e-01
9.299831739031333422e-01 1.077352864579887853e-01
9.318937787741565781e-01 1.077334336811184151e-01
9.338063440431798590e-01 1.077316307957038310e-01
9.357208697102029626e-01 1.077298779225060871e-01
9.376373557752263332e-01 1.077281751833435025e-01
9.395558022382498597e-01 1.077265227011005994e-01
9.414762090992733201e-01 1.077249205997398568e-01
9.433985763582968254e-01 1.077233690043070541e-01
9.453229040153204865e-01 1.077218680409401108e-01
9.472491920703440815e-01 1.077204178368778853e-01
9.491774405233678324e-01 1.077190185204716932e-01
9.511076493743915172e-01 1.077176702211923576e-01
9.530398186234151359e-01 1.077163730696358845e-01
9.549739482704390214e-01 1.077151271975398533e-01
9.569100383154629519e-01 1.077139327377845957e-01
9.588480887584868162e-01 1.077127898244117227e-01
9.607880995995108364e-01 1.077116985926245968e-01
9.627300708385349015e-01 1.077106591788035000e-01
9.646740024755590115e-01 1.077096717205130449e-01
9.666198945105831664e-01 1.077087363565142619e-01
9.685677469436073661e-01 1.077078532267705530e-01
9.705175597746313887e-01 1.077070224724626935e-01
9.724693330036556782e-01 1.077062442359943972e-01
9.744230666306800126e-01 1.077055186610056531e-01
9.763787606557043919e-01 1.077048458923817592e-01
9.783364150787289271e-01 1.077042260762645920e-01
9.802960298997533961e-01 1.077036593600615294e-01
9.822576051187779100e-01 1.077031458924602170e-01
9.842211407358025799e-01 1.077026858234330225e-01
9.861866367508271836e-01 1.077022793042540089e-01
9.881540931638517211e-01 1.077019264875087312e-01
9.901235099748764146e-01 1.077016275271021756e-01
9.920948871839012639e-01 1.077013825782735801e-01
9.940682247909260472e-01 1.077011917976077177e-01
9.960435227959509863e-01 1.077010553430442080e-01
9.980207811989759703e-01 1.077009733738937269e-01
1.000000000000000666e+00 1.077009460508435573e-01
