0.000000000000000000e+00 9.684004113653542634e-01
2.078119897502626434e-05 9.676177447853361313e-01
4.352279595010249372e-05 9.667612453040324016e-01
6.822479092522875592e-05 9.658309128054565207e-01
9.488718390040502381e-05 9.648267472972610337e-01
1.235099748756312839e-04 9.637487488056228901e-01
1.540931638509075632e-04 9.625969173406410118e-01
1.866367508262337669e-04 9.613712529012289343e-01
2.211407358016100034e-04 9.600717554835589418e-01
2.576051187770363269e-04 9.586984250872992996e-01
2.960298997525126832e-04 9.572512617138417834e-01
3.364150787280388555e-04 9.557302653652968161e-01
3.787606557036150606e-04 9.541354360434981530e-01
4.230666306792412444e-04 9.524667737498110354e-01
4.693330036549174067e-04 9.507242784858869200e-01
5.175597746306437102e-04 9.489079502535152644e-01
5.677469436064200466e-04 9.470177890548210353e-01
6.198945105822462531e-04 9.450537948919806031e-01
6.740024755581224382e-04 9.430159677675243879e-01
7.300708385340486020e-04 9.409043076840069020e-01
7.880995995100251780e-04 9.387188146443453673e-01
8.480887584860512989e-04 9.364594886516184324e-01
9.100383154621275068e-04 9.341263297091827456e-01
9.739482704382536934e-04 9.317193378206533039e-01
1.039818623414429750e-03 9.292385129899205509e-01
1.107649374390655894e-03 9.266838552211753566e-01
1.177440523366932558e-03 9.240553645189250043e-01
1.249192070343258659e-03 9.213530408879869738e-01
1.322904015319634847e-03 9.185768843335345712e-01
1.398576358296060905e-03 9.157268948611010373e-01
1.476209099272537051e-03 9.128030724766017512e-01
1.555802238249063716e-03 9.098054171863366735e-01
1.637355775225640036e-03 9.067339289970341998e-01
1.720869710202266008e-03 9.035886079158562678e-01
1.806344043178942285e-03 9.003694539504117911e-01
1.893778774155669082e-03 8.970764671087962938e-01
1.983173903132445098e-03 8.937096473995905788e-01
2.074529430109271419e-03 8.902689948318978086e-01
2.167845355086147393e-03 8.867545094153546081e-01
2.263121678063073454e-03 8.831661911601711434e-01
2.360358399040050469e-03 8.795040400771130251e-01
2.459555518017076271e-03 8.757680561775860184e-01
2.560713034994152593e-03 8.719582394735989617e-01
2.663830949971278568e-03 8.680745899778293806e-01
2.768909262948454630e-03 8.641171077036186032e-01
2.875947973925680780e-03 8.600857926650289365e-01
2.984947082902957450e-03 8.559806448768256804e-01
3.095906589880283773e-03 8.518016643545524014e-01
3.208826494857659750e-03 8.475488511145189419e-01
3.323706797835085814e-03 8.432222051738444968e-01
3.440547498812561965e-03 8.388217265504844811e-01
3.559348597790088636e-03 8.343474152632497365e-01
3.680110094767664961e-03 8.297992713318514957e-01
3.802831989745290939e-03 8.251772947769077104e-01
3.927514282722965704e-03 8.204814856199930118e-01
4.054156973700691856e-03 8.157118438836584717e-01
4.182760062678468095e-03 8.108683695914533640e-01
4.313323549656295289e-03 8.059510627679759009e-01
4.445847434634171702e-03 8.009599234388899980e-01
4.580331717612097335e-03 7.958949516309545835e-01
4.716776398590073922e-03 7.907561473720698952e-01
4.855181477568099729e-03 7.855435106912925791e-01
4.995546954546175623e-03 7.802570416188839841e-01
5.137872829524301604e-03 7.748967401863299242e-01
5.282159102502477672e-03 7.694626064263899723e-01
5.428405773480703828e-03 7.639546403731135582e-01
5.576612842458980070e-03 7.583728420618887078e-01
5.726780309437305531e-03 7.527172115294761268e-01
5.878908174415681948e-03 7.469877488140348465e-01
6.032996437394107583e-03 7.411844539551687427e-01
6.189045098372585908e-03 7.353073269939625067e-01
6.347054157351111718e-03 7.293563679730135085e-01
6.507023614329687615e-03 7.233315769364696557e-01
6.668953469308313599e-03 7.172329539300748014e-01
6.832843722286989670e-03 7.110604990011970550e-01
6.998694373265715828e-03 7.048142121988768549e-01
7.166505422244492073e-03 6.984940935738650492e-01
7.336276869223317537e-03 6.921001431786550917e-01
7.508008714202193956e-03 6.856323610675340019e-01
7.681700957181119595e-03 6.790907472966135616e-01
7.857353598160098790e-03 6.724753019238828289e-01
8.034966637139125470e-03 6.657860250092380028e-01
8.214540074118200502e-03 6.590229166145350481e-01
8.396073909097327356e-03 6.521859768036262217e-01
8.579568142076502563e-03 6.452752056424047034e-01
8.765022773055727856e-03 6.382906031988522244e-01
8.952437802035004971e-03 6.312321695430750390e-01
9.141813229014330439e-03 6.240999047473592132e-01
9.333149053993705993e-03 6.168938088862057079e-01
9.526445276973131635e-03 6.096138820363848909e-01
9.721701897952607363e-03 6.022601242769748398e-01
9.918918916932136648e-03 5.948325356894136329e-01
1.011809633391171255e-02 5.873311163575458682e-01
1.031923414889133854e-02 5.797558663676668500e-01
1.052233236187101462e-02 5.721067858085716606e-01
1.072739097285074078e-02 5.643838747716070081e-01
1.093440998183051703e-02 5.565871333507185215e-01
1.114338938881034163e-02 5.487165616424957149e-01
1.135432919379021806e-02 5.407721597462291641e-01
1.156722939677014457e-02 5.327539277639573578e-01
1.178208999775011943e-02 5.246618658005173241e-01
1.199891099673014612e-02 5.164959739635951452e-01
1.221769239371022463e-02 5.082562523637802476e-01
1.243843418869035149e-02 4.999427011146180266e-01
1.266113638167052670e-02 4.915553203326575860e-01
1.288579897265075200e-02 4.830941101375128555e-01
1.311242196163102738e-02 4.745590706519080548e-01
1.334100534861135459e-02 4.659502020017376456e-01
1.357154913359173015e-02 4.572675043161204544e-01
1.380405331657215580e-02 4.485109777274515763e-01
1.403851789755263153e-02 4.396806223714596618e-01
1.427494287653315735e-02 4.307764383872663139e-01
1.451332825351373326e-02 4.217984259174366590e-01
1.475367402849436273e-02 4.127465851080389658e-01
1.499598020147503881e-02 4.036209161087064290e-01
1.524024677245576498e-02 3.944214190726876290e-01
1.548647374143653950e-02 3.851480941569090932e-01
1.573466110841736931e-02 3.758009415220356919e-01
1.598480887339824227e-02 3.663799613325253723e-01
1.623691703637917053e-02 3.568851537566948284e-01
1.649098559736014366e-02 3.473165189667738462e-01
1.674701455634117209e-02 3.376740571389706957e-01
1.700500391332224540e-02 3.279577684535310844e-01
1.726495366830337400e-02 3.181676530948012727e-01
1.752686382128455442e-02 3.083037112512875821e-01
1.779073437226577625e-02 2.983659431157245634e-01
1.805656532124705685e-02 2.883543488851321168e-01
1.832435666822837886e-02 2.782689287608809958e-01
1.859410841320975616e-02 2.681096829487619182e-01
1.886582055619118528e-02 2.578766116590399671e-01
1.913949309717265929e-02 2.475697151066560964e-01
1.941512603615418858e-02 2.371889935794858906e-01
1.969271937313575929e-02 2.267344575718494015e-01
1.997227310811738876e-02 2.162066138762250567e-01
2.025378724109906312e-02 2.056150896705535858e-01
2.053726177208079276e-02 1.950404902465036061e-01
2.082269670106256382e-02 1.848077872510248687e-01
2.111009202804439364e-02 1.755559263213761489e-01
2.139944775302626487e-02 1.678362183456781898e-01
2.169076387600819486e-02 1.617184857506100693e-01
2.198404039699017321e-02 1.569349776413049846e-01
2.227927731597219643e-02 1.531582708115315494e-01
2.257647463295427495e-02 1.501205359004945672e-01
2.287563234793639835e-02 1.476274883067653088e-01
2.317675046091857705e-02 1.455425949280410303e-01
2.347982897190080062e-02 1.437697354372037273e-01
2.378486788088307949e-02 1.422402445776560220e-01
2.409186718786539977e-02 1.409041330973971884e-01
2.440082689284778228e-02 1.397242863146997416e-01
2.471174699583020273e-02 1.386726237033193421e-01
2.502462749681268195e-02 1.377275246492917771e-01
2.533946839579521298e-02 1.368720738551778837e-01
2.565626969277778543e-02 1.360928437265144231e-01
2.597503138776041318e-02 1.353790341696816113e-01
2.629575348074308580e-02 1.347218543915688627e-01
2.661843597172581372e-02 1.341140713987246103e-01
2.694307886070858651e-02 1.335496752529771736e-01
2.726968214769141807e-02 1.330236274067452817e-01
2.759824583267428758e-02 1.325316690420703936e-01
2.792876991565721931e-02 1.320701733537877065e-01
2.826125439664019939e-02 1.316360304370033651e-01
2.859569927562322089e-02 1.312265566594700283e-01
2.893210455260630115e-02 1.308394226303569163e-01
2.927047022758941935e-02 1.304725954421261935e-01
2.961079630057259979e-02 1.301242919755804528e-01
2.995308277155582163e-02 1.297929408587934763e-01
3.029732964053910224e-02 1.294771512537523650e-01
3.064353690752242426e-02 1.291756870733540286e-01
3.099170457250580504e-02 1.288874455499236515e-01
3.134183263548922377e-02 1.286114393157269387e-01
3.169392109647270472e-02 1.283467813366896970e-01
3.204796995545623056e-02 1.280926721787448153e-01
3.240397921243980128e-02 1.278483891927301164e-01
3.276194886742343076e-02 1.276132772857125064e-01
3.312187892040710513e-02 1.273867410116194809e-01
3.348376937139083825e-02 1.271682377639655470e-01
3.384762022037460932e-02 1.269572718941735512e-01
3.421343146735843915e-02 1.267533896103487101e-01
3.458120311234230693e-02 1.265561745371621416e-01
3.495093515532624040e-02 1.263652438380892251e-01
3.532262759631021182e-02 1.261802448176368441e-01
3.569628043529424199e-02 1.260008519351658030e-01
3.607189367227831706e-02 1.258267641723724573e-01
3.644946730726244394e-02 1.256577027063492669e-01
3.682900134024662264e-02 1.254934088468736553e-01
3.721049577123083929e-02 1.253336422034422026e-01
3.759395060021512164e-02 1.251781790522142335e-01
3.797936582719944193e-02 1.250268108777586318e-01
3.836674145218382098e-02 1.248793430678223348e-01
3.875607747516824492e-02 1.247355937425440459e-01
3.914737389615272761e-02 1.245953927019928797e-01
3.954063071513724825e-02 1.244585804782561145e-01
3.993584793212182765e-02 1.243250074798958188e-01
4.033302554710645887e-02 1.241945332184011264e-01
4.073216356009112804e-02 1.240670256074676847e-01
4.113326197107585597e-02 1.239423603272055141e-01
4.153632078006062878e-02 1.238204202461117148e-01
4.194133998704546035e-02 1.237010948949475997e-01
4.234831959203032986e-02 1.235842799868685365e-01
4.275725959501525814e-02 1.234698769792394873e-01
4.316815999600023129e-02 1.233577926727979501e-01
4.358102079498526321e-02 1.232479388445795604e-01
4.399584199197033307e-02 1.231402319111565002e-01
4.441262358695546170e-02 1.230345926194620909e-01
4.483136557994064214e-02 1.229309457622677765e-01
4.525206797092586747e-02 1.228292199164325998e-01
4.567473075991114462e-02 1.227293472013949033e-01
4.609935394689646665e-02 1.226312630563320821e-01
4.652593753188184744e-02 1.225349060342655200e-01
4.695448151486726618e-02 1.224402176115109153e-01
4.738498589585275061e-02 1.223471420112500208e-01
4.781745067483826606e-02 1.222556260399395717e-01
4.825187585182384720e-02 1.221656189355002364e-01
4.868826142680946628e-02 1.220770722262778663e-01
4.912660739979515107e-02 1.219899395998514241e-01
4.956691377078088073e-02 1.219041767809958821e-01
5.000918053976664834e-02 1.218197414179029159e-01
5.045340770675248165e-02 1.217365929761247273e-01
5.089959527173835291e-02 1.216546926395846856e-01
5.134774323472428292e-02 1.215740032180777641e-01
5.179785159571025088e-02 1.214944890608517791e-01
5.224992035469628454e-02 1.214161159756386305e-01
5.270394951168235614e-02 1.213388511529790853e-01
5.315993906666848651e-02 1.212626630951658541e-01
5.361788901965465481e-02 1.211875215496693026e-01
5.407779937064088882e-02 1.211133974466530039e-01
5.453967011962716771e-02 1.210402628402623693e-01
5.500350126661349148e-02 1.209680908534450233e-01
5.546929281159986708e-02 1.208968556260566207e-01
5.593704475458628755e-02 1.208265322660102975e-01
5.640675709557277373e-02 1.207570968032944808e-01
5.687842983455929091e-02 1.206885261465532599e-01
5.735206297154587379e-02 1.206207980422784876e-01
5.782765650653248768e-02 1.205538910361440563e-01
5.830521043951917420e-02 1.204877844366337575e-01
5.878472477050590561e-02 1.204224582805697719e-01
5.926619949949267496e-02 1.203578933006218127e-01
5.974963462647950307e-02 1.202940708944726100e-01
6.023503015146637607e-02 1.202309730957395045e-01
6.072238607445330782e-02 1.201685825463537777e-01
6.121170239544027752e-02 1.201068824704427662e-01
6.170297911442730598e-02 1.200458566495587742e-01
6.219621623141437933e-02 1.199854893991667004e-01
6.269141374640151143e-02 1.199257655463670802e-01
6.318857165938866760e-02 1.198666704087200524e-01
6.368768997037589641e-02 1.198081897741338497e-01
6.418876867936318398e-02 1.197503098817674638e-01
6.469180778635051643e-02 1.196930174038645794e-01
6.519680729133789376e-02 1.196362994284661946e-01
6.570376719432530210e-02 1.195801434429678844e-01
6.621268749531278308e-02 1.195245373184844195e-01
6.672356819430030894e-02 1.194694692949026527e-01
6.723640929128789356e-02 1.194149279667106739e-01
6.775121078627552307e-02 1.193609022694268329e-01
6.826797267926318358e-02 1.193073814666967408e-01
6.878669497025091673e-02 1.192543551379579153e-01
6.930737765923869476e-02 1.192018131667017117e-01
6.983002074622653155e-02 1.191497457291996881e-01
7.035462423121441322e-02 1.190981432838199572e-01
7.088118811420231202e-02 1.190469965607557912e-01
7.140971239519029734e-02 1.189962965522145116e-01
7.194019707417832754e-02 1.189460345030727006e-01
7.247264215116641650e-02 1.188962019018933725e-01
7.300704762615452259e-02 1.188467904723543855e-01
7.354341349914270132e-02 1.187977921650328478e-01
7.408173977013092493e-02 1.187491991495442101e-01
7.462202643911922118e-02 1.187010038070087925e-01
7.516427350610754843e-02 1.186531987228269802e-01
7.570848097109590669e-02 1.186057766797646712e-01
7.625464883408433758e-02 1.185587306513166683e-01
7.680277709507281336e-02 1.185120537953406605e-01
7.735286575406134790e-02 1.184657394479457643e-01
7.790491481104989957e-02 1.184197811176346121e-01
7.845892426603853775e-02 1.183741724796757572e-01
7.901489411902722082e-02 1.183289073706990102e-01
7.957282437001594877e-02 1.182839797834949747e-01
8.013271501900470772e-02 1.182393838620307280e-01
8.069456606599353932e-02 1.181951138966546855e-01
8.125837751098241579e-02 1.181511643194873284e-01
8.182414935397135103e-02 1.181075296999657825e-01
8.239188159496033115e-02 1.180642047406112310e-01
8.296157423394934227e-02 1.180211842728813021e-01
8.353322727093842603e-02 1.179784632532545618e-01
8.410684070592755468e-02 1.179360367593997733e-01
8.468241453891674209e-02 1.178938999865165038e-01
8.525994876990593274e-02 1.178520482438150940e-01
8.583944339889522379e-02 1.178104769510954636e-01
8.642089842588455972e-02 1.177691816354902443e-01
8.700431385087394054e-02 1.177281579282746793e-01
8.758968967386336624e-02 1.176874015618473018e-01
8.817702589485282294e-02 1.176469083667782689e-01
8.876632251384235228e-02 1.176066742689639011e-01
8.935757953083194038e-02 1.175666952868983373e-01
8.995079694582157337e-02 1.175269675290355753e-01
9.054597475881122348e-02 1.174874871912352237e-01
9.114311296980096011e-02 1.174482505542882721e-01
9.174221157879074162e-02 1.174092539815564107e-01
9.234327058578056802e-02 1.173704939166713562e-01
9.294628999077042542e-02 1.173319668812907723e-01
9.355126979376035545e-02 1.172936694729943413e-01
9.415820999475034425e-02 1.172555983631625998e-01
9.476711059374037793e-02 1.172177502950109002e-01
9.537797159073045650e-02 1.171801220816243716e-01
9.599079298572055219e-02 1.171427106040894423e-01
9.660557477871074827e-02 1.171055128096831488e-01
9.722231696970097536e-02 1.170685257101067578e-01
9.784101955869126122e-02 1.170317463797979074e-01
9.846168254568156419e-02 1.169951719542700608e-01
9.908430593067193981e-02 1.169587996285305492e-01
9.970888971366237419e-02 1.169226266555377647e-01
1.003354338946528534e-01 1.168866503446925609e-01
1.009639384736433915e-01 1.168508680604069816e-01
1.015944034506339466e-01 1.168152772206938611e-01
1.022268288256245744e-01 1.167798752958043723e-01
1.028612145986152610e-01 1.167446598069098729e-01
1.034975607696059924e-01 1.167096283248356542e-01
1.041358673385967409e-01 1.166747784688070139e-01
1.047761343055875760e-01 1.166401079052529349e-01
1.054183616705784560e-01 1.166056143466412121e-01
1.060625494335693947e-01 1.165712955503501180e-01
1.067086975945603783e-01 1.165371493175687972e-01
1.073568061535513790e-01 1.165031734922300360e-01
1.080068751105424663e-01 1.164693659599781994e-01
1.086589044655335984e-01 1.164357246471730972e-01
1.093128942185247754e-01 1.164022475199018580e-01
1.099688443695159834e-01 1.163689325830529475e-01
1.106267549185072641e-01 1.163357778793755876e-01
1.112866258654986035e-01 1.163027814886029437e-01
1.119484572104899878e-01 1.162699415265817937e-01
1.126122489534813753e-01 1.162372561444262181e-01
1.132780010944728633e-01 1.162047235276955776e-01
1.139457136334643961e-01 1.161723418956033260e-01
1.146153865704559877e-01 1.161401095002317085e-01
1.152870199054476102e-01 1.161080246257867460e-01
1.159606136384392638e-01 1.160760855878501113e-01
1.166361677694310039e-01 1.160442907326955236e-01
1.173136822984227889e-01 1.160126384365753743e-01
1.179931572254146188e-01 1.159811271050777554e-01
1.186745925504064658e-01 1.159497551724977260e-01
1.193579882733983993e-01 1.159185211012011135e-01
1.200433443943903777e-01 1.158874233810445603e-01
1.207306609133824149e-01 1.158564605287613347e-01
1.214199378303744969e-01 1.158256310873517908e-01
1.221111751453665961e-01 1.157949336254103928e-01
1.228043728583587818e-01 1.157643667364466750e-01
1.234995309693510124e-01 1.157339290381289715e-01
1.241966494783433017e-01 1.157036191715916235e-01
1.248957283853355943e-01 1.156734358008442987e-01
1.255967676903279873e-01 1.156433776125102425e-01
1.262997673933204390e-01 1.156134433160462410e-01
1.270047274943129079e-01 1.155836316445783968e-01
1.277116479933054216e-01 1.155539413561939566e-01
1.284205288902980080e-01 1.155243712350100260e-01
1.291313701852906393e-01 1.154949200906003753e-01
1.298441718782833154e-01 1.154655867536163449e-01
1.305589339692760642e-01 1.154363700654273267e-01
1.312756564582688024e-01 1.154072688616093467e-01
1.319943393452616409e-01 1.153782819548208188e-01
1.327149826302545244e-01 1.153494081331212506e-01
1.334375863132474527e-01 1.153206462027462909e-01
1.341621503942403981e-01 1.152919951081808059e-01
1.348886748732334440e-01 1.152634541282055308e-01
1.356171597502265069e-01 1.152350230237220025e-01
1.363476050252196425e-01 1.152067017538798560e-01
1.370800106982128508e-01 1.151784890637241043e-01
1.378143767692060206e-01 1.151503795188933699e-01
1.385507032381993187e-01 1.151223618136521243e-01
1.392889901051926616e-01 1.150944346101759330e-01
1.400292373701860493e-01 1.150666988900341664e-01
1.407714450331794265e-01 1.150389770054475180e-01
1.415156130941729040e-01 1.150113696294268462e-01
1.422617415531664542e-01 1.149838756624331632e-01
1.430098304101600493e-01 1.149564840137404509e-01
1.437598796651536337e-01 1.149291894145350879e-01
1.445118893181473185e-01 1.149019907679401792e-01
1.452658593691410482e-01 1.148748882030276725e-01
1.460217898181348506e-01 1.148478816732651092e-01
1.467796806651286701e-01 1.148209706810797426e-01
1.475395319101225067e-01 1.147941544305159656e-01
1.483013435531164437e-01 1.147674320240186785e-01
1.490651155941104256e-01 1.147408025805150694e-01
1.498308480331044801e-01 1.147142652755052394e-01
1.505985408700985240e-01 1.146878193374483990e-01
1.513681941050926405e-01 1.146614640298645182e-01
1.521398077380868297e-01 1.146351986350566815e-01
1.529133817690810637e-01 1.146090224445091427e-01
1.536889161980753704e-01 1.145829347553377758e-01
1.544664110250696387e-01 1.145569348704404272e-01
1.552458662500640352e-01 1.145310221000529899e-01
1.560272818730584765e-01 1.145051957633485690e-01
1.568106578940529627e-01 1.144794551894821738e-01
1.575959943130474383e-01 1.144537997179902178e-01
1.583832911300420421e-01 1.144282286987409747e-01
1.591725483450366629e-01 1.144027414916189284e-01
1.599637659580313565e-01 1.143773374661555958e-01
1.607569439690260948e-01 1.143520160011510384e-01
1.615520823780208504e-01 1.143267764844148743e-01
1.623491811850156785e-01 1.143016183125168256e-01
1.631482403900105516e-01 1.142765408906453034e-01
1.639492599930054972e-01 1.142515436324480077e-01
1.647522399940004323e-01 1.142266259599324096e-01
1.655571803929954677e-01 1.142017873033236430e-01
1.663640811899905481e-01 1.141770271009477783e-01
1.671729423849857010e-01 1.141523447991037027e-01
1.679837639779808434e-01 1.141277398519202901e-01
1.687965459689760583e-01 1.141032117212340963e-01
1.696112883579713460e-01 1.140787598764383959e-01
1.704279911449667062e-01 1.140543837943659572e-01
1.712466543299620836e-01 1.140300829591507220e-01
1.720672779129574781e-01 1.140058568621055979e-01
1.728898618939529452e-01 1.139817050016035394e-01
1.737144062729484850e-01 1.139576268829457645e-01
1.745409110499440697e-01 1.139336220182646658e-01
1.753693762249396715e-01 1.139096899263921520e-01
1.761998017979353459e-01 1.138858301327638489e-01
1.770321877689310930e-01 1.138620421692875390e-01
1.778665341379268849e-01 1.138383255742684841e-01
1.787028409049227218e-01 1.138146798922684833e-01
1.795411080699185480e-01 1.137911046740325421e-01
1.803813356329145023e-01 1.137675994763658049e-01
1.812235235939104738e-01 1.137441638620497603e-01
1.820676719529065180e-01 1.137207973997294147e-01
1.829137807099025514e-01 1.136974996638357854e-01
1.837618498648986853e-01 1.136742702344759881e-01
1.846118794178948919e-01 1.136511086973514550e-01
1.854638693688911155e-01 1.136280146436569605e-01
1.863178197178873563e-01 1.136049876700110095e-01
1.871737304648836975e-01 1.135820273783465784e-01
1.880316016098800835e-01 1.135591333758406429e-01
1.888914331528765145e-01 1.135363052748303986e-01
1.897532250938729903e-01 1.135135426927192520e-01
1.906169774328694833e-01 1.134908452519129834e-01
1.914826901698660766e-01 1.134682125797291524e-01
1.923503633048627148e-01 1.134456443083207561e-01
1.932199968378593979e-01 1.134231400746082002e-01
1.940915907688560982e-01 1.134006995201944090e-01
1.949651450978528711e-01 1.133783222912978228e-01
1.958406598248497166e-01 1.133560080386813579e-01
1.967181349498466070e-01 1.133337564175733864e-01
1.975975704728435423e-01 1.133115670876137238e-01
1.984789663938404669e-01 1.132894397127679059e-01
1.993623227128375197e-01 1.132673739612746200e-01
2.002476394298345896e-01 1.132453695055742338e-01
2.011349165448317322e-01 1.132234260222406280e-01
2.020241540578288642e-01 1.132015431919296128e-01
2.029153519688260965e-01 1.131797206993028493e-01
2.038085102778234015e-01 1.131579582329758915e-01
2.047036289848207236e-01 1.131362554854612734e-01
2.056007080898180628e-01 1.131146121530952064e-01
2.064997475928155024e-01 1.130930279359968205e-01
2.074007474938129869e-01 1.130715025380029659e-01
2.083037077928105441e-01 1.130500356666069850e-01
2.092086284898081183e-01 1.130286270329225323e-01
2.101155095848057097e-01 1.130072763516068862e-01
2.110243510778034015e-01 1.129859833408266706e-01
2.119351529688011382e-01 1.129647477221935592e-01
2.128479152577989197e-01 1.129435692207199360e-01
2.137626379447967184e-01 1.129224475647722103e-01
2.146793210297945897e-01 1.129013824860082005e-01
2.155979645127925337e-01 1.128803737193406903e-01
2.165185683937905226e-01 1.128594210028876083e-01
2.174411326727885563e-01 1.128385240779230247e-01
2.183656573497865794e-01 1.128176826888295514e-01
2.192921424247847306e-01 1.127968965830586645e-01
2.202205878977829268e-01 1.127761655110815359e-01
2.211509937687811678e-01 1.127554892263565728e-01
2.220833600377793982e-01 1.127348674852723526e-01
2.230176867047777289e-01 1.127143000471277773e-01
2.239539737697761046e-01 1.126937866740580774e-01
2.248922212327745529e-01 1.126733271310317447e-01
2.258324290937730461e-01 1.126529211857688478e-01
2.267745973527715286e-01 1.126325686087037148e-01
2.277187260097701116e-01 1.126122691729497527e-01
2.286648150647687394e-01 1.125920226542301283e-01
2.296128645177674399e-01 1.125718288308709958e-01
2.305628743687661297e-01 1.125516874838011494e-01
2.315148446177649200e-01 1.125315983965842620e-01
2.324687752647637551e-01 1.125115613554834998e-01
2.334246663097626351e-01 1.124915761494847816e-01
2.343825177527615322e-01 1.124716425702262101e-01
2.353423295937605020e-01 1.124517604116418157e-01
2.363041018327595444e-01 1.124319294693116728e-01
2.372678344697586317e-01 1.124121495395520309e-01
2.382335275047577638e-01 1.123924204188482823e-01
2.392011809377569131e-01 1.123727419047212822e-01
2.401707947687561351e-01 1.123531137996422319e-01
2.411423689977554297e-01 1.123335359185356624e-01
2.421159036247547691e-01 1.123140080967058169e-01
2.430913986497540979e-01 1.122945301865670015e-01
2.440688540727535549e-01 1.122751020221792601e-01
2.450482698937530290e-01 1.122557233356646367e-01
2.460296461127525758e-01 1.122363936704428022e-01
2.470129827297521674e-01 1.122171125097273237e-01
2.479982797447517484e-01 1.121978800759563799e-01
2.489855371577514298e-01 1.121786988551052716e-01
2.499747549687511561e-01 1.121595716281666433e-01
2.509659331777509550e-01 1.121404722430874717e-01
2.519590717847506878e-01 1.121214414442607554e-01
2.529541707897505765e-01 1.121024534851499804e-01
2.539512301927505100e-01 1.120835110070814294e-01
2.549502499937504885e-01 1.120646164639581971e-01
2.559512301927505673e-01 1.120457700953360614e-01
2.569541707897506355e-01 1.120269714112505505e-01
2.579590717847507486e-01 1.120082199842743070e-01
2.589659331777509621e-01 1.119895155771751943e-01
2.599747549687512205e-01 1.119708580559023448e-01
2.609855371577514682e-01 1.119522473065154150e-01
2.619982797447518164e-01 1.119336832008738236e-01
2.630129827297520984e-01 1.119151655944542190e-01
2.640296461127525363e-01 1.118966943347899784e-01
2.650482698937530190e-01 1.118782692689721386e-01
2.660688540727535467e-01 1.118598902472793949e-01
2.670913986497541748e-01 1.118415571237554307e-01
2.681159036247547922e-01 1.118232697554801397e-01
2.691423689977554545e-01 1.118050280016295445e-01
2.701707947687562172e-01 1.117868317228652153e-01
2.712011809377570248e-01 1.117686807810884392e-01
2.722335275047577108e-01 1.117505750394136577e-01
2.732678344697586081e-01 1.117325143622592831e-01
2.743041018327595504e-01 1.117144986154206404e-01
2.753423295937605375e-01 1.116965276661240902e-01
2.763825177527615695e-01 1.116786013830285695e-01
2.774246663097627019e-01 1.116607196362171261e-01
2.784687752647638237e-01 1.116428822971597540e-01
2.795148446177649904e-01 1.116250892386893151e-01
2.805628743687662574e-01 1.116073403349745335e-01
2.816128645177674028e-01 1.115896354614999836e-01
2.826648150647687596e-01 1.115719744950465914e-01
2.837187260097701613e-01 1.115543573136800748e-01
2.847745973527716079e-01 1.115367837967368436e-01
2.858324290937730994e-01 1.115192538248023779e-01
2.868922212327746357e-01 1.115017672797153220e-01
2.879539737697762170e-01 1.114843240445291955e-01
2.890176867047778431e-01 1.114669240035195547e-01
2.900833600377795141e-01 1.114495670421555978e-01
2.911509937687811744e-01 1.114322530470890360e-01
2.922205878977829352e-01 1.114149819061431568e-01
2.932921424247847964e-01 1.113977535082990716e-01
2.943656573497866469e-01 1.113805677436745661e-01
2.954411326727885978e-01 1.113634245035210329e-01
2.965185683937905936e-01 1.113463236802019335e-01
2.975979645127926343e-01 1.113292651671864836e-01
2.986793210297947199e-01 1.113122488590331111e-01
2.997626379447967393e-01 1.112952746513734270e-01
3.008479152577989146e-01 1.112783424409128918e-01
3.019351529688011904e-01 1.112614521254018662e-01
3.030243510778034555e-01 1.112446036036348895e-01
3.041155095848058210e-01 1.112277967754362745e-01
3.052086284898081758e-01 1.112110315416461465e-01
3.063037077928106311e-01 1.111943078041140037e-01
3.074007474938131312e-01 1.111776254656784008e-01
3.084997475928156763e-01 1.111609844301677530e-01
3.096007080898180996e-01 1.111443846023795340e-01
3.107036289848207899e-01 1.111278258880762648e-01
3.118085102778234696e-01 1.111113081939637398e-01
3.129153519688261942e-01 1.110948314276954257e-01
3.140241540578289636e-01 1.110783954978458860e-01
3.151349165448318335e-01 1.110620003139189682e-01
3.162476394298346927e-01 1.110456457863177593e-01
3.173623227128376523e-01 1.110293318263641804e-01
3.184789663938406568e-01 1.110130583462754505e-01
3.195975704728435396e-01 1.109968252591580634e-01
3.207181349498466338e-01 1.109806324789989335e-01
3.218406598248497730e-01 1.109644799206252613e-01
3.229651450978529570e-01 1.109483674996603469e-01
3.240915907688562414e-01 1.109322951324876877e-01
3.252199968378595152e-01 1.109162627362458992e-01
3.263503633048628338e-01 1.109002702289446085e-01
3.274826901698662529e-01 1.108843175297235389e-01
3.286169774328696613e-01 1.108684045591799977e-01
3.297532250938730591e-01 1.108525312394419149e-01
3.308914331528765573e-01 1.108366974932408211e-01
3.320316016098801559e-01 1.108209032414217282e-01
3.331737304648837994e-01 1.108051483995545067e-01
3.343178197178874878e-01 1.107894328784144872e-01
3.354638693688912210e-01 1.107737565983304001e-01
3.366118794178950546e-01 1.107581195243084321e-01
3.377618498648988776e-01 1.107425216886750996e-01
3.389137807099027455e-01 1.107269630569991947e-01
3.400676719529066028e-01 1.107114430281862794e-01
3.412235235939105604e-01 1.106959603563901912e-01
3.423813356329146185e-01 1.106805210170301451e-01
3.435411080699187214e-01 1.106651159566186676e-01
3.447028409049228137e-01 1.106497510649791516e-01
3.458665341379270064e-01 1.106344251564747166e-01
3.470321877689312440e-01 1.106191376426814976e-01
3.481998017979355819e-01 1.106038884897069391e-01
3.493693762249399093e-01 1.105886777332679011e-01
3.505409110499441705e-01 1.105735053455434852e-01
3.517144062729485876e-01 1.105583712566801380e-01
3.528898618939531051e-01 1.105432753891727460e-01
3.540672779129576120e-01 1.105282176717718307e-01
3.552466543299622193e-01 1.105131980397269509e-01
3.564279911449668714e-01 1.104982164313891568e-01
3.576112883579715684e-01 1.104832727857806285e-01
3.587965459689763104e-01 1.104683670417987013e-01
3.599837639779809306e-01 1.104534991383397391e-01
3.611729423849858178e-01 1.104386690146621636e-01
3.623640811899906944e-01 1.104238766106180186e-01
3.635571803929956158e-01 1.104091218667606067e-01
3.647522399940006377e-01 1.103944047243236443e-01
3.659492599930056489e-01 1.103797251251778938e-01
3.671482403900107605e-01 1.103650830117920839e-01
3.683491811850159170e-01 1.103504783272099693e-01
3.695520823780210629e-01 1.103359110150408662e-01
3.707569439690261981e-01 1.103213810194565020e-01
3.719637659580314892e-01 1.103068882851971355e-01
3.731725483450368253e-01 1.102924327575570823e-01
3.743832911300422062e-01 1.102780143824034359e-01
3.755959943130476320e-01 1.102636331061448843e-01
3.768106578940531581e-01 1.102492888757525824e-01
3.780272818730586737e-01 1.102349816387321740e-01
3.792458662500642896e-01 1.102207113431381003e-01
3.804664110250698950e-01 1.102064779375551834e-01
3.816889161980754896e-01 1.101922813710989879e-01
3.829133817690812402e-01 1.101781215934156261e-01
3.841398077380869802e-01 1.101639985546701422e-01
3.853681941050928206e-01 1.101499122055480950e-01
3.865985408700987613e-01 1.101358624972496592e-01
3.878308480331046915e-01 1.101218493814831584e-01
3.890651155941106665e-01 1.101078728104692012e-01
3.903013435531166864e-01 1.100939327369204745e-01
3.915395319101228067e-01 1.100800291140612702e-01
3.927796806651288053e-01 1.100661618956005894e-01
3.940217898181350153e-01 1.100523310357446327e-01
3.952658593691412148e-01 1.100385364891815765e-01
3.965118893181475146e-01 1.100247782110913147e-01
3.977598796651538593e-01 1.100110561571257667e-01
3.990098304101602489e-01 1.099973702834197986e-01
4.002617415531666833e-01 1.099837205465769158e-01
4.015156130941732182e-01 1.099701069036743417e-01
4.027714450331797424e-01 1.099565293122544141e-01
4.040292373701862005e-01 1.099429877303220587e-01
4.052889901051928145e-01 1.099294821163442348e-01
4.065507032381995289e-01 1.099160124292415247e-01
4.078143767692062882e-01 1.099025786283911732e-01
4.090800106982130369e-01 1.098891806736209398e-01
4.103476050252198859e-01 1.098758185252052960e-01
4.116171597502267798e-01 1.098624921438609570e-01
4.128886748732337186e-01 1.098492014907515163e-01
4.141621503942407023e-01 1.098359465274746927e-01
4.154375863132476199e-01 1.098227272160652718e-01
4.167149826302546933e-01 1.098095435189919283e-01
4.179943393452618672e-01 1.097963953991540065e-01
4.192756564582690304e-01 1.097832828198768845e-01
4.205589339692762940e-01 1.097702057449139179e-01
4.218441718782836025e-01 1.097571641384410407e-01
4.231313701852909004e-01 1.097441579650569599e-01
4.244205288902982987e-01 1.097311871897697494e-01
4.257116479933056308e-01 1.097182517779984462e-01
4.270047274943131188e-01 1.097053516955660696e-01
4.282997673933206517e-01 1.096924869086973037e-01
4.295967676903282295e-01 1.096796573840364830e-01
4.308957283853359077e-01 1.096668630886797058e-01
4.321966494783435753e-01 1.096541039901969133e-01
4.334995309693513432e-01 1.096413800566088531e-01
4.348043728583591006e-01 1.096286912562415700e-01
4.361111751453669583e-01 1.096160375574239954e-01
4.374199378303746943e-01 1.096034189282544952e-01
4.387306609133826418e-01 1.095908353370481786e-01
4.400433443943906342e-01 1.095782867543030614e-01
4.413579882733986715e-01 1.095657731557708875e-01
4.426745925504067536e-01 1.095532945215891424e-01
4.439931572254149361e-01 1.095408508200166747e-01
4.453136822984231080e-01 1.095284419731486492e-01
4.466361677694313248e-01 1.095160678748288430e-01
4.479606136384396420e-01 1.095037286819990907e-01
4.492870199054478375e-01 1.094914252209793770e-01
4.506153865704562445e-01 1.094791543096634984e-01
4.519457136334646408e-01 1.094669203612893688e-01
4.532780010944731375e-01 1.094547202451038870e-01
4.546122489534816791e-01 1.094425547601667464e-01
4.559484572104903211e-01 1.094304240647738652e-01
4.572866258654989524e-01 1.094183280588176127e-01
4.586267549185076287e-01 1.094062666695218150e-01
4.599688443695163498e-01 1.093942398698321827e-01
4.613128942185250048e-01 1.093822476448430697e-01
4.626589044655338712e-01 1.093702899759577823e-01
4.640068751105427269e-01 1.093583668402080822e-01
4.653568061535516831e-01 1.093464782133485164e-01
4.667086975945606842e-01 1.093346240717370937e-01
4.680625494335697301e-01 1.093228043927133991e-01
4.694183616705788209e-01 1.093110191543204268e-01
4.707761343055879566e-01 1.092992683350255956e-01
4.721358673385971372e-01 1.092875519135745044e-01
4.734975607696062516e-01 1.092758698689985097e-01
4.748612145986155220e-01 1.092642221806340436e-01
4.762268288256248927e-01 1.092526088281635249e-01
4.775944034506342528e-01 1.092410297916206197e-01
4.789639384736437133e-01 1.092294850513957361e-01
4.803354338946532187e-01 1.092179745882248532e-01
4.817088897136627690e-01 1.092064983831917413e-01
4.830843059306723641e-01 1.091950564177164990e-01
4.844616825456818376e-01 1.091836486735603268e-01
4.858410195586915226e-01 1.091722751328215585e-01
4.872223169697012524e-01 1.091609357779394912e-01
4.886055747787110826e-01 1.091496305916844767e-01
4.899907929857209021e-01 1.091383595571706749e-01
4.913779715907308221e-01 1.091271226578436199e-01
4.927671105937407314e-01 1.091159198774846045e-01
4.941582099947507412e-01 1.091047512002082248e-01
4.955512697937607958e-01 1.090936166104634897e-01
4.969462899907707287e-01 1.090825160930273124e-01
4.983432705857808731e-01 1.090714496330145306e-01
4.997422115787910624e-01 1.090604172158641527e-01
5.011431129698012965e-01 1.090494188273491150e-01
5.025459747588115755e-01 1.090384544535708822e-01
5.039507969458218994e-01 1.090275240809559093e-01
5.053575795308323793e-01 1.090166276962632741e-01
5.067663225138427929e-01 1.090057652865745325e-01
5.081770258948532515e-01 1.089949368393014623e-01
5.095896896738636439e-01 1.089841423421800543e-01
5.110043138508743032e-01 1.089733817832715529e-01
5.124208984258848965e-01 1.089626551509610408e-01
5.138394433988955345e-01 1.089519624339585768e-01
5.152599487699063285e-01 1.089413036213001257e-01
5.166824145389171674e-01 1.089306787023402168e-01
5.181068407059279401e-01 1.089200876667593965e-01
5.195332272709388688e-01 1.089095305045589546e-01
5.209615742339498423e-01 1.088990072060629644e-01
5.223918815949606387e-01 1.088885177619161732e-01
5.238241493539717020e-01 1.088780621630853762e-01
5.252583775109828101e-01 1.088676404008552950e-01
5.266945660659939632e-01 1.088572524668340036e-01
5.281327150190051611e-01 1.088468983529480155e-01
5.295728243700164040e-01 1.088365780514427561e-01
5.310148941190276917e-01 1.088262915548851989e-01
5.324589242660390243e-01 1.088160388561589531e-01
5.339049148110504017e-01 1.088058199484680799e-01
5.353528657540617131e-01 1.087956348253340949e-01
5.368027770950731803e-01 1.087854834805992710e-01
5.382546488340846924e-01 1.087753659084184643e-01
5.397084809710962494e-01 1.087652821032723816e-01
5.411642735061079623e-01 1.087552320599524808e-01
5.426220264391196091e-01 1.087452157735714769e-01
5.440817397701314118e-01 1.087352332395607885e-01
5.455434134991431483e-01 1.087252844536651247e-01
5.470070476261550407e-01 1.087153694119508546e-01
5.484726421511667560e-01 1.087054881107983872e-01
5.499401970741787382e-01 1.086956405469083342e-01
5.514097123951906543e-01 1.086858267172964854e-01
5.528811881142027262e-01 1.086760466192960434e-01
5.543546242312148431e-01 1.086663002505593723e-01
5.558300207462270048e-01 1.086565876090535149e-01
5.573073776592392115e-01 1.086469086930640093e-01
5.587866949702514630e-01 1.086372635011963877e-01
5.602679726792635373e-01 1.086276520323675859e-01
5.617512107862758786e-01 1.086180742858185583e-01
5.632364092912882647e-01 1.086085302611035502e-01
5.647235681943006957e-01 1.085990199580974674e-01
5.662126874953131717e-01 1.085895433769921425e-01
5.677037671943258035e-01 1.085801005182960577e-01
5.691968072913383692e-01 1.085706913828389519e-01
5.706918077863509797e-01 1.085613159717669501e-01
5.721887686793637462e-01 1.085519742865447418e-01
5.736876899703762245e-01 1.085426663289611598e-01
5.751885716593890807e-01 1.085333921011140401e-01
5.766914137464018708e-01 1.085241516054325367e-01
5.781962162314148168e-01 1.085149448446576931e-01
5.797029791144278077e-01 1.085057718218546546e-01
5.812117023954407324e-01 1.084966325404053133e-01
5.827223860744538131e-01 1.084875270040098622e-01
5.842350301514669386e-01 1.084784552166948857e-01
5.857496346264799980e-01 1.084694171828046727e-01
5.872661994994931023e-01 1.084604129070264877e-01
5.887847247705062514e-01 1.084514423943691297e-01
5.903052104395195565e-01 1.084425056501683027e-01
5.918276565065329065e-01 1.084336026800265251e-01
5.933520629715463013e-01 1.084247334897854714e-01
5.948784298345597410e-01 1.084158980855602777e-01
5.964067570955732256e-01 1.084070964740087295e-01
5.979370447545868661e-01 1.083983286627744902e-01
5.994692928116004405e-01 1.083895946604154642e-01
6.010035012666138377e-01 1.083808944743573088e-01
6.025396701196276128e-01 1.083722281066642756e-01
6.040777993706413218e-01 1.083635955555772301e-01
6.056178890196550757e-01 1.083549968430330412e-01
6.071599390666689855e-01 1.083464320563319039e-01
6.087039495116828292e-01 1.083379011884802873e-01
6.102499203546968287e-01 1.083294034902247405e-01
6.117978515957107621e-01 1.083209410744614132e-01
6.133477432347248515e-01 1.083125111436257365e-01
6.148995952717387636e-01 1.083041157967037926e-01
6.164534077067529427e-01 1.082957542994437417e-01
6.180091805397671667e-01 1.082874266461226892e-01
6.195669137707813245e-01 1.082791329251568818e-01
6.211266073997956383e-01 1.082708731612064962e-01
6.226882614268099969e-01 1.082626473565685005e-01
6.242518758518244004e-01 1.082544555182157614e-01
6.258174506748388488e-01 1.082462976590271436e-01
6.273849858958533421e-01 1.082381737935178834e-01
6.289544815148676582e-01 1.082300839359006117e-01
6.305259375318823523e-01 1.082220281000900314e-01
6.320993539468969802e-01 1.082140063001621327e-01
6.336747307599116530e-01 1.082060185505991229e-01
6.352520679709263707e-01 1.081980648663118660e-01
6.368313655799411332e-01 1.081901452626000820e-01
6.384126235869560517e-01 1.081822597551038018e-01
6.399958419919709041e-01 1.081744083597965395e-01
6.415810207949856903e-01 1.081665910929906771e-01
6.431681599960007434e-01 1.081588079713393241e-01
6.447572595950157304e-01 1.081510590118473919e-01
6.463483195920308733e-01 1.081433442318674581e-01
6.479413399870459500e-01 1.081356636491088014e-01
6.495363207800611827e-01 1.081280172816256879e-01
6.511332619710764602e-01 1.081204051478272810e-01
6.527321635600916716e-01 1.081128272664791251e-01
6.543330255471070389e-01 1.081052836566936265e-01
6.559358479321222291e-01 1.080977743379444717e-01
6.575406307151376861e-01 1.080902993300632553e-01
6.591473738961531881e-01 1.080828586532304181e-01
6.607560774751687349e-01 1.080754523279982143e-01
6.623667414521843266e-01 1.080680803752678276e-01
6.639793658271999632e-01 1.080607428163099654e-01
6.655939506002157557e-01 1.080534396727508145e-01
6.672104957712314821e-01 1.080461709665883202e-01
6.688290013402472534e-01 1.080389367201780720e-01
6.704494673072629585e-01 1.080317369562472651e-01
6.720718936722788195e-01 1.080245716978886772e-01
6.736962804352947254e-01 1.080174409685641240e-01
6.753226275963107872e-01 1.080103447921073323e-01
6.769509351553267829e-01 1.080032831927200537e-01
6.785812031123429344e-01 1.079962561949832089e-01
6.802134314673590199e-01 1.079892638238465485e-01
6.818476202203752612e-01 1.079823061046371740e-01
6.834837693713914364e-01 1.079753830630628686e-01
6.851218789204075454e-01 1.079684947252048249e-01
6.867619488674239214e-01 1.079616411175292334e-01
6.884039792124403423e-01 1.079548222668812452e-01
6.900479699554568080e-01 1.079480382004900652e-01
6.916939210964733187e-01 1.079412889459700486e-01
6.933418326354898742e-01 1.079345745313196325e-01
6.949917045725064746e-01 1.079278949849298286e-01
6.966435369075231199e-01 1.079212503355762853e-01
6.982973296405398100e-01 1.079146406124266155e-01
6.999530827715563230e-01 1.079080658450456004e-01
7.016107963005731030e-01 1.079015260633843093e-01
7.032704702275899278e-01 1.078950212977973777e-01
7.049321045526069085e-01 1.078885515790322103e-01
7.065956992756238231e-01 1.078821169382386119e-01
7.082612543966407825e-01 1.078757174069635977e-01
7.099287699156578979e-01 1.078693530171629805e-01
7.115982458326749471e-01 1.078630238011910603e-01
7.132696821476921523e-01 1.078567297918114343e-01
7.149430788607090692e-01 1.078504710221947632e-01
7.166184359717263641e-01 1.078442475259237671e-01
7.182957534807437039e-01 1.078380593369904772e-01
7.199750313877609775e-01 1.078319064898015517e-01
7.216562696927784071e-01 1.078257890191788304e-01
7.233394683957958815e-01 1.078197069603637620e-01
7.250246274968132898e-01 1.078136603490134626e-01
7.267117469958308540e-01 1.078076492212094728e-01
7.284008268928482410e-01 1.078016736134550096e-01
7.300918671878658950e-01 1.077957335626786861e-01
7.317848678808835938e-01 1.077898291062377167e-01
7.334798289719013376e-01 1.077839602819176124e-01
7.351767504609192372e-01 1.077781271279365516e-01
7.368756323479370707e-01 1.077723296829420224e-01
7.385764746329549491e-01 1.077665679860241171e-01
7.402792773159728723e-01 1.077608420767046660e-01
7.419840403969908404e-01 1.077551519949493108e-01
7.436907638760087425e-01 1.077494977811629256e-01
7.453994477530268004e-01 1.077438794761968327e-01
7.471100920280450142e-01 1.077382971213468182e-01
7.488226967010631618e-01 1.077327507583604321e-01
7.505372617720814654e-01 1.077272404294331437e-01
7.522537872410997029e-01 1.077217661772162244e-01
7.539722731081180962e-01 1.077163280448174831e-01
7.556927193731364234e-01 1.077109260757949799e-01
7.574151260361549065e-01 1.077055603141805762e-01
7.591394930971732125e-01 1.077002308044563705e-01
7.608658205561917853e-01 1.076949375915782353e-01
7.625941084132104031e-01 1.076896807209653806e-01
7.643243566682289547e-01 1.076844602385076538e-01
7.660565653212476622e-01 1.076792761905701612e-01
7.677907343722664146e-01 1.076741286239906725e-01
7.695268638212852119e-01 1.076690175860857968e-01
7.712649536683040541e-01 1.076639431246523421e-01
7.730050039133229411e-01 1.076589052879709657e-01
7.747470145563417621e-01 1.076539041248069234e-01
7.764909855973607389e-01 1.076489396844144547e-01
7.782369170363797606e-01 1.076440120165379349e-01
7.799848088733989382e-01 1.076391211714181062e-01
7.817346611084180497e-01 1.076342671997893574e-01
7.834864737414372060e-01 1.076294501528861774e-01
7.852402467724565183e-01 1.076246700824466801e-01
7.869959802014757644e-01 1.076199270407126041e-01
7.887536740284951664e-01 1.076152210804345172e-01
7.905133282535142802e-01 1.076105522548735649e-01
7.922749428765337720e-01 1.076059206178016370e-01
7.940385178975533087e-01 1.076013262235144818e-01
7.958040533165727792e-01 1.075967691268203963e-01
7.975715491335924057e-01 1.075922493830533122e-01
7.993410053486120770e-01 1.075877670480753084e-01
8.011124219616317932e-01 1.075833221782730442e-01
8.028857989726515543e-01 1.075789148305678483e-01
8.046611363816711382e-01 1.075745450624159688e-01
8.064384341886909890e-01 1.075702129318124034e-01
8.082176923937108848e-01 1.075659184972927868e-01
8.099989109967308254e-01 1.075616618179386641e-01
8.117820899977508109e-01 1.075574429533787402e-01
8.135672293967708413e-01 1.075532619637951104e-01
8.153543291937909165e-01 1.075491189099235662e-01
8.171433893888111477e-01 1.075450138530569255e-01
8.189344099818313127e-01 1.075409468550538594e-01
8.207273909728513006e-01 1.075369179783338819e-01
8.225223323618716664e-01 1.075329272858877167e-01
8.243192341488919661e-01 1.075289748412773527e-01
8.261180963339124217e-01 1.075250607086422755e-01
8.279189189169328111e-01 1.075211849527018537e-01
8.297217018979533565e-01 1.075173476387523280e-01
8.315264452769738357e-01 1.075135488326877664e-01
8.333331490539944708e-01 1.075097886009828418e-01
8.351418132290151508e-01 1.075060670107137878e-01
8.369524378020356536e-01 1.075023841295501686e-01
8.387650227730564234e-01 1.074987400257667591e-01
8.405795681420771270e-01 1.074951347682421982e-01
8.423960739090979866e-01 1.074915684264673155e-01
8.442145400741188910e-01 1.074880410705464778e-01
8.460349666371398403e-01 1.074845527711990600e-01
8.478573535981608345e-01 1.074811035997713521e-01
8.496817009571818735e-01 1.074776936282304668e-01
8.515080087142030685e-01 1.074743229291805352e-01
8.533362768692239753e-01 1.074709915758515072e-01
8.551665054222451490e-01 1.074676996421216058e-01
8.569986943732663676e-01 1.074644472025036157e-01
8.588328437222877421e-01 1.074612343321653674e-01
8.606689534693090504e-01 1.074580611069187730e-01
8.625070236143304037e-01 1.074549276032378681e-01
8.643470541573519128e-01 1.074518338982567156e-01
8.661890450983733558e-01 1.074487800697701140e-01
8.680329964373949547e-01 1.074457661962474053e-01
8.698789081744163765e-01 1.074427923568310322e-01
8.717267803094379541e-01 1.074398586313413256e-01
8.735766128424596877e-01 1.074369651002845677e-01
8.754284057734814661e-01 1.074341118448516458e-01
8.772821591025032895e-01 1.074312989469321800e-01
8.791378728295250466e-01 1.074285264891093050e-01
8.809955469545469597e-01 1.074257945546728682e-01
8.828551814775689177e-01 1.074231032276169728e-01
8.847167763985909206e-01 1.074204525926545639e-01
8.865803317176127463e-01 1.074178427352103643e-01
8.884458474346348389e-01 1.074152737414369591e-01
8.903133235496569764e-01 1.074127456982155310e-01
8.921827600626792698e-01 1.074102586931567765e-01
8.940541569737014971e-01 1.074078128146161298e-01
8.959275142827237692e-01 1.074054081516896686e-01
8.978028319897460863e-01 1.074030447942253413e-01
8.996801100947685592e-01 1.074007228328252711e-01
9.015593485977907440e-01 1.073984423588543735e-01
9.034405474988133067e-01 1.073962034644408425e-01
9.053237067978358033e-01 1.073940062424897229e-01
9.072088264948584557e-01 1.073918507866797600e-01
9.090959065898810421e-01 1.073897371914767779e-01
9.109849470829037843e-01 1.073876655521322498e-01
9.128759479739264604e-01 1.073856359646979813e-01
9.147689092629492924e-01 1.073836485260235979e-01
9.166638309499721693e-01 1.073817033337673976e-01
9.185607130349948690e-01 1.073798004864016387e-01
9.204595555180178357e-01 1.073779400832198666e-01
9.223603583990407362e-01 1.073761222243364982e-01
9.242631216780637926e-01 1.073743470107059450e-01
9.261678453550868939e-01 1.073726145441145918e-01
9.280745294301100401e-01 1.073709249271981164e-01
9.299831739031333422e-01 1.073692782634421972e-01
9.318937787741565781e-01 1.073676746571920332e-01
9.338063440431798590e-01 1.073661142136577429e-01
9.357208697102029626e-01 1.073645970389183746e-01
9.376373557752263332e-01 1.073631232399368252e-01
9.395558022382498597e-01 1.073616929245578139e-01
9.414762090992733201e-01 1.073603062015190818e-01
9.433985763582968254e-01 1.073589631804585248e-01
9.453229040153204865e-01 1.073576639719209802e-01
9.472491920703440815e-01 1.073564086873650264e-01
9.491774405233678324e-01 1.073551974391685065e-01
9.511076493743915172e-01 1.073540303406427809e-01
9.530398186234151359e-01 1.073529075060288829e-01
9.549739482704390214e-01 1.073518290505179051e-01
9.569100383154629519e-01 1.073507950902463509e-01
9.588480887584868162e-01 1.073498057423140500e-01
9.607880995995108364e-01 1.073488611247854080e-01
9.627300708385349015e-01 1.073479613567003832e-01
9.646740024755590115e-01 1.073471065580813150e-01
9.666198945105831664e-01 1.073462968499413056e-01
9.685677469436073661e-01 1.073455323542928802e-01
9.705175597746313887e-01 1.073448131941544537e-01
9.724693330036556782e-01 1.073441394935623072e-01
9.744230666306800126e-01 1.073435113775747934e-01
9.763787606557043919e-01 1.073429289722833829e-01
9.783364150787289271e-01 1.073423924048202138e-01
9.802960298997533961e-01 1.073419018033694994e-01
9.822576051187779100e-01 1.073414572971728015e-01
9.842211407358025799e-01 1.073410590165394252e-01
9.861866367508271836e-01 1.073407070928555779e-01
9.881540931638517211e-01 1.073404016585938481e-01
9.901235099748764146e-01 1.073401428473232111e-01
9.920948871839012639e-01 1.073399307937153851e-01
9.940682247909260472e-01 1.073397656335580846e-01
9.960435227959509863e-01 1.073396475037613484e-01
9.980207811989759703e-01 1.073395765423709597e-01
1.000000000000000666e+00 1.073395528885741634e-01
