0.000000000000000000e+00 9.534905071158306100e-01
2.078119897502626434e-05 9.523385485146668161e-01
4.352279595010249372e-05 9.510779199088066349e-01
6.822479092522875592e-05 9.497086211187213411e-01
9.488718390040502381e-05 9.482306520855230403e-01
1.235099748756312839e-04 9.466440128168835955e-01
1.540931638509075632e-04 9.449487033395091995e-01
1.866367508262337669e-04 9.431447236764047837e-01
2.211407358016100034e-04 9.412320738366362072e-01
2.576051187770363269e-04 9.392107538218227303e-01
2.960298997525126832e-04 9.370807636301086152e-01
3.364150787280388555e-04 9.348421032618074999e-01
3.787606557036150606e-04 9.324947727202683723e-01
4.230666306792412444e-04 9.300387720100420363e-01
4.693330036549174067e-04 9.274741011369462829e-01
5.175597746306437102e-04 9.248007601066845496e-01
5.677469436064200466e-04 9.220187489253235391e-01
6.198945105822462531e-04 9.191280675985824544e-01
6.740024755581224382e-04 9.161287161336900686e-01
7.300708385340486020e-04 9.130206945375674010e-01
7.880995995100251780e-04 9.098040028184898320e-01
8.480887584860512989e-04 9.064786409851031124e-01
9.100383154621275068e-04 9.030446090468590148e-01
9.739482704382536934e-04 8.995019070138955408e-01
1.039818623414429750e-03 8.958505348971398385e-01
1.107649374390655894e-03 8.920904927083757041e-01
1.177440523366932558e-03 8.882217804601845179e-01
1.249192070343258659e-03 8.842443981661521901e-01
1.322904015319634847e-03 8.801583458408026583e-01
1.398576358296060905e-03 8.759636234996079907e-01
1.476209099272537051e-03 8.716602311592368535e-01
1.555802238249063716e-03 8.672481688373318010e-01
1.637355775225640036e-03 8.627274365528163624e-01
1.720869710202266008e-03 8.580980343257509357e-01
1.806344043178942285e-03 8.533599621775381783e-01
1.893778774155669082e-03 8.485132201308559496e-01
1.983173903132445098e-03 8.435578082098323938e-01
2.074529430109271419e-03 8.384937264399919821e-01
2.167845355086147393e-03 8.333209748484058377e-01
2.263121678063073454e-03 8.280395534637038368e-01
2.360358399040050469e-03 8.226494623161505482e-01
2.459555518017076271e-03 8.171507014377233924e-01
2.560713034994152593e-03 8.115432708621493907e-01
2.663830949971278568e-03 8.058271706249979793e-01
2.768909262948454630e-03 8.000024007637437373e-01
2.875947973925680780e-03 7.940689613178248951e-01
2.984947082902957450e-03 7.880268523287353721e-01
3.095906589880283773e-03 7.818760738400609700e-01
3.208826494857659750e-03 7.756166258976106009e-01
3.323706797835085814e-03 7.692485085494240593e-01
3.440547498812561965e-03 7.627717218459051374e-01
3.559348597790088636e-03 7.561862658398651460e-01
3.680110094767664961e-03 7.494921405866195041e-01
3.802831989745290939e-03 7.426893461440563504e-01
3.927514282722965704e-03 7.357778825727284699e-01
4.054156973700691856e-03 7.287577499359291222e-01
4.182760062678468095e-03 7.216289482997779725e-01
4.313323549656295289e-03 7.143914777333163491e-01
4.445847434634171702e-03 7.070453383085687493e-01
4.580331717612097335e-03 6.995905301006731802e-01
4.716776398590073922e-03 6.920270531879224585e-01
4.855181477568099729e-03 6.843549076518948837e-01
4.995546954546175623e-03 6.765740935775238496e-01
5.137872829524301604e-03 6.686846110531980969e-01
5.282159102502477672e-03 6.606864601708625218e-01
5.428405773480703828e-03 6.525796410261031077e-01
5.576612842458980070e-03 6.443641537182567269e-01
5.726780309437305531e-03 6.360399983504990695e-01
5.878908174415681948e-03 6.276071750299513363e-01
6.032996437394107583e-03 6.190656838677859319e-01
6.189045098372585908e-03 6.104155249793158378e-01
6.347054157351111718e-03 6.016566984841137389e-01
6.507023614329687615e-03 5.927892045061093906e-01
6.668953469308313599e-03 5.838130431736985315e-01
6.832843722286989670e-03 5.747282146198530173e-01
6.998694373265715828e-03 5.655347189822249598e-01
7.166505422244492073e-03 5.562325564032610803e-01
7.336276869223317537e-03 5.468217270303272759e-01
7.508008714202193956e-03 5.373022310157898884e-01
7.681700957181119595e-03 5.276740685171704692e-01
7.857353598160098790e-03 5.179372396972345971e-01
8.034966637139125470e-03 5.080917447241124485e-01
8.214540074118200502e-03 4.981375837714328569e-01
8.396073909097327356e-03 4.880747570184284512e-01
8.579568142076502563e-03 4.779032646500628867e-01
8.765022773055727856e-03 4.676231068571548577e-01
8.952437802035004971e-03 4.572342838364986117e-01
9.141813229014330439e-03 4.467367957909927911e-01
9.333149053993705993e-03 4.361306429297693854e-01
9.526445276973131635e-03 4.254158254683133578e-01
9.721701897952607363e-03 4.145923436286005903e-01
9.918918916932136648e-03 4.036601976392267255e-01
1.011809633391171255e-02 3.926193877355382278e-01
1.031923414889133854e-02 3.814699141597634457e-01
1.052233236187101462e-02 3.702117771611574959e-01
1.072739097285074078e-02 3.588449769961200575e-01
1.093440998183051703e-02 3.473695139283543010e-01
1.114338938881034163e-02 3.357853882289919545e-01
1.135432919379021806e-02 3.240926001767349685e-01
1.156722939677014457e-02 3.122911500580013433e-01
1.178208999775011943e-02 3.003810381670659058e-01
1.199891099673014612e-02 2.883622648062030835e-01
1.221769239371022463e-02 2.762348302858558813e-01
1.243843418869035149e-02 2.639987349428096763e-01
1.266113638167052670e-02 2.516539830370397857e-01
1.288579897265075200e-02 2.392008388696658938e-01
1.311242196163102738e-02 2.266457526433526548e-01
1.334100534861135459e-02 2.140549789934765024e-01
1.357154913359173015e-02 2.017459691885142847e-01
1.380405331657215580e-02 1.904513660780522144e-01
1.403851789755263153e-02 1.809258350136393745e-01
1.427494287653315735e-02 1.733626457750406802e-01
1.451332825351373326e-02 1.674726509038824418e-01
1.475367402849436273e-02 1.628503591039484333e-01
1.499598020147503881e-02 1.591548568308942535e-01
1.524024677245576498e-02 1.561381230351594762e-01
1.548647374143653950e-02 1.536266611143137228e-01
1.573466110841736931e-02 1.514991388352338597e-01
1.598480887339824227e-02 1.496694691812568423e-01
1.623691703637917053e-02 1.480753750929986179e-01
1.649098559736014366e-02 1.466708801835082954e-01
1.674701455634117209e-02 1.454213730950732475e-01
1.700500391332224540e-02 1.443003220577654677e-01
1.726495366830337400e-02 1.432870499308110668e-01
1.752686382128455442e-02 1.423651991808692063e-01
1.779073437226577625e-02 1.415216531350456108e-01
1.805656532124705685e-02 1.407457643744587650e-01
1.832435666822837886e-02 1.400287935820495044e-01
1.859410841320975616e-02 1.393634950895269453e-01
1.886582055619118528e-02 1.387438063616145689e-01
1.913949309717265929e-02 1.381646122539526844e-01
1.941512603615418858e-02 1.376215638384913897e-01
1.969271937313575929e-02 1.371109375838529543e-01
1.997227310811738876e-02 1.366295247516749467e-01
2.025378724109906312e-02 1.361745436798385833e-01
2.053726177208079276e-02 1.357435695880925830e-01
2.082269670106256382e-02 1.353344779342642301e-01
2.111009202804439364e-02 1.349453983471508023e-01
2.139944775302626487e-02 1.345746768882835342e-01
2.169076387600819486e-02 1.342208449253435854e-01
2.198404039699017321e-02 1.338825932948016495e-01
2.227927731597219643e-02 1.335587507267274043e-01
2.257647463295427495e-02 1.332482657268150295e-01
2.287563234793639835e-02 1.329501912810274744e-01
2.317675046091857705e-02 1.326636718786819991e-01
2.347982897190080062e-02 1.323879324504067811e-01
2.378486788088307949e-02 1.321222688964028003e-01
2.409186718786539977e-02 1.318660399419857576e-01
2.440082689284778228e-02 1.316186601064989747e-01
2.471174699583020273e-02 1.313795936102355733e-01
2.502462749681268195e-02 1.311483490750533776e-01
2.533946839579521298e-02 1.309244748994751462e-01
2.565626969277778543e-02 1.307075552093360515e-01
2.597503138776041318e-02 1.304972063010312322e-01
2.629575348074308580e-02 1.302930735082556413e-01
2.661843597172581372e-02 1.300948284338699079e-01
2.694307886070858651e-02 1.299021664978381174e-01
2.726968214769141807e-02 1.297148047591020481e-01
2.759824583267428758e-02 1.295324799764047685e-01
2.792876991565721931e-02 1.293549468773072808e-01
2.826125439664019939e-02 1.291819766097676014e-01
2.859569927562322089e-02 1.290133553537417821e-01
2.893210455260630115e-02 1.288488830738179491e-01
2.927047022758941935e-02 1.286883723960707826e-01
2.961079630057259979e-02 1.285316475949081771e-01
2.995308277155582163e-02 1.283785436773907385e-01
3.029732964053910224e-02 1.282289055539999056e-01
3.064353690752242426e-02 1.280825872865733184e-01
3.099170457250580504e-02 1.279394514048483034e-01
3.134183263548922377e-02 1.277993682845040280e-01
3.169392109647270472e-02 1.276622155801896696e-01
3.204796995545623056e-02 1.275278777078241166e-01
3.240397921243980128e-02 1.273962453713738674e-01
3.276194886742343076e-02 1.272672151293645637e-01
3.312187892040710513e-02 1.271406889975916776e-01
3.348376937139083825e-02 1.270165740841583679e-01
3.384762022037460932e-02 1.268947822540923975e-01
3.421343146735843915e-02 1.267752298204894434e-01
3.458120311234230693e-02 1.266578372599027891e-01
3.495093515532624040e-02 1.265425289497091876e-01
3.532262759631021182e-02 1.264292329254012304e-01
3.569628043529424199e-02 1.263178806562540724e-01
3.607189367227831706e-02 1.262084068374086931e-01
3.644946730726244394e-02 1.261007491973132888e-01
3.682900134024662264e-02 1.259948483189671509e-01
3.721049577123083929e-02 1.258906474739299175e-01
3.759395060021512164e-02 1.257880924679559420e-01
3.797936582719944193e-02 1.256871314973770914e-01
3.836674145218382098e-02 1.255877150152842348e-01
3.875607747516824492e-02 1.254897956068102838e-01
3.914737389615272761e-02 1.253933278726817313e-01
3.954063071513724825e-02 1.252982683205381975e-01
3.993584793212182765e-02 1.252045752632754416e-01
4.033302554710645887e-02 1.251122087239699143e-01
4.073216356009112804e-02 1.250211303468543866e-01
4.113326197107585597e-02 1.249313033139350659e-01
4.153632078006062878e-02 1.248426922667115746e-01
4.194133998704546035e-02 1.247552632328231964e-01
4.234831959203032986e-02 1.246689835570807120e-01
4.275725959501525814e-02 1.245838218367014000e-01
4.316815999600023129e-02 1.244997478603556973e-01
4.358102079498526321e-02 1.244167325508455102e-01
4.399584199197033307e-02 1.243347479110812198e-01
4.441262358695546170e-02 1.242537669732603489e-01
4.483136557994064214e-02 1.241737637507704939e-01
4.525206797092586747e-02 1.240947131930389413e-01
4.567473075991114462e-02 1.240165911427196649e-01
4.609935394689646665e-02 1.239393742953158739e-01
4.652593753188184744e-02 1.238630401610541915e-01
4.695448151486726618e-02 1.237875670287530705e-01
4.738498589585275061e-02 1.237129339316775517e-01
4.781745067483826606e-02 1.236391206151918332e-01
4.825187585182384720e-02 1.235661075061218611e-01
4.868826142680946628e-02 1.234938756837307278e-01
4.912660739979515107e-02 1.234224068521338202e-01
4.956691377078088073e-02 1.233516833142191821e-01
5.000918053976664834e-02 1.232816879468082993e-01
5.045340770675248165e-02 1.232124041770983336e-01
5.089959527173835291e-02 1.231438159602868815e-01
5.134774323472428292e-02 1.230759077582765787e-01
5.179785159571025088e-02 1.230086645194438666e-01
5.224992035469628454e-02 1.229420716593433716e-01
5.270394951168235614e-02 1.228761150424285825e-01
5.315993906666848651e-02 1.228107809645335863e-01
5.361788901965465481e-02 1.227460561362525154e-01
5.407779937064088882e-02 1.226819276670838288e-01
5.453967011962716771e-02 1.226183830502976524e-01
5.500350126661349148e-02 1.225554101485037128e-01
5.546929281159986708e-02 1.224929971798815187e-01
5.593704475458628755e-02 1.224311327050235237e-01
5.640675709557277373e-02 1.223698056144032209e-01
5.687842983455929091e-02 1.223090051163225611e-01
5.735206297154587379e-02 1.222487207255109759e-01
5.782765650653248768e-02 1.221889422520818086e-01
5.830521043951917420e-02 1.221296597911036008e-01
5.878472477050590561e-02 1.220708637125111490e-01
5.926619949949267496e-02 1.220125446515425149e-01
5.974963462647950307e-02 1.219546934994792109e-01
6.023503015146637607e-02 1.218973013948844997e-01
6.072238607445330782e-02 1.218403597151174467e-01
6.121170239544027752e-02 1.217838600682531885e-01
6.170297911442730598e-02 1.217277942853204759e-01
6.219621623141437933e-02 1.216721544128341881e-01
6.269141374640151143e-02 1.216169327056771943e-01
6.318857165938866760e-02 1.215621216202242838e-01
6.368768997037589641e-02 1.215077138077542834e-01
6.418876867936318398e-02 1.214537021081446150e-01
6.469180778635051643e-02 1.214000795437800984e-01
6.519680729133789376e-02 1.213468393137230872e-01
6.570376719432530210e-02 1.212939747880957403e-01
6.621268749531278308e-02 1.212414795027037667e-01
6.672356819430030894e-02 1.211893471538173644e-01
6.723640929128789356e-02 1.211375715932131447e-01
6.775121078627552307e-02 1.210861468233448424e-01
6.826797267926318358e-02 1.210350669927349465e-01
6.878669497025091673e-02 1.209843263915066497e-01
6.930737765923869476e-02 1.209339194471348300e-01
6.983002074622653155e-02 1.208838407202579568e-01
7.035462423121441322e-02 1.208340849007574214e-01
7.088118811420231202e-02 1.207846468038881599e-01
7.140971239519029734e-02 1.207355213665826515e-01
7.194019707417832754e-02 1.206867036439038116e-01
7.247264215116641650e-02 1.206381888055915036e-01
7.300704762615452259e-02 1.205899721327546997e-01
7.354341349914270132e-02 1.205420490146585089e-01
7.408173977013092493e-02 1.204944149456469715e-01
7.462202643911922118e-02 1.204470655221560049e-01
7.516427350610754843e-02 1.203999964398320272e-01
7.570848097109590669e-02 1.203532034907519865e-01
7.625464883408433758e-02 1.203066825607340407e-01
7.680277709507281336e-02 1.202604296267466844e-01
7.735286575406134790e-02 1.202144407543861565e-01
7.790491481104989957e-02 1.201687120954660487e-01
7.845892426603853775e-02 1.201232398856600520e-01
7.901489411902722082e-02 1.200780204422490088e-01
7.957282437001594877e-02 1.200330501618999401e-01
8.013271501900470772e-02 1.199883255185697634e-01
8.069456606599353932e-02 1.199438430614337830e-01
8.125837751098241579e-02 1.198995994129146980e-01
8.182414935397135103e-02 1.198555912667329804e-01
8.239188159496033115e-02 1.198118153860694562e-01
8.296157423394934227e-02 1.197682686017398357e-01
8.353322727093842603e-02 1.197249478104622927e-01
8.410684070592755468e-02 1.196818499731533703e-01
8.468241453891674209e-02 1.196389721132895545e-01
8.525994876990593274e-02 1.195963113153229729e-01
8.583944339889522379e-02 1.195538647231259993e-01
8.642089842588455972e-02 1.195116295385184463e-01
8.700431385087394054e-02 1.194696030197907738e-01
8.758968967386336624e-02 1.194277824803215426e-01
8.817702589485282294e-02 1.193861652872074131e-01
8.876632251384235228e-02 1.193447488599346518e-01
8.935757953083194038e-02 1.193035306690990033e-01
8.995079694582157337e-02 1.192625082351640026e-01
9.054597475881122348e-02 1.192216791272505821e-01
9.114311296980096011e-02 1.191810409619563638e-01
9.174221157879074162e-02 1.191405914022247298e-01
9.234327058578056802e-02 1.191003281562391658e-01
9.294628999077042542e-02 1.190602489763340766e-01
9.355126979376035545e-02 1.190203516579745879e-01
9.415820999475034425e-02 1.189806340387135342e-01
9.476711059374037793e-02 1.189410939972361247e-01
9.537797159073045650e-02 1.189017294523723317e-01
9.599079298572055219e-02 1.188625383621924186e-01
9.660557477871074827e-02 1.188235187230801543e-01
9.722231696970097536e-02 1.187846685688668247e-01
9.784101955869126122e-02 1.187459859699677156e-01
9.846168254568156419e-02 1.187074690325514159e-01
9.908430593067193981e-02 1.186691158977311034e-01
9.970888971366237419e-02 1.186309247407743434e-01
1.003354338946528534e-01 1.185928937703394498e-01
1.009639384736433915e-01 1.185550212277188126e-01
1.015944034506339466e-01 1.185173053861308945e-01
1.022268288256245744e-01 1.184797445499920915e-01
1.028612145986152610e-01 1.184423370542414394e-01
1.034975607696059924e-01 1.184050812636678884e-01
1.041358673385967409e-01 1.183679755722618354e-01
1.047761343055875760e-01 1.183310184025672396e-01
1.054183616705784560e-01 1.182942082050814636e-01
1.060625494335693947e-01 1.182575434576480927e-01
1.067086975945603783e-01 1.182210226648721108e-01
1.073568061535513790e-01 1.181846443575557681e-01
1.080068751105424663e-01 1.181484070921423740e-01
1.086589044655335984e-01 1.181123094501860399e-01
1.093128942185247754e-01 1.180763500378187308e-01
1.099688443695159834e-01 1.180405274852447256e-01
1.106267549185072641e-01 1.180048404462293588e-01
1.112866258654986035e-01 1.179692875976064287e-01
1.119484572104899878e-01 1.179338676387855500e-01
1.126122489534813753e-01 1.178985792912624897e-01
1.132780010944728633e-01 1.178634212981291979e-01
1.139457136334643961e-01 1.178283924235940805e-01
1.146153865704559877e-01 1.177934914524890880e-01
1.152870199054476102e-01 1.177587171898087232e-01
1.159606136384392638e-01 1.177240684602445242e-01
1.166361677694310039e-01 1.176895441077837612e-01
1.173136822984227889e-01 1.176551429953171662e-01
1.179931572254146188e-01 1.176208640043657355e-01
1.186745925504064658e-01 1.175867060348727428e-01
1.193579882733983993e-01 1.175526680050989897e-01
1.200433443943903777e-01 1.175187488516687556e-01
1.207306609133824149e-01 1.174849475296380896e-01
1.214199378303744969e-01 1.174512630126467311e-01
1.221111751453665961e-01 1.174176942929233691e-01
1.228043728583587818e-01 1.173842403810551466e-01
1.234995309693510124e-01 1.173509003052166655e-01
1.241966494783433017e-01 1.173176731096438052e-01
1.248957283853355943e-01 1.172845578520362031e-01
1.255967676903279873e-01 1.172515535998223668e-01
1.262997673933204390e-01 1.172186594254094189e-01
1.270047274943129079e-01 1.171858744011272241e-01
1.277116479933054216e-01 1.171531975953237770e-01
1.284205288902980080e-01 1.171206280721341642e-01
1.291313701852906393e-01 1.170881648984520434e-01
1.298441718782833154e-01 1.170558071623898633e-01
1.305589339692760642e-01 1.170235540068130242e-01
1.312756564582688024e-01 1.169914046784234912e-01
1.319943393452616409e-01 1.169593585847935463e-01
1.327149826302545244e-01 1.169274153370066516e-01
1.334375863132474527e-01 1.168955747321694522e-01
1.341621503942403981e-01 1.168638366007801327e-01
1.348886748732334440e-01 1.168322004211815451e-01
1.356171597502265069e-01 1.168006646233373663e-01
1.363476050252196425e-01 1.167692256533437861e-01
1.370800106982128508e-01 1.167378773326769870e-01
1.378143767692060206e-01 1.167066121947362839e-01
1.385507032381993187e-01 1.166754290324154841e-01
1.392889901051926616e-01 1.166443561813760299e-01
1.400292373701860493e-01 1.166135103000588286e-01
1.407714450331794265e-01 1.165826273999108070e-01
1.415156130941729040e-01 1.165518231930507131e-01
1.422617415531664542e-01 1.165211261317195962e-01
1.430098304101600493e-01 1.164905352697562790e-01
1.437598796651536337e-01 1.164600433225105036e-01
1.445118893181473185e-01 1.164296442516671443e-01
1.452658593691410482e-01 1.163993346480424323e-01
1.460217898181348506e-01 1.163691131059705203e-01
1.467796806651286701e-01 1.163389792848501109e-01
1.475395319101225067e-01 1.163089332070591231e-01
1.483013435531164437e-01 1.162789748705317511e-01
1.490651155941104256e-01 1.162491040987034541e-01
1.498308480331044801e-01 1.162193205279061087e-01
1.505985408700985240e-01 1.161896236547954459e-01
1.513681941050926405e-01 1.161600128967427148e-01
1.521398077380868297e-01 1.161304876423856908e-01
1.529133817690810637e-01 1.161010472850897424e-01
1.536889161980753704e-01 1.160716912403069179e-01
1.544664110250696387e-01 1.160424189511343324e-01
1.552458662500640352e-01 1.160132298867544709e-01
1.560272818730584765e-01 1.159841235375845409e-01
1.568106578940529627e-01 1.159550994097456045e-01
1.575959943130474383e-01 1.159261570202674702e-01
1.583832911300420421e-01 1.158972958936169279e-01
1.591725483450366629e-01 1.158685155595893662e-01
1.599637659580313565e-01 1.158398155523253786e-01
1.607569439690260948e-01 1.158111954100936453e-01
1.615520823780208504e-01 1.157826546755553465e-01
1.623491811850156785e-01 1.157541928961900585e-01
1.631482403900105516e-01 1.157258096247608670e-01
1.639492599930054972e-01 1.156975044196847935e-01
1.647522399940004323e-01 1.156692768452870224e-01
1.655571803929954677e-01 1.156411264719042625e-01
1.663640811899905481e-01 1.156130528759004988e-01
1.671729423849857010e-01 1.155850556395861400e-01
1.679837639779808434e-01 1.155571343510953114e-01
1.687965459689760583e-01 1.155292886042348643e-01
1.696112883579713460e-01 1.155015179983260171e-01
1.704279911449667062e-01 1.154738221380610247e-01
1.712466543299620836e-01 1.154462006333658725e-01
1.720672779129574781e-01 1.154186530992808851e-01
1.728898618939529452e-01 1.153911791558588085e-01
1.737144062729484850e-01 1.153637784280755613e-01
1.745409110499440697e-01 1.153364505457560446e-01
1.753693762249396715e-01 1.153091951434831036e-01
1.761998017979353459e-01 1.152820118605543676e-01
1.770321877689310930e-01 1.152549003408879918e-01
1.778665341379268849e-01 1.152278602329808721e-01
1.787028409049227218e-01 1.152008911898235871e-01
1.795411080699185480e-01 1.151739928688464421e-01
1.803813356329145023e-01 1.151471649318422663e-01
1.812235235939104738e-01 1.151204070449114991e-01
1.820676719529065180e-01 1.150937188783791032e-01
1.829137807099025514e-01 1.150671001067414406e-01
1.837618498648986853e-01 1.150405504085966202e-01
1.846118794178948919e-01 1.150140694665741231e-01
1.854638693688911155e-01 1.149876569672781679e-01
1.863178197178873563e-01 1.149613126012203890e-01
1.871737304648836975e-01 1.149350360627622997e-01
1.880316016098800835e-01 1.149088270500527031e-01
1.888914331528765145e-01 1.148826852649693503e-01
1.897532250938729903e-01 1.148566104130571280e-01
1.906169774328694833e-01 1.148306022034859819e-01
1.914826901698660766e-01 1.148046603489784184e-01
1.923503633048627148e-01 1.147787845657649436e-01
1.932199968378593979e-01 1.147529745735248879e-01
1.940915907688560982e-01 1.147272300953451341e-01
1.949651450978528711e-01 1.147015508576553072e-01
1.958406598248497166e-01 1.146759365901829086e-01
1.967181349498466070e-01 1.146503870259042712e-01
1.975975704728435423e-01 1.146249019009958486e-01
1.984789663938404669e-01 1.145994809547833254e-01
1.993623227128375197e-01 1.145741239296982628e-01
2.002476394298345896e-01 1.145488305712252242e-01
2.011349165448317322e-01 1.145236006278627927e-01
2.020241540578288642e-01 1.144984338510773580e-01
2.029153519688260965e-01 1.144733299952495759e-01
2.038085102778234015e-01 1.144482888176493324e-01
2.047036289848207236e-01 1.144233100783756535e-01
2.056007080898180628e-01 1.143983935403220797e-01
2.064997475928155024e-01 1.143735389691425686e-01
2.074007474938129869e-01 1.143487461331976346e-01
2.083037077928105441e-01 1.143240148035215425e-01
2.092086284898081183e-01 1.142993447537902357e-01
2.101155095848057097e-01 1.142747357602723612e-01
2.110243510778034015e-01 1.142501876017931184e-01
2.119351529688011382e-01 1.142257000597029781e-01
2.128479152577989197e-01 1.142012729178299574e-01
2.137626379447967184e-01 1.141769059624511556e-01
2.146793210297945897e-01 1.141525989822433224e-01
2.155979645127925337e-01 1.141283517682579046e-01
2.165185683937905226e-01 1.141041641138660356e-01
2.174411326727885563e-01 1.140800358147409932e-01
2.183656573497865794e-01 1.140559666688129997e-01
2.192921424247847306e-01 1.140319564762490856e-01
2.202205878977829268e-01 1.140080050394228356e-01
2.211509937687811678e-01 1.139841121629160542e-01
2.220833600377793982e-01 1.139602776534985318e-01
2.230176867047777289e-01 1.139365013201454752e-01
2.239539737697761046e-01 1.139127829740131104e-01
2.248922212327745529e-01 1.138891224284557940e-01
2.258324290937730461e-01 1.138655194989703356e-01
2.267745973527715286e-01 1.138419740031010319e-01
2.277187260097701116e-01 1.138184857603145722e-01
2.286648150647687394e-01 1.137950545917334466e-01
2.296128645177674399e-01 1.137716803198588478e-01
2.305628743687661297e-01 1.137483627682435577e-01
2.315148446177649200e-01 1.137251017612456450e-01
2.324687752647637551e-01 1.137018971240735254e-01
2.334246663097626351e-01 1.136787486832873811e-01
2.343825177527615322e-01 1.136556562681196453e-01
2.353423295937605020e-01 1.136326197126288351e-01
2.363041018327595444e-01 1.136096388586335104e-01
2.372678344697586317e-01 1.135867135585176130e-01
2.382335275047577638e-01 1.135638436760782188e-01
2.392011809377569131e-01 1.135410290823562901e-01
2.401707947687561351e-01 1.135182696424809068e-01
2.411423689977554297e-01 1.134955651904540619e-01
2.421159036247547691e-01 1.134729154939129736e-01
2.430913986497540979e-01 1.134503202237438502e-01
2.440688540727535549e-01 1.134277789674679460e-01
2.450482698937530290e-01 1.134052913579498834e-01
2.460296461127525758e-01 1.133828574080121554e-01
2.470129827297521674e-01 1.133604780688943908e-01
2.479982797447517484e-01 1.133381556548871405e-01
2.489855371577514298e-01 1.133158925866195876e-01
2.499747549687511561e-01 1.132936837525061469e-01
2.509659331777509550e-01 1.132714901769473897e-01
2.519590717847506878e-01 1.132493875067757810e-01
2.529541707897505765e-01 1.132273376764242473e-01
2.539512301927505100e-01 1.132053354249295263e-01
2.549502499937504885e-01 1.131833830273149127e-01
2.559512301927505673e-01 1.131614827544482338e-01
2.569541707897506355e-01 1.131396355653088714e-01
2.579590717847507486e-01 1.131178414951121286e-01
2.589659331777509621e-01 1.130961002020951928e-01
2.599747549687512205e-01 1.130744113011452751e-01
2.609855371577514682e-01 1.130527744931905110e-01
2.619982797447518164e-01 1.130311895783647075e-01
2.630129827297520984e-01 1.130096564248569829e-01
2.640296461127525363e-01 1.129881749331243246e-01
2.650482698937530190e-01 1.129667450106798948e-01
2.660688540727535467e-01 1.129453665594383344e-01
2.670913986497541748e-01 1.129240394721957447e-01
2.681159036247547922e-01 1.129027636340927537e-01
2.691423689977554545e-01 1.128815389258070456e-01
2.701707947687562172e-01 1.128603652266128715e-01
2.712011809377570248e-01 1.128392424165384905e-01
2.722335275047577108e-01 1.128181703774987915e-01
2.732678344697586081e-01 1.127971489936651778e-01
2.743041018327595504e-01 1.127761781513383493e-01
2.753423295937605375e-01 1.127552577386297383e-01
2.763825177527615695e-01 1.127343876451006727e-01
2.774246663097627019e-01 1.127135677614714560e-01
2.784687752647638237e-01 1.126927979794303536e-01
2.795148446177649904e-01 1.126720781915317160e-01
2.805628743687662574e-01 1.126514082911644760e-01
2.816128645177674028e-01 1.126307881725638338e-01
2.826648150647687596e-01 1.126102177308269670e-01
2.837187260097701613e-01 1.125896968619587574e-01
2.847745973527716079e-01 1.125692254628753997e-01
2.858324290937730994e-01 1.125488034314242047e-01
2.868922212327746357e-01 1.125284306663879991e-01
2.879539737697762170e-01 1.125081070674671946e-01
2.890176867047778431e-01 1.124878325352790392e-01
2.900833600377795141e-01 1.124676069713320820e-01
2.911509937687811744e-01 1.124474302780217178e-01
2.922205878977829352e-01 1.124273023586065956e-01
2.932921424247847964e-01 1.124072231172028175e-01
2.943656573497866469e-01 1.123871924587647314e-01
2.954411326727885978e-01 1.123672102890823088e-01
2.965185683937905936e-01 1.123472765147592589e-01
2.975979645127926343e-01 1.123273910432197459e-01
2.986793210297947199e-01 1.123075537826866560e-01
2.997626379447967393e-01 1.122877646421763242e-01
3.008479152577989146e-01 1.122680235314967578e-01
3.019351529688011904e-01 1.122483303612308025e-01
3.030243510778034555e-01 1.122286850427329924e-01
3.041155095848058210e-01 1.122090874881198630e-01
3.052086284898081758e-01 1.121895376102686886e-01
3.063037077928106311e-01 1.121700353228062830e-01
3.074007474938131312e-01 1.121505805400967309e-01
3.084997475928156763e-01 1.121311731772481196e-01
3.096007080898180996e-01 1.121118131500921794e-01
3.107036289848207899e-01 1.120925003751758325e-01
3.118085102778234696e-01 1.120732347697437903e-01
3.129153519688261942e-01 1.120540162517207200e-01
3.140241540578289636e-01 1.120348447396910252e-01
3.151349165448318335e-01 1.120157201528762803e-01
3.162476394298346927e-01 1.119966424111209086e-01
3.173623227128376523e-01 1.119776114349126939e-01
3.184789663938406568e-01 1.119586271454166976e-01
3.195975704728435396e-01 1.119396894645543483e-01
3.207181349498466338e-01 1.119207983151376679e-01
3.218406598248497730e-01 1.119019536209780175e-01
3.229651450978529570e-01 1.118831553069606494e-01
3.240915907688562414e-01 1.118644032989117715e-01
3.252199968378595152e-01 1.118456975231489070e-01
3.263503633048628338e-01 1.118270379055653352e-01
3.274826901698662529e-01 1.118084243703261343e-01
3.286169774328696613e-01 1.117898568385872898e-01
3.297532250938730591e-01 1.117713352284196021e-01
3.308914331528765573e-01 1.117528594578054563e-01
3.320316016098801559e-01 1.117344294530316778e-01
3.331737304648837994e-01 1.117160451631099560e-01
3.343178197178874878e-01 1.116977065749168579e-01
3.354638693688912210e-01 1.116794137100653866e-01
3.366118794178950546e-01 1.116611665639801326e-01
3.377618498648988776e-01 1.116429649368266414e-01
3.389137807099027455e-01 1.116248081751030352e-01
3.400676719529066028e-01 1.116066952046808614e-01
3.412235235939105604e-01 1.115886264565397329e-01
3.423813356329146185e-01 1.115706127392303015e-01
3.435411080699187214e-01 1.115526344213765286e-01
3.447028409049228137e-01 1.115347020324267552e-01
3.458665341379270064e-01 1.115168160891695792e-01
3.470321877689312440e-01 1.114989755784569214e-01
3.481998017979355819e-01 1.114811798635080148e-01
3.493693762249399093e-01 1.114634287453769024e-01
3.505409110499441705e-01 1.114457222198329406e-01
3.517144062729485876e-01 1.114280603120933744e-01
3.528898618939531051e-01 1.114104430156235698e-01
3.540672779129576120e-01 1.113928702882363841e-01
3.552466543299622193e-01 1.113753420667372290e-01
3.564279911449668714e-01 1.113578582811323714e-01
3.576112883579715684e-01 1.113404188628135949e-01
3.587965459689763104e-01 1.113230237473955136e-01
3.599837639779809306e-01 1.113056728744914459e-01
3.611729423849858178e-01 1.112883661863804802e-01
3.623640811899906944e-01 1.112711036266819109e-01
3.635571803929956158e-01 1.112538851394919842e-01
3.647522399940006377e-01 1.112367106689948620e-01
3.659492599930056489e-01 1.112195801593883898e-01
3.671482403900107605e-01 1.112024935549918020e-01
3.683491811850159170e-01 1.111854508003857073e-01
3.695520823780210629e-01 1.111684518405396810e-01
3.707569439690261981e-01 1.111514966208832639e-01
3.719637659580314892e-01 1.111345850873446811e-01
3.731725483450368253e-01 1.111177171863415719e-01
3.743832911300422062e-01 1.111008928647789218e-01
3.755959943130476320e-01 1.110841120700161583e-01
3.768106578940531581e-01 1.110673747498625852e-01
3.780272818730586737e-01 1.110506808525487943e-01
3.792458662500642896e-01 1.110340303267314810e-01
3.804664110250698950e-01 1.110174231214814539e-01
3.816889161980754896e-01 1.110008591862850225e-01
3.829133817690812402e-01 1.109843384710407638e-01
3.841398077380869802e-01 1.109678609260628807e-01
3.853681941050928206e-01 1.109514265020734997e-01
3.865985408700987613e-01 1.109350351502111087e-01
3.878308480331046915e-01 1.109186868220167071e-01
3.890651155941106665e-01 1.109023814694444637e-01
3.903013435531166864e-01 1.108861190448462708e-01
3.915395319101228067e-01 1.108698995009805427e-01
3.927796806651288053e-01 1.108537227910008083e-01
3.940217898181350153e-01 1.108375888684602212e-01
3.952658593691412148e-01 1.108214976873008323e-01
3.965118893181475146e-01 1.108054492018643866e-01
3.977598796651538593e-01 1.107894433668720618e-01
3.990098304101602489e-01 1.107734801374426620e-01
4.002617415531666833e-01 1.107575594690731330e-01
4.015156130941732182e-01 1.107416813176452935e-01
4.027714450331797424e-01 1.107258456394255713e-01
4.040292373701862005e-01 1.107100523910578421e-01
4.052889901051928145e-01 1.106943015295645955e-01
4.065507032381995289e-01 1.106785930123455469e-01
4.078143767692062882e-01 1.106629267971752789e-01
4.090800106982130369e-01 1.106473028422008675e-01
4.103476050252198859e-01 1.106317211059402311e-01
4.116171597502267798e-01 1.106161815472809923e-01
4.128886748732337186e-01 1.106006841254739970e-01
4.141621503942407023e-01 1.105852288001340639e-01
4.154375863132476199e-01 1.105698155312311165e-01
4.167149826302546933e-01 1.105544442790973858e-01
4.179943393452618672e-01 1.105391150044176957e-01
4.192756564582690304e-01 1.105238276682437432e-01
4.205589339692762940e-01 1.105085822319965827e-01
4.218441718782836025e-01 1.104933786574874566e-01
4.231313701852909004e-01 1.104782169069223885e-01
4.244205288902982987e-01 1.104630969429075682e-01
4.257116479933056308e-01 1.104480187284242049e-01
4.270047274943131188e-01 1.104329822267625799e-01
4.282997673933206517e-01 1.104179874014054596e-01
4.295967676903282295e-01 1.104030342158933836e-01
4.308957283853359077e-01 1.103881226337271454e-01
4.321966494783435753e-01 1.103732526184565133e-01
4.334995309693513432e-01 1.103584241341582783e-01
4.348043728583591006e-01 1.103436371464428939e-01
4.361111751453669583e-01 1.103288916238297640e-01
4.374199378303746943e-01 1.103141875386987603e-01
4.387306609133826418e-01 1.102995248658286132e-01
4.400433443943906342e-01 1.102849035756791052e-01
4.413579882733986715e-01 1.102703236206380583e-01
4.426745925504067536e-01 1.102557849197414452e-01
4.439931572254149361e-01 1.102412873662137888e-01
4.453136822984231080e-01 1.102268309114165512e-01
4.466361677694313248e-01 1.102124157792164355e-01
4.479606136384396420e-01 1.101980426611871566e-01
4.492870199054478375e-01 1.101837117584305165e-01
4.506153865704562445e-01 1.101694161110565590e-01
4.519457136334646408e-01 1.101551673115751251e-01
4.532780010944731375e-01 1.101409585604933294e-01
4.546122489534816791e-01 1.101267900025412749e-01
4.559484572104903211e-01 1.101126623054575898e-01
4.572866258654989524e-01 1.100985756946918914e-01
4.586267549185076287e-01 1.100845301291542566e-01
4.599688443695163498e-01 1.100705255091136842e-01
4.613128942185250048e-01 1.100565617597357576e-01
4.626589044655338712e-01 1.100426388392801436e-01
4.640068751105427269e-01 1.100287567242378139e-01
4.653568061535516831e-01 1.100149153958181331e-01
4.667086975945606842e-01 1.100011148333841227e-01
4.680625494335697301e-01 1.099873550131462013e-01
4.694183616705788209e-01 1.099736359091705029e-01
4.707761343055879566e-01 1.099599574948002534e-01
4.721358673385971372e-01 1.099463197436127831e-01
4.734975607696062516e-01 1.099327226298560251e-01
4.748612145986155220e-01 1.099191661284890376e-01
4.762268288256248927e-01 1.099056502150655007e-01
4.775944034506342528e-01 1.098921748655891373e-01
4.789639384736437133e-01 1.098787400563945305e-01
4.803354338946532187e-01 1.098653457641118325e-01
4.817088897136627690e-01 1.098519919656360116e-01
4.830843059306723641e-01 1.098386786381495422e-01
4.844616825456818376e-01 1.098254057591301763e-01
4.858410195586915226e-01 1.098121733063734673e-01
4.872223169697012524e-01 1.097989812579964614e-01
4.886055747787110826e-01 1.097858295924441646e-01
4.899907929857209021e-01 1.097727182884898622e-01
4.913779715907308221e-01 1.097596473252304417e-01
4.927671105937407314e-01 1.097466166820908612e-01
4.941582099947507412e-01 1.097336263388155042e-01
4.955512697937607958e-01 1.097206762754713016e-01
4.969462899907707287e-01 1.097077664724423890e-01
4.983432705857808731e-01 1.096948969104385579e-01
4.997422115787910624e-01 1.096820675704827802e-01
5.011431129698012965e-01 1.096692784339276250e-01
5.025459747588115755e-01 1.096565294824387998e-01
5.039507969458218994e-01 1.096438206980091257e-01
5.053575795308323793e-01 1.096311520629484615e-01
5.067663225138427929e-01 1.096185235598916841e-01
5.081770258948532515e-01 1.096059351717936226e-01
5.095896896738636439e-01 1.095933868819316953e-01
5.110043138508743032e-01 1.095808786739070895e-01
5.124208984258848965e-01 1.095684105316357959e-01
5.138394433988955345e-01 1.095559824393659842e-01
5.152599487699063285e-01 1.095435943816624597e-01
5.166824145389171674e-01 1.095312463434122280e-01
5.181068407059279401e-01 1.095189383098308100e-01
5.195332272709388688e-01 1.095066702664473229e-01
5.209615742339498423e-01 1.094944421991254635e-01
5.223918815949606387e-01 1.094822540940437322e-01
5.238241493539717020e-01 1.094701059377092833e-01
5.252583775109828101e-01 1.094579977169519713e-01
5.266945660659939632e-01 1.094459294189267379e-01
5.281327150190051611e-01 1.094339010311156657e-01
5.295728243700164040e-01 1.094219125413219834e-01
5.310148941190276917e-01 1.094099639376759220e-01
5.324589242660390243e-01 1.093980552086381008e-01
5.339049148110504017e-01 1.093861863429914788e-01
5.353528657540617131e-01 1.093743573298456284e-01
5.368027770950731803e-01 1.093625681586406495e-01
5.382546488340846924e-01 1.093508188191394809e-01
5.397084809710962494e-01 1.093391093014447479e-01
5.411642735061079623e-01 1.093274395959725198e-01
5.426220264391196091e-01 1.093158096934773449e-01
5.440817397701314118e-01 1.093042195850451453e-01
5.455434134991431483e-01 1.092926692620860007e-01
5.470070476261550407e-01 1.092811587163479842e-01
5.484726421511667560e-01 1.092696879399021881e-01
5.499401970741787382e-01 1.092582569251614594e-01
5.514097123951906543e-01 1.092468656648622194e-01
5.528811881142027262e-01 1.092355141520819778e-01
5.543546242312148431e-01 1.092242023802273004e-01
5.558300207462270048e-01 1.092129303430396936e-01
5.573073776592392115e-01 1.092016980345984906e-01
5.587866949702514630e-01 1.091905054493168686e-01
5.602679726792635373e-01 1.091793525819471922e-01
5.617512107862758786e-01 1.091682394275748369e-01
5.632364092912882647e-01 1.091571659816288620e-01
5.647235681943006957e-01 1.091461322398702000e-01
5.662126874953131717e-01 1.091351381984057983e-01
5.677037671943258035e-01 1.091241838536752828e-01
5.691968072913383692e-01 1.091132692024622403e-01
5.706918077863509797e-01 1.091023942418899301e-01
5.721887686793637462e-01 1.090915589694265025e-01
5.736876899703762245e-01 1.090807633828838746e-01
5.751885716593890807e-01 1.090700074804234060e-01
5.766914137464018708e-01 1.090592912605615888e-01
5.781962162314148168e-01 1.090486147221692431e-01
5.797029791144278077e-01 1.090379778644584852e-01
5.812117023954407324e-01 1.090273806869840184e-01
5.827223860744538131e-01 1.090168231896053719e-01
5.842350301514669386e-01 1.090063053724757286e-01
5.857496346264799980e-01 1.089958272360340846e-01
5.872661994994931023e-01 1.089853887810616345e-01
5.887847247705062514e-01 1.089749900088141099e-01
5.903052104395195565e-01 1.089646309212303904e-01
5.918276565065329065e-01 1.089543115211318164e-01
5.933520629715463013e-01 1.089440318121309009e-01
5.948784298345597410e-01 1.089337917978593639e-01
5.964067570955732256e-01 1.089235914802257205e-01
5.979370447545868661e-01 1.089134308572247550e-01
5.994692928116004405e-01 1.089033099228171458e-01
6.010035012666138377e-01 1.088932286741455813e-01
6.025396701196276128e-01 1.088831871312137545e-01
6.040777993706413218e-01 1.088731853610859779e-01
6.056178890196550757e-01 1.088632234561868611e-01
6.071599390666689855e-01 1.088533013500577185e-01
6.087039495116828292e-01 1.088434184276580868e-01
6.102499203546968287e-01 1.088335739126678470e-01
6.117978515957107621e-01 1.088237739599081100e-01
6.133477432347248515e-01 1.088140089744358829e-01
6.148995952717387636e-01 1.088042850388899752e-01
6.164534077067529427e-01 1.087946014158354402e-01
6.180091805397671667e-01 1.087849575015813613e-01
6.195669137707813245e-01 1.087753532310911930e-01
6.211266073997956383e-01 1.087657886983947192e-01
6.226882614268099969e-01 1.087562639736886910e-01
6.242518758518244004e-01 1.087467790814626439e-01
6.258174506748388488e-01 1.087373340245975095e-01
6.273849858958533421e-01 1.087279288039032371e-01
6.289544815148676582e-01 1.087185634250987104e-01
6.305259375318823523e-01 1.087092378984962915e-01
6.320993539468969802e-01 1.086999522367266963e-01
6.336747307599116530e-01 1.086907064530193145e-01
6.352520679709263707e-01 1.086815005604927636e-01
6.368313655799411332e-01 1.086723345721329892e-01
6.384126235869560517e-01 1.086632085010133114e-01
6.399958419919709041e-01 1.086541223605117651e-01
6.415810207949856903e-01 1.086450761644379565e-01
6.431681599960007434e-01 1.086360699270608604e-01
6.447572595950157304e-01 1.086271036631094866e-01
6.463483195920308733e-01 1.086181773877333001e-01
6.479413399870459500e-01 1.086092911164952823e-01
6.495363207800611827e-01 1.086004448653495463e-01
6.511332619710764602e-01 1.085916386506446535e-01
6.527321635600916716e-01 1.085828724891271108e-01
6.543330255471070389e-01 1.085741463979442017e-01
6.559358479321222291e-01 1.085654603946514668e-01
6.575406307151376861e-01 1.085568144972134802e-01
6.591473738961531881e-01 1.085482087240045856e-01
6.607560774751687349e-01 1.085396430938180140e-01
6.623667414521843266e-01 1.085311176258566962e-01
6.639793658271999632e-01 1.085226323397438519e-01
6.655939506002157557e-01 1.085141872555190762e-01
6.672104957712314821e-01 1.085057823936399907e-01
6.688290013402472534e-01 1.084974177749887109e-01
6.704494673072629585e-01 1.084890934208666557e-01
6.720718936722788195e-01 1.084808093530016809e-01
6.736962804352947254e-01 1.084725655935501742e-01
6.753226275963107872e-01 1.084643621650935585e-01
6.769509351553267829e-01 1.084561990906452306e-01
6.785812031123429344e-01 1.084480763936510328e-01
6.802134314673590199e-01 1.084399940979917792e-01
6.818476202203752612e-01 1.084319522279839354e-01
6.834837693713914364e-01 1.084239508083785219e-01
6.851218789204075454e-01 1.084159898643732300e-01
6.867619488674239214e-01 1.084080694216007223e-01
6.884039792124403423e-01 1.084001895061439819e-01
6.900479699554568080e-01 1.083923501445258480e-01
6.916939210964733187e-01 1.083845513637218677e-01
6.933418326354898742e-01 1.083767931911554377e-01
6.949917045725064746e-01 1.083690756547010248e-01
6.966435369075231199e-01 1.083613987826897718e-01
6.982973296405398100e-01 1.083537626039078744e-01
6.999530827715563230e-01 1.083461671475999533e-01
7.016107963005731030e-01 1.083386124434707054e-01
7.032704702275899278e-01 1.083310985216878325e-01
7.049321045526069085e-01 1.083236254128850662e-01
7.065956992756238231e-01 1.083161931481620988e-01
7.082612543966407825e-01 1.083088017590884133e-01
7.099287699156578979e-01 1.083014512777044774e-01
7.115982458326749471e-01 1.082941417365267806e-01
7.132696821476921523e-01 1.082868731685444480e-01
7.149430788607090692e-01 1.082796456072292746e-01
7.166184359717263641e-01 1.082724590865310338e-01
7.182957534807437039e-01 1.082653136408844446e-01
7.199750313877609775e-01 1.082582093052088523e-01
7.216562696927784071e-01 1.082511461149117393e-01
7.233394683957958815e-01 1.082441241058928194e-01
7.250246274968132898e-01 1.082371433145432466e-01
7.267117469958308540e-01 1.082302037777494175e-01
7.284008268928482410e-01 1.082233055328982868e-01
7.300918671878658950e-01 1.082164486178722046e-01
7.317848678808835938e-01 1.082096330710647647e-01
7.334798289719013376e-01 1.082028589313663997e-01
7.351767504609192372e-01 1.081961262381824079e-01
7.368756323479370707e-01 1.081894350314270004e-01
7.385764746329549491e-01 1.081827853515265891e-01
7.402792773159728723e-01 1.081761772394271431e-01
7.419840403969908404e-01 1.081696107365900522e-01
7.436907638760087425e-01 1.081630858850022303e-01
7.453994477530268004e-01 1.081566027271724378e-01
7.471100920280450142e-01 1.081501613061377348e-01
7.488226967010631618e-01 1.081437616654671308e-01
7.505372617720814654e-01 1.081374038492589756e-01
7.522537872410997029e-01 1.081310879021513960e-01
7.539722731081180962e-01 1.081248138693211708e-01
7.556927193731364234e-01 1.081185817964811502e-01
7.574151260361549065e-01 1.081123917298988935e-01
7.591394930971732125e-01 1.081062437163811951e-01
7.608658205561917853e-01 1.081001378032903221e-01
7.625941084132104031e-01 1.080940740385415710e-01
7.643243566682289547e-01 1.080880524706044066e-01
7.660565653212476622e-01 1.080820731485137715e-01
7.677907343722664146e-01 1.080761361218633421e-01
7.695268638212852119e-01 1.080702414408154927e-01
7.712649536683040541e-01 1.080643891561011843e-01
7.730050039133229411e-01 1.080585793190247668e-01
7.747470145563417621e-01 1.080528119814669896e-01
7.764909855973607389e-01 1.080470871958887497e-01
7.782369170363797606e-01 1.080414050153307576e-01
7.799848088733989382e-01 1.080357654934250566e-01
7.817346611084180497e-01 1.080301686843883752e-01
7.834864737414372060e-01 1.080246146430322018e-01
7.852402467724565183e-01 1.080191034247659360e-01
7.869959802014757644e-01 1.080136350855981503e-01
7.887536740284951664e-01 1.080082096821398663e-01
7.905133282535142802e-01 1.080028272716110349e-01
7.922749428765337720e-01 1.079974879118404812e-01
7.940385178975533087e-01 1.079921916612745642e-01
7.958040533165727792e-01 1.079869385789731379e-01
7.975715491335924057e-01 1.079817287246225416e-01
7.993410053486120770e-01 1.079765621585328655e-01
8.011124219616317932e-01 1.079714389416415732e-01
8.028857989726515543e-01 1.079663591355223412e-01
8.046611363816711382e-01 1.079613228023856980e-01
8.064384341886909890e-01 1.079563300050814800e-01
8.082176923937108848e-01 1.079513808071045772e-01
8.099989109967308254e-01 1.079464752726010529e-01
8.117820899977508109e-01 1.079416134663684218e-01
8.135672293967708413e-01 1.079367954538603541e-01
8.153543291937909165e-01 1.079320213011942531e-01
8.171433893888111477e-01 1.079272910751502973e-01
8.189344099818313127e-01 1.079226048431799062e-01
8.207273909728513006e-01 1.079179626734075303e-01
8.225223323618716664e-01 1.079133646346356612e-01
8.243192341488919661e-01 1.079088107963504101e-01
8.261180963339124217e-01 1.079043012287216191e-01
8.279189189169328111e-01 1.078998360026147130e-01
8.297217018979533565e-01 1.078954151895862995e-01
8.315264452769738357e-01 1.078910388618965904e-01
8.333331490539944708e-01 1.078867070925082078e-01
8.351418132290151508e-01 1.078824199550943858e-01
8.369524378020356536e-01 1.078781775240424540e-01
8.387650227730564234e-01 1.078739798744566825e-01
8.405795681420771270e-01 1.078698270821660254e-01
8.423960739090979866e-01 1.078657192237274243e-01
8.442145400741188910e-01 1.078616563764308589e-01
8.460349666371398403e-01 1.078576386183045799e-01
8.478573535981608345e-01 1.078536660281197851e-01
8.496817009571818735e-01 1.078497386853916468e-01
8.515080087142030685e-01 1.078458566703949933e-01
8.533362768692239753e-01 1.078420200641566212e-01
8.551665054222451490e-01 1.078382289484711015e-01
8.569986943732663676e-01 1.078344834058971025e-01
8.588328437222877421e-01 1.078307835197689357e-01
8.606689534693090504e-01 1.078271293742008308e-01
8.625070236143304037e-01 1.078235210540883504e-01
8.643470541573519128e-01 1.078199586451194236e-01
8.661890450983733558e-01 1.078164422337762052e-01
8.680329964373949547e-01 1.078129719073401688e-01
8.698789081744163765e-01 1.078095477539003921e-01
8.717267803094379541e-01 1.078061698623588860e-01
8.735766128424596877e-01 1.078028383224329395e-01
8.754284057734814661e-01 1.077995532246635024e-01
8.772821591025032895e-01 1.077963146604236783e-01
8.791378728295250466e-01 1.077931227219174060e-01
8.809955469545469597e-01 1.077899775021933099e-01
8.828551814775689177e-01 1.077868790951426042e-01
8.847167763985909206e-01 1.077838275955174813e-01
8.865803317176127463e-01 1.077808230989196758e-01
8.884458474346348389e-01 1.077778657018254593e-01
8.903133235496569764e-01 1.077749555015748012e-01
8.921827600626792698e-01 1.077720925963932819e-01
8.940541569737014971e-01 1.077692770853858895e-01
8.959275142827237692e-01 1.077665090685495514e-01
8.978028319897460863e-01 1.077637886467815442e-01
8.996801100947685592e-01 1.077611159218800491e-01
9.015593485977907440e-01 1.077584909965556420e-01
9.034405474988133067e-01 1.077559139744378169e-01
9.053237067978358033e-01 1.077533849600779414e-01
9.072088264948584557e-01 1.077509040589596512e-01
9.090959065898810421e-01 1.077484713775071073e-01
9.109849470829037843e-01 1.077460870230880219e-01
9.128759479739264604e-01 1.077437511040228862e-01
9.147689092629492924e-01 1.077414637295917577e-01
9.166638309499721693e-01 1.077392250100438070e-01
9.185607130349948690e-01 1.077370350566013851e-01
9.204595555180178357e-01 1.077348939814676554e-01
9.223603583990407362e-01 1.077328018978382929e-01
9.242631216780637926e-01 1.077307589199027887e-01
9.261678453550868939e-01 1.077287651628591747e-01
9.280745294301100401e-01 1.077268207429155217e-01
9.299831739031333422e-01 1.077249257773007091e-01
9.318937787741565781e-01 1.077230803842739448e-01
9.338063440431798590e-01 1.077212846831287346e-01
9.357208697102029626e-01 1.077195387942060517e-01
9.376373557752263332e-01 1.077178428388977371e-01
9.395558022382498597e-01 1.077161969396565611e-01
9.414762090992733201e-01 1.077146012200078107e-01
9.433985763582968254e-01 1.077130558045528846e-01
9.453229040153204865e-01 1.077115608189809226e-01
9.472491920703440815e-01 1.077101163900754111e-01
9.491774405233678324e-01 1.077087226457257990e-01
9.511076493743915172e-01 1.077073797149362550e-01
9.530398186234151359e-01 1.077060877278286644e-01
9.549739482704390214e-01 1.077048468156617811e-01
9.569100383154629519e-01 1.077036571108296176e-01
9.588480887584868162e-01 1.077025187468818868e-01
9.607880995995108364e-01 1.077014318585237801e-01
9.627300708385349015e-01 1.077003965816309555e-01
9.646740024755590115e-01 1.076994130532571842e-01
9.666198945105831664e-01 1.076984814116452166e-01
9.685677469436073661e-01 1.076976017962354565e-01
9.705175597746313887e-01 1.076967743476775902e-01
9.724693330036556782e-01 1.076959992078382611e-01
9.744230666306800126e-01 1.076952765198132961e-01
9.763787606557043919e-01 1.076946064279380444e-01
9.783364150787289271e-01 1.076939890777968978e-01
9.802960298997533961e-01 1.076934246162322278e-01
9.822576051187779100e-01 1.076929131913615389e-01
9.842211407358025799e-01 1.076924549525785368e-01
9.861866367508271836e-01 1.076920500505722383e-01
9.881540931638517211e-01 1.076916986373362278e-01
9.901235099748764146e-01 1.076914008661756100e-01
9.920948871839012639e-01 1.076911568917232748e-01
9.940682247909260472e-01 1.076909668699502221e-01
9.960435227959509863e-01 1.076908309581745410e-01
9.980207811989759703e-01 1.076907493150786876e-01
1.000000000000000666e+00 1.076907221007133986e-01
