0.000000000000000000e+00 9.746317750656925405e-01
2.078119897502626434e-05 9.740034484273540905e-01
4.352279595010249372e-05 9.733158485310168251e-01
6.822479092522875592e-05 9.725689753039296059e-01
9.488718390040502381e-05 9.717628287679294097e-01
1.235099748756312839e-04 9.708974089380298933e-01
1.540931638509075632e-04 9.699727158133274463e-01
1.866367508262337669e-04 9.689887493906219618e-01
2.211407358016100034e-04 9.679455096691013116e-01
2.576051187770363269e-04 9.668429966501310702e-01
2.960298997525126832e-04 9.656812103348502152e-01
3.364150787280388555e-04 9.644601507240245786e-01
3.787606557036150606e-04 9.631798178183729187e-01
4.230666306792412444e-04 9.618402116186769435e-01
4.693330036549174067e-04 9.604413321259680503e-01
5.175597746306437102e-04 9.589831793412845196e-01
5.677469436064200466e-04 9.574657532658314985e-01
6.198945105822462531e-04 9.558890539008277898e-01
6.740024755581224382e-04 9.542530812476882618e-01
7.300708385340486020e-04 9.525578353078828497e-01
7.880995995100251780e-04 9.508033160830479114e-01
8.480887584860512989e-04 9.489895235749241653e-01
9.100383154621275068e-04 9.471164577854187527e-01
9.739482704382536934e-04 9.451841187165821445e-01
1.039818623414429750e-03 9.431925063706008139e-01
1.107649374390655894e-03 9.411416207498646269e-01
1.177440523366932558e-03 9.390314618569101102e-01
1.249192070343258659e-03 9.368620296944660808e-01
1.322904015319634847e-03 9.346333242654712992e-01
1.398576358296060905e-03 9.323453455730428274e-01
1.476209099272537051e-03 9.299980936205372029e-01
1.555802238249063716e-03 9.275915684115250137e-01
1.637355775225640036e-03 9.251257699497987819e-01
1.720869710202266008e-03 9.226006982394220346e-01
1.806344043178942285e-03 9.200163532847029924e-01
1.893778774155669082e-03 9.173727350902191047e-01
1.983173903132445098e-03 9.146698436608278193e-01
2.074529430109271419e-03 9.119076790016781286e-01
2.167845355086147393e-03 9.090862411182305536e-01
2.263121678063073454e-03 9.062055300162609184e-01
2.360358399040050469e-03 9.032655457018630152e-01
2.459555518017076271e-03 9.002662881814880169e-01
2.560713034994152593e-03 8.972077574619369278e-01
2.663830949971278568e-03 8.940899535503834539e-01
2.768909262948454630e-03 8.909128764543774448e-01
2.875947973925680780e-03 8.876765261818770902e-01
2.984947082902957450e-03 8.843809027412420365e-01
3.095906589880283773e-03 8.810260061412705790e-01
3.208826494857659750e-03 8.776118363911886711e-01
3.323706797835085814e-03 8.741383935006883377e-01
3.440547498812561965e-03 8.706056774799280085e-01
3.559348597790088636e-03 8.670136883395611616e-01
3.680110094767664961e-03 8.633624260907359904e-01
3.802831989745290939e-03 8.596518907451267122e-01
3.927514282722965704e-03 8.558820823149451140e-01
4.054156973700691856e-03 8.520530008129461041e-01
4.182760062678468095e-03 8.481646462524661256e-01
4.313323549656295289e-03 8.442170186474269311e-01
4.445847434634171702e-03 8.402101180123451307e-01
4.580331717612097335e-03 8.361439443623758239e-01
4.716776398590073922e-03 8.320184977133013859e-01
4.855181477568099729e-03 8.278337780815737679e-01
4.995546954546175623e-03 8.235897854843122756e-01
5.137872829524301604e-03 8.192865199393505327e-01
5.282159102502477672e-03 8.149239814652078362e-01
5.428405773480703828e-03 8.105021700811745333e-01
5.576612842458980070e-03 8.060210858072712758e-01
5.726780309437305531e-03 8.014807286643038653e-01
5.878908174415681948e-03 7.968810986738675828e-01
6.032996437394107583e-03 7.922221958583831602e-01
6.189045098372585908e-03 7.875040202410964474e-01
6.347054157351111718e-03 7.827265718461188237e-01
6.507023614329687615e-03 7.778898506984356365e-01
6.668953469308313599e-03 7.729938568239381746e-01
6.832843722286989670e-03 7.680385902494342165e-01
6.998694373265715828e-03 7.630240510026820022e-01
7.166505422244492073e-03 7.579502391123994487e-01
7.336276869223317537e-03 7.528171546083018972e-01
7.508008714202193956e-03 7.476247975211071095e-01
7.681700957181119595e-03 7.423731678825791214e-01
7.857353598160098790e-03 7.370622657255377908e-01
8.034966637139125470e-03 7.316920910838782266e-01
8.214540074118200502e-03 7.262626439926127553e-01
8.396073909097327356e-03 7.207739244878753615e-01
8.579568142076502563e-03 7.152259326069666523e-01
8.765022773055727856e-03 7.096186683883545232e-01
8.952437802035004971e-03 7.039521318717221199e-01
9.141813229014330439e-03 6.982263230979799395e-01
9.333149053993705993e-03 6.924412421092907000e-01
9.526445276973131635e-03 6.865968889491088634e-01
9.721701897952607363e-03 6.806932636621854105e-01
9.918918916932136648e-03 6.747303662946171343e-01
1.011809633391171255e-02 6.687081968938518584e-01
1.031923414889133854e-02 6.626267555087317351e-01
1.052233236187101462e-02 6.564860421895160059e-01
1.072739097285074078e-02 6.502860569879016506e-01
1.093440998183051703e-02 6.440267999570530311e-01
1.114338938881034163e-02 6.377082711516489644e-01
1.135432919379021806e-02 6.313304706278769496e-01
1.156722939677014457e-02 6.248933984434865696e-01
1.178208999775011943e-02 6.183970546578194671e-01
1.199891099673014612e-02 6.118414393318150069e-01
1.221769239371022463e-02 6.052265525280685621e-01
1.243843418869035149e-02 5.985523943108422840e-01
1.266113638167052670e-02 5.918189647460985192e-01
1.288579897265075200e-02 5.850262639015378907e-01
1.311242196163102738e-02 5.781742918466147296e-01
1.334100534861135459e-02 5.712630486525851481e-01
1.357154913359173015e-02 5.642925343925246917e-01
1.380405331657215580e-02 5.572627491413666423e-01
1.403851789755263153e-02 5.501736929759276640e-01
1.427494287653315735e-02 5.430253659749484374e-01
1.451332825351373326e-02 5.358177682191139768e-01
1.475367402849436273e-02 5.285508997910994822e-01
1.499598020147503881e-02 5.212247607755906564e-01
1.524024677245576498e-02 5.138393512593186774e-01
1.548647374143653950e-02 5.063946713311056058e-01
1.573466110841736931e-02 4.988907210818772087e-01
1.598480887339824227e-02 4.913275006047169158e-01
1.623691703637917053e-02 4.837050099948851933e-01
1.649098559736014366e-02 4.760232493498585127e-01
1.674701455634117209e-02 4.682822187693680416e-01
1.700500391332224540e-02 4.604819183554275663e-01
1.726495366830337400e-02 4.526223482123695185e-01
1.752686382128455442e-02 4.447035084468871635e-01
1.779073437226577625e-02 4.367253991680598024e-01
1.805656532124705685e-02 4.286880204873972922e-01
1.832435666822837886e-02 4.205913725188696883e-01
1.859410841320975616e-02 4.124354553789485456e-01
1.886582055619118528e-02 4.042202691866395026e-01
1.913949309717265929e-02 3.959458140635211398e-01
1.941512603615418858e-02 3.876120901337829494e-01
1.969271937313575929e-02 3.792190975242591966e-01
1.997227310811738876e-02 3.707668363644716636e-01
2.025378724109906312e-02 3.622553067866617904e-01
2.053726177208079276e-02 3.536845089258339736e-01
2.082269670106256382e-02 3.450544429197902607e-01
2.111009202804439364e-02 3.363651089091727608e-01
2.139944775302626487e-02 3.276165070374967847e-01
2.169076387600819486e-02 3.188086374511978072e-01
2.198404039699017321e-02 3.099415002996629420e-01
2.227927731597219643e-02 3.010150957352787371e-01
2.257647463295427495e-02 2.920294239134635927e-01
2.287563234793639835e-02 2.829844849927130035e-01
2.317675046091857705e-02 2.738802791346399701e-01
2.347982897190080062e-02 2.647168065040110818e-01
2.378486788088307949e-02 2.554940672687959213e-01
2.409186718786539977e-02 2.462120616001989282e-01
2.440082689284778228e-02 2.368707896727470508e-01
2.471174699583020273e-02 2.274702516880034164e-01
2.502462749681268195e-02 2.180104519174027589e-01
2.533946839579521298e-02 2.084916217999044918e-01
2.565626969277778543e-02 1.989187823328771587e-01
2.597503138776041318e-02 1.893398414272278452e-01
2.629575348074308580e-02 1.799761251033796805e-01
2.661843597172581372e-02 1.713378410725731327e-01
2.694307886070858651e-02 1.639736967596606698e-01
2.726968214769141807e-02 1.580595309880905019e-01
2.759824583267428758e-02 1.534138709382607824e-01
2.792876991565721931e-02 1.497477358918782586e-01
2.826125439664019939e-02 1.468066930993137675e-01
2.859569927562322089e-02 1.444009160821571880e-01
2.893210455260630115e-02 1.423956017338708357e-01
2.927047022758941935e-02 1.406955826468624104e-01
2.961079630057259979e-02 1.392329195731810132e-01
2.995308277155582163e-02 1.379582605270686657e-01
3.029732964053910224e-02 1.368350672776459387e-01
3.064353690752242426e-02 1.358357783553707232e-01
3.099170457250580504e-02 1.349392357263495823e-01
3.134183263548922377e-02 1.341289328655019264e-01
3.169392109647270472e-02 1.333918014434291588e-01
3.204796995545623056e-02 1.327173562316606159e-01
3.240397921243980128e-02 1.320970821516646299e-01
3.276194886742343076e-02 1.315239877670321411e-01
3.312187892040710513e-02 1.309922750797793134e-01
3.348376937139083825e-02 1.304970918851526274e-01
3.384762022037460932e-02 1.300343436100339090e-01
3.421343146735843915e-02 1.296005486126291517e-01
3.458120311234230693e-02 1.291927256548431879e-01
3.495093515532624040e-02 1.288083054832434293e-01
3.532262759631021182e-02 1.284450606825149888e-01
3.569628043529424199e-02 1.281010495261237225e-01
3.607189367227831706e-02 1.277745706558114092e-01
3.644946730726244394e-02 1.274641262169721734e-01
3.682900134024662264e-02 1.271683916542163117e-01
3.721049577123083929e-02 1.268861907957095359e-01
3.759395060021512164e-02 1.266164751692696877e-01
3.797936582719944193e-02 1.263583067288863437e-01
3.836674145218382098e-02 1.261108433482394098e-01
3.875607747516824492e-02 1.258733265735136331e-01
3.914737389615272761e-02 1.256450712320512919e-01
3.954063071513724825e-02 1.254254565740461624e-01
3.993584793212182765e-02 1.252139186874668408e-01
4.033302554710645887e-02 1.250099439757697550e-01
4.073216356009112804e-02 1.248130635270324196e-01
4.113326197107585597e-02 1.246228482342332661e-01
4.153632078006062878e-02 1.244389045511112707e-01
4.194133998704546035e-02 1.242608707882370128e-01
4.234831959203032986e-02 1.240884138698370998e-01
4.275725959501525814e-02 1.239212264852625478e-01
4.316815999600023129e-02 1.237590245795428812e-01
4.358102079498526321e-02 1.236015451364319562e-01
4.399584199197033307e-02 1.234485442144172967e-01
4.441262358695546170e-02 1.232997952024102173e-01
4.483136557994064214e-02 1.231550872664814028e-01
4.525206797092586747e-02 1.230142239636288076e-01
4.567473075991114462e-02 1.228770220015471815e-01
4.609935394689646665e-02 1.227433101266876408e-01
4.652593753188184744e-02 1.226129281252106851e-01
4.695448151486726618e-02 1.224857259234575363e-01
4.738498589585275061e-02 1.223615627765203828e-01
4.781745067483826606e-02 1.222403065348142970e-01
4.825187585182384720e-02 1.221218329800077412e-01
4.868826142680946628e-02 1.220060252226253944e-01
4.912660739979515107e-02 1.218927731547028992e-01
4.956691377078088073e-02 1.217819729516483873e-01
5.000918053976664834e-02 1.216735266181308839e-01
5.045340770675248165e-02 1.215673415734911805e-01
5.089959527173835291e-02 1.214633302726776110e-01
5.134774323472428292e-02 1.213614098591328794e-01
5.179785159571025088e-02 1.212615018465490468e-01
5.224992035469628454e-02 1.211635318265943950e-01
5.270394951168235614e-02 1.210674292003009050e-01
5.315993906666848651e-02 1.209731269306980050e-01
5.361788901965465481e-02 1.208805613148676295e-01
5.407779937064088882e-02 1.207896717736014619e-01
5.453967011962716771e-02 1.207004006570490257e-01
5.500350126661349148e-02 1.206126930649730339e-01
5.546929281159986708e-02 1.205264966803117344e-01
5.593704475458628755e-02 1.204417616149140585e-01
5.640675709557277373e-02 1.203584402664091141e-01
5.687842983455929091e-02 1.202764871852119860e-01
5.735206297154587379e-02 1.201958589509641989e-01
5.782765650653248768e-02 1.201165140574464857e-01
5.830521043951917420e-02 1.200384128054665794e-01
5.878472477050590561e-02 1.199615172029152438e-01
5.926619949949267496e-02 1.198857908715735832e-01
5.974963462647950307e-02 1.198111989600023491e-01
6.023503015146637607e-02 1.197377080621839229e-01
6.072238607445330782e-02 1.196652861413530639e-01
6.121170239544027752e-02 1.195939024587104188e-01
6.170297911442730598e-02 1.195235275066238168e-01
6.219621623141437933e-02 1.194541329459736928e-01
6.269141374640151143e-02 1.193856915473763131e-01
6.318857165938866760e-02 1.193181771359681093e-01
6.368768997037589641e-02 1.192515645395252483e-01
6.418876867936318398e-02 1.191858295396627243e-01
6.469180778635051643e-02 1.191209488259245691e-01
6.519680729133789376e-02 1.190568999525315891e-01
6.570376719432530210e-02 1.189936612976307262e-01
6.621268749531278308e-02 1.189312120248799537e-01
6.672356819430030894e-02 1.188695320471784972e-01
6.723640929128789356e-02 1.188086019924562559e-01
6.775121078627552307e-02 1.187484031713239435e-01
6.826797267926318358e-02 1.186889175465215412e-01
6.878669497025091673e-02 1.186301277039998464e-01
6.930737765923869476e-02 1.185720168255929990e-01
6.983002074622653155e-02 1.185145686630805079e-01
7.035462423121441322e-02 1.184577675136884445e-01
7.088118811420231202e-02 1.184015981968231379e-01
7.140971239519029734e-02 1.183460460320010788e-01
7.194019707417832754e-02 1.182910968179538141e-01
7.247264215116641650e-02 1.182367368127432011e-01
7.300704762615452259e-02 1.181829527149036163e-01
7.354341349914270132e-02 1.181297316455135887e-01
7.408173977013092493e-02 1.180770611311589557e-01
7.462202643911922118e-02 1.180249290877169177e-01
7.516427350610754843e-02 1.179733238049426175e-01
7.570848097109590669e-02 1.179222339317785861e-01
7.625464883408433758e-02 1.178716484623731908e-01
7.680277709507281336e-02 1.178215567227662297e-01
7.735286575406134790e-02 1.177719483581799453e-01
7.790491481104989957e-02 1.177228133209094196e-01
7.845892426603853775e-02 1.176741418587802235e-01
7.901489411902722082e-02 1.176259245041096219e-01
7.957282437001594877e-02 1.175781520631885152e-01
8.013271501900470772e-02 1.175308156062238596e-01
8.069456606599353932e-02 1.174839064577321845e-01
8.125837751098241579e-02 1.174374161873671801e-01
8.182414935397135103e-02 1.173913366011082038e-01
8.239188159496033115e-02 1.173456597329132628e-01
8.296157423394934227e-02 1.173003778366250027e-01
8.353322727093842603e-02 1.172554833783223532e-01
8.410684070592755468e-02 1.172109690289341033e-01
8.468241453891674209e-02 1.171668276571801864e-01
8.525994876990593274e-02 1.171230523228243281e-01
8.583944339889522379e-02 1.170796362701752580e-01
8.642089842588455972e-02 1.170365729218962869e-01
8.700431385087394054e-02 1.169938558730158895e-01
8.758968967386336624e-02 1.169514788852307197e-01
8.817702589485282294e-02 1.169094358814159323e-01
8.876632251384235228e-02 1.168677209403475997e-01
8.935757953083194038e-02 1.168263282916381929e-01
8.995079694582157337e-02 1.167852523108939000e-01
9.054597475881122348e-02 1.167444875150371458e-01
9.114311296980096011e-02 1.167040285577998215e-01
9.174221157879074162e-02 1.166638702254298582e-01
9.234327058578056802e-02 1.166240074325374104e-01
9.294628999077042542e-02 1.165844352180751969e-01
9.355126979376035545e-02 1.165451487415470333e-01
9.415820999475034425e-02 1.165061432792471041e-01
9.476711059374037793e-02 1.164674142207500207e-01
9.537797159073045650e-02 1.164289570654598871e-01
9.599079298572055219e-02 1.163907674193015163e-01
9.660557477871074827e-02 1.163528409915565859e-01
9.722231696970097536e-02 1.163151735917771767e-01
9.784101955869126122e-02 1.162777611268436956e-01
9.846168254568156419e-02 1.162405995981054124e-01
9.908430593067193981e-02 1.162036850986317149e-01
9.970888971366237419e-02 1.161670138105642264e-01
1.003354338946528534e-01 1.161305820025516911e-01
1.009639384736433915e-01 1.160943860272828643e-01
1.015944034506339466e-01 1.160584223191031966e-01
1.022268288256245744e-01 1.160226873917062917e-01
1.028612145986152610e-01 1.159871778359154171e-01
1.034975607696059924e-01 1.159518903175340288e-01
1.041358673385967409e-01 1.159168215752715558e-01
1.047761343055875760e-01 1.158819684187306076e-01
1.054183616705784560e-01 1.158473277264760598e-01
1.060625494335693947e-01 1.158128964441564324e-01
1.067086975945603783e-01 1.157786715826936985e-01
1.073568061535513790e-01 1.157446502165239699e-01
1.080068751105424663e-01 1.157108294819060579e-01
1.086589044655335984e-01 1.156772065752814105e-01
1.093128942185247754e-01 1.156437787516797766e-01
1.099688443695159834e-01 1.156105433231848639e-01
1.106267549185072641e-01 1.155774976574471952e-01
1.112866258654986035e-01 1.155446391762376401e-01
1.119484572104899878e-01 1.155119653540540997e-01
1.126122489534813753e-01 1.154794737167721824e-01
1.132780010944728633e-01 1.154471618403229843e-01
1.139457136334643961e-01 1.154150273494346374e-01
1.146153865704559877e-01 1.153830679163982131e-01
1.152870199054476102e-01 1.153512812598733589e-01
1.159606136384392638e-01 1.153196651437261716e-01
1.166361677694310039e-01 1.152882173759257750e-01
1.173136822984227889e-01 1.152569358074321815e-01
1.179931572254146188e-01 1.152258183311581086e-01
1.186745925504064658e-01 1.151948628809376096e-01
1.193579882733983993e-01 1.151640674305223488e-01
1.200433443943903777e-01 1.151334299926152077e-01
1.207306609133824149e-01 1.151029486179283856e-01
1.214199378303744969e-01 1.150726213942727255e-01
1.221111751453665961e-01 1.150424464456853840e-01
1.228043728583587818e-01 1.150124219315979135e-01
1.234995309693510124e-01 1.149825460460474763e-01
1.241966494783433017e-01 1.149528170169190899e-01
1.248957283853355943e-01 1.149232331051718986e-01
1.255967676903279873e-01 1.148937926040026203e-01
1.262997673933204390e-01 1.148644938378984431e-01
1.270047274943129079e-01 1.148353351615473139e-01
1.277116479933054216e-01 1.148063149587469772e-01
1.284205288902980080e-01 1.147774316416589196e-01
1.291313701852906393e-01 1.147486836509837849e-01
1.298441718782833154e-01 1.147200694576366448e-01
1.305589339692760642e-01 1.146915875656724926e-01
1.312756564582688024e-01 1.146632365142370574e-01
1.319943393452616409e-01 1.146350148731591495e-01
1.327149826302545244e-01 1.146069212248346930e-01
1.334375863132474527e-01 1.145789541306364567e-01
1.341621503942403981e-01 1.145511121033670476e-01
1.348886748732334440e-01 1.145233936532586289e-01
1.356171597502265069e-01 1.144957975111422777e-01
1.363476050252196425e-01 1.144683230234577187e-01
1.370800106982128508e-01 1.144409701700450505e-01
1.378143767692060206e-01 1.144137375189482192e-01
1.385507032381993187e-01 1.143866165641210381e-01
1.392889901051926616e-01 1.143595938174888499e-01
1.400292373701860493e-01 1.143327442843461578e-01
1.407714450331794265e-01 1.143059502393724974e-01
1.415156130941729040e-01 1.142792866361789228e-01
1.422617415531664542e-01 1.142527402665067804e-01
1.430098304101600493e-01 1.142263028263056091e-01
1.437598796651536337e-01 1.141999730420996673e-01
1.445118893181473185e-01 1.141737510720768761e-01
1.452658593691410482e-01 1.141476364872831134e-01
1.460217898181348506e-01 1.141216282942166121e-01
1.467796806651286701e-01 1.140957253261572490e-01
1.475395319101225067e-01 1.140699264615600977e-01
1.483013435531164437e-01 1.140442306672564271e-01
1.490651155941104256e-01 1.140186369703744679e-01
1.498308480331044801e-01 1.139931444255287279e-01
1.505985408700985240e-01 1.139677520978224778e-01
1.513681941050926405e-01 1.139424590593140774e-01
1.521398077380868297e-01 1.139172643915003502e-01
1.529133817690810637e-01 1.138921671885324699e-01
1.536889161980753704e-01 1.138671665590933746e-01
1.544664110250696387e-01 1.138422616268308651e-01
1.552458662500640352e-01 1.138174515299565370e-01
1.560272818730584765e-01 1.137927354205644087e-01
1.568106578940529627e-01 1.137681124640380487e-01
1.575959943130474383e-01 1.137435818386107050e-01
1.583832911300420421e-01 1.137191427350644907e-01
1.591725483450366629e-01 1.136947943565304597e-01
1.599637659580313565e-01 1.136705359182968306e-01
1.607569439690260948e-01 1.136463666476130174e-01
1.615520823780208504e-01 1.136222857834998240e-01
1.623491811850156785e-01 1.135982925765242485e-01
1.631482403900105516e-01 1.135743862885893185e-01
1.639492599930054972e-01 1.135505661927184440e-01
1.647522399940004323e-01 1.135268315728359817e-01
1.655571803929954677e-01 1.135031817235751528e-01
1.663640811899905481e-01 1.134796159500681828e-01
1.671729423849857010e-01 1.134561335677644889e-01
1.679837639779808434e-01 1.134327339022366127e-01
1.687965459689760583e-01 1.134094162890029178e-01
1.696112883579713460e-01 1.133861800733434594e-01
1.704279911449667062e-01 1.133630246101241523e-01
1.712466543299620836e-01 1.133399492636326528e-01
1.720672779129574781e-01 1.133169534074031093e-01
1.728898618939529452e-01 1.132940364240531544e-01
1.737144062729484850e-01 1.132711977051183289e-01
1.745409110499440697e-01 1.132484366509058649e-01
1.753693762249396715e-01 1.132257526703286249e-01
1.761998017979353459e-01 1.132031451807636868e-01
1.770321877689310930e-01 1.131806136078869485e-01
1.778665341379268849e-01 1.131581573855599543e-01
1.787028409049227218e-01 1.131357759556460563e-01
1.795411080699185480e-01 1.131134687679156287e-01
1.803813356329145023e-01 1.130912352798737475e-01
1.812235235939104738e-01 1.130690749566520409e-01
1.820676719529065180e-01 1.130469872708597528e-01
1.829137807099025514e-01 1.130249717024714440e-01
1.837618498648986853e-01 1.130030277386924881e-01
1.846118794178948919e-01 1.129811548738395843e-01
1.854638693688911155e-01 1.129593526092165651e-01
1.863178197178873563e-01 1.129376204530090771e-01
1.871737304648836975e-01 1.129159579201516189e-01
1.880316016098800835e-01 1.128943645322287304e-01
1.888914331528765145e-01 1.128728398173566572e-01
1.897532250938729903e-01 1.128513833100801139e-01
1.906169774328694833e-01 1.128299945512589442e-01
1.914826901698660766e-01 1.128086730879749727e-01
1.923503633048627148e-01 1.127874184734144747e-01
1.932199968378593979e-01 1.127662302667828131e-01
1.940915907688560982e-01 1.127451080332007305e-01
1.949651450978528711e-01 1.127240513436036651e-01
1.958406598248497166e-01 1.127030597746493390e-01
1.967181349498466070e-01 1.126821329086336587e-01
1.975975704728435423e-01 1.126612703333903648e-01
1.984789663938404669e-01 1.126404716422013397e-01
1.993623227128375197e-01 1.126197364337179346e-01
2.002476394298345896e-01 1.125990643118677664e-01
2.011349165448317322e-01 1.125784548857740458e-01
2.020241540578288642e-01 1.125579077696718805e-01
2.029153519688260965e-01 1.125374225828291441e-01
2.038085102778234015e-01 1.125169989494625433e-01
2.047036289848207236e-01 1.124966364986696027e-01
2.056007080898180628e-01 1.124763348643388339e-01
2.064997475928155024e-01 1.124560936850887288e-01
2.074007474938129869e-01 1.124359126041821338e-01
2.083037077928105441e-01 1.124157912694603995e-01
2.092086284898081183e-01 1.123957293332772112e-01
2.101155095848057097e-01 1.123757264524159472e-01
2.110243510778034015e-01 1.123557822880342366e-01
2.119351529688011382e-01 1.123358965055881176e-01
2.128479152577989197e-01 1.123160687747742498e-01
2.137626379447967184e-01 1.122962987694584996e-01
2.146793210297945897e-01 1.122765861676175148e-01
2.155979645127925337e-01 1.122569306512684190e-01
2.165185683937905226e-01 1.122373319064218777e-01
2.174411326727885563e-01 1.122177896230098781e-01
2.183656573497865794e-01 1.121983034948304814e-01
2.192921424247847306e-01 1.121788732194927279e-01
2.202205878977829268e-01 1.121594984983522864e-01
2.211509937687811678e-01 1.121401790364712908e-01
2.220833600377793982e-01 1.121209145425412779e-01
2.230176867047777289e-01 1.121017047288495466e-01
2.239539737697761046e-01 1.120825493112108523e-01
2.248922212327745529e-01 1.120634480089285345e-01
2.258324290937730461e-01 1.120444005447326086e-01
2.267745973527715286e-01 1.120254066447369384e-01
2.277187260097701116e-01 1.120064660384005734e-01
2.286648150647687394e-01 1.119875784584613565e-01
2.296128645177674399e-01 1.119687436409023962e-01
2.305628743687661297e-01 1.119499613248942788e-01
2.315148446177649200e-01 1.119312312527263875e-01
2.324687752647637551e-01 1.119125531697541809e-01
2.334246663097626351e-01 1.118939268243324958e-01
2.343825177527615322e-01 1.118753519678373359e-01
2.353423295937605020e-01 1.118568283547110020e-01
2.363041018327595444e-01 1.118383557425906005e-01
2.372678344697586317e-01 1.118199338923540898e-01
2.382335275047577638e-01 1.118015625678254743e-01
2.392011809377569131e-01 1.117832415348279235e-01
2.401707947687561351e-01 1.117649705597102833e-01
2.411423689977554297e-01 1.117467494086611945e-01
2.421159036247547691e-01 1.117285778511111077e-01
2.430913986497540979e-01 1.117104556704511115e-01
2.440688540727535549e-01 1.116923826774441769e-01
2.450482698937530290e-01 1.116743586984680903e-01
2.460296461127525758e-01 1.116563834855744397e-01
2.470129827297521674e-01 1.116384565582977523e-01
2.479982797447517484e-01 1.116205773567354453e-01
2.489855371577514298e-01 1.116027467333446654e-01
2.499747549687511561e-01 1.115849686325617041e-01
2.509659331777509550e-01 1.115672265703576554e-01
2.519590717847506878e-01 1.115495435009015990e-01
2.529541707897505765e-01 1.115319031773087527e-01
2.539512301927505100e-01 1.115143094536784063e-01
2.549502499937504885e-01 1.114967631864172415e-01
2.559512301927505673e-01 1.114792638428897947e-01
2.569541707897506355e-01 1.114618109723677919e-01
2.579590717847507486e-01 1.114444043572977716e-01
2.589659331777509621e-01 1.114270438562679905e-01
2.599747549687512205e-01 1.114097293159098112e-01
2.609855371577514682e-01 1.113924605605333823e-01
2.619982797447518164e-01 1.113752374059600869e-01
2.630129827297520984e-01 1.113580596699870612e-01
2.640296461127525363e-01 1.113409271753821456e-01
2.650482698937530190e-01 1.113238397489927228e-01
2.660688540727535467e-01 1.113067972202421430e-01
2.670913986497541748e-01 1.112897994202766971e-01
2.681159036247547922e-01 1.112728461817693304e-01
2.691423689977554545e-01 1.112559373390214074e-01
2.701707947687562172e-01 1.112390727281094283e-01
2.712011809377570248e-01 1.112222521869551950e-01
2.722335275047577108e-01 1.112054755553227581e-01
2.732678344697586081e-01 1.111887426747864283e-01
2.743041018327595504e-01 1.111720533886895734e-01
2.753423295937605375e-01 1.111554075421004872e-01
2.763825177527615695e-01 1.111388049817898654e-01
2.774246663097627019e-01 1.111222455562099198e-01
2.784687752647638237e-01 1.111057291154770171e-01
2.795148446177649904e-01 1.110892555113481006e-01
2.805628743687662574e-01 1.110728245972025935e-01
2.816128645177674028e-01 1.110564362280317130e-01
2.826648150647687596e-01 1.110400902604038731e-01
2.837187260097701613e-01 1.110237865524570516e-01
2.847745973527716079e-01 1.110075249638711459e-01
2.858324290937730994e-01 1.109913053558529289e-01
2.868922212327746357e-01 1.109751275911181750e-01
2.879539737697762170e-01 1.109589915338695526e-01
2.890176867047778431e-01 1.109428970497785688e-01
2.900833600377795141e-01 1.109268440059754113e-01
2.911509937687811744e-01 1.109108322710206790e-01
2.922205878977829352e-01 1.108948617148946686e-01
2.932921424247847964e-01 1.108789322089783480e-01
2.943656573497866469e-01 1.108630436260377994e-01
2.954411326727885978e-01 1.108471958402051094e-01
2.965185683937905936e-01 1.108313887269664622e-01
2.975979645127926343e-01 1.108156221631416555e-01
2.986793210297947199e-01 1.107998960268701677e-01
2.997626379447967393e-01 1.107842101975940324e-01
3.008479152577989146e-01 1.107685645560477217e-01
3.019351529688011904e-01 1.107529589842349560e-01
3.030243510778034555e-01 1.107373933654220988e-01
3.041155095848058210e-01 1.107218675841185190e-01
3.052086284898081758e-01 1.107063815260568157e-01
3.063037077928106311e-01 1.106909350781979801e-01
3.074007474938131312e-01 1.106755281286922188e-01
3.084997475928156763e-01 1.106601605668826455e-01
3.096007080898180996e-01 1.106448322832845610e-01
3.107036289848207899e-01 1.106295431695785425e-01
3.118085102778234696e-01 1.106142931185856021e-01
3.129153519688261942e-01 1.105990820242639949e-01
3.140241540578289636e-01 1.105839097816953553e-01
3.151349165448318335e-01 1.105687762870721791e-01
3.162476394298346927e-01 1.105536814376746751e-01
3.173623227128376523e-01 1.105386251318768720e-01
3.184789663938406568e-01 1.105236072691162252e-01
3.195975704728435396e-01 1.105086277498908975e-01
3.207181349498466338e-01 1.104936864757469633e-01
3.218406598248497730e-01 1.104787833492759525e-01
3.229651450978529570e-01 1.104639182741014025e-01
3.240915907688562414e-01 1.104490911548787202e-01
3.252199968378595152e-01 1.104343018972673562e-01
3.263503633048628338e-01 1.104195504078679668e-01
3.274826901698662529e-01 1.104048365941711490e-01
3.286169774328696613e-01 1.103901603645240093e-01
3.297532250938730591e-01 1.103755216283531654e-01
3.308914331528765573e-01 1.103609202965915442e-01
3.320316016098801559e-01 1.103463562820859167e-01
3.331737304648837994e-01 1.103318294986081194e-01
3.343178197178874878e-01 1.103173398570345409e-01
3.354638693688912210e-01 1.103028872608502048e-01
3.366118794178950546e-01 1.102884716149347133e-01
3.377618498648988776e-01 1.102740928695320477e-01
3.389137807099027455e-01 1.102597510542977222e-01
3.400676719529066028e-01 1.102454459943633114e-01
3.412235235939105604e-01 1.102311765275284794e-01
3.423813356329146185e-01 1.102169458538493907e-01
3.435411080699187214e-01 1.102027494299997190e-01
3.447028409049228137e-01 1.101885904265591659e-01
3.458665341379270064e-01 1.101744677171106052e-01
3.470321877689312440e-01 1.101603811301811592e-01
3.481998017979355819e-01 1.101463306983465201e-01
3.493693762249399093e-01 1.101323163791463611e-01
3.505409110499441705e-01 1.101183380877850115e-01
3.517144062729485876e-01 1.101043957400059670e-01
3.528898618939531051e-01 1.100904892604427365e-01
3.540672779129576120e-01 1.100766185780703982e-01
3.552466543299622193e-01 1.100627836225132189e-01
3.564279911449668714e-01 1.100489843232027726e-01
3.576112883579715684e-01 1.100352206097970492e-01
3.587965459689763104e-01 1.100214924126373256e-01
3.599837639779809306e-01 1.100077996629120203e-01
3.611729423849858178e-01 1.099941422926298401e-01
3.623640811899906944e-01 1.099805202345629923e-01
3.635571803929956158e-01 1.099669334221820560e-01
3.647522399940006377e-01 1.099533817896611032e-01
3.659492599930056489e-01 1.099398652718568681e-01
3.671482403900107605e-01 1.099263838043263997e-01
3.683491811850159170e-01 1.099129373233097562e-01
3.695520823780210629e-01 1.098995257657358199e-01
3.707569439690261981e-01 1.098861490692046167e-01
3.719637659580314892e-01 1.098728071719960175e-01
3.731725483450368253e-01 1.098595000130435373e-01
3.743832911300422062e-01 1.098462275319449372e-01
3.755959943130476320e-01 1.098329896689420188e-01
3.768106578940531581e-01 1.098197863649330169e-01
3.780272818730586737e-01 1.098066175614446777e-01
3.792458662500642896e-01 1.097934832006468159e-01
3.804664110250698950e-01 1.097803832253325534e-01
3.816889161980754896e-01 1.097673175789199151e-01
3.829133817690812402e-01 1.097542862054457641e-01
3.841398077380869802e-01 1.097412890495560039e-01
3.853681941050928206e-01 1.097283260565076052e-01
3.865985408700987613e-01 1.097153971721560872e-01
3.878308480331046915e-01 1.097025023429556434e-01
3.890651155941106665e-01 1.096896415159510918e-01
3.903013435531166864e-01 1.096768146387714499e-01
3.915395319101228067e-01 1.096640216596323908e-01
3.927796806651288053e-01 1.096512625273239200e-01
3.940217898181350153e-01 1.096385371912049211e-01
3.952658593691412148e-01 1.096258456012057098e-01
3.965118893181475146e-01 1.096131877078184991e-01
3.977598796651538593e-01 1.096005634620902391e-01
3.990098304101602489e-01 1.095879728156276961e-01
4.002617415531666833e-01 1.095754157205793000e-01
4.015156130941732182e-01 1.095628921296417507e-01
4.027714450331797424e-01 1.095504019960533010e-01
4.040292373701862005e-01 1.095379452735864428e-01
4.052889901051928145e-01 1.095255219165449379e-01
4.065507032381995289e-01 1.095131318797624709e-01
4.078143767692062882e-01 1.095007751185927691e-01
4.090800106982130369e-01 1.094884515889139043e-01
4.103476050252198859e-01 1.094761612471161216e-01
4.116171597502267798e-01 1.094639040500998833e-01
4.128886748732337186e-01 1.094516799552806147e-01
4.141621503942407023e-01 1.094394889205695526e-01
4.154375863132476199e-01 1.094273309043820447e-01
4.167149826302546933e-01 1.094152058656332749e-01
4.179943393452618672e-01 1.094031137637244827e-01
4.192756564582690304e-01 1.093910545585519561e-01
4.205589339692762940e-01 1.093790282104968314e-01
4.218441718782836025e-01 1.093670346804199722e-01
4.231313701852909004e-01 1.093550739296643981e-01
4.244205288902982987e-01 1.093431459200451261e-01
4.257116479933056308e-01 1.093312506138586632e-01
4.270047274943131188e-01 1.093193879738624391e-01
4.282997673933206517e-01 1.093075579632857702e-01
4.295967676903282295e-01 1.092957605458166198e-01
4.308957283853359077e-01 1.092839956855918282e-01
4.321966494783435753e-01 1.092722633471959193e-01
4.334995309693513432e-01 1.092605634956756028e-01
4.348043728583591006e-01 1.092488960965782990e-01
4.361111751453669583e-01 1.092372611159933976e-01
4.374199378303746943e-01 1.092256585204469249e-01
4.387306609133826418e-01 1.092140882765590959e-01
4.400433443943906342e-01 1.092025503506779266e-01
4.413579882733986715e-01 1.091910447096442471e-01
4.426745925504067536e-01 1.091795713241941607e-01
4.439931572254149361e-01 1.091681301715559937e-01
4.453136822984231080e-01 1.091567212195797137e-01
4.466361677694313248e-01 1.091453443821743113e-01
4.479606136384396420e-01 1.091339995996478962e-01
4.492870199054478375e-01 1.091226874226310511e-01
4.506153865704562445e-01 1.091114063670667322e-01
4.519457136334646408e-01 1.091001582934326142e-01
4.532780010944731375e-01 1.090889417419229762e-01
4.546122489534816791e-01 1.090777572508164206e-01
4.559484572104903211e-01 1.090666047649860582e-01
4.572866258654989524e-01 1.090554842032408767e-01
4.586267549185076287e-01 1.090443955377361496e-01
4.599688443695163498e-01 1.090333387503957668e-01
4.613128942185250048e-01 1.090223138175569206e-01
4.626589044655338712e-01 1.090113207126722078e-01
4.640068751105427269e-01 1.090003594096149858e-01
4.653568061535516831e-01 1.089894298833558872e-01
4.667086975945606842e-01 1.089785321095674137e-01
4.680625494335697301e-01 1.089676660642975303e-01
4.694183616705788209e-01 1.089568317238921724e-01
4.707761343055879566e-01 1.089460290650366425e-01
4.721358673385971372e-01 1.089352580647983681e-01
4.734975607696062516e-01 1.089245187006391835e-01
4.748612145986155220e-01 1.089138109504076690e-01
4.762268288256248927e-01 1.089031347923350018e-01
4.775944034506342528e-01 1.088924902050268512e-01
4.789639384736437133e-01 1.088818771674659180e-01
4.803354338946532187e-01 1.088712956590019848e-01
4.817088897136627690e-01 1.088607456593629480e-01
4.830843059306723641e-01 1.088502271486433415e-01
4.844616825456818376e-01 1.088397401073078058e-01
4.858410195586915226e-01 1.088292845161862449e-01
4.872223169697012524e-01 1.088188603564788776e-01
4.886055747787110826e-01 1.088084676097448716e-01
4.899907929857209021e-01 1.087981062579082836e-01
4.913779715907308221e-01 1.087877762832566153e-01
4.927671105937407314e-01 1.087774776684325151e-01
4.941582099947507412e-01 1.087672103964403836e-01
4.955512697937607958e-01 1.087569744506412250e-01
4.969462899907707287e-01 1.087467698147517731e-01
4.983432705857808731e-01 1.087365964728427975e-01
4.997422115787910624e-01 1.087264544093373142e-01
5.011431129698012965e-01 1.087163436090150953e-01
5.025459747588115755e-01 1.087062640569978200e-01
5.039507969458218994e-01 1.086962157387652977e-01
5.053575795308323793e-01 1.086861986401426866e-01
5.067663225138427929e-01 1.086762127473004103e-01
5.081770258948532515e-01 1.086662580467594036e-01
5.095896896738636439e-01 1.086563345253789975e-01
5.110043138508743032e-01 1.086464421703727951e-01
5.124208984258848965e-01 1.086365809692857176e-01
5.138394433988955345e-01 1.086267509100127954e-01
5.152599487699063285e-01 1.086169519807867467e-01
5.166824145389171674e-01 1.086071841701832519e-01
5.181068407059279401e-01 1.085974474671118767e-01
5.195332272709388688e-01 1.085877418608250378e-01
5.209615742339498423e-01 1.085780673409125902e-01
5.223918815949606387e-01 1.085684238972967341e-01
5.238241493539717020e-01 1.085588115202391346e-01
5.252583775109828101e-01 1.085492302003343151e-01
5.266945660659939632e-01 1.085396799285130859e-01
5.281327150190051611e-01 1.085301606960368814e-01
5.295728243700164040e-01 1.085206724944989126e-01
5.310148941190276917e-01 1.085112153158295373e-01
5.324589242660390243e-01 1.085017891522827294e-01
5.339049148110504017e-01 1.084923939964520523e-01
5.353528657540617131e-01 1.084830298412500782e-01
5.368027770950731803e-01 1.084736966799274144e-01
5.382546488340846924e-01 1.084643945060579234e-01
5.397084809710962494e-01 1.084551233135483128e-01
5.411642735061079623e-01 1.084458830966266163e-01
5.426220264391196091e-01 1.084366738498521304e-01
5.440817397701314118e-01 1.084274955681072822e-01
5.455434134991431483e-01 1.084183482466049425e-01
5.470070476261550407e-01 1.084092318808793087e-01
5.484726421511667560e-01 1.084001464667898873e-01
5.499401970741787382e-01 1.083910920005206197e-01
5.514097123951906543e-01 1.083820684785814642e-01
5.528811881142027262e-01 1.083730758978056347e-01
5.543546242312148431e-01 1.083641142553459780e-01
5.558300207462270048e-01 1.083551835486834397e-01
5.573073776592392115e-01 1.083462837756154207e-01
5.587866949702514630e-01 1.083374149342676007e-01
5.602679726792635373e-01 1.083285770230850986e-01
5.617512107862758786e-01 1.083197700408318892e-01
5.632364092912882647e-01 1.083109939865984500e-01
5.647235681943006957e-01 1.083022488597932959e-01
5.662126874953131717e-01 1.082935346601453241e-01
5.677037671943258035e-01 1.082848513877052304e-01
5.691968072913383692e-01 1.082761990428455917e-01
5.706918077863509797e-01 1.082675776262576606e-01
5.721887686793637462e-01 1.082589871389517677e-01
5.736876899703762245e-01 1.082504275822610690e-01
5.751885716593890807e-01 1.082418989578373403e-01
5.766914137464018708e-01 1.082334012676515606e-01
5.781962162314148168e-01 1.082249345139962710e-01
5.797029791144278077e-01 1.082164986994826189e-01
5.812117023954407324e-01 1.082080938270417320e-01
5.827223860744538131e-01 1.081997198999231219e-01
5.842350301514669386e-01 1.081913769217027338e-01
5.857496346264799980e-01 1.081830648962654601e-01
5.872661994994931023e-01 1.081747838278235424e-01
5.887847247705062514e-01 1.081665337209015004e-01
5.903052104395195565e-01 1.081583145803515500e-01
5.918276565065329065e-01 1.081501264113539085e-01
5.933520629715463013e-01 1.081419692194175580e-01
5.948784298345597410e-01 1.081338430103580689e-01
5.964067570955732256e-01 1.081257477902280301e-01
5.979370447545868661e-01 1.081176835653291507e-01
5.994692928116004405e-01 1.081096503425147681e-01
6.010035012666138377e-01 1.081016481297047416e-01
6.025396701196276128e-01 1.080936769351263232e-01
6.040777993706413218e-01 1.080857367629764476e-01
6.056178890196550757e-01 1.080778276128542686e-01
6.071599390666689855e-01 1.080699495139267885e-01
6.087039495116828292e-01 1.080621025450539813e-01
6.102499203546968287e-01 1.080542863487536781e-01
6.117978515957107621e-01 1.080465016929434974e-01
6.133477432347248515e-01 1.080387476407730363e-01
6.148995952717387636e-01 1.080310249579718995e-01
6.164534077067529427e-01 1.080233332943234259e-01
6.180091805397671667e-01 1.080156727292447966e-01
6.195669137707813245e-01 1.080080432938309437e-01
6.211266073997956383e-01 1.080004449910168529e-01
6.226882614268099969e-01 1.079928778290817626e-01
6.242518758518244004e-01 1.079853418208214511e-01
6.258174506748388488e-01 1.079778369792899900e-01
6.273849858958533421e-01 1.079703633171327781e-01
6.289544815148676582e-01 1.079629208471255541e-01
6.305259375318823523e-01 1.079555095824601546e-01
6.320993539468969802e-01 1.079481295367262089e-01
6.336747307599116530e-01 1.079407807238577932e-01
6.352520679709263707e-01 1.079334631581063408e-01
6.368313655799411332e-01 1.079261768540445560e-01
6.384126235869560517e-01 1.079189218265751288e-01
6.399958419919709041e-01 1.079116980909329976e-01
6.415810207949856903e-01 1.079045056626893873e-01
6.431681599960007434e-01 1.078973445577478124e-01
6.447572595950157304e-01 1.078902147923433280e-01
6.463483195920308733e-01 1.078831163830521883e-01
6.479413399870459500e-01 1.078760493467774556e-01
6.495363207800611827e-01 1.078690137007634470e-01
6.511332619710764602e-01 1.078620094625907244e-01
6.527321635600916716e-01 1.078550366501785512e-01
6.543330255471070389e-01 1.078480952817809507e-01
6.559358479321222291e-01 1.078411853759941030e-01
6.575406307151376861e-01 1.078343069517562897e-01
6.591473738961531881e-01 1.078274600283410933e-01
6.607560774751687349e-01 1.078206446253686945e-01
6.623667414521843266e-01 1.078138607628020829e-01
6.639793658271999632e-01 1.078071084609446562e-01
6.655939506002157557e-01 1.078003877404463268e-01
6.672104957712314821e-01 1.077936986223041599e-01
6.688290013402472534e-01 1.077870411278581686e-01
6.704494673072629585e-01 1.077804152788002512e-01
6.720718936722788195e-01 1.077738210971646293e-01
6.736962804352947254e-01 1.077672586053429332e-01
6.753226275963107872e-01 1.077607278260706430e-01
6.769509351553267829e-01 1.077542287824381634e-01
6.785812031123429344e-01 1.077477614978876314e-01
6.802134314673590199e-01 1.077413259962152342e-01
6.818476202203752612e-01 1.077349223015718893e-01
6.834837693713914364e-01 1.077285504384656312e-01
6.851218789204075454e-01 1.077222104317585444e-01
6.867619488674239214e-01 1.077159023066748128e-01
6.884039792124403423e-01 1.077096260887950019e-01
6.900479699554568080e-01 1.077033818040640106e-01
6.916939210964733187e-01 1.076971694787838413e-01
6.933418326354898742e-01 1.076909891396234109e-01
6.949917045725064746e-01 1.076848408136160534e-01
6.966435369075231199e-01 1.076787245281570909e-01
6.982973296405398100e-01 1.076726403110138675e-01
6.999530827715563230e-01 1.076665881903188238e-01
7.016107963005731030e-01 1.076605681945730503e-01
7.032704702275899278e-01 1.076545803526531703e-01
7.049321045526069085e-01 1.076486246938036101e-01
7.065956992756238231e-01 1.076427012476457307e-01
7.082612543966407825e-01 1.076368100441730813e-01
7.099287699156578979e-01 1.076309511137600317e-01
7.115982458326749471e-01 1.076251244871533480e-01
7.132696821476921523e-01 1.076193301954857795e-01
7.149430788607090692e-01 1.076135682702662882e-01
7.166184359717263641e-01 1.076078387433885009e-01
7.182957534807437039e-01 1.076021416471287656e-01
7.199750313877609775e-01 1.075964770141514676e-01
7.216562696927784071e-01 1.075908448775069193e-01
7.233394683957958815e-01 1.075852452706332757e-01
7.250246274968132898e-01 1.075796782273602675e-01
7.267117469958308540e-01 1.075741437819100199e-01
7.284008268928482410e-01 1.075686419688985096e-01
7.300918671878658950e-01 1.075631728233366058e-01
7.317848678808835938e-01 1.075577363806316938e-01
7.334798289719013376e-01 1.075523326765912974e-01
7.351767504609192372e-01 1.075469617474239387e-01
7.368756323479370707e-01 1.075416236297386391e-01
7.385764746329549491e-01 1.075363183605507755e-01
7.402792773159728723e-01 1.075310459772810118e-01
7.419840403969908404e-01 1.075258065177569639e-01
7.436907638760087425e-01 1.075206000202167111e-01
7.453994477530268004e-01 1.075154265233106837e-01
7.471100920280450142e-01 1.075102860661026616e-01
7.488226967010631618e-01 1.075051786880702742e-01
7.505372617720814654e-01 1.075001044291110514e-01
7.522537872410997029e-01 1.074950633295400082e-01
7.539722731081180962e-01 1.074900554300945027e-01
7.556927193731364234e-01 1.074850807719336249e-01
7.574151260361549065e-01 1.074801393966472174e-01
7.591394930971732125e-01 1.074752313462454534e-01
7.608658205561917853e-01 1.074703566631735191e-01
7.625941084132104031e-01 1.074655153903053828e-01
7.643243566682289547e-01 1.074607075709516774e-01
7.660565653212476622e-01 1.074559332488557312e-01
7.677907343722664146e-01 1.074511924682042263e-01
7.695268638212852119e-01 1.074464852736179699e-01
7.712649536683040541e-01 1.074418117101670067e-01
7.730050039133229411e-01 1.074371718233606970e-01
7.747470145563417621e-01 1.074325656591613720e-01
7.764909855973607389e-01 1.074279932639759100e-01
7.782369170363797606e-01 1.074234546846674215e-01
7.799848088733989382e-01 1.074189499685499205e-01
7.817346611084180497e-01 1.074144791633994678e-01
7.834864737414372060e-01 1.074100423174438740e-01
7.852402467724565183e-01 1.074056394793799912e-01
7.869959802014757644e-01 1.074012706983660248e-01
7.887536740284951664e-01 1.073969360240253218e-01
7.905133282535142802e-01 1.073926355064536431e-01
7.922749428765337720e-01 1.073883691962173176e-01
7.940385178975533087e-01 1.073841371443569337e-01
7.958040533165727792e-01 1.073799394023907117e-01
7.975715491335924057e-01 1.073757760223160163e-01
7.993410053486120770e-01 1.073716470566153658e-01
8.011124219616317932e-01 1.073675525582520329e-01
8.028857989726515543e-01 1.073634925806838530e-01
8.046611363816711382e-01 1.073594671778510534e-01
8.064384341886909890e-01 1.073554764041959458e-01
8.082176923937108848e-01 1.073515203146516717e-01
8.099989109967308254e-01 1.073475989646532208e-01
8.117820899977508109e-01 1.073437124101382090e-01
8.135672293967708413e-01 1.073398607075474881e-01
8.153543291937909165e-01 1.073360439138320438e-01
8.171433893888111477e-01 1.073322620864543830e-01
8.189344099818313127e-01 1.073285152833887146e-01
8.207273909728513006e-01 1.073248035631306774e-01
8.225223323618716664e-01 1.073211269846918725e-01
8.243192341488919661e-01 1.073174856076120343e-01
8.261180963339124217e-01 1.073138794919540617e-01
8.279189189169328111e-01 1.073103086983139831e-01
8.297217018979533565e-01 1.073067732878174030e-01
8.315264452769738357e-01 1.073032733221323948e-01
8.333331490539944708e-01 1.072998088634598834e-01
8.351418132290151508e-01 1.072963799745497021e-01
8.369524378020356536e-01 1.072929867186953046e-01
8.387650227730564234e-01 1.072896291597417312e-01
8.405795681420771270e-01 1.072863073620873298e-01
8.423960739090979866e-01 1.072830213906868640e-01
8.442145400741188910e-01 1.072797713110579532e-01
8.460349666371398403e-01 1.072765571892784348e-01
8.478573535981608345e-01 1.072733790919973285e-01
8.496817009571818735e-01 1.072702370864367649e-01
8.515080087142030685e-01 1.072671312403888355e-01
8.533362768692239753e-01 1.072640616222282905e-01
8.551665054222451490e-01 1.072610283009126642e-01
8.569986943732663676e-01 1.072580313459845641e-01
8.588328437222877421e-01 1.072550708275785136e-01
8.606689534693090504e-01 1.072521468164234215e-01
8.625070236143304037e-01 1.072492593838449970e-01
8.643470541573519128e-01 1.072464086017732021e-01
8.661890450983733558e-01 1.072435945427431397e-01
8.680329964373949547e-01 1.072408172799015624e-01
8.698789081744163765e-01 1.072380768870086348e-01
8.717267803094379541e-01 1.072353734384439844e-01
8.735766128424596877e-01 1.072327070092108925e-01
8.754284057734814661e-01 1.072300776749390144e-01
8.772821591025032895e-01 1.072274855118901943e-01
8.791378728295250466e-01 1.072249305969616290e-01
8.809955469545469597e-01 1.072224130076913917e-01
8.828551814775689177e-01 1.072199328222626785e-01
8.847167763985909206e-01 1.072174901195093316e-01
8.865803317176127463e-01 1.072150849789147292e-01
8.884458474346348389e-01 1.072127174806254968e-01
8.903133235496569764e-01 1.072103877054507715e-01
8.921827600626792698e-01 1.072080957348647973e-01
8.940541569737014971e-01 1.072058416510169171e-01
8.959275142827237692e-01 1.072036255367345703e-01
8.978028319897460863e-01 1.072014474755242225e-01
8.996801100947685592e-01 1.071993075515848270e-01
9.015593485977907440e-01 1.071972058498027597e-01
9.034405474988133067e-01 1.071951424557642391e-01
9.053237067978358033e-01 1.071931174557578109e-01
9.072088264948584557e-01 1.071911309367782894e-01
9.090959065898810421e-01 1.071891829865351115e-01
9.109849470829037843e-01 1.071872736934552789e-01
9.128759479739264604e-01 1.071854031466873969e-01
9.147689092629492924e-01 1.071835714361109304e-01
9.166638309499721693e-01 1.071817786523395211e-01
9.185607130349948690e-01 1.071800248867238181e-01
9.204595555180178357e-01 1.071783102313638575e-01
9.223603583990407362e-01 1.071766347791068968e-01
9.242631216780637926e-01 1.071749986235593227e-01
9.261678453550868939e-01 1.071734018590883575e-01
9.280745294301100401e-01 1.071718445808295256e-01
9.299831739031333422e-01 1.071703268846924684e-01
9.318937787741565781e-01 1.071688488673678413e-01
9.338063440431798590e-01 1.071674106263312970e-01
9.357208697102029626e-01 1.071660122598506598e-01
9.376373557752263332e-01 1.071646538669914772e-01
9.395558022382498597e-01 1.071633355476247634e-01
9.414762090992733201e-01 1.071620574024326478e-01
9.433985763582968254e-01 1.071608195329119551e-01
9.453229040153204865e-01 1.071596220413860157e-01
9.472491920703440815e-01 1.071584650310073578e-01
9.491774405233678324e-01 1.071573486057627173e-01
9.511076493743915172e-01 1.071562728704858608e-01
9.530398186234151359e-01 1.071552379308581826e-01
9.549739482704390214e-01 1.071542438934198760e-01
9.569100383154629519e-01 1.071532908655714739e-01
9.588480887584868162e-01 1.071523789555889200e-01
9.607880995995108364e-01 1.071515082726214041e-01
9.627300708385349015e-01 1.071506789267073906e-01
9.646740024755590115e-01 1.071498910287724815e-01
9.666198945105831664e-01 1.071491446906469025e-01
9.685677469436073661e-01 1.071484400250648783e-01
9.705175597746313887e-01 1.071477771456730149e-01
9.724693330036556782e-01 1.071471561670463563e-01
9.744230666306800126e-01 1.071465772046814313e-01
9.763787606557043919e-01 1.071460403750176121e-01
9.783364150787289271e-01 1.071455457954376134e-01
9.802960298997533961e-01 1.071450935842762908e-01
9.822576051187779100e-01 1.071446838608301894e-01
9.842211407358025799e-01 1.071443167453660222e-01
9.861866367508271836e-01 1.071439923591269300e-01
9.881540931638517211e-01 1.071437108243400577e-01
9.901235099748764146e-01 1.071434722642294474e-01
9.920948871839012639e-01 1.071432768030202987e-01
9.940682247909260472e-01 1.071431245659481835e-01
9.960435227959509863e-01 1.071430156792689548e-01
9.980207811989759703e-01 1.071429502702690856e-01
1.000000000000000666e+00 1.071429284672691107e-01
