0.000000000000000000e+00 9.725006042365407222e-01
2.078119897502626434e-05 9.718194922342652253e-01
4.352279595010249372e-05 9.710741274706470305e-01
6.822479092522875592e-05 9.702645098576070382e-01
9.488718390040502381e-05 9.693906394140358040e-01
1.235099748756312839e-04 9.684525161596934106e-01
1.540931638509075632e-04 9.674501400967409070e-01
1.866367508262337669e-04 9.663835112217988854e-01
2.211407358016100034e-04 9.652526295328442973e-01
2.576051187770363269e-04 9.640574950309815927e-01
2.960298997525126832e-04 9.627981077176660518e-01
3.364150787280388555e-04 9.614744675941186980e-01
3.787606557036150606e-04 9.600865746612893270e-01
4.230666306792412444e-04 9.586344289200855462e-01
4.693330036549174067e-04 9.571180303717300442e-01
5.175597746306437102e-04 9.555373790175200055e-01
5.677469436064200466e-04 9.538924748589294733e-01
6.198945105822462531e-04 9.521833178974751233e-01
6.740024755581224382e-04 9.504099081348904576e-01
7.300708385340486020e-04 9.485722455729861391e-01
7.880995995100251780e-04 9.466703302137744469e-01
8.480887584860512989e-04 9.447041620594083255e-01
9.100383154621275068e-04 9.426737411122285692e-01
9.739482704382536934e-04 9.405790673747477237e-01
1.039818623414429750e-03 9.384201408496815056e-01
1.107649374390655894e-03 9.361969615399502453e-01
1.177440523366932558e-03 9.339095294486873255e-01
1.249192070343258659e-03 9.315578445792521700e-01
1.322904015319634847e-03 9.291419069352591098e-01
1.398576358296060905e-03 9.266617165205539575e-01
1.476209099272537051e-03 9.241172733392486460e-01
1.555802238249063716e-03 9.215085773957554238e-01
1.637355775225640036e-03 9.188356286947426677e-01
1.720869710202266008e-03 9.160984272412069362e-01
1.806344043178942285e-03 9.132969730404557618e-01
1.893778774155669082e-03 9.104312660981204175e-01
1.983173903132445098e-03 9.075013064201822299e-01
2.074529430109271419e-03 9.045070940129850134e-01
2.167845355086147393e-03 9.014486288832398442e-01
2.263121678063073454e-03 8.983259110380636958e-01
2.360358399040050469e-03 8.951389404849601217e-01
2.459555518017076271e-03 8.918877172318649960e-01
2.560713034994152593e-03 8.885722412871563947e-01
2.663830949971278568e-03 8.851925126596599247e-01
2.768909262948454630e-03 8.817485313586798101e-01
2.875947973925680780e-03 8.782402973939968938e-01
2.984947082902957450e-03 8.746678107759157106e-01
3.095906589880283773e-03 8.710310715152610461e-01
3.208826494857659750e-03 8.673300796233899268e-01
3.323706797835085814e-03 8.635648351122359179e-01
3.440547498812561965e-03 8.597353379943052376e-01
3.559348597790088636e-03 8.558415882827110632e-01
3.680110094767664961e-03 8.518835859911794151e-01
3.802831989745290939e-03 8.478613311340754688e-01
3.927514282722965704e-03 8.437748237264344198e-01
4.054156973700691856e-03 8.396240637839658127e-01
4.182760062678468095e-03 8.354090513230791881e-01
4.313323549656295289e-03 8.311297863609145020e-01
4.445847434634171702e-03 8.267862689153429034e-01
4.580331717612097335e-03 8.223784990050224675e-01
4.716776398590073922e-03 8.179064766493755467e-01
4.855181477568099729e-03 8.133702018686624902e-01
4.995546954546175623e-03 8.087696746839561079e-01
5.137872829524301604e-03 8.041048951171996251e-01
5.282159102502477672e-03 7.993758631912146750e-01
5.428405773480703828e-03 7.945825789297220609e-01
5.576612842458980070e-03 7.897250423573833888e-01
5.726780309437305531e-03 7.848032534998079512e-01
5.878908174415681948e-03 7.798172123835807046e-01
6.032996437394107583e-03 7.747669190362954650e-01
6.189045098372585908e-03 7.696523734865819977e-01
6.347054157351111718e-03 7.644735757641073493e-01
6.507023614329687615e-03 7.592305258996433492e-01
6.668953469308313599e-03 7.539232239250511780e-01
6.832843722286989670e-03 7.485516698733405416e-01
6.998694373265715828e-03 7.431158637786772214e-01
7.166505422244492073e-03 7.376158056764179349e-01
7.336276869223317537e-03 7.320514956031362042e-01
7.508008714202193956e-03 7.264229335966601031e-01
7.681700957181119595e-03 7.207301196960796963e-01
7.857353598160098790e-03 7.149730539418004405e-01
8.034966637139125470e-03 7.091517363755502901e-01
8.214540074118200502e-03 7.032661670404293242e-01
8.396073909097327356e-03 6.973163459809218478e-01
8.579568142076502563e-03 6.913022732429414674e-01
8.765022773055727856e-03 6.852239488738485207e-01
8.952437802035004971e-03 6.790813729224922657e-01
9.141813229014330439e-03 6.728745454392296432e-01
9.333149053993705993e-03 6.666034664759775685e-01
9.526445276973131635e-03 6.602681360862153737e-01
9.721701897952607363e-03 6.538685543250408738e-01
9.918918916932136648e-03 6.474047212491984560e-01
1.011809633391171255e-02 6.408766369170987298e-01
1.031923414889133854e-02 6.342843013888700421e-01
1.052233236187101462e-02 6.276277147263775724e-01
1.072739097285074078e-02 6.209068769932640786e-01
1.093440998183051703e-02 6.141217882549829810e-01
1.114338938881034163e-02 6.072724485788361104e-01
1.135432919379021806e-02 6.003588580339959124e-01
1.156722939677014457e-02 5.933810166915592932e-01
1.178208999775011943e-02 5.863389246245671593e-01
1.199891099673014612e-02 5.792325819080479388e-01
1.221769239371022463e-02 5.720619886190508874e-01
1.243843418869035149e-02 5.648271448366894987e-01
1.266113638167052670e-02 5.575280506421652627e-01
1.288579897265075200e-02 5.501647061188146282e-01
1.311242196163102738e-02 5.427371113521453072e-01
1.334100534861135459e-02 5.352452664298710250e-01
1.357154913359173015e-02 5.276891714419514878e-01
1.380405331657215580e-02 5.200688264806330174e-01
1.403851789755263153e-02 5.123842316404766395e-01
1.427494287653315735e-02 5.046353870184167034e-01
1.451332825351373326e-02 4.968222927137815326e-01
1.475367402849436273e-02 4.889449488283395540e-01
1.499598020147503881e-02 4.810033554663456501e-01
1.524024677245576498e-02 4.729975127345720787e-01
1.548647374143653950e-02 4.649274207423548799e-01
1.573466110841736931e-02 4.567930796016324568e-01
1.598480887339824227e-02 4.485944894269892624e-01
1.623691703637917053e-02 4.403316503356950462e-01
1.649098559736014366e-02 4.320045624477479307e-01
1.674701455634117209e-02 4.236132258859168775e-01
1.700500391332224540e-02 4.151576407757855414e-01
1.726495366830337400e-02 4.066378072457916826e-01
1.752686382128455442e-02 3.980537254272754066e-01
1.779073437226577625e-02 3.894053954545193541e-01
1.805656532124705685e-02 3.806928174647923879e-01
1.832435666822837886e-02 3.719159915983986653e-01
1.859410841320975616e-02 3.630749179987137754e-01
1.886582055619118528e-02 3.541695968122409721e-01
1.913949309717265929e-02 3.452000281886453137e-01
1.941512603615418858e-02 3.361662122808080633e-01
1.969271937313575929e-02 3.270681492448660466e-01
1.997227310811738876e-02 3.179058392402634992e-01
2.025378724109906312e-02 3.086792824297949767e-01
2.053726177208079276e-02 2.993884789796540380e-01
2.082269670106256382e-02 2.900334290594785980e-01
2.111009202804439364e-02 2.806141328424028303e-01
2.139944775302626487e-02 2.711305905050998000e-01
2.169076387600819486e-02 2.615828022278329779e-01
2.198404039699017321e-02 2.519707681945069777e-01
2.227927731597219643e-02 2.422944885927258429e-01
2.257647463295427495e-02 2.325539636271221344e-01
2.287563234793639835e-02 2.227491961661013098e-01
2.317675046091857705e-02 2.128803577837315719e-01
2.347982897190080062e-02 2.029515650641836588e-01
2.378486788088307949e-02 1.930054127193888969e-01
2.409186718786539977e-02 1.832523563767112229e-01
2.440082689284778228e-02 1.742079941778535979e-01
2.471174699583020273e-02 1.664633368685446424e-01
2.502462749681268195e-02 1.602351578468492188e-01
2.533946839579521298e-02 1.553484264953382821e-01
2.565626969277778543e-02 1.515004018172862177e-01
2.597503138776041318e-02 1.484205355339696941e-01
2.629575348074308580e-02 1.459064569243005427e-01
2.661843597172581372e-02 1.438146280302213253e-01
2.694307886070858651e-02 1.420439524848067236e-01
2.726968214769141807e-02 1.405224424464704969e-01
2.759824583267428758e-02 1.391979317847245878e-01
2.792876991565721931e-02 1.380318836372100288e-01
2.826125439664019939e-02 1.369952856965535870e-01
2.859569927562322089e-02 1.360659045789353039e-01
2.893210455260630115e-02 1.352264212227071438e-01
2.927047022758941935e-02 1.344631424693987498e-01
2.961079630057259979e-02 1.337650948990341260e-01
2.995308277155582163e-02 1.331233764700641142e-01
3.029732964053910224e-02 1.325306850021647220e-01
3.064353690752242426e-02 1.319809699994038688e-01
3.099170457250580504e-02 1.314691718787418251e-01
3.134183263548922377e-02 1.309910240777690804e-01
3.169392109647270472e-02 1.305429010407948565e-01
3.204796995545623056e-02 1.301217001237650051e-01
3.240397921243980128e-02 1.297247488868341347e-01
3.276194886742343076e-02 1.293497316083208337e-01
3.312187892040710513e-02 1.289946305084664624e-01
3.348376937139083825e-02 1.286576783429880244e-01
3.384762022037460932e-02 1.283373198676086291e-01
3.421343146735843915e-02 1.280321802842894485e-01
3.458120311234230693e-02 1.277410392275719619e-01
3.495093515532624040e-02 1.274628091808933106e-01
3.532262759631021182e-02 1.271965174606987936e-01
3.569628043529424199e-02 1.269412910937759154e-01
3.607189367227831706e-02 1.266963440553606490e-01
3.644946730726244394e-02 1.264609664457657379e-01
3.682900134024662264e-02 1.262345152672907089e-01
3.721049577123083929e-02 1.260164065298206848e-01
3.759395060021512164e-02 1.258061084648841033e-01
3.797936582719944193e-02 1.256031356691516554e-01
3.836674145218382098e-02 1.254070440307484269e-01
3.875607747516824492e-02 1.252174263177882052e-01
3.914737389615272761e-02 1.250339083294349229e-01
3.954063071513724825e-02 1.248561455267594156e-01
3.993584793212182765e-02 1.246838200742594049e-01
4.033302554710645887e-02 1.245166382342534073e-01
4.073216356009112804e-02 1.243543280654608452e-01
4.113326197107585597e-02 1.241966373847424726e-01
4.153632078006062878e-02 1.240433319570477255e-01
4.194133998704546035e-02 1.238941938841786050e-01
4.234831959203032986e-02 1.237490201668684925e-01
4.275725959501525814e-02 1.236076214187243061e-01
4.316815999600023129e-02 1.234698207133291259e-01
4.358102079498526321e-02 1.233354525485939740e-01
4.399584199197033307e-02 1.232043619144346513e-01
4.441262358695546170e-02 1.230764034519376687e-01
4.483136557994064214e-02 1.229514406933652909e-01
4.525206797092586747e-02 1.228293453742791419e-01
4.567473075991114462e-02 1.227099968095279325e-01
4.609935394689646665e-02 1.225932813263891780e-01
4.652593753188184744e-02 1.224790917487526276e-01
4.695448151486726618e-02 1.223673269269156400e-01
4.738498589585275061e-02 1.222578913084064328e-01
4.781745067483826606e-02 1.221506945455816534e-01
4.825187585182384720e-02 1.220456511363968155e-01
4.868826142680946628e-02 1.219426800950244583e-01
4.912660739979515107e-02 1.218417046494680300e-01
4.956691377078088073e-02 1.217426519636023857e-01
5.000918053976664834e-02 1.216454528812936642e-01
5.045340770675248165e-02 1.215500416906029058e-01
5.089959527173835291e-02 1.214563559062190601e-01
5.134774323472428292e-02 1.213643360684521083e-01
5.179785159571025088e-02 1.212739255573874880e-01
5.224992035469628454e-02 1.211850704207338286e-01
5.270394951168235614e-02 1.210977192143898318e-01
5.315993906666848651e-02 1.210118228544085073e-01
5.361788901965465481e-02 1.209273344795614991e-01
5.407779937064088882e-02 1.208442093235911341e-01
5.453967011962716771e-02 1.207624045962899795e-01
5.500350126661349148e-02 1.206818793727658656e-01
5.546929281159986708e-02 1.206025944901900210e-01
5.593704475458628755e-02 1.205245124514713051e-01
5.640675709557277373e-02 1.204475973352928941e-01
5.687842983455929091e-02 1.203718147119852006e-01
5.735206297154587379e-02 1.202971315649158934e-01
5.782765650653248768e-02 1.202235162167806654e-01
5.830521043951917420e-02 1.201509382606505832e-01
5.878472477050590561e-02 1.200793684952206203e-01
5.926619949949267496e-02 1.200087788641410469e-01
5.974963462647950307e-02 1.199391423989495664e-01
6.023503015146637607e-02 1.198704331655379013e-01
6.072238607445330782e-02 1.198026262137290437e-01
6.121170239544027752e-02 1.197356975298805026e-01
6.170297911442730598e-02 1.196696239922333538e-01
6.219621623141437933e-02 1.196043833288294445e-01
6.269141374640151143e-02 1.195399540778515346e-01
6.318857165938866760e-02 1.194763155501995938e-01
6.368768997037589641e-02 1.194134477941437567e-01
6.418876867936318398e-02 1.193513315619582627e-01
6.469180778635051643e-02 1.192899482783806031e-01
6.519680729133789376e-02 1.192292800107642298e-01
6.570376719432530210e-02 1.191693094408522308e-01
6.621268749531278308e-02 1.191100198380624503e-01
6.672356819430030894e-02 1.190513950341458849e-01
6.723640929128789356e-02 1.189934193992124439e-01
6.775121078627552307e-02 1.189360778189593043e-01
6.826797267926318358e-02 1.188793556730862594e-01
6.878669497025091673e-02 1.188232388147949792e-01
6.930737765923869476e-02 1.187677135513489218e-01
6.983002074622653155e-02 1.187127666255368003e-01
7.035462423121441322e-02 1.186583851981313081e-01
7.088118811420231202e-02 1.186045568311553389e-01
7.140971239519029734e-02 1.185512694719554616e-01
7.194019707417832754e-02 1.184985114380854992e-01
7.247264215116641650e-02 1.184462714028645808e-01
7.300704762615452259e-02 1.183945383816438768e-01
7.354341349914270132e-02 1.183433017186996811e-01
7.408173977013092493e-02 1.182925510747550174e-01
7.462202643911922118e-02 1.182422764150575234e-01
7.516427350610754843e-02 1.181924679980110998e-01
7.570848097109590669e-02 1.181431163643205245e-01
7.625464883408433758e-02 1.180942123266230798e-01
7.680277709507281336e-02 1.180457469595826842e-01
7.735286575406134790e-02 1.179977115904196211e-01
7.790491481104989957e-02 1.179500977898600561e-01
7.845892426603853775e-02 1.179028973634773242e-01
7.901489411902722082e-02 1.178561023433990218e-01
7.957282437001594877e-02 1.178097049803825680e-01
8.013271501900470772e-02 1.177636977362165882e-01
8.069456606599353932e-02 1.177180732764462195e-01
8.125837751098241579e-02 1.176728244634156206e-01
8.182414935397135103e-02 1.176279443495512889e-01
8.239188159496033115e-02 1.175834261710117234e-01
8.296157423394934227e-02 1.175392633414829024e-01
8.353322727093842603e-02 1.174954494463329863e-01
8.410684070592755468e-02 1.174519782369267962e-01
8.468241453891674209e-02 1.174088436252004181e-01
8.525994876990593274e-02 1.173660396784547699e-01
8.583944339889522379e-02 1.173235606143334664e-01
8.642089842588455972e-02 1.172814007960209931e-01
8.700431385087394054e-02 1.172395547275993793e-01
8.758968967386336624e-02 1.171980170496170343e-01
8.817702589485282294e-02 1.171567825348039105e-01
8.876632251384235228e-02 1.171158460839506615e-01
8.935757953083194038e-02 1.170752027219542496e-01
8.995079694582157337e-02 1.170348475940066330e-01
9.054597475881122348e-02 1.169947759619328342e-01
9.114311296980096011e-02 1.169549832006314821e-01
9.174221157879074162e-02 1.169154647947020093e-01
9.234327058578056802e-02 1.168762163351537570e-01
9.294628999077042542e-02 1.168372335162262132e-01
9.355126979376035545e-02 1.167985121323881492e-01
9.415820999475034425e-02 1.167600480753420850e-01
9.476711059374037793e-02 1.167218373312417234e-01
9.537797159073045650e-02 1.166838759779291884e-01
9.599079298572055219e-02 1.166461601823063216e-01
9.660557477871074827e-02 1.166086861977949085e-01
9.722231696970097536e-02 1.165714503618700271e-01
9.784101955869126122e-02 1.165344490936959243e-01
9.846168254568156419e-02 1.164976788918283407e-01
9.908430593067193981e-02 1.164611363320093018e-01
9.970888971366237419e-02 1.164248180650205577e-01
1.003354338946528534e-01 1.163887208146195396e-01
1.009639384736433915e-01 1.163528413755459123e-01
1.015944034506339466e-01 1.163171766115871780e-01
1.022268288256245744e-01 1.162817234537095595e-01
1.028612145986152610e-01 1.162464788982510849e-01
1.034975607696059924e-01 1.162114400051832835e-01
1.041358673385967409e-01 1.161766038964072434e-01
1.047761343055875760e-01 1.161419677541255663e-01
1.054183616705784560e-01 1.161075288192545546e-01
1.060625494335693947e-01 1.160732843898955313e-01
1.067086975945603783e-01 1.160392318198460587e-01
1.073568061535513790e-01 1.160053685171603677e-01
1.080068751105424663e-01 1.159716919427554588e-01
1.086589044655335984e-01 1.159381996090724509e-01
1.093128942185247754e-01 1.159048890787493097e-01
1.099688443695159834e-01 1.158717579633686545e-01
1.106267549185072641e-01 1.158388039222209287e-01
1.112866258654986035e-01 1.158060246611144761e-01
1.119484572104899878e-01 1.157734179312193551e-01
1.126122489534813753e-01 1.157409815279488718e-01
1.132780010944728633e-01 1.157087132898684256e-01
1.139457136334643961e-01 1.156766110976437667e-01
1.146153865704559877e-01 1.156446728730200629e-01
1.152870199054476102e-01 1.156128965778235457e-01
1.159606136384392638e-01 1.155812802129940337e-01
1.166361677694310039e-01 1.155498218176639336e-01
1.173136822984227889e-01 1.155185194682154942e-01
1.179931572254146188e-01 1.154873712774228262e-01
1.186745925504064658e-01 1.154563753935742010e-01
1.193579882733983993e-01 1.154255299996382600e-01
1.200433443943903777e-01 1.153948333124581865e-01
1.207306609133824149e-01 1.153642835819814194e-01
1.214199378303744969e-01 1.153338790905197170e-01
1.221111751453665961e-01 1.153036181520366160e-01
1.228043728583587818e-01 1.152734991114728880e-01
1.234995309693510124e-01 1.152435203440270589e-01
1.241966494783433017e-01 1.152136802544432986e-01
1.248957283853355943e-01 1.151839772761727998e-01
1.255967676903279873e-01 1.151544098704607028e-01
1.262997673933204390e-01 1.151249765254148405e-01
1.270047274943129079e-01 1.150956757552119430e-01
1.277116479933054216e-01 1.150665060998198319e-01
1.284205288902980080e-01 1.150374661256104297e-01
1.291313701852906393e-01 1.150085544270807170e-01
1.298441718782833154e-01 1.149797696291198629e-01
1.305589339692760642e-01 1.149511103877038920e-01
1.312756564582688024e-01 1.149225753850428022e-01
1.319943393452616409e-01 1.148941633144067026e-01
1.327149826302545244e-01 1.148658728539082158e-01
1.334375863132474527e-01 1.148377026428577669e-01
1.341621503942403981e-01 1.148096513014792985e-01
1.348886748732334440e-01 1.147817175618497942e-01
1.356171597502265069e-01 1.147539005478234453e-01
1.363476050252196425e-01 1.147262000235614587e-01
1.370800106982128508e-01 1.146986158630700775e-01
1.378143767692060206e-01 1.146711453126632307e-01
1.385507032381993187e-01 1.146437782159855506e-01
1.392889901051926616e-01 1.146165045592925230e-01
1.400292373701860493e-01 1.145894102008167270e-01
1.407714450331794265e-01 1.145623550892880260e-01
1.415156130941729040e-01 1.145354249413992886e-01
1.422617415531664542e-01 1.145086100085654229e-01
1.430098304101600493e-01 1.144819003438017208e-01
1.437598796651536337e-01 1.144552933539645934e-01
1.445118893181473185e-01 1.144287890772576338e-01
1.452658593691410482e-01 1.144023874728228723e-01
1.460217898181348506e-01 1.143760879016172682e-01
1.467796806651286701e-01 1.143498893771437430e-01
1.475395319101225067e-01 1.143237908428277744e-01
1.483013435531164437e-01 1.142977912993250605e-01
1.490651155941104256e-01 1.142718898217884721e-01
1.498308480331044801e-01 1.142460855354640870e-01
1.505985408700985240e-01 1.142203775899806178e-01
1.513681941050926405e-01 1.141947651451323126e-01
1.521398077380868297e-01 1.141692473669476404e-01
1.529133817690810637e-01 1.141438234290245157e-01
1.536889161980753704e-01 1.141184925151504798e-01
1.544664110250696387e-01 1.140932538212552499e-01
1.552458662500640352e-01 1.140681065562302587e-01
1.560272818730584765e-01 1.140430499418843974e-01
1.568106578940529627e-01 1.140180832124977062e-01
1.575959943130474383e-01 1.139932056142683725e-01
1.583832911300420421e-01 1.139684164048472143e-01
1.591725483450366629e-01 1.139437148529995752e-01
1.599637659580313565e-01 1.139191002383698470e-01
1.607569439690260948e-01 1.138945718512853617e-01
1.615520823780208504e-01 1.138701289926197235e-01
1.623491811850156785e-01 1.138457709736100942e-01
1.631482403900105516e-01 1.138214971157107541e-01
1.639492599930054972e-01 1.137973067504027685e-01
1.647522399940004323e-01 1.137731992190204322e-01
1.655571803929954677e-01 1.137491738725702611e-01
1.663640811899905481e-01 1.137252300715473202e-01
1.671729423849857010e-01 1.137013671857693142e-01
1.679837639779808434e-01 1.136775845942026297e-01
1.687965459689760583e-01 1.136538816848046973e-01
1.696112883579713460e-01 1.136302578543561398e-01
1.704279911449667062e-01 1.136067125083138341e-01
1.712466543299620836e-01 1.135832450606586441e-01
1.720672779129574781e-01 1.135598549337425711e-01
1.728898618939529452e-01 1.135365415581498644e-01
1.737144062729484850e-01 1.135133043725414792e-01
1.745409110499440697e-01 1.134901428235327581e-01
1.753693762249396715e-01 1.134670563655425235e-01
1.761998017979353459e-01 1.134440444606682891e-01
1.770321877689310930e-01 1.134211065785385164e-01
1.778665341379268849e-01 1.133982421962135140e-01
1.787028409049227218e-01 1.133754507980202636e-01
1.795411080699185480e-01 1.133527318754707636e-01
1.803813356329145023e-01 1.133300849271010324e-01
1.812235235939104738e-01 1.133075094583873149e-01
1.820676719529065180e-01 1.132850049816001986e-01
1.829137807099025514e-01 1.132625710157139920e-01
1.837618498648986853e-01 1.132402070862810611e-01
1.846118794178948919e-01 1.132179127253292589e-01
1.854638693688911155e-01 1.131956874712463645e-01
1.863178197178873563e-01 1.131735308686912245e-01
1.871737304648836975e-01 1.131514424684731818e-01
1.880316016098800835e-01 1.131294218274571522e-01
1.888914331528765145e-01 1.131074685084696857e-01
1.897532250938729903e-01 1.130855820801976164e-01
1.906169774328694833e-01 1.130637621170884483e-01
1.914826901698660766e-01 1.130420081992692949e-01
1.923503633048627148e-01 1.130203199124381053e-01
1.932199968378593979e-01 1.129986968477898757e-01
1.940915907688560982e-01 1.129771386019225027e-01
1.949651450978528711e-01 1.129556447767447042e-01
1.958406598248497166e-01 1.129342149794005656e-01
1.967181349498466070e-01 1.129128488221796955e-01
1.975975704728435423e-01 1.128915459224416468e-01
1.984789663938404669e-01 1.128703059025271127e-01
1.993623227128375197e-01 1.128491283896885522e-01
2.002476394298345896e-01 1.128280130160101147e-01
2.011349165448317322e-01 1.128069594183273155e-01
2.020241540578288642e-01 1.127859672381598816e-01
2.029153519688260965e-01 1.127650361216333830e-01
2.038085102778234015e-01 1.127441657194098584e-01
2.047036289848207236e-01 1.127233556866244213e-01
2.056007080898180628e-01 1.127026056827998557e-01
2.064997475928155024e-01 1.126819153717952687e-01
2.074007474938129869e-01 1.126612844217345505e-01
2.083037077928105441e-01 1.126407125049331825e-01
2.092086284898081183e-01 1.126201992978499294e-01
2.101155095848057097e-01 1.125997444810096781e-01
2.110243510778034015e-01 1.125793477389502861e-01
2.119351529688011382e-01 1.125590087601559541e-01
2.128479152577989197e-01 1.125387272370048791e-01
2.137626379447967184e-01 1.125185028657059716e-01
2.146793210297945897e-01 1.124983353462414570e-01
2.155979645127925337e-01 1.124782243823103656e-01
2.165185683937905226e-01 1.124581696812791132e-01
2.174411326727885563e-01 1.124381709541210778e-01
2.183656573497865794e-01 1.124182279153609493e-01
2.192921424247847306e-01 1.123983402830308620e-01
2.202205878977829268e-01 1.123785077786070841e-01
2.211509937687811678e-01 1.123587301269788757e-01
2.220833600377793982e-01 1.123390070563684284e-01
2.230176867047777289e-01 1.123193382983132677e-01
2.239539737697761046e-01 1.122997235875969751e-01
2.248922212327745529e-01 1.122801626622178112e-01
2.258324290937730461e-01 1.122606552633363258e-01
2.267745973527715286e-01 1.122412011352295208e-01
2.277187260097701116e-01 1.122218000252568210e-01
2.286648150647687394e-01 1.122024516837934055e-01
2.296128645177674399e-01 1.121831558641832594e-01
2.305628743687661297e-01 1.121639123226833845e-01
2.315148446177649200e-01 1.121447208184071370e-01
2.324687752647637551e-01 1.121255811133010372e-01
2.334246663097626351e-01 1.121064929721572456e-01
2.343825177527615322e-01 1.120874561627067112e-01
2.353423295937605020e-01 1.120684704556887540e-01
2.363041018327595444e-01 1.120495356248521618e-01
2.372678344697586317e-01 1.120306514466071629e-01
2.382335275047577638e-01 1.120118176991736630e-01
2.392011809377569131e-01 1.119930341613262631e-01
2.401707947687561351e-01 1.119743006117798895e-01
2.411423689977554297e-01 1.119556168314318062e-01
2.421159036247547691e-01 1.119369826111292765e-01
2.430913986497540979e-01 1.119183977635611893e-01
2.440688540727535549e-01 1.118998621251296038e-01
2.450482698937530290e-01 1.118813755135574656e-01
2.460296461127525758e-01 1.118629376111286849e-01
2.470129827297521674e-01 1.118445478691156014e-01
2.479982797447517484e-01 1.118262059112845042e-01
2.489855371577514298e-01 1.118079132112088925e-01
2.499747549687511561e-01 1.117896736103614480e-01
2.509659331777509550e-01 1.117714670658835618e-01
2.519590717847506878e-01 1.117533226519441675e-01
2.529541707897505765e-01 1.117352206156046746e-01
2.539512301927505100e-01 1.117171646892766990e-01
2.549502499937504885e-01 1.116991563395685894e-01
2.559512301927505673e-01 1.116811952147490905e-01
2.569541707897506355e-01 1.116632807951775525e-01
2.579590717847507486e-01 1.116454127932700047e-01
2.589659331777509621e-01 1.116275910580082353e-01
2.599747549687512205e-01 1.116098154593305886e-01
2.609855371577514682e-01 1.115920858472891491e-01
2.619982797447518164e-01 1.115744020549528370e-01
2.630129827297520984e-01 1.115567639105371489e-01
2.640296461127525363e-01 1.115391712448999262e-01
2.650482698937530190e-01 1.115216238934316900e-01
2.660688540727535467e-01 1.115041216952252362e-01
2.670913986497541748e-01 1.114866644917967275e-01
2.681159036247547922e-01 1.114692521263082325e-01
2.691423689977554545e-01 1.114518844433158989e-01
2.701707947687562172e-01 1.114345612888270609e-01
2.712011809377570248e-01 1.114172825104263187e-01
2.722335275047577108e-01 1.114000479573551694e-01
2.732678344697586081e-01 1.113828574805433153e-01
2.743041018327595504e-01 1.113657109325843358e-01
2.753423295937605375e-01 1.113486081677040052e-01
2.763825177527615695e-01 1.113315490417165765e-01
2.774246663097627019e-01 1.113145334120036883e-01
2.784687752647638237e-01 1.112975611374844159e-01
2.795148446177649904e-01 1.112806320786013381e-01
2.805628743687662574e-01 1.112637460972967229e-01
2.816128645177674028e-01 1.112469030570086975e-01
2.826648150647687596e-01 1.112301028226389821e-01
2.837187260097701613e-01 1.112133452605480327e-01
2.847745973527716079e-01 1.111966302385314631e-01
2.858324290937730994e-01 1.111799576257984645e-01
2.868922212327746357e-01 1.111633272929666155e-01
2.879539737697762170e-01 1.111467391120284226e-01
2.890176867047778431e-01 1.111301929563488083e-01
2.900833600377795141e-01 1.111136887006426016e-01
2.911509937687811744e-01 1.110972262209555111e-01
2.922205878977829352e-01 1.110808053946538282e-01
2.932921424247847964e-01 1.110644261004076483e-01
2.943656573497866469e-01 1.110480882181706375e-01
2.954411326727885978e-01 1.110317916291716500e-01
2.965185683937905936e-01 1.110155362158939535e-01
2.975979645127926343e-01 1.109993218620656391e-01
2.986793210297947199e-01 1.109831484526393325e-01
2.997626379447967393e-01 1.109670158737834644e-01
3.008479152577989146e-01 1.109509240128657148e-01
3.019351529688011904e-01 1.109348727584356514e-01
3.030243510778034555e-01 1.109188620002178327e-01
3.041155095848058210e-01 1.109028916290941413e-01
3.052086284898081758e-01 1.108869615370872003e-01
3.063037077928106311e-01 1.108710716173610111e-01
3.074007474938131312e-01 1.108552217641855520e-01
3.084997475928156763e-01 1.108394118729466443e-01
3.096007080898180996e-01 1.108236418401185447e-01
3.107036289848207899e-01 1.108079115632610856e-01
3.118085102778234696e-01 1.107922209409963332e-01
3.129153519688261942e-01 1.107765698730111686e-01
3.140241540578289636e-01 1.107609582600320025e-01
3.151349165448318335e-01 1.107453860038235677e-01
3.162476394298346927e-01 1.107298530071623155e-01
3.173623227128376523e-01 1.107143591738443261e-01
3.184789663938406568e-01 1.106989044086572754e-01
3.195975704728435396e-01 1.106834886173819754e-01
3.207181349498466338e-01 1.106681117067837422e-01
3.218406598248497730e-01 1.106527735846127292e-01
3.229651450978529570e-01 1.106374741595820277e-01
3.240915907688562414e-01 1.106222133413414938e-01
3.252199968378595152e-01 1.106069910404323120e-01
3.263503633048628338e-01 1.105918071682120141e-01
3.274826901698662529e-01 1.105766616368781818e-01
3.286169774328696613e-01 1.105615543596013273e-01
3.297532250938730591e-01 1.105464852509446816e-01
3.308914331528765573e-01 1.105314542272190087e-01
3.320316016098801559e-01 1.105164612060683671e-01
3.331737304648837994e-01 1.105015061039260060e-01
3.343178197178874878e-01 1.104865888315997580e-01
3.354638693688912210e-01 1.104717092942719414e-01
3.366118794178950546e-01 1.104568674122466815e-01
3.377618498648988776e-01 1.104420631695781641e-01
3.389137807099027455e-01 1.104272965996364181e-01
3.400676719529066028e-01 1.104125673930319157e-01
3.412235235939105604e-01 1.103978742858219564e-01
3.423813356329146185e-01 1.103832214354075192e-01
3.435411080699187214e-01 1.103686028270361025e-01
3.447028409049228137e-01 1.103540225718690621e-01
3.458665341379270064e-01 1.103394794502067511e-01
3.470321877689312440e-01 1.103249731581770893e-01
3.481998017979355819e-01 1.103105037308435843e-01
3.493693762249399093e-01 1.102960711581744829e-01
3.505409110499441705e-01 1.102816753697380969e-01
3.517144062729485876e-01 1.102673162821797975e-01
3.528898618939531051e-01 1.102529938193442804e-01
3.540672779129576120e-01 1.102387079120591001e-01
3.552466543299622193e-01 1.102244584937296934e-01
3.564279911449668714e-01 1.102102454979400348e-01
3.576112883579715684e-01 1.101960688581266612e-01
3.587965459689763104e-01 1.101819285079934513e-01
3.599837639779809306e-01 1.101678243818920155e-01
3.611729423849858178e-01 1.101537564149626530e-01
3.623640811899906944e-01 1.101397245431105509e-01
3.635571803929956158e-01 1.101257287029557136e-01
3.647522399940006377e-01 1.101117688317869575e-01
3.659492599930056489e-01 1.100978448675295623e-01
3.671482403900107605e-01 1.100839567487573306e-01
3.683491811850159170e-01 1.100701044146808194e-01
3.695520823780210629e-01 1.100562878051513233e-01
3.707569439690261981e-01 1.100425068606558227e-01
3.719637659580314892e-01 1.100287615223177612e-01
3.731725483450368253e-01 1.100150517318753268e-01
3.743832911300422062e-01 1.100013774316954962e-01
3.755959943130476320e-01 1.099877385647487493e-01
3.768106578940531581e-01 1.099741350746220314e-01
3.780272818730586737e-01 1.099605669054946472e-01
3.792458662500642896e-01 1.099470340021491965e-01
3.804664110250698950e-01 1.099335363099552265e-01
3.816889161980754896e-01 1.099200737748732698e-01
3.829133817690812402e-01 1.099066463434434510e-01
3.841398077380869802e-01 1.098932539627804211e-01
3.853681941050928206e-01 1.098798965805737327e-01
3.865985408700987613e-01 1.098665741450793876e-01
3.878308480331046915e-01 1.098532866051126489e-01
3.890651155941106665e-01 1.098400339100535222e-01
3.903013435531166864e-01 1.098268160098239271e-01
3.915395319101228067e-01 1.098136328549049051e-01
3.927796806651288053e-01 1.098004843963185928e-01
3.940217898181350153e-01 1.097873705856221432e-01
3.952658593691412148e-01 1.097742913749126109e-01
3.965118893181475146e-01 1.097612467168194023e-01
3.977598796651538593e-01 1.097482365644941865e-01
3.990098304101602489e-01 1.097352608716154476e-01
4.002617415531666833e-01 1.097223195923796163e-01
4.015156130941732182e-01 1.097094126814958936e-01
4.027714450331797424e-01 1.096965400941870561e-01
4.040292373701862005e-01 1.096837017861814201e-01
4.052889901051928145e-01 1.096708977137096919e-01
4.065507032381995289e-01 1.096581278335055643e-01
4.078143767692062882e-01 1.096453921027917833e-01
4.090800106982130369e-01 1.096326904792898904e-01
4.103476050252198859e-01 1.096200229212074689e-01
4.116171597502267798e-01 1.096073893872342581e-01
4.128886748732337186e-01 1.095947898365459694e-01
4.141621503942407023e-01 1.095822242287908949e-01
4.154375863132476199e-01 1.095696925240974701e-01
4.167149826302546933e-01 1.095571946830618676e-01
4.179943393452618672e-01 1.095447306667490517e-01
4.192756564582690304e-01 1.095323004366875741e-01
4.205589339692762940e-01 1.095199039548685610e-01
4.218441718782836025e-01 1.095075411837401619e-01
4.231313701852909004e-01 1.094952120862097422e-01
4.244205288902982987e-01 1.094829166256324343e-01
4.257116479933056308e-01 1.094706547658201995e-01
4.270047274943131188e-01 1.094584264710258964e-01
4.282997673933206517e-01 1.094462317059427814e-01
4.295967676903282295e-01 1.094340704356930594e-01
4.308957283853359077e-01 1.094219426258316169e-01
4.321966494783435753e-01 1.094098482423534607e-01
4.334995309693513432e-01 1.093977872517426092e-01
4.348043728583591006e-01 1.093857596209930200e-01
4.361111751453669583e-01 1.093737653175512886e-01
4.374199378303746943e-01 1.093618043090374553e-01
4.387306609133826418e-01 1.093498765628635322e-01
4.400433443943906342e-01 1.093379820464163710e-01
4.413579882733986715e-01 1.093261207291343073e-01
4.426745925504067536e-01 1.093142925862760212e-01
4.439931572254149361e-01 1.093024975964965034e-01
4.453136822984231080e-01 1.092907357152668596e-01
4.466361677694313248e-01 1.092790068396355396e-01
4.479606136384396420e-01 1.092673109659877267e-01
4.492870199054478375e-01 1.092556487724116177e-01
4.506153865704562445e-01 1.092440182278728023e-01
4.519457136334646408e-01 1.092324219796036305e-01
4.532780010944731375e-01 1.092208580285978087e-01
4.546122489534816791e-01 1.092093270357950840e-01
4.559484572104903211e-01 1.091978290015142017e-01
4.572866258654989524e-01 1.091863638281409948e-01
4.586267549185076287e-01 1.091749314756478434e-01
4.599688443695163498e-01 1.091635319272629134e-01
4.613128942185250048e-01 1.091521651635146278e-01
4.626589044655338712e-01 1.091408311600706726e-01
4.640068751105427269e-01 1.091295298914867762e-01
4.653568061535516831e-01 1.091182613331979218e-01
4.667086975945606842e-01 1.091070254616173657e-01
4.680625494335697301e-01 1.090958222537505157e-01
4.694183616705788209e-01 1.090846516869324462e-01
4.707761343055879566e-01 1.090735137387875836e-01
4.721358673385971372e-01 1.090624083872646088e-01
4.734975607696062516e-01 1.090513356106805193e-01
4.748612145986155220e-01 1.090402953877242231e-01
4.762268288256248927e-01 1.090292876974648800e-01
4.775944034506342528e-01 1.090183125193324443e-01
4.789639384736437133e-01 1.090073698331276847e-01
4.803354338946532187e-01 1.089964596190029777e-01
4.817088897136627690e-01 1.089855818574736318e-01
4.830843059306723641e-01 1.089747365294108927e-01
4.844616825456818376e-01 1.089639236160445251e-01
4.858410195586915226e-01 1.089531430989563870e-01
4.872223169697012524e-01 1.089423949600886177e-01
4.886055747787110826e-01 1.089316791817288160e-01
4.899907929857209021e-01 1.089209957465240020e-01
4.913779715907308221e-01 1.089103446374640738e-01
4.927671105937407314e-01 1.088997258378928135e-01
4.941582099947507412e-01 1.088891393315008088e-01
4.955512697937607958e-01 1.088785851023247597e-01
4.969462899907707287e-01 1.088680631347473809e-01
4.983432705857808731e-01 1.088575734134964862e-01
4.997422115787910624e-01 1.088471159236425179e-01
5.011431129698012965e-01 1.088366906505990744e-01
5.025459747588115755e-01 1.088262975801203708e-01
5.039507969458218994e-01 1.088159366983014187e-01
5.053575795308323793e-01 1.088056079915780544e-01
5.067663225138427929e-01 1.087953114467207910e-01
5.081770258948532515e-01 1.087850470508430895e-01
5.095896896738636439e-01 1.087748147913892988e-01
5.110043138508743032e-01 1.087646146561449673e-01
5.124208984258848965e-01 1.087544466332262955e-01
5.138394433988955345e-01 1.087443107110857288e-01
5.152599487699063285e-01 1.087342068785078636e-01
5.166824145389171674e-01 1.087241351246132914e-01
5.181068407059279401e-01 1.087140954388476355e-01
5.195332272709388688e-01 1.087040878109939573e-01
5.209615742339498423e-01 1.086941122311628344e-01
5.223918815949606387e-01 1.086841686897940529e-01
5.238241493539717020e-01 1.086742571776583705e-01
5.252583775109828101e-01 1.086643776858520483e-01
5.266945660659939632e-01 1.086545302058012363e-01
5.281327150190051611e-01 1.086447147292582266e-01
5.295728243700164040e-01 1.086349312483011198e-01
5.310148941190276917e-01 1.086251797553375725e-01
5.324589242660390243e-01 1.086154602430937505e-01
5.339049148110504017e-01 1.086057727046294691e-01
5.353528657540617131e-01 1.085961171333211933e-01
5.368027770950731803e-01 1.085864935228737505e-01
5.382546488340846924e-01 1.085769018673116149e-01
5.397084809710962494e-01 1.085673421609895939e-01
5.411642735061079623e-01 1.085578143985753835e-01
5.426220264391196091e-01 1.085483185750676094e-01
5.440817397701314118e-01 1.085388546857800757e-01
5.455434134991431483e-01 1.085294227263527145e-01
5.470070476261550407e-01 1.085200226927451883e-01
5.484726421511667560e-01 1.085106545812365153e-01
5.499401970741787382e-01 1.085013183884278587e-01
5.514097123951906543e-01 1.084920141112408754e-01
5.528811881142027262e-01 1.084827417469167304e-01
5.543546242312148431e-01 1.084735012930163750e-01
5.558300207462270048e-01 1.084642927474208096e-01
5.573073776592392115e-01 1.084551161083276566e-01
5.587866949702514630e-01 1.084459713742601389e-01
5.602679726792635373e-01 1.084368585440554505e-01
5.617512107862758786e-01 1.084277776168690588e-01
5.632364092912882647e-01 1.084187285921785343e-01
5.647235681943006957e-01 1.084097114697798458e-01
5.662126874953131717e-01 1.084007262497840018e-01
5.677037671943258035e-01 1.083917729326258628e-01
5.691968072913383692e-01 1.083828515190560088e-01
5.706918077863509797e-01 1.083739620101413920e-01
5.721887686793637462e-01 1.083651044072715258e-01
5.736876899703762245e-01 1.083562787121540583e-01
5.751885716593890807e-01 1.083474849268116352e-01
5.766914137464018708e-01 1.083387230535888951e-01
5.781962162314148168e-01 1.083299930951474588e-01
5.797029791144278077e-01 1.083212950544698849e-01
5.812117023954407324e-01 1.083126289348558813e-01
5.827223860744538131e-01 1.083039947399233455e-01
5.842350301514669386e-01 1.082953924736135554e-01
5.857496346264799980e-01 1.082868221401764308e-01
5.872661994994931023e-01 1.082782837441910451e-01
5.887847247705062514e-01 1.082697772905484163e-01
5.903052104395195565e-01 1.082613027844824410e-01
5.918276565065329065e-01 1.082528602315479677e-01
5.933520629715463013e-01 1.082444496376098186e-01
5.948784298345597410e-01 1.082360710087828387e-01
5.964067570955732256e-01 1.082277243514104953e-01
5.979370447545868661e-01 1.082194096722555732e-01
5.994692928116004405e-01 1.082111269789892694e-01
6.010035012666138377e-01 1.082028762802718369e-01
6.025396701196276128e-01 1.081946575833867691e-01
6.040777993706413218e-01 1.081864708894934579e-01
6.056178890196550757e-01 1.081783162011261817e-01
6.071599390666689855e-01 1.081701935679603710e-01
6.087039495116828292e-01 1.081621030595773386e-01
6.102499203546968287e-01 1.081540441787102874e-01
6.117978515957107621e-01 1.081460180882192063e-01
6.133477432347248515e-01 1.081380233258324441e-01
6.148995952717387636e-01 1.081300610490248532e-01
6.164534077067529427e-01 1.081221307701328849e-01
6.180091805397671667e-01 1.081142325593600073e-01
6.195669137707813245e-01 1.081063664679857289e-01
6.211266073997956383e-01 1.080985325017120996e-01
6.226882614268099969e-01 1.080907306658428491e-01
6.242518758518244004e-01 1.080829609723498869e-01
6.258174506748388488e-01 1.080752234350881580e-01
6.273849858958533421e-01 1.080675180675293445e-01
6.289544815148676582e-01 1.080598448829254571e-01
6.305259375318823523e-01 1.080522038947899499e-01
6.320993539468969802e-01 1.080445951170667662e-01
6.336747307599116530e-01 1.080370185640945058e-01
6.352520679709263707e-01 1.080294742505567285e-01
6.368313655799411332e-01 1.080219621914548789e-01
6.384126235869560517e-01 1.080144824021183197e-01
6.399958419919709041e-01 1.080070348982090506e-01
6.415810207949856903e-01 1.079996196957279386e-01
6.431681599960007434e-01 1.079922368110115133e-01
6.447572595950157304e-01 1.079848862607388077e-01
6.463483195920308733e-01 1.079775680619272232e-01
6.479413399870459500e-01 1.079702822319305033e-01
6.495363207800611827e-01 1.079630287884457002e-01
6.511332619710764602e-01 1.079558077495105656e-01
6.527321635600916716e-01 1.079486191335060352e-01
6.543330255471070389e-01 1.079414629591542857e-01
6.559358479321222291e-01 1.079343392455229811e-01
6.575406307151376861e-01 1.079272480120267302e-01
6.591473738961531881e-01 1.079201892784227845e-01
6.607560774751687349e-01 1.079131630648167695e-01
6.623667414521843266e-01 1.079061693916651549e-01
6.639793658271999632e-01 1.078992082797707169e-01
6.655939506002157557e-01 1.078922797502841202e-01
6.672104957712314821e-01 1.078853838247162272e-01
6.688290013402472534e-01 1.078785205249176010e-01
6.704494673072629585e-01 1.078716898731033186e-01
6.720718936722788195e-01 1.078648918918364702e-01
6.736962804352947254e-01 1.078581266040389564e-01
6.753226275963107872e-01 1.078513940329877685e-01
6.769509351553267829e-01 1.078446942023183336e-01
6.785812031123429344e-01 1.078380271360254716e-01
6.802134314673590199e-01 1.078313928584638814e-01
6.818476202203752612e-01 1.078247913943514297e-01
6.834837693713914364e-01 1.078182227687660283e-01
6.851218789204075454e-01 1.078116870071511302e-01
6.867619488674239214e-01 1.078051841353169504e-01
6.884039792124403423e-01 1.077987141794373716e-01
6.900479699554568080e-01 1.077922771660570489e-01
6.916939210964733187e-01 1.077858731220884825e-01
6.933418326354898742e-01 1.077795020748128357e-01
6.949917045725064746e-01 1.077731640518889561e-01
6.966435369075231199e-01 1.077668590813415650e-01
6.982973296405398100e-01 1.077605871915776475e-01
6.999530827715563230e-01 1.077543484113750172e-01
7.016107963005731030e-01 1.077481427698910588e-01
7.032704702275899278e-01 1.077419702966627424e-01
7.049321045526069085e-01 1.077358310216071646e-01
7.065956992756238231e-01 1.077297249750235053e-01
7.082612543966407825e-01 1.077236521875944014e-01
7.099287699156578979e-01 1.077176126903880565e-01
7.115982458326749471e-01 1.077116065148599200e-01
7.132696821476921523e-01 1.077056336928529368e-01
7.149430788607090692e-01 1.076996942565995180e-01
7.166184359717263641e-01 1.076937882387259959e-01
7.182957534807437039e-01 1.076879156722489184e-01
7.199750313877609775e-01 1.076820765905828065e-01
7.216562696927784071e-01 1.076762710275368795e-01
7.233394683957958815e-01 1.076704990173187326e-01
7.250246274968132898e-01 1.076647605945360991e-01
7.267117469958308540e-01 1.076590557941994597e-01
7.284008268928482410e-01 1.076533846517219589e-01
7.300918671878658950e-01 1.076477472029235549e-01
7.317848678808835938e-01 1.076421434840285352e-01
7.334798289719013376e-01 1.076365735316724970e-01
7.351767504609192372e-01 1.076310373829029027e-01
7.368756323479370707e-01 1.076255350751771089e-01
7.385764746329549491e-01 1.076200666463695971e-01
7.402792773159728723e-01 1.076146321347697943e-01
7.419840403969908404e-01 1.076092315790877496e-01
7.436907638760087425e-01 1.076038650184521911e-01
7.453994477530268004e-01 1.075985324924153830e-01
7.471100920280450142e-01 1.075932340409544163e-01
7.488226967010631618e-01 1.075879697044711952e-01
7.505372617720814654e-01 1.075827395238004858e-01
7.522537872410997029e-01 1.075775435402025887e-01
7.539722731081180962e-01 1.075723817953769118e-01
7.556927193731364234e-01 1.075672543314490637e-01
7.574151260361549065e-01 1.075621611909934605e-01
7.591394930971732125e-01 1.075571024170147577e-01
7.608658205561917853e-01 1.075520780529627962e-01
7.625941084132104031e-01 1.075470881427315756e-01
7.643243566682289547e-01 1.075421327306601976e-01
7.660565653212476622e-01 1.075372118615380290e-01
7.677907343722664146e-01 1.075323255806037714e-01
7.695268638212852119e-01 1.075274739335485147e-01
7.712649536683040541e-01 1.075226569665233139e-01
7.730050039133229411e-01 1.075178747261302803e-01
7.747470145563417621e-01 1.075131272594375687e-01
7.764909855973607389e-01 1.075084146139750202e-01
7.782369170363797606e-01 1.075037368377363134e-01
7.799848088733989382e-01 1.074990939791818229e-01
7.817346611084180497e-01 1.074944860872485142e-01
7.834864737414372060e-01 1.074899132113390776e-01
7.852402467724565183e-01 1.074853754013352647e-01
7.869959802014757644e-01 1.074808727075969167e-01
7.887536740284951664e-01 1.074764051809637411e-01
7.905133282535142802e-01 1.074719728727596274e-01
7.922749428765337720e-01 1.074675758347960614e-01
7.940385178975533087e-01 1.074632141193696266e-01
7.958040533165727792e-01 1.074588877792730379e-01
7.975715491335924057e-01 1.074545968677896729e-01
7.993410053486120770e-01 1.074503414387044109e-01
8.011124219616317932e-01 1.074461215462977626e-01
8.028857989726515543e-01 1.074419372453574717e-01
8.046611363816711382e-01 1.074377885911747960e-01
8.064384341886909890e-01 1.074336756395508907e-01
8.082176923937108848e-01 1.074295984467992099e-01
8.099989109967308254e-01 1.074255570697473655e-01
8.117820899977508109e-01 1.074215515657421377e-01
8.135672293967708413e-01 1.074175819926489750e-01
8.153543291937909165e-01 1.074136484088625276e-01
8.171433893888111477e-01 1.074097508732988066e-01
8.189344099818313127e-01 1.074058894454088808e-01
8.207273909728513006e-01 1.074020641851778229e-01
8.225223323618716664e-01 1.073982751531225577e-01
8.243192341488919661e-01 1.073945224103085017e-01
8.261180963339124217e-01 1.073908060183362267e-01
8.279189189169328111e-01 1.073871260393611665e-01
8.297217018979533565e-01 1.073834825360809181e-01
8.315264452769738357e-01 1.073798755717586956e-01
8.333331490539944708e-01 1.073763052102016391e-01
8.351418132290151508e-01 1.073727715157884594e-01
8.369524378020356536e-01 1.073692745534567117e-01
8.387650227730564234e-01 1.073658143887130934e-01
8.405795681420771270e-01 1.073623910876361082e-01
8.423960739090979866e-01 1.073590047168824779e-01
8.442145400741188910e-01 1.073556553436831734e-01
8.460349666371398403e-01 1.073523430358536979e-01
8.478573535981608345e-01 1.073490678617987082e-01
8.496817009571818735e-01 1.073458298905095171e-01
8.515080087142030685e-01 1.073426291915745429e-01
8.533362768692239753e-01 1.073394658351779496e-01
8.551665054222451490e-01 1.073363398921089867e-01
8.569986943732663676e-01 1.073332514337593802e-01
8.588328437222877421e-01 1.073302005321350727e-01
8.606689534693090504e-01 1.073271872598528243e-01
8.625070236143304037e-01 1.073242116901492182e-01
8.643470541573519128e-01 1.073212738968840341e-01
8.661890450983733558e-01 1.073183739545424675e-01
8.680329964373949547e-01 1.073155119382416117e-01
8.698789081744163765e-01 1.073126879237338710e-01
8.717267803094379541e-01 1.073099019874097920e-01
8.735766128424596877e-01 1.073071542063071954e-01
8.754284057734814661e-01 1.073044446581086775e-01
8.772821591025032895e-01 1.073017734211528795e-01
8.791378728295250466e-01 1.072991405744338211e-01
8.809955469545469597e-01 1.072965461976100321e-01
8.828551814775689177e-01 1.072939903710040804e-01
8.847167763985909206e-01 1.072914731756129114e-01
8.865803317176127463e-01 1.072889946931063349e-01
8.884458474346348389e-01 1.072865550058371281e-01
8.903133235496569764e-01 1.072841541968474338e-01
8.921827600626792698e-01 1.072817923498613490e-01
8.940541569737014971e-01 1.072794695493082956e-01
8.959275142827237692e-01 1.072771858803129724e-01
8.978028319897460863e-01 1.072749414287052366e-01
8.996801100947685592e-01 1.072727362810305951e-01
9.015593485977907440e-01 1.072705705245467350e-01
9.034405474988133067e-01 1.072684442472328914e-01
9.053237067978358033e-01 1.072663575377975076e-01
9.072088264948584557e-01 1.072643104856790125e-01
9.090959065898810421e-01 1.072623031810529814e-01
9.109849470829037843e-01 1.072603357148389502e-01
9.128759479739264604e-01 1.072584081787048699e-01
9.147689092629492924e-01 1.072565206650718805e-01
9.166638309499721693e-01 1.072546732671219305e-01
9.185607130349948690e-01 1.072528660788004962e-01
9.204595555180178357e-01 1.072510991948269765e-01
9.223603583990407362e-01 1.072493727106944572e-01
9.242631216780637926e-01 1.072476867226818675e-01
9.261678453550868939e-01 1.072460413278556596e-01
9.280745294301100401e-01 1.072444366240780655e-01
9.299831739031333422e-01 1.072428727100082219e-01
9.318937787741565781e-01 1.072413496851203768e-01
9.338063440431798590e-01 1.072398676496957581e-01
9.357208697102029626e-01 1.072384267048368811e-01
9.376373557752263332e-01 1.072370269524749592e-01
9.395558022382498597e-01 1.072356684953695155e-01
9.414762090992733201e-01 1.072343514371237594e-01
9.433985763582968254e-01 1.072330758821825325e-01
9.453229040153204865e-01 1.072318419358466585e-01
9.472491920703440815e-01 1.072306497042741780e-01
9.491774405233678324e-01 1.072294992944888836e-01
9.511076493743915172e-01 1.072283908143903536e-01
9.530398186234151359e-01 1.072273243727540765e-01
9.549739482704390214e-01 1.072263000792453846e-01
9.569100383154629519e-01 1.072253180444229792e-01
9.588480887584868162e-01 1.072243783797467015e-01
9.607880995995108364e-01 1.072234811975863872e-01
9.627300708385349015e-01 1.072226266112258353e-01
9.646740024755590115e-01 1.072218147348746320e-01
9.666198945105831664e-01 1.072210456836731329e-01
9.685677469436073661e-01 1.072203195736983056e-01
9.705175597746313887e-01 1.072196365219768160e-01
9.724693330036556782e-01 1.072189966464889149e-01
9.744230666306800126e-01 1.072184000661748349e-01
9.763787606557043919e-01 1.072178469009496121e-01
9.783364150787289271e-01 1.072173372717025730e-01
9.802960298997533961e-01 1.072168713003126828e-01
9.822576051187779100e-01 1.072164491096521260e-01
9.842211407358025799e-01 1.072160708235977561e-01
9.861866367508271836e-01 1.072157365670379642e-01
9.881540931638517211e-01 1.072154464658803541e-01
9.901235099748764146e-01 1.072152006470645930e-01
9.920948871839012639e-01 1.072149992385662692e-01
9.940682247909260472e-01 1.072148423694087443e-01
9.960435227959509863e-01 1.072147301696699945e-01
9.980207811989759703e-01 1.072146627704960026e-01
1.000000000000000666e+00 1.072146403041046719e-01
