0.000000000000000000e+00 9.594100920423559442e-01
2.078119897502626434e-05 9.584047510878371812e-01
4.352279595010249372e-05 9.573045712793913919e-01
6.822479092522875592e-05 9.561095524545587532e-01
9.488718390040502381e-05 9.548196945818722137e-01
1.235099748756312839e-04 9.534349976832814377e-01
1.540931638509075632e-04 9.519554617839204314e-01
1.866367508262337669e-04 9.503810868970878900e-01
2.211407358016100034e-04 9.487118730233453645e-01
2.576051187770363269e-04 9.469478201605175949e-01
2.960298997525126832e-04 9.450889283071169933e-01
3.364150787280388555e-04 9.431351974648362058e-01
3.787606557036150606e-04 9.410866276373338613e-01
4.230666306792412444e-04 9.389432188281991998e-01
4.693330036549174067e-04 9.367049710412537200e-01
5.175597746306437102e-04 9.343718842800471380e-01
5.677469436064200466e-04 9.319439585485637112e-01
6.198945105822462531e-04 9.294211938507621618e-01
6.740024755581224382e-04 9.268035901916892305e-01
7.300708385340486020e-04 9.240911475762232374e-01
7.880995995100251780e-04 9.212838660101035915e-01
8.480887584860512989e-04 9.183817454992890816e-01
9.100383154621275068e-04 9.153847860503107059e-01
9.739482704382536934e-04 9.122929876701589835e-01
1.039818623414429750e-03 9.091063503664119638e-01
1.107649374390655894e-03 9.058248741471964793e-01
1.177440523366932558e-03 9.024485590212479869e-01
1.249192070343258659e-03 8.989774049979292192e-01
1.322904015319634847e-03 8.954114120873081228e-01
1.398576358296060905e-03 8.917505803000865816e-01
1.476209099272537051e-03 8.879949096477647297e-01
1.555802238249063716e-03 8.841444001425785570e-01
1.637355775225640036e-03 8.801990517975865069e-01
1.720869710202266008e-03 8.761588646266902369e-01
1.806344043178942285e-03 8.720238386446649281e-01
1.893778774155669082e-03 8.677939738672202363e-01
1.983173903132445098e-03 8.634692703110146139e-01
2.074529430109271419e-03 8.590497279937314712e-01
2.167845355086147393e-03 8.545353469340731811e-01
2.263121678063073454e-03 8.499261271518441241e-01
2.360358399040050469e-03 8.452220686679808859e-01
2.459555518017076271e-03 8.404231715045907825e-01
2.560713034994152593e-03 8.355294356850083703e-01
2.663830949971278568e-03 8.305408612338299745e-01
2.768909262948454630e-03 8.254574481769715311e-01
2.875947973925680780e-03 8.202791965417082221e-01
2.984947082902957450e-03 8.150061063567367592e-01
3.095906589880283773e-03 8.096381776522130203e-01
3.208826494857659750e-03 8.041754104598007880e-01
3.323706797835085814e-03 7.986178048127364759e-01
3.440547498812561965e-03 7.929653607458772013e-01
3.559348597790088636e-03 7.872180782957430845e-01
3.680110094767664961e-03 7.813759575005990721e-01
3.802831989745290939e-03 7.754389984004732561e-01
3.927514282722965704e-03 7.694072010372474679e-01
4.054156973700691856e-03 7.632805654546932494e-01
4.182760062678468095e-03 7.570590916985436847e-01
4.313323549656295289e-03 7.507427798165449140e-01
4.445847434634171702e-03 7.443316298585126445e-01
4.580331717612097335e-03 7.378256418764067570e-01
4.716776398590073922e-03 7.312248159243782686e-01
4.855181477568099729e-03 7.245291520588489353e-01
4.995546954546175623e-03 7.177386503385577710e-01
5.137872829524301604e-03 7.108533108246337662e-01
5.282159102502477672e-03 7.038731335806700518e-01
5.428405773480703828e-03 6.967981186727698617e-01
5.576612842458980070e-03 6.896282661696362393e-01
5.726780309437305531e-03 6.823635761426281032e-01
5.878908174415681948e-03 6.750040486658309691e-01
6.032996437394107583e-03 6.675496838161301127e-01
6.189045098372585908e-03 6.600004816732778501e-01
6.347054157351111718e-03 6.523564423199720297e-01
6.507023614329687615e-03 6.446175658419242005e-01
6.668953469308313599e-03 6.367838523279290008e-01
6.832843722286989670e-03 6.288553018699540864e-01
6.998694373265715828e-03 6.208319145631999714e-01
7.166505422244492073e-03 6.127136905061864036e-01
7.336276869223317537e-03 6.045006298008275269e-01
7.508008714202193956e-03 5.961927325525032684e-01
7.681700957181119595e-03 5.877899988701573708e-01
7.857353598160098790e-03 5.792924288663569010e-01
8.034966637139125470e-03 5.707000226573852864e-01
8.214540074118200502e-03 5.620127803633239161e-01
8.396073909097327356e-03 5.532307021081299681e-01
8.579568142076502563e-03 5.443537880197275580e-01
8.765022773055727856e-03 5.353820382300855663e-01
8.952437802035004971e-03 5.263154528753130057e-01
9.141813229014330439e-03 5.171540320957299652e-01
9.333149053993705993e-03 5.078977760359778548e-01
9.526445276973131635e-03 4.985466848450865740e-01
9.721701897952607363e-03 4.891007586765764303e-01
9.918918916932136648e-03 4.795599976885459026e-01
1.011809633391171255e-02 4.699244020437606251e-01
1.031923414889133854e-02 4.601939719097511428e-01
1.052233236187101462e-02 4.503687074588995087e-01
1.072739097285074078e-02 4.404486088685386491e-01
1.093440998183051703e-02 4.304336763210457328e-01
1.114338938881034163e-02 4.203239100039362630e-01
1.135432919379021806e-02 4.101193101099644411e-01
1.156722939677014457e-02 3.998198768372196454e-01
1.178208999775011943e-02 3.894256103892237419e-01
1.199891099673014612e-02 3.789365109750340577e-01
1.221769239371022463e-02 3.683525788093382491e-01
1.243843418869035149e-02 3.576738141125641035e-01
1.266113638167052670e-02 3.469002171109742405e-01
1.288579897265075200e-02 3.360317880367744703e-01
1.311242196163102738e-02 3.250685271282158229e-01
1.334100534861135459e-02 3.140104346296984650e-01
1.357154913359173015e-02 3.028575107918821119e-01
1.380405331657215580e-02 2.916097558717909433e-01
1.403851789755263153e-02 2.802671701329180753e-01
1.427494287653315735e-02 2.688297538453437441e-01
1.451332825351373326e-02 2.572975072905049898e-01
1.475367402849436273e-02 2.456704320707464029e-01
1.499598020147503881e-02 2.339486393574231604e-01
1.524024677245576498e-02 2.221354196581419582e-01
1.548647374143653950e-02 2.102707951973929734e-01
1.573466110841736931e-02 1.985786375831063710e-01
1.598480887339824227e-02 1.876647433286591504e-01
1.623691703637917053e-02 1.782861721036539671e-01
1.649098559736014366e-02 1.707585969122046854e-01
1.674701455634117209e-02 1.648827400597107085e-01
1.700500391332224540e-02 1.602822084694939531e-01
1.726495366830337400e-02 1.566186956237677619e-01
1.752686382128455442e-02 1.536406682029280713e-01
1.779073437226577625e-02 1.511711511829167409e-01
1.805656532124705685e-02 1.490864423432793073e-01
1.832435666822837886e-02 1.472990342496647842e-01
1.859410841320975616e-02 1.457458648312493499e-01
1.886582055619118528e-02 1.443805639317882750e-01
1.913949309717265929e-02 1.431683581708142472e-01
1.941512603615418858e-02 1.420826873289434411e-01
1.969271937313575929e-02 1.411029203602887361e-01
1.997227310811738876e-02 1.402127852549389653e-01
2.025378724109906312e-02 1.393992695636438739e-01
2.053726177208079276e-02 1.386518366872440122e-01
2.082269670106256382e-02 1.379618577919781153e-01
2.111009202804439364e-02 1.373221935272247174e-01
2.139944775302626487e-02 1.367268815396957271e-01
2.169076387600819486e-02 1.361708998682852889e-01
2.198404039699017321e-02 1.356499855562145196e-01
2.227927731597219643e-02 1.351604939898778390e-01
2.257647463295427495e-02 1.346992886554772839e-01
2.287563234793639835e-02 1.342636538815901448e-01
2.317675046091857705e-02 1.338512251416553167e-01
2.347982897190080062e-02 1.334599329079029506e-01
2.378486788088307949e-02 1.330879570629380226e-01
2.409186718786539977e-02 1.327336896095594188e-01
2.440082689284778228e-02 1.323957039573789296e-01
2.471174699583020273e-02 1.320727294623626480e-01
2.502462749681268195e-02 1.317636301925918518e-01
2.533946839579521298e-02 1.314673871176226250e-01
2.565626969277778543e-02 1.311830830894085143e-01
2.597503138776041318e-02 1.309098901128317727e-01
2.629575348074308580e-02 1.306470585054604339e-01
2.661843597172581372e-02 1.303939076242843220e-01
2.694307886070858651e-02 1.301498178992636368e-01
2.726968214769141807e-02 1.299142239613278460e-01
2.759824583267428758e-02 1.296866086921967254e-01
2.792876991565721931e-02 1.294664980530852161e-01
2.826125439664019939e-02 1.292534565750115272e-01
2.859569927562322089e-02 1.290470834128251976e-01
2.893210455260630115e-02 1.288470088817559034e-01
2.927047022758941935e-02 1.286528914081291608e-01
2.961079630057259979e-02 1.284644148371699712e-01
2.995308277155582163e-02 1.282812860494255691e-01
3.029732964053910224e-02 1.281032328448304392e-01
3.064353690752242426e-02 1.279300020597582965e-01
3.099170457250580504e-02 1.277613578871570343e-01
3.134183263548922377e-02 1.275970803745377635e-01
3.169392109647270472e-02 1.274369640779301760e-01
3.204796995545623056e-02 1.272808168529315220e-01
3.240397921243980128e-02 1.271284587668680688e-01
3.276194886742343076e-02 1.269797211176707241e-01
3.312187892040710513e-02 1.268344455476633492e-01
3.348376937139083825e-02 1.266924832412337776e-01
3.384762022037460932e-02 1.265536941975113905e-01
3.421343146735843915e-02 1.264179465696127491e-01
3.458120311234230693e-02 1.262851160635249381e-01
3.495093515532624040e-02 1.261550853903645741e-01
3.532262759631021182e-02 1.260277437663697431e-01
3.569628043529424199e-02 1.259029864560395895e-01
3.607189367227831706e-02 1.257807143537092165e-01
3.644946730726244394e-02 1.256608336002026094e-01
3.682900134024662264e-02 1.255432552308175798e-01
3.721049577123083929e-02 1.254278948518600945e-01
3.759395060021512164e-02 1.253146723429135745e-01
3.797936582719944193e-02 1.252035115825179123e-01
3.836674145218382098e-02 1.250943401950832257e-01
3.875607747516824492e-02 1.249870893171557973e-01
3.914737389615272761e-02 1.248816933812270796e-01
3.954063071513724825e-02 1.247780899156904072e-01
3.993584793212182765e-02 1.246762193593899254e-01
4.033302554710645887e-02 1.245760248896093519e-01
4.073216356009112804e-02 1.244774522623294799e-01
4.113326197107585597e-02 1.243804496637940932e-01
4.153632078006062878e-02 1.242849675722903502e-01
4.194133998704546035e-02 1.241909586295503465e-01
4.234831959203032986e-02 1.240983775207882972e-01
4.275725959501525814e-02 1.240071808628274569e-01
4.316815999600023129e-02 1.239173270995915371e-01
4.358102079498526321e-02 1.238287764044753853e-01
4.399584199197033307e-02 1.237414905889729355e-01
4.441262358695546170e-02 1.236554330172463106e-01
4.483136557994064214e-02 1.235705685258930708e-01
4.525206797092586747e-02 1.234868633489769746e-01
4.567473075991114462e-02 1.234042850474727226e-01
4.609935394689646665e-02 1.233228024431009262e-01
4.652593753188184744e-02 1.232423855561980419e-01
4.695448151486726618e-02 1.231630055472086038e-01
4.738498589585275061e-02 1.230846346616876474e-01
4.781745067483826606e-02 1.230072461785009647e-01
4.825187585182384720e-02 1.229308143610170212e-01
4.868826142680946628e-02 1.228553144111162732e-01
4.912660739979515107e-02 1.227807224257318891e-01
4.956691377078088073e-02 1.227070153559286780e-01
5.000918053976664834e-02 1.226341709681661868e-01
5.045340770675248165e-02 1.225621678077210980e-01
5.089959527173835291e-02 1.224909851641085151e-01
5.134774323472428292e-02 1.224206030383375304e-01
5.179785159571025088e-02 1.223510021119429692e-01
5.224992035469628454e-02 1.222821637175929010e-01
5.270394951168235614e-02 1.222140698113408086e-01
5.315993906666848651e-02 1.221467029461880405e-01
5.361788901965465481e-02 1.220800462470811032e-01
5.407779937064088882e-02 1.220140833871678626e-01
5.453967011962716771e-02 1.219487985652335377e-01
5.500350126661349148e-02 1.218841764842693159e-01
5.546929281159986708e-02 1.218202023310986093e-01
5.593704475458628755e-02 1.217568617569992351e-01
5.640675709557277373e-02 1.216941408592998458e-01
5.687842983455929091e-02 1.216320261637741373e-01
5.735206297154587379e-02 1.215705046080081814e-01
5.782765650653248768e-02 1.215095635254038325e-01
5.830521043951917420e-02 1.214491906300711882e-01
5.878472477050590561e-02 1.213893740023100770e-01
5.926619949949267496e-02 1.213301020748606823e-01
5.974963462647950307e-02 1.212713636196741385e-01
6.023503015146637607e-02 1.212131477353960568e-01
6.072238607445330782e-02 1.211554438353195234e-01
6.121170239544027752e-02 1.210982416359336206e-01
6.170297911442730598e-02 1.210415311459543397e-01
6.219621623141437933e-02 1.209853026558305733e-01
6.269141374640151143e-02 1.209295467277303887e-01
6.318857165938866760e-02 1.208742541859427477e-01
6.368768997037589641e-02 1.208194161076823203e-01
6.418876867936318398e-02 1.207650238143127136e-01
6.469180778635051643e-02 1.207110688629156603e-01
6.519680729133789376e-02 1.206575430382181569e-01
6.570376719432530210e-02 1.206044383448593854e-01
6.621268749531278308e-02 1.205517469999868030e-01
6.672356819430030894e-02 1.204994614261182539e-01
6.723640929128789356e-02 1.204475742443419511e-01
6.775121078627552307e-02 1.203960782677576669e-01
6.826797267926318358e-02 1.203449664951864312e-01
6.878669497025091673e-02 1.202942321051312519e-01
6.930737765923869476e-02 1.202438684500041766e-01
6.983002074622653155e-02 1.201938690505065799e-01
7.035462423121441322e-02 1.201442275903202295e-01
7.088118811420231202e-02 1.200949379109355342e-01
7.140971239519029734e-02 1.200459940066912479e-01
7.194019707417832754e-02 1.199973900200355242e-01
7.247264215116641650e-02 1.199491202369238063e-01
7.300704762615452259e-02 1.199011790824174029e-01
7.354341349914270132e-02 1.198535611164257414e-01
7.408173977013092493e-02 1.198062610296315583e-01
7.462202643911922118e-02 1.197592736395414054e-01
7.516427350610754843e-02 1.197125938866891864e-01
7.570848097109590669e-02 1.196662168309870211e-01
7.625464883408433758e-02 1.196201376481914602e-01
7.680277709507281336e-02 1.195743516265082018e-01
7.735286575406134790e-02 1.195288541633065249e-01
7.790491481104989957e-02 1.194836407619676161e-01
7.845892426603853775e-02 1.194387070288194103e-01
7.901489411902722082e-02 1.193940486702119164e-01
7.957282437001594877e-02 1.193496614896426833e-01
8.013271501900470772e-02 1.193055413850393903e-01
8.069456606599353932e-02 1.192616843460911208e-01
8.125837751098241579e-02 1.192180864517055905e-01
8.182414935397135103e-02 1.191747438675071213e-01
8.239188159496033115e-02 1.191316528434719635e-01
8.296157423394934227e-02 1.190888097115973543e-01
8.353322727093842603e-02 1.190462108836807253e-01
8.410684070592755468e-02 1.190038528491464409e-01
8.468241453891674209e-02 1.189617321729605909e-01
8.525994876990593274e-02 1.189198454936155475e-01
8.583944339889522379e-02 1.188781895211548784e-01
8.642089842588455972e-02 1.188367610353038423e-01
8.700431385087394054e-02 1.187955568836080722e-01
8.758968967386336624e-02 1.187545739796831562e-01
8.817702589485282294e-02 1.187138093014883655e-01
8.876632251384235228e-02 1.186732598896540203e-01
8.935757953083194038e-02 1.186329228458719715e-01
8.995079694582157337e-02 1.185927953313438282e-01
9.054597475881122348e-02 1.185528745652557614e-01
9.114311296980096011e-02 1.185131578233109689e-01
9.174221157879074162e-02 1.184736424363103946e-01
9.234327058578056802e-02 1.184343257887792433e-01
9.294628999077042542e-02 1.183952053176083041e-01
9.355126979376035545e-02 1.183562785107880183e-01
9.415820999475034425e-02 1.183175429061141121e-01
9.476711059374037793e-02 1.182789960899990472e-01
9.537797159073045650e-02 1.182406356962623084e-01
9.599079298572055219e-02 1.182024594049923133e-01
9.660557477871074827e-02 1.181644649414283210e-01
9.722231696970097536e-02 1.181266500748723025e-01
9.784101955869126122e-02 1.180890126176407928e-01
9.846168254568156419e-02 1.180515504240354507e-01
9.908430593067193981e-02 1.180142613893609832e-01
9.970888971366237419e-02 1.179771434489503557e-01
1.003354338946528534e-01 1.179401945772289712e-01
1.009639384736433915e-01 1.179034127868061194e-01
1.015944034506339466e-01 1.178667961275947501e-01
1.022268288256245744e-01 1.178303426859375197e-01
1.028612145986152610e-01 1.177940505837763580e-01
1.034975607696059924e-01 1.177579179778438512e-01
1.041358673385967409e-01 1.177219430588663518e-01
1.047761343055875760e-01 1.176861240507856288e-01
1.054183616705784560e-01 1.176504592100234975e-01
1.060625494335693947e-01 1.176149468247456586e-01
1.067086975945603783e-01 1.175795852141481163e-01
1.073568061535513790e-01 1.175443727277721839e-01
1.080068751105424663e-01 1.175093077448236406e-01
1.086589044655335984e-01 1.174743886735312021e-01
1.093128942185247754e-01 1.174396139504998438e-01
1.099688443695159834e-01 1.174049820401023153e-01
1.106267549185072641e-01 1.173704914338703637e-01
1.112866258654986035e-01 1.173361406499209558e-01
1.119484572104899878e-01 1.173019282323929935e-01
1.126122489534813753e-01 1.172678527508916185e-01
1.132780010944728633e-01 1.172339127999579844e-01
1.139457136334643961e-01 1.172001069985489918e-01
1.146153865704559877e-01 1.171664339895144846e-01
1.152870199054476102e-01 1.171328924390876852e-01
1.159606136384392638e-01 1.170994810363650690e-01
1.166361677694310039e-01 1.170661984927975907e-01
1.173136822984227889e-01 1.170330435416385706e-01
1.179931572254146188e-01 1.170000149374356840e-01
1.186745925504064658e-01 1.169671114554959451e-01
1.193579882733983993e-01 1.169343318913773078e-01
1.200433443943903777e-01 1.169016750604797011e-01
1.207306609133824149e-01 1.168691397976809598e-01
1.214199378303744969e-01 1.168367249571796856e-01
1.221111751453665961e-01 1.168044294124797045e-01
1.228043728583587818e-01 1.167722520566132072e-01
1.234995309693510124e-01 1.167401918024915664e-01
1.241966494783433017e-01 1.167082475832801336e-01
1.248957283853355943e-01 1.166764183524774262e-01
1.255967676903279873e-01 1.166447030833033111e-01
1.262997673933204390e-01 1.166131007667966513e-01
1.270047274943129079e-01 1.165816104080730220e-01
1.277116479933054216e-01 1.165502310204177411e-01
1.284205288902980080e-01 1.165189616176392079e-01
1.291313701852906393e-01 1.164878012064399088e-01
1.298441718782833154e-01 1.164567487827481013e-01
1.305589339692760642e-01 1.164258033384904661e-01
1.312756564582688024e-01 1.163949638875162451e-01
1.319943393452616409e-01 1.163642295186862602e-01
1.327149826302545244e-01 1.163335994766462739e-01
1.334375863132474527e-01 1.163030732499461956e-01
1.341621503942403981e-01 1.162726506050392045e-01
1.348886748732334440e-01 1.162423314414941927e-01
1.356171597502265069e-01 1.162121152779678340e-01
1.363476050252196425e-01 1.161820001916821637e-01
1.370800106982128508e-01 1.161519813552499419e-01
1.378143767692060206e-01 1.161220505030729488e-01
1.385507032381993187e-01 1.160922009635253771e-01
1.392889901051926616e-01 1.160624509481995581e-01
1.400292373701860493e-01 1.160329157149577878e-01
1.407714450331794265e-01 1.160033579517458918e-01
1.415156130941729040e-01 1.159738922291123631e-01
1.422617415531664542e-01 1.159445369379887986e-01
1.430098304101600493e-01 1.159152856422388522e-01
1.437598796651536337e-01 1.158861302429412821e-01
1.445118893181473185e-01 1.158570660609163222e-01
1.452658593691410482e-01 1.158280913322446287e-01
1.460217898181348506e-01 1.157992057482661874e-01
1.467796806651286701e-01 1.157704093924310923e-01
1.475395319101225067e-01 1.157417022274374457e-01
1.483013435531164437e-01 1.157130839554607882e-01
1.490651155941104256e-01 1.156845540579673065e-01
1.498308480331044801e-01 1.156561118879613770e-01
1.505985408700985240e-01 1.156277567523666255e-01
1.513681941050926405e-01 1.155994879646499718e-01
1.521398077380868297e-01 1.155713048691633105e-01
1.529133817690810637e-01 1.155432068461352269e-01
1.536889161980753704e-01 1.155151933065792225e-01
1.544664110250696387e-01 1.154872636839223421e-01
1.552458662500640352e-01 1.154594174262192352e-01
1.560272818730584765e-01 1.154316539905695799e-01
1.568106578940529627e-01 1.154039728399518239e-01
1.575959943130474383e-01 1.153763734419746972e-01
1.583832911300420421e-01 1.153488552688631819e-01
1.591725483450366629e-01 1.153214177980384225e-01
1.599637659580313565e-01 1.152940605128744134e-01
1.607569439690260948e-01 1.152667829033257180e-01
1.615520823780208504e-01 1.152395844663677976e-01
1.623491811850156785e-01 1.152124647061855967e-01
1.631482403900105516e-01 1.151854231341864349e-01
1.639492599930054972e-01 1.151584592688806863e-01
1.647522399940004323e-01 1.151315726357048375e-01
1.655571803929954677e-01 1.151047627668014411e-01
1.663640811899905481e-01 1.150780292008181660e-01
1.671729423849857010e-01 1.150513714827299805e-01
1.679837639779808434e-01 1.150247891636830277e-01
1.687965459689760583e-01 1.149982818008624119e-01
1.696112883579713460e-01 1.149718489573873376e-01
1.704279911449667062e-01 1.149454902022157138e-01
1.712466543299620836e-01 1.149192051100564743e-01
1.720672779129574781e-01 1.148929932612904742e-01
1.728898618939529452e-01 1.148668542418845445e-01
1.737144062729484850e-01 1.148407876433120561e-01
1.745409110499440697e-01 1.148147930624772023e-01
1.753693762249396715e-01 1.147888701016134966e-01
1.761998017979353459e-01 1.147630183682210731e-01
1.770321877689310930e-01 1.147372374749581481e-01
1.778665341379268849e-01 1.147115270395818176e-01
1.787028409049227218e-01 1.146858866848468050e-01
1.795411080699185480e-01 1.146603160384314923e-01
1.803813356329145023e-01 1.146348147328574013e-01
1.812235235939104738e-01 1.146093824054130739e-01
1.820676719529065180e-01 1.145840186980726511e-01
1.829137807099025514e-01 1.145587232574276498e-01
1.837618498648986853e-01 1.145334957346137300e-01
1.846118794178948919e-01 1.145083357852339778e-01
1.854638693688911155e-01 1.144832430692932640e-01
1.863178197178873563e-01 1.144582172511320051e-01
1.871737304648836975e-01 1.144332579993517923e-01
1.880316016098800835e-01 1.144083649867558145e-01
1.888914331528765145e-01 1.143835378902828270e-01
1.897532250938729903e-01 1.143587763909336003e-01
1.906169774328694833e-01 1.143340801737290080e-01
1.914826901698660766e-01 1.143094489276276493e-01
1.923503633048627148e-01 1.142848823454743895e-01
1.932199968378593979e-01 1.142603801239387706e-01
1.940915907688560982e-01 1.142359419634611795e-01
1.949651450978528711e-01 1.142115675681903558e-01
1.958406598248497166e-01 1.141872566459271737e-01
1.967181349498466070e-01 1.141630089080683114e-01
1.975975704728435423e-01 1.141388240695609402e-01
1.984789663938404669e-01 1.141147018488353204e-01
1.993623227128375197e-01 1.140906419677623768e-01
2.002476394298345896e-01 1.140666441515988533e-01
2.011349165448317322e-01 1.140427081289347166e-01
2.020241540578288642e-01 1.140188336316492329e-01
2.029153519688260965e-01 1.139950203948503354e-01
2.038085102778234015e-01 1.139712681568421648e-01
2.047036289848207236e-01 1.139475766590651168e-01
2.056007080898180628e-01 1.139239456460531125e-01
2.064997475928155024e-01 1.139003748653911186e-01
2.074007474938129869e-01 1.138768640676670052e-01
2.083037077928105441e-01 1.138534130064214195e-01
2.092086284898081183e-01 1.138300214381209458e-01
2.101155095848057097e-01 1.138066891220988058e-01
2.110243510778034015e-01 1.137834158205196650e-01
2.119351529688011382e-01 1.137602012983443128e-01
2.128479152577989197e-01 1.137370453232774414e-01
2.137626379447967184e-01 1.137139476657436782e-01
2.146793210297945897e-01 1.136909080988327964e-01
2.155979645127925337e-01 1.136679263982758731e-01
2.165185683937905226e-01 1.136450023423946354e-01
2.174411326727885563e-01 1.136221357120714148e-01
2.183656573497865794e-01 1.135993262907024487e-01
2.192921424247847306e-01 1.135765738641649064e-01
2.202205878977829268e-01 1.135538782207628494e-01
2.211509937687811678e-01 1.135312391512084684e-01
2.220833600377793982e-01 1.135086564485610211e-01
2.230176867047777289e-01 1.134861299082209618e-01
2.239539737697761046e-01 1.134636593278837424e-01
2.248922212327745529e-01 1.134412445075623499e-01
2.258324290937730461e-01 1.134188852495720684e-01
2.267745973527715286e-01 1.133965813585450927e-01
2.277187260097701116e-01 1.133743326414655417e-01
2.286648150647687394e-01 1.133521389076194569e-01
2.296128645177674399e-01 1.133299999685404985e-01
2.305628743687661297e-01 1.133079156378229424e-01
2.315148446177649200e-01 1.132858857307983552e-01
2.324687752647637551e-01 1.132639100641228969e-01
2.334246663097626351e-01 1.132419884552857692e-01
2.343825177527615322e-01 1.132201207223896972e-01
2.353423295937605020e-01 1.131983066844272773e-01
2.363041018327595444e-01 1.131765461626902392e-01
2.372678344697586317e-01 1.131548389836151691e-01
2.382335275047577638e-01 1.131331849829644576e-01
2.392011809377569131e-01 1.131115840099356090e-01
2.401707947687561351e-01 1.130900359275913147e-01
2.411423689977554297e-01 1.130685406033630491e-01
2.421159036247547691e-01 1.130470978822727679e-01
2.430913986497540979e-01 1.130257075403365702e-01
2.440688540727535549e-01 1.130043692351576090e-01
2.450482698937530290e-01 1.129830825144112344e-01
2.460296461127525758e-01 1.129618470104564038e-01
2.470129827297521674e-01 1.129406629856074540e-01
2.479982797447517484e-01 1.129195321716440492e-01
2.489855371577514298e-01 1.128984576759948927e-01
2.499747549687511561e-01 1.128774377595228862e-01
2.509659331777509550e-01 1.128564369636961690e-01
2.519590717847506878e-01 1.128355187196707493e-01
2.529541707897505765e-01 1.128146482704629194e-01
2.539512301927505100e-01 1.127938237097381308e-01
2.549502499937504885e-01 1.127730480443406152e-01
2.559512301927505673e-01 1.127523229938293819e-01
2.569541707897506355e-01 1.127316488391980620e-01
2.579590717847507486e-01 1.127110252379875388e-01
2.589659331777509621e-01 1.126904517653471022e-01
2.599747549687512205e-01 1.126699281088279075e-01
2.609855371577514682e-01 1.126494540765170388e-01
2.619982797447518164e-01 1.126290295468870412e-01
2.630129827297520984e-01 1.126086544220110675e-01
2.640296461127525363e-01 1.125883286012409196e-01
2.650482698937530190e-01 1.125680519725214268e-01
2.660688540727535467e-01 1.125478244135845185e-01
2.670913986497541748e-01 1.125276457964849569e-01
2.681159036247547922e-01 1.125075159919266404e-01
2.691423689977554545e-01 1.124874348719958894e-01
2.701707947687562172e-01 1.124674023113425847e-01
2.712011809377570248e-01 1.124474181873035272e-01
2.722335275047577108e-01 1.124274823794997047e-01
2.732678344697586081e-01 1.124075947693270183e-01
2.743041018327595504e-01 1.123877552395317336e-01
2.753423295937605375e-01 1.123679636739494114e-01
2.763825177527615695e-01 1.123482199573840462e-01
2.774246663097627019e-01 1.123285239755896225e-01
2.784687752647638237e-01 1.123088756153007017e-01
2.795148446177649904e-01 1.122892747642777744e-01
2.805628743687662574e-01 1.122697213113383330e-01
2.816128645177674028e-01 1.122502151463875275e-01
2.826648150647687596e-01 1.122307561604055370e-01
2.837187260097701613e-01 1.122113442454590188e-01
2.847745973527716079e-01 1.121919792946659972e-01
2.858324290937730994e-01 1.121726612021856362e-01
2.868922212327746357e-01 1.121533898632046666e-01
2.879539737697762170e-01 1.121341651739060918e-01
2.890176867047778431e-01 1.121149870314679386e-01
2.900833600377795141e-01 1.120958553340400538e-01
2.911509937687811744e-01 1.120767699807380530e-01
2.922205878977829352e-01 1.120577308716309423e-01
2.932921424247847964e-01 1.120387379077308621e-01
2.943656573497866469e-01 1.120197909909835532e-01
2.954411326727885978e-01 1.120008900242600303e-01
2.965185683937905936e-01 1.119820349113385266e-01
2.975979645127926343e-01 1.119632255569088658e-01
2.986793210297947199e-01 1.119444618665473151e-01
2.997626379447967393e-01 1.119257437467140043e-01
3.008479152577989146e-01 1.119070711047446126e-01
3.019351529688011904e-01 1.118884438488367411e-01
3.030243510778034555e-01 1.118698618880359930e-01
3.041155095848058210e-01 1.118513251322343499e-01
3.052086284898081758e-01 1.118328334921579875e-01
3.063037077928106311e-01 1.118143868793554929e-01
3.074007474938131312e-01 1.117959852061865961e-01
3.084997475928156763e-01 1.117776283858274572e-01
3.096007080898180996e-01 1.117593163322491145e-01
3.107036289848207899e-01 1.117410489602183588e-01
3.118085102778234696e-01 1.117228261852905996e-01
3.129153519688261942e-01 1.117046479238017337e-01
3.140241540578289636e-01 1.116865140928575834e-01
3.151349165448318335e-01 1.116684246103183259e-01
3.162476394298346927e-01 1.116503793947699885e-01
3.173623227128376523e-01 1.116323783655101126e-01
3.184789663938406568e-01 1.116144214425071196e-01
3.195975704728435396e-01 1.115965085463888895e-01
3.207181349498466338e-01 1.115786395984706969e-01
3.218406598248497730e-01 1.115608145208172447e-01
3.229651450978529570e-01 1.115430332363925303e-01
3.240915907688562414e-01 1.115252956692429631e-01
3.252199968378595152e-01 1.115076017446289397e-01
3.263503633048628338e-01 1.114899513889283655e-01
3.274826901698662529e-01 1.114723445290344006e-01
3.286169774328696613e-01 1.114547810910158226e-01
3.297532250938730591e-01 1.114372609982102746e-01
3.308914331528765573e-01 1.114197841698005842e-01
3.320316016098801559e-01 1.114023505224751853e-01
3.331737304648837994e-01 1.113849599791651712e-01
3.343178197178874878e-01 1.113676124875970785e-01
3.354638693688912210e-01 1.113503080418030283e-01
3.366118794178950546e-01 1.113330466742600972e-01
3.377618498648988776e-01 1.113158283451891606e-01
3.389137807099027455e-01 1.112986526511555857e-01
3.400676719529066028e-01 1.112815185457202150e-01
3.412235235939105604e-01 1.112644256085313088e-01
3.423813356329146185e-01 1.112473831173017708e-01
3.435411080699187214e-01 1.112303753726035238e-01
3.447028409049228137e-01 1.112134114560211912e-01
3.458665341379270064e-01 1.111964910310774546e-01
3.470321877689312440e-01 1.111796130910050612e-01
3.481998017979355819e-01 1.111627772384397722e-01
3.493693762249399093e-01 1.111459834334699442e-01
3.505409110499441705e-01 1.111292317112570899e-01
3.517144062729485876e-01 1.111125220719325346e-01
3.528898618939531051e-01 1.110958544718358976e-01
3.540672779129576120e-01 1.110792288444335668e-01
3.552466543299622193e-01 1.110626451185113134e-01
3.564279911449668714e-01 1.110461032266735620e-01
3.576112883579715684e-01 1.110296031068030431e-01
3.587965459689763104e-01 1.110131447005255900e-01
3.599837639779809306e-01 1.109967279512959343e-01
3.611729423849858178e-01 1.109803528031156755e-01
3.623640811899906944e-01 1.109640191999983067e-01
3.635571803929956158e-01 1.109477270859450804e-01
3.647522399940006377e-01 1.109314764051132773e-01
3.659492599930056489e-01 1.109152671020095515e-01
3.671482403900107605e-01 1.108990991216313310e-01
3.683491811850159170e-01 1.108829724095203167e-01
3.695520823780210629e-01 1.108668869117775818e-01
3.707569439690261981e-01 1.108508425750377446e-01
3.719637659580314892e-01 1.108348393464467646e-01
3.731725483450368253e-01 1.108188771736285244e-01
3.743832911300422062e-01 1.108029560046865508e-01
3.755959943130476320e-01 1.107870757881730950e-01
3.768106578940531581e-01 1.107712364731106569e-01
3.780272818730586737e-01 1.107554380089696977e-01
3.792458662500642896e-01 1.107396803456797002e-01
3.804664110250698950e-01 1.107239634336282391e-01
3.816889161980754896e-01 1.107082872236508780e-01
3.829133817690812402e-01 1.106926516670386079e-01
3.841398077380869802e-01 1.106770567155286600e-01
3.853681941050928206e-01 1.106615023213000648e-01
3.865985408700987613e-01 1.106459884369772328e-01
3.878308480331046915e-01 1.106305150156178946e-01
3.890651155941106665e-01 1.106150820107169863e-01
3.903013435531166864e-01 1.105996893762000027e-01
3.915395319101228067e-01 1.105843370664184588e-01
3.927796806651288053e-01 1.105690250361522631e-01
3.940217898181350153e-01 1.105537532406068169e-01
3.952658593691412148e-01 1.105385216353995670e-01
3.965118893181475146e-01 1.105233301765775056e-01
3.977598796651538593e-01 1.105081788205898030e-01
3.990098304101602489e-01 1.104930675243106786e-01
4.002617415531666833e-01 1.104779962450153502e-01
4.015156130941732182e-01 1.104629649403912478e-01
4.027714450331797424e-01 1.104479735685307135e-01
4.040292373701862005e-01 1.104330220879247842e-01
4.052889901051928145e-01 1.104181104574731148e-01
4.065507032381995289e-01 1.104032386364649648e-01
4.078143767692062882e-01 1.103884065845911339e-01
4.090800106982130369e-01 1.103736142619328314e-01
4.103476050252198859e-01 1.103588616289670199e-01
4.116171597502267798e-01 1.103441486465571164e-01
4.128886748732337186e-01 1.103294752759591546e-01
4.141621503942407023e-01 1.103148414788102660e-01
4.154375863132476199e-01 1.103002472171343423e-01
4.167149826302546933e-01 1.102856924533375804e-01
4.179943393452618672e-01 1.102711771501975746e-01
4.192756564582690304e-01 1.102567012708659255e-01
4.205589339692762940e-01 1.102422647788629112e-01
4.218441718782836025e-01 1.102278676380791106e-01
4.231313701852909004e-01 1.102135098127787066e-01
4.244205288902982987e-01 1.101991912676135027e-01
4.257116479933056308e-01 1.101849119676484995e-01
4.270047274943131188e-01 1.101706718783659611e-01
4.282997673933206517e-01 1.101564709656624869e-01
4.295967676903282295e-01 1.101423091957835776e-01
4.308957283853359077e-01 1.101281865351879802e-01
4.321966494783435753e-01 1.101141029503560353e-01
4.334995309693513432e-01 1.101000584076541888e-01
4.348043728583591006e-01 1.100860528735151250e-01
4.361111751453669583e-01 1.100720863152452877e-01
4.374199378303746943e-01 1.100581587026648323e-01
4.387306609133826418e-01 1.100442700098899634e-01
4.400433443943906342e-01 1.100304202148181532e-01
4.413579882733986715e-01 1.100166092916821520e-01
4.426745925504067536e-01 1.100028371929496207e-01
4.439931572254149361e-01 1.099891038297425155e-01
4.453136822984231080e-01 1.099754090978019849e-01
4.466361677694313248e-01 1.099617530495233947e-01
4.479606136384396420e-01 1.099481362300519516e-01
4.492870199054478375e-01 1.099345592690553486e-01
4.506153865704562445e-01 1.099210165299528280e-01
4.519457136334646408e-01 1.099075167824670463e-01
4.532780010944731375e-01 1.098940545013784853e-01
4.546122489534816791e-01 1.098806302683155017e-01
4.559484572104903211e-01 1.098672446171038569e-01
4.572866258654989524e-01 1.098538976054374977e-01
4.586267549185076287e-01 1.098405891359664488e-01
4.599688443695163498e-01 1.098273191256673303e-01
4.613128942185250048e-01 1.098140875323832394e-01
4.626589044655338712e-01 1.098008943358156769e-01
4.640068751105427269e-01 1.097877395197277145e-01
4.653568061535516831e-01 1.097746230647342891e-01
4.667086975945606842e-01 1.097615449479214800e-01
4.680625494335697301e-01 1.097485051446968757e-01
4.694183616705788209e-01 1.097355036303875181e-01
4.707761343055879566e-01 1.097225403810092870e-01
4.721358673385971372e-01 1.097096153733766177e-01
4.734975607696062516e-01 1.096967285849419771e-01
4.748612145986155220e-01 1.096838799936024900e-01
4.762268288256248927e-01 1.096710695775728606e-01
4.775944034506342528e-01 1.096582973153386320e-01
4.789639384736437133e-01 1.096455631856524809e-01
4.803354338946532187e-01 1.096328671675642491e-01
4.817088897136627690e-01 1.096202092404325867e-01
4.830843059306723641e-01 1.096075893839482118e-01
4.844616825456818376e-01 1.095950075781243205e-01
4.858410195586915226e-01 1.095824638033121579e-01
4.872223169697012524e-01 1.095699580401869461e-01
4.886055747787110826e-01 1.095574902697484670e-01
4.899907929857209021e-01 1.095450604733196748e-01
4.913779715907308221e-01 1.095326686325387849e-01
4.927671105937407314e-01 1.095203147293721951e-01
4.941582099947507412e-01 1.095079987461014953e-01
4.955512697937607958e-01 1.094957206653284359e-01
4.969462899907707287e-01 1.094834804699758302e-01
4.983432705857808731e-01 1.094712781432880672e-01
4.997422115787910624e-01 1.094591136688236599e-01
5.011431129698012965e-01 1.094469870304693310e-01
5.025459747588115755e-01 1.094348982124225961e-01
5.039507969458218994e-01 1.094228471992068352e-01
5.053575795308323793e-01 1.094108339756604681e-01
5.067663225138427929e-01 1.093988585269411590e-01
5.081770258948532515e-01 1.093869208385266634e-01
5.095896896738636439e-01 1.093750208962121773e-01
5.110043138508743032e-01 1.093631586861114613e-01
5.124208984258848965e-01 1.093513341946557998e-01
5.138394433988955345e-01 1.093395474085977898e-01
5.152599487699063285e-01 1.093277983150029026e-01
5.166824145389171674e-01 1.093160869012599207e-01
5.181068407059279401e-01 1.093044131550762882e-01
5.195332272709388688e-01 1.092927770644692848e-01
5.209615742339498423e-01 1.092811786177865785e-01
5.223918815949606387e-01 1.092696178036841465e-01
5.238241493539717020e-01 1.092580946111439966e-01
5.252583775109828101e-01 1.092466090294590408e-01
5.266945660659939632e-01 1.092351610482471813e-01
5.281327150190051611e-01 1.092237506574437744e-01
5.295728243700164040e-01 1.092123778472988416e-01
5.310148941190276917e-01 1.092010426083857150e-01
5.324589242660390243e-01 1.091897449315969021e-01
5.339049148110504017e-01 1.091784848081415182e-01
5.353528657540617131e-01 1.091672622295504352e-01
5.368027770950731803e-01 1.091560771876738112e-01
5.382546488340846924e-01 1.091449296746799663e-01
5.397084809710962494e-01 1.091338196830630158e-01
5.411642735061079623e-01 1.091227472056315456e-01
5.426220264391196091e-01 1.091117122355154956e-01
5.440817397701314118e-01 1.091007147661724463e-01
5.455434134991431483e-01 1.090897547913725063e-01
5.470070476261550407e-01 1.090788323052160613e-01
5.484726421511667560e-01 1.090679473021173435e-01
5.499401970741787382e-01 1.090570997768205153e-01
5.514097123951906543e-01 1.090462897243889145e-01
5.528811881142027262e-01 1.090355171402097451e-01
5.543546242312148431e-01 1.090247820199943957e-01
5.558300207462270048e-01 1.090140843597784404e-01
5.573073776592392115e-01 1.090034241559207084e-01
5.587866949702514630e-01 1.089928014051077115e-01
5.602679726792635373e-01 1.089822161043491749e-01
5.617512107862758786e-01 1.089716682509817014e-01
5.632364092912882647e-01 1.089611578426708943e-01
5.647235681943006957e-01 1.089506848774033226e-01
5.662126874953131717e-01 1.089402493535035626e-01
5.677037671943258035e-01 1.089298512696132704e-01
5.691968072913383692e-01 1.089194906247104300e-01
5.706918077863509797e-01 1.089091674180992925e-01
5.721887686793637462e-01 1.088988816494146361e-01
5.736876899703762245e-01 1.088886333186198235e-01
5.751885716593890807e-01 1.088784224260062466e-01
5.766914137464018708e-01 1.088682489722022778e-01
5.781962162314148168e-01 1.088581129581677048e-01
5.797029791144278077e-01 1.088480143852012527e-01
5.812117023954407324e-01 1.088379532549508255e-01
5.827223860744538131e-01 1.088279295693980464e-01
5.842350301514669386e-01 1.088179433308653493e-01
5.857496346264799980e-01 1.088079945419724165e-01
5.872661994994931023e-01 1.087980832056232444e-01
5.887847247705062514e-01 1.087882093249773335e-01
5.903052104395195565e-01 1.087783729035139285e-01
5.918276565065329065e-01 1.087685739452049632e-01
5.933520629715463013e-01 1.087588124548098251e-01
5.948784298345597410e-01 1.087490884380577366e-01
5.964067570955732256e-01 1.087394019012399848e-01
5.979370447545868661e-01 1.087297528494890891e-01
5.994692928116004405e-01 1.087201412839083614e-01
6.010035012666138377e-01 1.087105672005789919e-01
6.025396701196276128e-01 1.087010305994888792e-01
6.040777993706413218e-01 1.086915315116486203e-01
6.056178890196550757e-01 1.086820700247395632e-01
6.071599390666689855e-01 1.086726461963152812e-01
6.087039495116828292e-01 1.086632596597020411e-01
6.102499203546968287e-01 1.086539094566959934e-01
6.117978515957107621e-01 1.086446001718939652e-01
6.133477432347248515e-01 1.086353250880945642e-01
6.148995952717387636e-01 1.086260887457081575e-01
6.164534077067529427e-01 1.086168902160433852e-01
6.180091805397671667e-01 1.086077291380640325e-01
6.195669137707813245e-01 1.085986055701394920e-01
6.211266073997956383e-01 1.085895196018990261e-01
6.226882614268099969e-01 1.085804712677707756e-01
6.242518758518244004e-01 1.085714605724916182e-01
6.258174506748388488e-01 1.085624875179923149e-01
6.273849858958533421e-01 1.085535521120264690e-01
6.289544815148676582e-01 1.085446543669765646e-01
6.305259375318823523e-01 1.085357942969260164e-01
6.320993539468969802e-01 1.085269719160179974e-01
6.336747307599116530e-01 1.085181872381140028e-01
6.352520679709263707e-01 1.085094402770246658e-01
6.368313655799411332e-01 1.085007310468169839e-01
6.384126235869560517e-01 1.084920595619704026e-01
6.399958419919709041e-01 1.084834258374154231e-01
6.415810207949856903e-01 1.084748298885139239e-01
6.431681599960007434e-01 1.084662717310233143e-01
6.447572595950157304e-01 1.084577513810751070e-01
6.463483195920308733e-01 1.084492688551648015e-01
6.479413399870459500e-01 1.084408241701623615e-01
6.495363207800611827e-01 1.084324173433083710e-01
6.511332619710764602e-01 1.084240483922242620e-01
6.527321635600916716e-01 1.084157173349190040e-01
6.543330255471070389e-01 1.084074241897817342e-01
6.559358479321222291e-01 1.083991689755908067e-01
6.575406307151376861e-01 1.083909517115138194e-01
6.591473738961531881e-01 1.083827724171031459e-01
6.607560774751687349e-01 1.083746311123062189e-01
6.623667414521843266e-01 1.083665278174558572e-01
6.639793658271999632e-01 1.083584625532828666e-01
6.655939506002157557e-01 1.083504353409107113e-01
6.672104957712314821e-01 1.083424462018574563e-01
6.688290013402472534e-01 1.083344951580437754e-01
6.704494673072629585e-01 1.083265822317851651e-01
6.720718936722788195e-01 1.083187074458002580e-01
6.736962804352947254e-01 1.083108708232101564e-01
6.753226275963107872e-01 1.083030723875397366e-01
6.769509351553267829e-01 1.082953121627222154e-01
6.785812031123429344e-01 1.082875901730953883e-01
6.802134314673590199e-01 1.082799064434107478e-01
6.818476202203752612e-01 1.082722609988265305e-01
6.834837693713914364e-01 1.082646538649160300e-01
6.851218789204075454e-01 1.082570850676691787e-01
6.867619488674239214e-01 1.082495546334888425e-01
6.884039792124403423e-01 1.082420625892004384e-01
6.900479699554568080e-01 1.082346089620443153e-01
6.916939210964733187e-01 1.082271937796896177e-01
6.933418326354898742e-01 1.082198170702237117e-01
6.949917045725064746e-01 1.082124788621625228e-01
6.966435369075231199e-01 1.082051791844501898e-01
6.982973296405398100e-01 1.081979180664588008e-01
6.999530827715563230e-01 1.081906955379942775e-01
7.016107963005731030e-01 1.081835116292934190e-01
7.032704702275899278e-01 1.081763663710324230e-01
7.049321045526069085e-01 1.081692597943216538e-01
7.065956992756238231e-01 1.081621919307134555e-01
7.082612543966407825e-01 1.081551628122006670e-01
7.099287699156578979e-01 1.081481724712212156e-01
7.115982458326749471e-01 1.081412209406579089e-01
7.132696821476921523e-01 1.081343082538424039e-01
7.149430788607090692e-01 1.081274344445553176e-01
7.166184359717263641e-01 1.081205995470332221e-01
7.182957534807437039e-01 1.081138035959620519e-01
7.199750313877609775e-01 1.081070466264888452e-01
7.216562696927784071e-01 1.081003286742181074e-01
7.233394683957958815e-01 1.080936497752141706e-01
7.250246274968132898e-01 1.080870099660093536e-01
7.267117469958308540e-01 1.080804092835963154e-01
7.284008268928482410e-01 1.080738477654416135e-01
7.300918671878658950e-01 1.080673254494754348e-01
7.317848678808835938e-01 1.080608423741103163e-01
7.334798289719013376e-01 1.080543985782239924e-01
7.351767504609192372e-01 1.080479941011803502e-01
7.368756323479370707e-01 1.080416289828175086e-01
7.385764746329549491e-01 1.080353032634606553e-01
7.402792773159728723e-01 1.080290169839186326e-01
7.419840403969908404e-01 1.080227701854866024e-01
7.436907638760087425e-01 1.080165629099516245e-01
7.453994477530268004e-01 1.080103951995935313e-01
7.471100920280450142e-01 1.080042670971870788e-01
7.488226967010631618e-01 1.079981786460056936e-01
7.505372617720814654e-01 1.079921298898232213e-01
7.522537872410997029e-01 1.079861208729168687e-01
7.539722731081180962e-01 1.079801516400714229e-01
7.556927193731364234e-01 1.079742222365760312e-01
7.574151260361549065e-01 1.079683327082384126e-01
7.591394930971732125e-01 1.079624831013751424e-01
7.608658205561917853e-01 1.079566734628219088e-01
7.625941084132104031e-01 1.079509038399353166e-01
7.643243566682289547e-01 1.079451742805934977e-01
7.660565653212476622e-01 1.079394848332014545e-01
7.677907343722664146e-01 1.079338355466921417e-01
7.695268638212852119e-01 1.079282264705326011e-01
7.712649536683040541e-01 1.079226576547205607e-01
7.730050039133229411e-01 1.079171291497956903e-01
7.747470145563417621e-01 1.079116410068349796e-01
7.764909855973607389e-01 1.079061932774633414e-01
7.782369170363797606e-01 1.079007860138480324e-01
7.799848088733989382e-01 1.078954192687106156e-01
7.817346611084180497e-01 1.078900930953236165e-01
7.834864737414372060e-01 1.078848075475156570e-01
7.852402467724565183e-01 1.078795626796797413e-01
7.869959802014757644e-01 1.078743585467653587e-01
7.887536740284951664e-01 1.078691952042922508e-01
7.905133282535142802e-01 1.078640727083509804e-01
7.922749428765337720e-01 1.078589911156006692e-01
7.940385178975533087e-01 1.078539504832823070e-01
7.958040533165727792e-01 1.078489508692126730e-01
7.975715491335924057e-01 1.078439923317944943e-01
7.993410053486120770e-01 1.078390749300171120e-01
8.011124219616317932e-01 1.078341987234586741e-01
8.028857989726515543e-01 1.078293637722922416e-01
8.046611363816711382e-01 1.078245701372907567e-01
8.064384341886909890e-01 1.078198178798255580e-01
8.082176923937108848e-01 1.078151070618736246e-01
8.099989109967308254e-01 1.078104377460217395e-01
8.117820899977508109e-01 1.078058099954698479e-01
8.135672293967708413e-01 1.078012238740314183e-01
8.153543291937909165e-01 1.077966794461431010e-01
8.171433893888111477e-01 1.077921767768629385e-01
8.189344099818313127e-01 1.077877159318795380e-01
8.207273909728513006e-01 1.077832969775125299e-01
8.225223323618716664e-01 1.077789199807172582e-01
8.243192341488919661e-01 1.077745850090890412e-01
8.261180963339124217e-01 1.077702921308664047e-01
8.279189189169328111e-01 1.077660414149394924e-01
8.297217018979533565e-01 1.077618329308454997e-01
8.315264452769738357e-01 1.077576667487849943e-01
8.333331490539944708e-01 1.077535429396125760e-01
8.351418132290151508e-01 1.077494615748516571e-01
8.369524378020356536e-01 1.077454227266965436e-01
8.387650227730564234e-01 1.077414264680124911e-01
8.405795681420771270e-01 1.077374728723440589e-01
8.423960739090979866e-01 1.077335620139181493e-01
8.442145400741188910e-01 1.077296939676509469e-01
8.460349666371398403e-01 1.077258688091493194e-01
8.478573535981608345e-01 1.077220866147158007e-01
8.496817009571818735e-01 1.077183474613545439e-01
8.515080087142030685e-01 1.077146514267787458e-01
8.533362768692239753e-01 1.077109985894061234e-01
8.551665054222451490e-01 1.077073890283758023e-01
8.569986943732663676e-01 1.077038228235454309e-01
8.588328437222877421e-01 1.077003000554950934e-01
8.606689534693090504e-01 1.076968208055396614e-01
8.625070236143304037e-01 1.076933851557263372e-01
8.643470541573519128e-01 1.076899931888435635e-01
8.661890450983733558e-01 1.076866449884251731e-01
8.680329964373949547e-01 1.076833406387564390e-01
8.698789081744163765e-01 1.076800802248768646e-01
8.717267803094379541e-01 1.076768638325890232e-01
8.735766128424596877e-01 1.076736915484609175e-01
8.754284057734814661e-01 1.076705634598311701e-01
8.772821591025032895e-01 1.076674796548199031e-01
8.791378728295250466e-01 1.076644402223265046e-01
8.809955469545469597e-01 1.076614452520400500e-01
8.828551814775689177e-01 1.076584948344417730e-01
8.847167763985909206e-01 1.076555890608190402e-01
8.865803317176127463e-01 1.076527280232555950e-01
8.884458474346348389e-01 1.076499118146538592e-01
8.903133235496569764e-01 1.076471405287300759e-01
8.921827600626792698e-01 1.076444142600264386e-01
8.940541569737014971e-01 1.076417331039099673e-01
8.959275142827237692e-01 1.076390971565866078e-01
8.978028319897460863e-01 1.076365065151036471e-01
8.996801100947685592e-01 1.076339612773543619e-01
9.015593485977907440e-01 1.076314615420850551e-01
9.034405474988133067e-01 1.076290074089068100e-01
9.053237067978358033e-01 1.076265989782920623e-01
9.072088264948584557e-01 1.076242363515888395e-01
9.090959065898810421e-01 1.076219196310253673e-01
9.109849470829037843e-01 1.076196489197135397e-01
9.128759479739264604e-01 1.076174243216632825e-01
9.147689092629492924e-01 1.076152459417778623e-01
9.166638309499721693e-01 1.076131138858713032e-01
9.185607130349948690e-01 1.076110282606704410e-01
9.204595555180178357e-01 1.076089891738216814e-01
9.223603583990407362e-01 1.076069967338988131e-01
9.242631216780637926e-01 1.076050510504103497e-01
9.261678453550868939e-01 1.076031522338090352e-01
9.280745294301100401e-01 1.076013003954932740e-01
9.299831739031333422e-01 1.075994956478190795e-01
9.318937787741565781e-01 1.075977381041080538e-01
9.338063440431798590e-01 1.075960278786516622e-01
9.357208697102029626e-01 1.075943650867206419e-01
9.376373557752263332e-01 1.075927498445734681e-01
9.395558022382498597e-01 1.075911822694617381e-01
9.414762090992733201e-01 1.075896624796424950e-01
9.433985763582968254e-01 1.075881905943791850e-01
9.453229040153204865e-01 1.075867667339575201e-01
9.472491920703440815e-01 1.075853910196879343e-01
9.491774405233678324e-01 1.075840635739160889e-01
9.511076493743915172e-01 1.075827845200323374e-01
9.530398186234151359e-01 1.075815539824759581e-01
9.549739482704390214e-01 1.075803720867492819e-01
9.569100383154629519e-01 1.075792389594221882e-01
9.588480887584868162e-01 1.075781547281420697e-01
9.607880995995108364e-01 1.075771195216439768e-01
9.627300708385349015e-01 1.075761334697560856e-01
9.646740024755590115e-01 1.075751967034128814e-01
9.666198945105831664e-01 1.075743093546619872e-01
9.685677469436073661e-01 1.075734715566727256e-01
9.705175597746313887e-01 1.075726834437468887e-01
9.724693330036556782e-01 1.075719451513297842e-01
9.744230666306800126e-01 1.075712568160147736e-01
9.763787606557043919e-01 1.075706185755558458e-01
9.783364150787289271e-01 1.075700305688824659e-01
9.802960298997533961e-01 1.075694929360971747e-01
9.822576051187779100e-01 1.075690058184988473e-01
9.842211407358025799e-01 1.075685693585828051e-01
9.861866367508271836e-01 1.075681837000578706e-01
9.881540931638517211e-01 1.075678489878525712e-01
9.901235099748764146e-01 1.075675653681281013e-01
9.920948871839012639e-01 1.075673329882848722e-01
9.940682247909260472e-01 1.075671519969812889e-01
9.960435227959509863e-01 1.075670225441335420e-01
9.980207811989759703e-01 1.075669447809380203e-01
1.000000000000000666e+00 1.075669188598728510e-01
