0.000000000000000000e+00 9.770759308687111400e-01
2.078119897502626434e-05 9.765081416869065833e-01
4.352279595010249372e-05 9.758867900454221145e-01
6.822479092522875592e-05 9.752118758889311012e-01
9.488718390040502381e-05 9.744833992399951628e-01
1.235099748756312839e-04 9.737013601077124658e-01
1.540931638509075632e-04 9.728657584891529098e-01
1.866367508262337669e-04 9.719765943821426779e-01
2.211407358016100034e-04 9.710338677869643220e-01
2.576051187770363269e-04 9.700375787048299836e-01
2.960298997525126832e-04 9.689877271364167877e-01
3.364150787280388555e-04 9.678843130821702667e-01
3.787606557036150606e-04 9.667273365426656273e-01
4.230666306792412444e-04 9.655167975185664497e-01
4.693330036549174067e-04 9.642526960106535538e-01
5.175597746306437102e-04 9.629350320197390678e-01
5.677469436064200466e-04 9.615638055467293777e-01
6.198945105822462531e-04 9.601390165925922648e-01
6.740024755581224382e-04 9.586606651583936545e-01
7.300708385340486020e-04 9.571287512452778534e-01
7.880995995100251780e-04 9.555432748545132915e-01
8.480887584860512989e-04 9.539042359874357890e-01
9.100383154621275068e-04 9.522116346455239411e-01
9.739482704382536934e-04 9.504654708303512667e-01
1.039818623414429750e-03 9.486657445436048608e-01
1.107649374390655894e-03 9.468124557871383518e-01
1.177440523366932558e-03 9.449056045628979605e-01
1.249192070343258659e-03 9.429451908730018816e-01
1.322904015319634847e-03 9.409312147197066434e-01
1.398576358296060905e-03 9.388636761054208746e-01
1.476209099272537051e-03 9.367425750327335043e-01
1.555802238249063716e-03 9.345679115043973306e-01
1.637355775225640036e-03 9.323396855233494485e-01
1.720869710202266008e-03 9.300578970927103617e-01
1.806344043178942285e-03 9.277225462158229519e-01
1.893778774155669082e-03 9.253336328961953017e-01
1.983173903132445098e-03 9.228911571375950640e-01
2.074529430109271419e-03 9.203951189439828484e-01
2.167845355086147393e-03 9.178455183195816103e-01
2.263121678063073454e-03 9.152423552688431219e-01
2.360358399040050469e-03 9.125856297964678454e-01
2.459555518017076271e-03 9.098753419074391280e-01
2.560713034994152593e-03 9.071114916069937806e-01
2.663830949971278568e-03 9.042940789006808089e-01
2.768909262948454630e-03 9.014231037943154501e-01
2.875947973925680780e-03 8.984985662940431217e-01
2.984947082902957450e-03 8.955204664063117770e-01
3.095906589880283773e-03 8.924888041379103187e-01
3.208826494857659750e-03 8.894035794959603836e-01
3.323706797835085814e-03 8.862647924879333283e-01
3.440547498812561965e-03 8.830724431216763204e-01
3.559348597790088636e-03 8.798265314054029007e-01
3.680110094767664961e-03 8.765270573477167426e-01
3.802831989745290939e-03 8.731740209576304146e-01
3.927514282722965704e-03 8.697674222445574976e-01
4.054156973700691856e-03 8.663072612183461141e-01
4.182760062678468095e-03 8.627935378892838125e-01
4.313323549656295289e-03 8.592262522681137771e-01
4.445847434634171702e-03 8.556054043660384911e-01
4.580331717612097335e-03 8.519309941947454945e-01
4.716776398590073922e-03 8.482030217664210392e-01
4.855181477568099729e-03 8.444214870937519768e-01
4.995546954546175623e-03 8.405863901899537360e-01
5.137872829524301604e-03 8.366977310687749858e-01
5.282159102502477672e-03 8.327555097445260568e-01
5.428405773480703828e-03 8.287597262320696156e-01
5.576612842458980070e-03 8.247103805468662951e-01
5.726780309437305531e-03 8.206074727049633699e-01
5.878908174415681948e-03 8.164510027230282851e-01
6.032996437394107583e-03 8.122409706183580935e-01
6.189045098372585908e-03 8.079773764088901133e-01
6.347054157351111718e-03 8.036602201132279077e-01
6.507023614329687615e-03 7.992895017506518318e-01
6.668953469308313599e-03 7.948652213411357970e-01
6.832843722286989670e-03 7.903873789053704746e-01
6.998694373265715828e-03 7.858559744647654055e-01
7.166505422244492073e-03 7.812710080414890790e-01
7.336276869223317537e-03 7.766324796584592738e-01
7.508008714202193956e-03 7.719403893393902427e-01
7.681700957181119595e-03 7.671947371087802781e-01
7.857353598160098790e-03 7.623955229919524568e-01
8.034966637139125470e-03 7.575427470150724041e-01
8.214540074118200502e-03 7.526364092051418542e-01
8.396073909097327356e-03 7.476765095900487212e-01
8.579568142076502563e-03 7.426630481985724286e-01
8.765022773055727856e-03 7.375960250603946777e-01
8.952437802035004971e-03 7.324754402061341985e-01
9.141813229014330439e-03 7.273012936673577400e-01
9.333149053993705993e-03 7.220735854766004991e-01
9.526445276973131635e-03 7.167923156673848828e-01
9.721701897952607363e-03 7.114574842742497074e-01
9.918918916932136648e-03 7.060690913327524187e-01
1.011809633391171255e-02 7.006271368795138343e-01
1.031923414889133854e-02 6.951316209522152567e-01
1.052233236187101462e-02 6.895825435896353328e-01
1.072739097285074078e-02 6.839799048316662633e-01
1.093440998183051703e-02 6.783237047193276803e-01
1.114338938881034163e-02 6.726139432948116115e-01
1.135432919379021806e-02 6.668506206014669369e-01
1.156722939677014457e-02 6.610337366838614503e-01
1.178208999775011943e-02 6.551632915877722008e-01
1.199891099673014612e-02 6.492392853602307889e-01
1.221769239371022463e-02 6.432617180495288078e-01
1.243843418869035149e-02 6.372305897052503720e-01
1.266113638167052670e-02 6.311459003782957655e-01
1.288579897265075200e-02 6.250076501208974289e-01
1.311242196163102738e-02 6.188158389866518228e-01
1.334100534861135459e-02 6.125704670305361921e-01
1.357154913359173015e-02 6.062715343089347675e-01
1.380405331657215580e-02 5.999190408796689633e-01
1.403851789755263153e-02 5.935129868020085908e-01
1.427494287653315735e-02 5.870533721367079405e-01
1.451332825351373326e-02 5.805401969460259881e-01
1.475367402849436273e-02 5.739734612937544833e-01
1.499598020147503881e-02 5.673531652452324936e-01
1.524024677245576498e-02 5.606793088673868164e-01
1.548647374143653950e-02 5.539518922287490765e-01
1.573466110841736931e-02 5.471709153994789299e-01
1.598480887339824227e-02 5.403363784513987023e-01
1.623691703637917053e-02 5.334482814580109311e-01
1.649098559736014366e-02 5.265066244945278973e-01
1.674701455634117209e-02 5.195114076379021562e-01
1.700500391332224540e-02 5.124626309668459667e-01
1.726495366830337400e-02 5.053602945618644871e-01
1.752686382128455442e-02 4.982043985052795887e-01
1.779073437226577625e-02 4.909949428812586669e-01
1.805656532124705685e-02 4.837319277758401204e-01
1.832435666822837886e-02 4.764153532769647703e-01
1.859410841320975616e-02 4.690452194745007852e-01
1.886582055619118528e-02 4.616215264602728241e-01
1.913949309717265929e-02 4.541442743280906247e-01
1.941512603615418858e-02 4.466134631737779803e-01
1.969271937313575929e-02 4.390290930952013837e-01
1.997227310811738876e-02 4.313911641922979490e-01
2.025378724109906312e-02 4.236996765671053322e-01
2.053726177208079276e-02 4.159546303237935394e-01
2.082269670106256382e-02 4.081560255686892402e-01
2.111009202804439364e-02 4.003038624103114063e-01
2.139944775302626487e-02 3.923981409593975123e-01
2.169076387600819486e-02 3.844388613289356216e-01
2.198404039699017321e-02 3.764260236341935295e-01
2.227927731597219643e-02 3.683596279927515149e-01
2.257647463295427495e-02 3.602396745245310394e-01
2.287563234793639835e-02 3.520661633518269440e-01
2.317675046091857705e-02 3.438390945993382575e-01
2.347982897190080062e-02 3.355584683942007262e-01
2.378486788088307949e-02 3.272242848660177339e-01
2.409186718786539977e-02 3.188365441468919426e-01
2.440082689284778228e-02 3.103952463714574894e-01
2.471174699583020273e-02 3.019003916769135154e-01
2.502462749681268195e-02 2.933519802030554180e-01
2.533946839579521298e-02 2.847500120923085465e-01
2.565626969277778543e-02 2.760944874897586776e-01
2.597503138776041318e-02 2.673854065431897631e-01
2.629575348074308580e-02 2.586227694031133506e-01
2.661843597172581372e-02 2.498065762228036391e-01
2.694307886070858651e-02 2.409368271583301191e-01
2.726968214769141807e-02 2.320135223686220494e-01
2.759824583267428758e-02 2.230366620326603433e-01
2.792876991565721931e-02 2.140062493421765466e-01
2.826125439664019939e-02 2.049224604920356352e-01
2.859569927562322089e-02 1.957892466919676222e-01
2.893210455260630115e-02 1.866457371900231144e-01
2.927047022758941935e-02 1.776805333632956452e-01
2.961079630057259979e-02 1.693518908456616567e-01
2.995308277155582163e-02 1.621904441208246173e-01
3.029732964053910224e-02 1.564029365844178676e-01
3.064353690752242426e-02 1.518435481568312928e-01
3.099170457250580504e-02 1.482431783414779602e-01
3.134183263548922377e-02 1.453562251496856306e-01
3.169392109647270472e-02 1.429968045611614280e-01
3.204796995545623056e-02 1.410321117118914502e-01
3.240397921243980128e-02 1.393681693254252563e-01
3.276194886742343076e-02 1.379378476572588885e-01
3.312187892040710513e-02 1.366923948202328765e-01
3.348376937139083825e-02 1.355957402932380651e-01
3.384762022037460932e-02 1.346206978775279228e-01
3.421343146735843915e-02 1.337464161281596564e-01
3.458120311234230693e-02 1.329566421445030344e-01
3.495093515532624040e-02 1.322385194308075274e-01
3.532262759631021182e-02 1.315817411112071567e-01
3.569628043529424199e-02 1.309779433346761335e-01
3.607189367227831706e-02 1.304202637187166780e-01
3.644946730726244394e-02 1.299030150532454464e-01
3.682900134024662264e-02 1.294214407701487768e-01
3.721049577123083929e-02 1.289715292850202866e-01
3.759395060021512164e-02 1.285498713235509183e-01
3.797936582719944193e-02 1.281535490456551518e-01
3.836674145218382098e-02 1.277800489809072237e-01
3.875607747516824492e-02 1.274271929992785990e-01
3.914737389615272761e-02 1.270930830884681173e-01
3.954063071513724825e-02 1.267760568061336024e-01
3.993584793212182765e-02 1.264746510628358689e-01
4.033302554710645887e-02 1.261875724629565321e-01
4.073216356009112804e-02 1.259136728503910674e-01
4.113326197107585597e-02 1.256519290167485425e-01
4.153632078006062878e-02 1.254014257624060380e-01
4.194133998704546035e-02 1.251613416767329567e-01
4.234831959203032986e-02 1.249309371374834471e-01
4.275725959501525814e-02 1.247095441323589626e-01
4.316815999600023129e-02 1.244965575851384176e-01
4.358102079498526321e-02 1.242914279309999814e-01
4.399584199197033307e-02 1.240936547340709545e-01
4.441262358695546170e-02 1.239027811789941980e-01
4.483136557994064214e-02 1.237183892985459777e-01
4.525206797092586747e-02 1.235400958240864544e-01
4.567473075991114462e-02 1.233675485650043702e-01
4.609935394689646665e-02 1.232004232393811433e-01
4.652593753188184744e-02 1.230384206909399952e-01
4.695448151486726618e-02 1.228812644378471514e-01
4.738498589585275061e-02 1.227286985076594256e-01
4.781745067483826606e-02 1.225804855197380194e-01
4.825187585182384720e-02 1.224364049824318290e-01
4.868826142680946628e-02 1.222962517771408464e-01
4.912660739979515107e-02 1.221598348055209782e-01
4.956691377078088073e-02 1.220269757794834181e-01
5.000918053976664834e-02 1.218975081364970930e-01
5.045340770675248165e-02 1.217712760651477183e-01
5.089959527173835291e-02 1.216481336279571085e-01
5.134774323472428292e-02 1.215279439701763831e-01
5.179785159571025088e-02 1.214105786047912083e-01
5.224992035469628454e-02 1.212959167651593007e-01
5.270394951168235614e-02 1.211838448179362732e-01
5.315993906666848651e-02 1.210742557296528021e-01
5.361788901965465481e-02 1.209670485813229140e-01
5.407779937064088882e-02 1.208621281260275071e-01
5.453967011962716771e-02 1.207594043850249710e-01
5.500350126661349148e-02 1.206587922785231498e-01
5.546929281159986708e-02 1.205602112876056897e-01
5.593704475458628755e-02 1.204635851442851513e-01
5.640675709557277373e-02 1.203688415469626322e-01
5.687842983455929091e-02 1.202759118987944409e-01
5.735206297154587379e-02 1.201847310669577618e-01
5.782765650653248768e-02 1.200952371606851948e-01
5.830521043951917420e-02 1.200073713265518566e-01
5.878472477050590561e-02 1.199210775592849110e-01
5.926619949949267496e-02 1.198363025268603665e-01
5.974963462647950307e-02 1.197529954085048698e-01
6.023503015146637607e-02 1.196711077446067917e-01
6.072238607445330782e-02 1.195905932974200975e-01
6.121170239544027752e-02 1.195114079217139413e-01
6.170297911442730598e-02 1.194335094445176243e-01
6.219621623141437933e-02 1.193568575532042569e-01
6.269141374640151143e-02 1.192814136912671991e-01
6.318857165938866760e-02 1.192071409611380750e-01
6.368768997037589641e-02 1.191340040335177458e-01
6.418876867936318398e-02 1.190619690626830290e-01
6.469180778635051643e-02 1.189910036073486416e-01
6.519680729133789376e-02 1.189210765566073580e-01
6.570376719432530210e-02 1.188521580606107381e-01
6.621268749531278308e-02 1.187842194656151124e-01
6.672356819430030894e-02 1.187172332530779112e-01
6.723640929128789356e-02 1.186511729824947237e-01
6.775121078627552307e-02 1.185860132377348497e-01
6.826797267926318358e-02 1.185217295766033685e-01
6.878669497025091673e-02 1.184582984834011143e-01
6.930737765923869476e-02 1.183956973243093930e-01
6.983002074622653155e-02 1.183339043053229095e-01
7.035462423121441322e-02 1.182728984326802124e-01
7.088118811420231202e-02 1.182126594755035509e-01
7.140971239519029734e-02 1.181531679305500432e-01
7.194019707417832754e-02 1.180944049889793568e-01
7.247264215116641650e-02 1.180363525049071688e-01
7.300704762615452259e-02 1.179789929657164282e-01
7.354341349914270132e-02 1.179223094639685332e-01
7.408173977013092493e-02 1.178662856708295598e-01
7.462202643911922118e-02 1.178109058108951224e-01
7.516427350610754843e-02 1.177561546383721625e-01
7.570848097109590669e-02 1.177020174144615544e-01
7.625464883408433758e-02 1.176484798859587927e-01
7.680277709507281336e-02 1.175955282649007450e-01
7.735286575406134790e-02 1.175431492092962465e-01
7.790491481104989957e-02 1.174913298047732535e-01
7.845892426603853775e-02 1.174400575471887809e-01
7.901489411902722082e-02 1.173893203260599066e-01
7.957282437001594877e-02 1.173391064088281366e-01
8.013271501900470772e-02 1.172894044258744328e-01
8.069456606599353932e-02 1.172402033562648244e-01
8.125837751098241579e-02 1.171914925141704089e-01
8.182414935397135103e-02 1.171432615359098012e-01
8.239188159496033115e-02 1.170955003676523026e-01
8.296157423394934227e-02 1.170481992536139410e-01
8.353322727093842603e-02 1.170013487248761780e-01
8.410684070592755468e-02 1.169549395886557708e-01
8.468241453891674209e-02 1.169089629180870976e-01
8.525994876990593274e-02 1.168634100424713607e-01
8.583944339889522379e-02 1.168182725379251496e-01
8.642089842588455972e-02 1.167735422184930649e-01
8.700431385087394054e-02 1.167292111275935601e-01
8.758968967386336624e-02 1.166852715298824367e-01
8.817702589485282294e-02 1.166417159034491280e-01
8.876632251384235228e-02 1.165985369323406240e-01
8.935757953083194038e-02 1.165557274994071385e-01
8.995079694582157337e-02 1.165132806794638154e-01
9.054597475881122348e-02 1.164711897327204426e-01
9.114311296980096011e-02 1.164294480984799235e-01
9.174221157879074162e-02 1.163880493891222140e-01
9.234327058578056802e-02 1.163469873843133578e-01
9.294628999077042542e-02 1.163062560254355532e-01
9.355126979376035545e-02 1.162658494103006451e-01
9.415820999475034425e-02 1.162257617879824817e-01
9.476711059374037793e-02 1.161859875539516113e-01
9.537797159073045650e-02 1.161465212453335755e-01
9.599079298572055219e-02 1.161073575363724131e-01
9.660557477871074827e-02 1.160684912340916169e-01
9.722231696970097536e-02 1.160299172740843349e-01
9.784101955869126122e-02 1.159916307164985810e-01
9.846168254568156419e-02 1.159536267421534955e-01
9.908430593067193981e-02 1.159159006488133387e-01
9.970888971366237419e-02 1.158784478475991253e-01
1.003354338946528534e-01 1.158412638595262972e-01
1.009639384736433915e-01 1.158043443121832689e-01
1.015944034506339466e-01 1.157676849365266436e-01
1.022268288256245744e-01 1.157312815637858427e-01
1.028612145986152610e-01 1.156951301224911771e-01
1.034975607696059924e-01 1.156592266356043647e-01
1.041358673385967409e-01 1.156235672177514107e-01
1.047761343055875760e-01 1.155881480725526184e-01
1.054183616705784560e-01 1.155529654900478986e-01
1.060625494335693947e-01 1.155180158442183497e-01
1.067086975945603783e-01 1.154832955905873426e-01
1.073568061535513790e-01 1.154488012639002664e-01
1.080068751105424663e-01 1.154145294758941453e-01
1.086589044655335984e-01 1.153804769131468039e-01
1.093128942185247754e-01 1.153466403349815844e-01
1.099688443695159834e-01 1.153130165714562894e-01
1.106267549185072641e-01 1.152796025214232883e-01
1.112866258654986035e-01 1.152463951506394468e-01
1.119484572104899878e-01 1.152133914899502592e-01
1.126122489534813753e-01 1.151805886335382639e-01
1.132780010944728633e-01 1.151479837372048065e-01
1.139457136334643961e-01 1.151155740167420366e-01
1.146153865704559877e-01 1.150833567463300372e-01
1.152870199054476102e-01 1.150513292569999291e-01
1.159606136384392638e-01 1.150194889351345007e-01
1.166361677694310039e-01 1.149878332210364923e-01
1.173136822984227889e-01 1.149563596075186128e-01
1.179931572254146188e-01 1.149250656385547437e-01
1.186745925504064658e-01 1.148939489079680298e-01
1.193579882733983993e-01 1.148630070581612983e-01
1.200433443943903777e-01 1.148322377788829757e-01
1.207306609133824149e-01 1.148016388060325299e-01
1.214199378303744969e-01 1.147712079204963181e-01
1.221111751453665961e-01 1.147409429470219594e-01
1.228043728583587818e-01 1.147108417531119001e-01
1.234995309693510124e-01 1.146809022479782225e-01
1.241966494783433017e-01 1.146511223815303848e-01
1.248957283853355943e-01 1.146215001434263969e-01
1.255967676903279873e-01 1.145920335621754271e-01
1.262997673933204390e-01 1.145627207042475143e-01
1.270047274943129079e-01 1.145335596731332506e-01
1.277116479933054216e-01 1.145045486082169606e-01
1.284205288902980080e-01 1.144756856834487080e-01
1.291313701852906393e-01 1.144469691059720462e-01
1.298441718782833154e-01 1.144183971153455992e-01
1.305589339692760642e-01 1.143899679843334849e-01
1.312756564582688024e-01 1.143616800220510904e-01
1.319943393452616409e-01 1.143335315779985817e-01
1.327149826302545244e-01 1.143055210406804523e-01
1.334375863132474527e-01 1.142776468190673939e-01
1.341621503942403981e-01 1.142499072998501702e-01
1.348886748732334440e-01 1.142223008096474590e-01
1.356171597502265069e-01 1.141948256933650735e-01
1.363476050252196425e-01 1.141674806744976678e-01
1.370800106982128508e-01 1.141402653503317821e-01
1.378143767692060206e-01 1.141131793276819462e-01
1.385507032381993187e-01 1.140862166865345556e-01
1.392889901051926616e-01 1.140593616169562341e-01
1.400292373701860493e-01 1.140326740034094261e-01
1.407714450331794265e-01 1.140060635735484634e-01
1.415156130941729040e-01 1.139795902709901110e-01
1.422617415531664542e-01 1.139532385784550739e-01
1.430098304101600493e-01 1.139270027645256506e-01
1.437598796651536337e-01 1.139008826022900461e-01
1.445118893181473185e-01 1.138748779036600628e-01
1.452658593691410482e-01 1.138489876694759734e-01
1.460217898181348506e-01 1.138232105782678860e-01
1.467796806651286701e-01 1.137975453393053060e-01
1.475395319101225067e-01 1.137719907680316556e-01
1.483013435531164437e-01 1.137465457485559300e-01
1.490651155941104256e-01 1.137212091922642082e-01
1.498308480331044801e-01 1.136959800204595528e-01
1.505985408700985240e-01 1.136708571636526471e-01
1.513681941050926405e-01 1.136458395659234732e-01
1.521398077380868297e-01 1.136209261882920180e-01
1.529133817690810637e-01 1.135961160098205303e-01
1.536889161980753704e-01 1.135714080272221677e-01
1.544664110250696387e-01 1.135468012539914556e-01
1.552458662500640352e-01 1.135222947196370957e-01
1.560272818730584765e-01 1.134978874691402323e-01
1.568106578940529627e-01 1.134735785626322518e-01
1.575959943130474383e-01 1.134493670751370448e-01
1.583832911300420421e-01 1.134252520963385386e-01
1.591725483450366629e-01 1.134012327303343393e-01
1.599637659580313565e-01 1.133773080953681817e-01
1.607569439690260948e-01 1.133534773235439219e-01
1.615520823780208504e-01 1.133297395605614016e-01
1.623491811850156785e-01 1.133060939654372684e-01
1.631482403900105516e-01 1.132825397102438514e-01
1.639492599930054972e-01 1.132590759798699775e-01
1.647522399940004323e-01 1.132357019717563640e-01
1.655571803929954677e-01 1.132124168956794852e-01
1.663640811899905481e-01 1.131892199734998994e-01
1.671729423849857010e-01 1.131661104389496686e-01
1.679837639779808434e-01 1.131430875373973938e-01
1.687965459689760583e-01 1.131201505256409640e-01
1.696112883579713460e-01 1.130972986716872186e-01
1.704279911449667062e-01 1.130745312545445719e-01
1.712466543299620836e-01 1.130518475640231169e-01
1.720672779129574781e-01 1.130292469005305528e-01
1.728898618939529452e-01 1.130067285748813932e-01
1.737144062729484850e-01 1.129842919081053554e-01
1.745409110499440697e-01 1.129619362312609954e-01
1.753693762249396715e-01 1.129396608852529932e-01
1.761998017979353459e-01 1.129174652206575008e-01
1.770321877689310930e-01 1.128953485975402737e-01
1.778665341379268849e-01 1.128733103853022113e-01
1.787028409049227218e-01 1.128513499624867744e-01
1.795411080699185480e-01 1.128294667166458154e-01
1.803813356329145023e-01 1.128076600441602351e-01
1.812235235939104738e-01 1.127859293500903387e-01
1.820676719529065180e-01 1.127642740480215011e-01
1.829137807099025514e-01 1.127426935599175478e-01
1.837618498648986853e-01 1.127211873159734840e-01
1.846118794178948919e-01 1.126997547544656975e-01
1.854638693688911155e-01 1.126783953216205642e-01
1.863178197178873563e-01 1.126571084714750592e-01
1.871737304648836975e-01 1.126358936657361892e-01
1.880316016098800835e-01 1.126147503736549677e-01
1.888914331528765145e-01 1.125936780718961305e-01
1.897532250938729903e-01 1.125726762444111129e-01
1.906169774328694833e-01 1.125517443823143698e-01
1.914826901698660766e-01 1.125308819837656515e-01
1.923503633048627148e-01 1.125100885538373868e-01
1.932199968378593979e-01 1.124893636044211748e-01
1.940915907688560982e-01 1.124687066540954877e-01
1.949651450978528711e-01 1.124481172280180213e-01
1.958406598248497166e-01 1.124275948578198486e-01
1.967181349498466070e-01 1.124071390814972843e-01
1.975975704728435423e-01 1.123867494433049424e-01
1.984789663938404669e-01 1.123664254936497520e-01
1.993623227128375197e-01 1.123461667889994187e-01
2.002476394298345896e-01 1.123259728917708894e-01
2.011349165448317322e-01 1.123058433702463638e-01
2.020241540578288642e-01 1.122857777984658939e-01
2.029153519688260965e-01 1.122657757561435488e-01
2.038085102778234015e-01 1.122458368285703112e-01
2.047036289848207236e-01 1.122259606065259818e-01
2.056007080898180628e-01 1.122061466861912910e-01
2.064997475928155024e-01 1.121863946690633829e-01
2.074007474938129869e-01 1.121667041618662208e-01
2.083037077928105441e-01 1.121470747764727188e-01
2.092086284898081183e-01 1.121275061298233899e-01
2.101155095848057097e-01 1.121079978438377228e-01
2.110243510778034015e-01 1.120885495453516900e-01
2.119351529688011382e-01 1.120691608660225047e-01
2.128479152577989197e-01 1.120498314422682662e-01
2.137626379447967184e-01 1.120305609151874410e-01
2.146793210297945897e-01 1.120113489304864623e-01
2.155979645127925337e-01 1.119921951384034442e-01
2.165185683937905226e-01 1.119730991936522396e-01
2.174411326727885563e-01 1.119540607553408951e-01
2.183656573497865794e-01 1.119350794869064525e-01
2.192921424247847306e-01 1.119161550560553581e-01
2.202205878977829268e-01 1.118972871346886333e-01
2.211509937687811678e-01 1.118784753988516373e-01
2.220833600377793982e-01 1.118597195286548385e-01
2.230176867047777289e-01 1.118410192082258670e-01
2.239539737697761046e-01 1.118223741256432618e-01
2.248922212327745529e-01 1.118037839728781985e-01
2.258324290937730461e-01 1.117852484457366596e-01
2.267745973527715286e-01 1.117667672437941961e-01
2.277187260097701116e-01 1.117483400703633278e-01
2.286648150647687394e-01 1.117299666324040319e-01
2.296128645177674399e-01 1.117116466405069508e-01
2.305628743687661297e-01 1.116933798088222130e-01
2.315148446177649200e-01 1.116751658550118459e-01
2.324687752647637551e-01 1.116570045001952921e-01
2.334246663097626351e-01 1.116388954688652124e-01
2.343825177527615322e-01 1.116208384888343202e-01
2.353423295937605020e-01 1.116028332911680049e-01
2.363041018327595444e-01 1.115848796102203444e-01
2.372678344697586317e-01 1.115669771837453222e-01
2.382335275047577638e-01 1.115491257530448893e-01
2.392011809377569131e-01 1.115313250628311437e-01
2.401707947687561351e-01 1.115135748603647836e-01
2.411423689977554297e-01 1.114958748936933086e-01
2.421159036247547691e-01 1.114782249105887302e-01
2.430913986497540979e-01 1.114606246626917152e-01
2.440688540727535549e-01 1.114430739195420850e-01
2.450482698937530290e-01 1.114255724824613630e-01
2.460296461127525758e-01 1.114081201472007232e-01
2.470129827297521674e-01 1.113907165453848630e-01
2.479982797447517484e-01 1.113733610492530363e-01
2.489855371577514298e-01 1.113560538282485912e-01
2.499747549687511561e-01 1.113387984967676991e-01
2.509659331777509550e-01 1.113215828013901926e-01
2.519590717847506878e-01 1.113044229266886703e-01
2.529541707897505765e-01 1.112873068031847018e-01
2.539512301927505100e-01 1.112702379778496009e-01
2.549502499937504885e-01 1.112532166347227625e-01
2.559512301927505673e-01 1.112362421754611308e-01
2.569541707897506355e-01 1.112193142617369790e-01
2.579590717847507486e-01 1.112024327205579505e-01
2.589659331777509621e-01 1.111855973881124560e-01
2.599747549687512205e-01 1.111688080742547768e-01
2.609855371577514682e-01 1.111520645769313725e-01
2.619982797447518164e-01 1.111353666959320197e-01
2.630129827297520984e-01 1.111187142365974434e-01
2.640296461127525363e-01 1.111021070085567025e-01
2.650482698937530190e-01 1.110855448240057192e-01
2.660688540727535467e-01 1.110690274969396429e-01
2.670913986497541748e-01 1.110525548431125775e-01
2.681159036247547922e-01 1.110361266802179780e-01
2.691423689977554545e-01 1.110197428280084442e-01
2.701707947687562172e-01 1.110034031083394074e-01
2.712011809377570248e-01 1.109871073451088458e-01
2.722335275047577108e-01 1.109708553642203832e-01
2.732678344697586081e-01 1.109546469935367152e-01
2.743041018327595504e-01 1.109384820628505491e-01
2.753423295937605375e-01 1.109223604038518524e-01
2.763825177527615695e-01 1.109062818501208580e-01
2.774246663097627019e-01 1.108902462370958686e-01
2.784687752647638237e-01 1.108742534020521753e-01
2.795148446177649904e-01 1.108583031840830596e-01
2.805628743687662574e-01 1.108423954240694426e-01
2.816128645177674028e-01 1.108265299646700314e-01
2.826648150647687596e-01 1.108107066502759391e-01
2.837187260097701613e-01 1.107949253270162915e-01
2.847745973527716079e-01 1.107791858427150528e-01
2.858324290937730994e-01 1.107634880468791466e-01
2.868922212327746357e-01 1.107478317906780835e-01
2.879539737697762170e-01 1.107322169269205903e-01
2.890176867047778431e-01 1.107166433100347236e-01
2.900833600377795141e-01 1.107011107960507446e-01
2.911509937687811744e-01 1.106856192425749730e-01
2.922205878977829352e-01 1.106701685087796844e-01
2.932921424247847964e-01 1.106547584553773250e-01
2.943656573497866469e-01 1.106393889446013051e-01
2.954411326727885978e-01 1.106240598401909692e-01
2.965185683937905936e-01 1.106087710073751507e-01
2.975979645127926343e-01 1.105935223128488715e-01
2.986793210297947199e-01 1.105783136247556891e-01
2.997626379447967393e-01 1.105631448126760813e-01
3.008479152577989146e-01 1.105480157476075448e-01
3.019351529688011904e-01 1.105329263019441122e-01
3.030243510778034555e-01 1.105178763494656935e-01
3.041155095848058210e-01 1.105028657653181617e-01
3.052086284898081758e-01 1.104878944259918699e-01
3.063037077928106311e-01 1.104729622093263974e-01
3.074007474938131312e-01 1.104580689944648225e-01
3.084997475928156763e-01 1.104432146618626320e-01
3.096007080898180996e-01 1.104283990932600767e-01
3.107036289848207899e-01 1.104136221716759125e-01
3.118085102778234696e-01 1.103988837813812962e-01
3.129153519688261942e-01 1.103841838078942761e-01
3.140241540578289636e-01 1.103695221379628055e-01
3.151349165448318335e-01 1.103548986595562914e-01
3.162476394298346927e-01 1.103403132618346882e-01
3.173623227128376523e-01 1.103257658351577547e-01
3.184789663938406568e-01 1.103112562710556604e-01
3.195975704728435396e-01 1.102967844622179255e-01
3.207181349498466338e-01 1.102823503024828455e-01
3.218406598248497730e-01 1.102679536868236138e-01
3.229651450978529570e-01 1.102535945113349430e-01
3.240915907688562414e-01 1.102392726732304984e-01
3.252199968378595152e-01 1.102249880708395524e-01
3.263503633048628338e-01 1.102107406035819775e-01
3.274826901698662529e-01 1.101965301719388252e-01
3.286169774328696613e-01 1.101823566773453000e-01
3.297532250938730591e-01 1.101682200221841684e-01
3.308914331528765573e-01 1.101541201099297679e-01
3.320316016098801559e-01 1.101400568457076429e-01
3.331737304648837994e-01 1.101260301366667471e-01
3.343178197178874878e-01 1.101120398904529285e-01
3.354638693688912210e-01 1.100980860099866482e-01
3.366118794178950546e-01 1.100841683910330493e-01
3.377618498648988776e-01 1.100702869486704788e-01
3.389137807099027455e-01 1.100564416797479295e-01
3.400676719529066028e-01 1.100426325229658664e-01
3.412235235939105604e-01 1.100288585162841476e-01
3.423813356329146185e-01 1.100151218150712956e-01
3.435411080699187214e-01 1.100014193887727809e-01
3.447028409049228137e-01 1.099877533790796641e-01
3.458665341379270064e-01 1.099741228505496798e-01
3.470321877689312440e-01 1.099605277442009671e-01
3.481998017979355819e-01 1.099469680615739325e-01
3.493693762249399093e-01 1.099334437266380332e-01
3.505409110499441705e-01 1.099199546466257116e-01
3.517144062729485876e-01 1.099065007376530262e-01
3.528898618939531051e-01 1.098930819221307087e-01
3.540672779129576120e-01 1.098796981236937753e-01
3.552466543299622193e-01 1.098663492657975388e-01
3.564279911449668714e-01 1.098530352721679842e-01
3.576112883579715684e-01 1.098397560673107787e-01
3.587965459689763104e-01 1.098265115766669520e-01
3.599837639779809306e-01 1.098133017265590511e-01
3.611729423849858178e-01 1.098001264441171021e-01
3.623640811899906944e-01 1.097869856572453590e-01
3.635571803929956158e-01 1.097738792946064829e-01
3.647522399940006377e-01 1.097608072856302991e-01
3.659492599930056489e-01 1.097477695605078990e-01
3.671482403900107605e-01 1.097347660501907934e-01
3.683491811850159170e-01 1.097217966863742733e-01
3.695520823780210629e-01 1.097088614014971458e-01
3.707569439690261981e-01 1.096959601287338659e-01
3.719637659580314892e-01 1.096830928019808943e-01
3.731725483450368253e-01 1.096702593558577105e-01
3.743832911300422062e-01 1.096574597256942118e-01
3.755959943130476320e-01 1.096446938475275079e-01
3.768106578940531581e-01 1.096319616580974099e-01
3.780272818730586737e-01 1.096192630948308044e-01
3.792458662500642896e-01 1.096065980958473990e-01
3.804664110250698950e-01 1.095939665999457052e-01
3.816889161980754896e-01 1.095813685465971826e-01
3.829133817690812402e-01 1.095688038759433519e-01
3.841398077380869802e-01 1.095562725287893002e-01
3.853681941050928206e-01 1.095437744465923846e-01
3.865985408700987613e-01 1.095313095714654378e-01
3.878308480331046915e-01 1.095188778461635287e-01
3.890651155941106665e-01 1.095064792140810622e-01
3.903013435531166864e-01 1.094941136192463388e-01
3.915395319101228067e-01 1.094817810063155733e-01
3.927796806651288053e-01 1.094694813205692591e-01
3.940217898181350153e-01 1.094572145079015651e-01
3.952658593691412148e-01 1.094449805148207666e-01
3.965118893181475146e-01 1.094327792884453032e-01
3.977598796651538593e-01 1.094206107764869595e-01
3.990098304101602489e-01 1.094084749272624252e-01
4.002617415531666833e-01 1.093963716896759059e-01
4.015156130941732182e-01 1.093843010132160704e-01
4.027714450331797424e-01 1.093722628479579517e-01
4.040292373701862005e-01 1.093602571445525945e-01
4.052889901051928145e-01 1.093482838542198382e-01
4.065507032381995289e-01 1.093363429287520366e-01
4.078143767692062882e-01 1.093244343204991947e-01
4.090800106982130369e-01 1.093125579823752969e-01
4.103476050252198859e-01 1.093007138678449702e-01
4.116171597502267798e-01 1.092889019309218335e-01
4.128886748732337186e-01 1.092771221261701758e-01
4.141621503942407023e-01 1.092653744086861112e-01
4.154375863132476199e-01 1.092536587341098597e-01
4.167149826302546933e-01 1.092419750586164084e-01
4.179943393452618672e-01 1.092303233388989686e-01
4.192756564582690304e-01 1.092187035321846300e-01
4.205589339692762940e-01 1.092071155962214546e-01
4.218441718782836025e-01 1.091955594892641546e-01
4.231313701852909004e-01 1.091840351700932021e-01
4.244205288902982987e-01 1.091725425979859360e-01
4.257116479933056308e-01 1.091610817327377386e-01
4.270047274943131188e-01 1.091496525346320606e-01
4.282997673933206517e-01 1.091382549644617089e-01
4.295967676903282295e-01 1.091268889835124434e-01
4.308957283853359077e-01 1.091155545535594518e-01
4.321966494783435753e-01 1.091042516368570109e-01
4.334995309693513432e-01 1.090929801961342399e-01
4.348043728583591006e-01 1.090817401945985698e-01
4.361111751453669583e-01 1.090705315959852040e-01
4.374199378303746943e-01 1.090593543645881069e-01
4.387306609133826418e-01 1.090482084651664962e-01
4.400433443943906342e-01 1.090370938625326303e-01
4.413579882733986715e-01 1.090260105212526864e-01
4.426745925504067536e-01 1.090149584072082900e-01
4.439931572254149361e-01 1.090039374920430265e-01
4.453136822984231080e-01 1.089929477496136834e-01
4.466361677694313248e-01 1.089819891174421962e-01
4.479606136384396420e-01 1.089710615020803713e-01
4.492870199054478375e-01 1.089601652850016450e-01
4.506153865704562445e-01 1.089492995262060504e-01
4.519457136334646408e-01 1.089384653367764522e-01
4.532780010944731375e-01 1.089276617939647779e-01
4.546122489534816791e-01 1.089168892717365250e-01
4.559484572104903211e-01 1.089061476814507656e-01
4.572866258654989524e-01 1.088954369650641935e-01
4.586267549185076287e-01 1.088847571006894832e-01
4.599688443695163498e-01 1.088741080650016679e-01
4.613128942185250048e-01 1.088634898299666864e-01
4.626589044655338712e-01 1.088529023672321350e-01
4.640068751105427269e-01 1.088423456495751090e-01
4.653568061535516831e-01 1.088318196505636826e-01
4.667086975945606842e-01 1.088213243441728539e-01
4.680625494335697301e-01 1.088108597046970188e-01
4.694183616705788209e-01 1.088004257068025393e-01
4.707761343055879566e-01 1.087900223255623550e-01
4.721358673385971372e-01 1.087796495364697913e-01
4.734975607696062516e-01 1.087693073154234608e-01
4.748612145986155220e-01 1.087589956387211843e-01
4.762268288256248927e-01 1.087487144830596997e-01
4.775944034506342528e-01 1.087384638255281949e-01
4.789639384736437133e-01 1.087282436436126376e-01
4.803354338946532187e-01 1.087180539151872127e-01
4.817088897136627690e-01 1.087078946185195405e-01
4.830843059306723641e-01 1.086977657322659579e-01
4.844616825456818376e-01 1.086876672354664536e-01
4.858410195586915226e-01 1.086775991075449588e-01
4.872223169697012524e-01 1.086675613283125674e-01
4.886055747787110826e-01 1.086575538779559202e-01
4.899907929857209021e-01 1.086475767370449069e-01
4.913779715907308221e-01 1.086376298865256301e-01
4.927671105937407314e-01 1.086277133077184348e-01
4.941582099947507412e-01 1.086178269823187686e-01
4.955512697937607958e-01 1.086079708923960024e-01
4.969462899907707287e-01 1.085981450203894472e-01
4.983432705857808731e-01 1.085883493491063140e-01
4.997422115787910624e-01 1.085785838617226856e-01
5.011431129698012965e-01 1.085688485417849181e-01
5.025459747588115755e-01 1.085591433731949579e-01
5.039507969458218994e-01 1.085494683402277172e-01
5.053575795308323793e-01 1.085398234275163076e-01
5.067663225138427929e-01 1.085302086200527344e-01
5.081770258948532515e-01 1.085206239031931280e-01
5.095896896738636439e-01 1.085110692626447826e-01
5.110043138508743032e-01 1.085015446844782155e-01
5.124208984258848965e-01 1.084920501551156352e-01
5.138394433988955345e-01 1.084825856613354095e-01
5.152599487699063285e-01 1.084731511902672363e-01
5.166824145389171674e-01 1.084637467293945445e-01
5.181068407059279401e-01 1.084543722665476245e-01
5.195332272709388688e-01 1.084450277899112469e-01
5.209615742339498423e-01 1.084357132880156005e-01
5.223918815949606387e-01 1.084264287497388596e-01
5.238241493539717020e-01 1.084171741643040754e-01
5.252583775109828101e-01 1.084079495212811745e-01
5.266945660659939632e-01 1.083987548105849186e-01
5.281327150190051611e-01 1.083895900224723235e-01
5.295728243700164040e-01 1.083804551475397171e-01
5.310148941190276917e-01 1.083713501767297610e-01
5.324589242660390243e-01 1.083622751013224861e-01
5.339049148110504017e-01 1.083532299129395526e-01
5.353528657540617131e-01 1.083442146035371589e-01
5.368027770950731803e-01 1.083352291654130772e-01
5.382546488340846924e-01 1.083262735912024627e-01
5.397084809710962494e-01 1.083173478738737594e-01
5.411642735061079623e-01 1.083084520067320727e-01
5.426220264391196091e-01 1.082995859834176289e-01
5.440817397701314118e-01 1.082907497979034850e-01
5.455434134991431483e-01 1.082819434444984158e-01
5.470070476261550407e-01 1.082731669178419176e-01
5.484726421511667560e-01 1.082644202129027233e-01
5.499401970741787382e-01 1.082557033249854639e-01
5.514097123951906543e-01 1.082470162497255750e-01
5.528811881142027262e-01 1.082383589830834408e-01
5.543546242312148431e-01 1.082297315213523181e-01
5.558300207462270048e-01 1.082211338611557133e-01
5.573073776592392115e-01 1.082125659994424838e-01
5.587866949702514630e-01 1.082040279334917643e-01
5.602679726792635373e-01 1.081955196609083319e-01
5.617512107862758786e-01 1.081870411796236192e-01
5.632364092912882647e-01 1.081785924878992111e-01
5.647235681943006957e-01 1.081701735843178525e-01
5.662126874953131717e-01 1.081617844677928569e-01
5.677037671943258035e-01 1.081534251375569217e-01
5.691968072913383692e-01 1.081450955931720498e-01
5.706918077863509797e-01 1.081367958345260533e-01
5.721887686793637462e-01 1.081285258618260164e-01
5.736876899703762245e-01 1.081202856756062897e-01
5.751885716593890807e-01 1.081120752767248672e-01
5.766914137464018708e-01 1.081038946663625544e-01
5.781962162314148168e-01 1.080957438460227737e-01
5.797029791144278077e-01 1.080876228175322445e-01
5.812117023954407324e-01 1.080795315830424125e-01
5.827223860744538131e-01 1.080714701450222331e-01
5.842350301514669386e-01 1.080634385062708702e-01
5.857496346264799980e-01 1.080554366699002927e-01
5.872661994994931023e-01 1.080474646393555366e-01
5.887847247705062514e-01 1.080395224183917785e-01
5.903052104395195565e-01 1.080316100110932237e-01
5.918276565065329065e-01 1.080237274218614346e-01
5.933520629715463013e-01 1.080158746554297777e-01
5.948784298345597410e-01 1.080080517168660881e-01
5.964067570955732256e-01 1.080002586115421798e-01
5.979370447545868661e-01 1.079924953450720065e-01
5.994692928116004405e-01 1.079847619233448297e-01
6.010035012666138377e-01 1.079770583529171130e-01
6.025396701196276128e-01 1.079693846413868202e-01
6.040777993706413218e-01 1.079617407952606495e-01
6.056178890196550757e-01 1.079541268152247602e-01
6.071599390666689855e-01 1.079465427127105775e-01
6.087039495116828292e-01 1.079389885561736345e-01
6.102499203546968287e-01 1.079314641333675440e-01
6.117978515957107621e-01 1.079239698640596934e-01
6.133477432347248515e-01 1.079165052569998062e-01
6.148995952717387636e-01 1.079090707324878023e-01
6.164534077067529427e-01 1.079016660832986529e-01
6.180091805397671667e-01 1.078942913785883445e-01
6.195669137707813245e-01 1.078869466320939302e-01
6.211266073997956383e-01 1.078796318479147281e-01
6.226882614268099969e-01 1.078723470365319237e-01
6.242518758518244004e-01 1.078650922100381632e-01
6.258174506748388488e-01 1.078578673801253163e-01
6.273849858958533421e-01 1.078506725584954112e-01
6.289544815148676582e-01 1.078435077572381384e-01
6.305259375318823523e-01 1.078363729888432015e-01
6.320993539468969802e-01 1.078292682661367158e-01
6.336747307599116530e-01 1.078221936022584343e-01
6.352520679709263707e-01 1.078151490106718097e-01
6.368313655799411332e-01 1.078081345051671996e-01
6.384126235869560517e-01 1.078011500998620198e-01
6.399958419919709041e-01 1.077941958092070301e-01
6.415810207949856903e-01 1.077872716479817833e-01
6.431681599960007434e-01 1.077803776312935974e-01
6.447572595950157304e-01 1.077735137745809146e-01
6.463483195920308733e-01 1.077666800936146196e-01
6.479413399870459500e-01 1.077598766044979978e-01
6.495363207800611827e-01 1.077531033236599489e-01
6.511332619710764602e-01 1.077463602678722099e-01
6.527321635600916716e-01 1.077396474542327981e-01
6.543330255471070389e-01 1.077329649001766698e-01
6.559358479321222291e-01 1.077263126234738050e-01
6.575406307151376861e-01 1.077196906422273753e-01
6.591473738961531881e-01 1.077130989748792123e-01
6.607560774751687349e-01 1.077065376402086688e-01
6.623667414521843266e-01 1.077000066573286507e-01
6.639793658271999632e-01 1.076935060456976206e-01
6.655939506002157557e-01 1.076870358251052623e-01
6.672104957712314821e-01 1.076805960156882874e-01
6.688290013402472534e-01 1.076741866379198609e-01
6.704494673072629585e-01 1.076678077126158734e-01
6.720718936722788195e-01 1.076614592609362459e-01
6.736962804352947254e-01 1.076551413043838196e-01
6.753226275963107872e-01 1.076488538648048554e-01
6.769509351553267829e-01 1.076425969643914071e-01
6.785812031123429344e-01 1.076363706256811131e-01
6.802134314673590199e-01 1.076301748715624007e-01
6.818476202203752612e-01 1.076240097252653960e-01
6.834837693713914364e-01 1.076178752103757741e-01
6.851218789204075454e-01 1.076117713508247947e-01
6.867619488674239214e-01 1.076056981708983784e-01
6.884039792124403423e-01 1.075996556952312083e-01
6.900479699554568080e-01 1.075936439488137386e-01
6.916939210964733187e-01 1.075876629569887388e-01
6.933418326354898742e-01 1.075817127454574001e-01
6.949917045725064746e-01 1.075757933402765876e-01
6.966435369075231199e-01 1.075699047678564252e-01
6.982973296405398100e-01 1.075640470549732025e-01
6.999530827715563230e-01 1.075582202287580225e-01
7.016107963005731030e-01 1.075524243167037819e-01
7.032704702275899278e-01 1.075466593466692100e-01
7.049321045526069085e-01 1.075409253468727205e-01
7.065956992756238231e-01 1.075352223459009465e-01
7.082612543966407825e-01 1.075295503727031338e-01
7.099287699156578979e-01 1.075239094565995229e-01
7.115982458326749471e-01 1.075182996272775610e-01
7.132696821476921523e-01 1.075127209147951624e-01
7.149430788607090692e-01 1.075071733495814724e-01
7.166184359717263641e-01 1.075016569624394486e-01
7.182957534807437039e-01 1.074961717845449444e-01
7.199750313877609775e-01 1.074907178474509839e-01
7.216562696927784071e-01 1.074852951830876785e-01
7.233394683957958815e-01 1.074799038237617549e-01
7.250246274968132898e-01 1.074745438021622868e-01
7.267117469958308540e-01 1.074692151513596955e-01
7.284008268928482410e-01 1.074639179048072629e-01
7.300918671878658950e-01 1.074586520963405900e-01
7.317848678808835938e-01 1.074534177601869783e-01
7.334798289719013376e-01 1.074482149309566592e-01
7.351767504609192372e-01 1.074430436436497466e-01
7.368756323479370707e-01 1.074379039336612607e-01
7.385764746329549491e-01 1.074327958367741614e-01
7.402792773159728723e-01 1.074277193891700344e-01
7.419840403969908404e-01 1.074226746274215966e-01
7.436907638760087425e-01 1.074176615885061303e-01
7.453994477530268004e-01 1.074126803097933541e-01
7.471100920280450142e-01 1.074077308290602994e-01
7.488226967010631618e-01 1.074028131844813744e-01
7.505372617720814654e-01 1.073979274146417140e-01
7.522537872410997029e-01 1.073930735585302138e-01
7.539722731081180962e-01 1.073882516555440952e-01
7.556927193731364234e-01 1.073834617454909324e-01
7.574151260361549065e-01 1.073787038685938972e-01
7.591394930971732125e-01 1.073739780654847237e-01
7.608658205561917853e-01 1.073692843772181132e-01
7.625941084132104031e-01 1.073646228452622281e-01
7.643243566682289547e-01 1.073599935115059772e-01
7.660565653212476622e-01 1.073553964182638876e-01
7.677907343722664146e-01 1.073508316082704278e-01
7.695268638212852119e-01 1.073462991246905973e-01
7.712649536683040541e-01 1.073417990111141529e-01
7.730050039133229411e-01 1.073373313115646294e-01
7.747470145563417621e-01 1.073328960704981044e-01
7.764909855973607389e-01 1.073284933328003954e-01
7.782369170363797606e-01 1.073241231438040733e-01
7.799848088733989382e-01 1.073197855492718511e-01
7.817346611084180497e-01 1.073154805954147084e-01
7.834864737414372060e-01 1.073112083288826762e-01
7.852402467724565183e-01 1.073069687967765085e-01
7.869959802014757644e-01 1.073027620466424498e-01
7.887536740284951664e-01 1.072985881264786057e-01
7.905133282535142802e-01 1.072944470847379678e-01
7.922749428765337720e-01 1.072903389703263877e-01
7.940385178975533087e-01 1.072862638326106677e-01
7.958040533165727792e-01 1.072822217214168955e-01
7.975715491335924057e-01 1.072782126870343716e-01
7.993410053486120770e-01 1.072742367802207164e-01
8.011124219616317932e-01 1.072702940521970683e-01
8.028857989726515543e-01 1.072663845546600742e-01
8.046611363816711382e-01 1.072625083397778789e-01
8.064384341886909890e-01 1.072586654601958012e-01
8.082176923937108848e-01 1.072548559690356951e-01
8.099989109967308254e-01 1.072510799199045683e-01
8.117820899977508109e-01 1.072473373668916957e-01
8.135672293967708413e-01 1.072436283645738092e-01
8.153543291937909165e-01 1.072399529680174157e-01
8.171433893888111477e-01 1.072363112327837237e-01
8.189344099818313127e-01 1.072327032149250209e-01
8.207273909728513006e-01 1.072291289709994405e-01
8.225223323618716664e-01 1.072255885580595952e-01
8.243192341488919661e-01 1.072220820336667879e-01
8.261180963339124217e-01 1.072186094558882224e-01
8.279189189169328111e-01 1.072151708833024158e-01
8.297217018979533565e-01 1.072117663750014327e-01
8.315264452769738357e-01 1.072083959905948680e-01
8.333331490539944708e-01 1.072050597902087926e-01
8.351418132290151508e-01 1.072017578344980487e-01
8.369524378020356536e-01 1.071984901846377986e-01
8.387650227730564234e-01 1.071952569023379848e-01
8.405795681420771270e-01 1.071920580498381681e-01
8.423960739090979866e-01 1.071888936899151046e-01
8.442145400741188910e-01 1.071857638858841055e-01
8.460349666371398403e-01 1.071826687016070312e-01
8.478573535981608345e-01 1.071796082014862123e-01
8.496817009571818735e-01 1.071765824504796460e-01
8.515080087142030685e-01 1.071735915140943074e-01
8.533362768692239753e-01 1.071706354583983750e-01
8.551665054222451490e-01 1.071677143500151391e-01
8.569986943732663676e-01 1.071648282561383919e-01
8.588328437222877421e-01 1.071619772445239066e-01
8.606689534693090504e-01 1.071591613835026074e-01
8.625070236143304037e-01 1.071563807419793068e-01
8.643470541573519128e-01 1.071536353894400745e-01
8.661890450983733558e-01 1.071509253959495034e-01
8.680329964373949547e-01 1.071482508321646709e-01
8.698789081744163765e-01 1.071456117693287413e-01
8.717267803094379541e-01 1.071430082792819011e-01
8.735766128424596877e-01 1.071404404344638572e-01
8.754284057734814661e-01 1.071379083079135597e-01
8.772821591025032895e-01 1.071354119732815940e-01
8.791378728295250466e-01 1.071329515048259351e-01
8.809955469545469597e-01 1.071305269774218416e-01
8.828551814775689177e-01 1.071281384665631747e-01
8.847167763985909206e-01 1.071257860483689206e-01
8.865803317176127463e-01 1.071234697995849666e-01
8.884458474346348389e-01 1.071211897975890143e-01
8.903133235496569764e-01 1.071189461203979898e-01
8.921827600626792698e-01 1.071167388466695708e-01
8.940541569737014971e-01 1.071145680557053503e-01
8.959275142827237692e-01 1.071124338274613563e-01
8.978028319897460863e-01 1.071103362425439715e-01
8.996801100947685592e-01 1.071082753822264755e-01
9.015593485977907440e-01 1.071062513284385953e-01
9.034405474988133067e-01 1.071042641637850318e-01
9.053237067978358033e-01 1.071023139715444744e-01
9.072088264948584557e-01 1.071004008356727794e-01
9.090959065898810421e-01 1.070985248408121704e-01
9.109849470829037843e-01 1.070966860722920577e-01
9.128759479739264604e-01 1.070948846161356438e-01
9.147689092629492924e-01 1.070931205590708590e-01
9.166638309499721693e-01 1.070913939885228816e-01
9.185607130349948690e-01 1.070897049926324285e-01
9.204595555180178357e-01 1.070880536602520222e-01
9.223603583990407362e-01 1.070864400809567463e-01
9.242631216780637926e-01 1.070848643450473536e-01
9.261678453550868939e-01 1.070833265435551240e-01
9.280745294301100401e-01 1.070818267682483171e-01
9.299831739031333422e-01 1.070803651116392363e-01
9.318937787741565781e-01 1.070789416669877259e-01
9.338063440431798590e-01 1.070775565283076103e-01
9.357208697102029626e-01 1.070762097903724813e-01
9.376373557752263332e-01 1.070749015487221650e-01
9.395558022382498597e-01 1.070736318996668990e-01
9.414762090992733201e-01 1.070724009402979071e-01
9.433985763582968254e-01 1.070712087684848046e-01
9.453229040153204865e-01 1.070700554828939999e-01
9.472491920703440815e-01 1.070689411829814502e-01
9.491774405233678324e-01 1.070678659690099677e-01
9.511076493743915172e-01 1.070668299420487052e-01
9.530398186234151359e-01 1.070658332039850780e-01
9.549739482704390214e-01 1.070648758575237919e-01
9.569100383154629519e-01 1.070639580062021923e-01
9.588480887584868162e-01 1.070630797543918739e-01
9.607880995995108364e-01 1.070622412073021917e-01
9.627300708385349015e-01 1.070614424709975393e-01
9.646740024755590115e-01 1.070606836523928795e-01
9.666198945105831664e-01 1.070599648592677755e-01
9.685677469436073661e-01 1.070592862002714557e-01
9.705175597746313887e-01 1.070586477849267831e-01
9.724693330036556782e-01 1.070580497236482548e-01
9.744230666306800126e-01 1.070574921277318847e-01
9.763787606557043919e-01 1.070569751093780331e-01
9.783364150787289271e-01 1.070564987816935432e-01
9.802960298997533961e-01 1.070560632586972927e-01
9.822576051187779100e-01 1.070556686553293807e-01
9.842211407358025799e-01 1.070553150874591075e-01
9.861866367508271836e-01 1.070550026718948278e-01
9.881540931638517211e-01 1.070547315263865873e-01
9.901235099748764146e-01 1.070545017696413193e-01
9.920948871839012639e-01 1.070543135213234687e-01
9.940682247909260472e-01 1.070541669020678155e-01
9.960435227959509863e-01 1.070540620334887311e-01
9.980207811989759703e-01 1.070539990381860207e-01
1.000000000000000666e+00 1.070539780397517793e-01
