0.000000000000000000e+00 9.776898000714053794e-01
2.078119897502626434e-05 9.771372153547126516e-01
4.352279595010249372e-05 9.765325024912355767e-01
6.822479092522875592e-05 9.758756614299259891e-01
9.488718390040502381e-05 9.751666921930398635e-01
1.235099748756312839e-04 9.744055947882522828e-01
1.540931638509075632e-04 9.735923692123791273e-01
1.866367508262337669e-04 9.727270154635905275e-01
2.211407358016100034e-04 9.718095335423483361e-01
2.576051187770363269e-04 9.708399234497698815e-01
2.960298997525126832e-04 9.698181851864211556e-01
3.364150787280388555e-04 9.687443187527097210e-01
3.787606557036150606e-04 9.676183241491878029e-01
4.230666306792412444e-04 9.664402013764686883e-01
4.693330036549174067e-04 9.652099504353021109e-01
5.175597746306437102e-04 9.639275713264225942e-01
5.677469436064200466e-04 9.625930640506850100e-01
6.198945105822462531e-04 9.612064286089907483e-01
6.740024755581224382e-04 9.597676650023382328e-01
7.300708385340486020e-04 9.582767732317921672e-01
7.880995995100251780e-04 9.567337532985387138e-01
8.480887584860512989e-04 9.551386052038199903e-01
9.100383154621275068e-04 9.534913289490166699e-01
9.739482704382536934e-04 9.517919245356002422e-01
1.039818623414429750e-03 9.500403919651464468e-01
1.107649374390655894e-03 9.482367312393823466e-01
1.177440523366932558e-03 9.463809423601166060e-01
1.249192070343258659e-03 9.444730253293380784e-01
1.322904015319634847e-03 9.425129801491489712e-01
1.398576358296060905e-03 9.405008068217913797e-01
1.476209099272537051e-03 9.384365053496935838e-01
1.555802238249063716e-03 9.363200757354047665e-01
1.637355775225640036e-03 9.341515179816859415e-01
1.720869710202266008e-03 9.319308320914388988e-01
1.806344043178942285e-03 9.296580180677784799e-01
1.893778774155669082e-03 9.273330759139924995e-01
1.983173903132445098e-03 9.249560056335843772e-01
2.074529430109271419e-03 9.225268072302592604e-01
2.167845355086147393e-03 9.200454807079490038e-01
2.263121678063073454e-03 9.175120260708086173e-01
2.360358399040050469e-03 9.149264433232332516e-01
2.459555518017076271e-03 9.122887324698644163e-01
2.560713034994152593e-03 9.095988935155998600e-01
2.663830949971278568e-03 9.068569264656010098e-01
2.768909262948454630e-03 9.040628313253067372e-01
2.875947973925680780e-03 9.012166081004480134e-01
2.984947082902957450e-03 8.983182567970477983e-01
3.095906589880283773e-03 8.953677774214302554e-01
3.208826494857659750e-03 8.923651699802481740e-01
3.323706797835085814e-03 8.893104344804763084e-01
3.440547498812561965e-03 8.862035709294300290e-01
3.559348597790088636e-03 8.830445793347778682e-01
3.680110094767664961e-03 8.798334597045534000e-01
3.802831989745290939e-03 8.765702120471530190e-01
3.927514282722965704e-03 8.732548363713754647e-01
4.054156973700691856e-03 8.698873326864049460e-01
4.182760062678468095e-03 8.664677010018426717e-01
4.313323549656295289e-03 8.629959413277107361e-01
4.445847434634171702e-03 8.594720536744647754e-01
4.580331717612097335e-03 8.558960380530166168e-01
4.716776398590073922e-03 8.522678944747308361e-01
4.855181477568099729e-03 8.485876229514484059e-01
4.995546954546175623e-03 8.448552234955019058e-01
5.137872829524301604e-03 8.410706961197268461e-01
5.282159102502477672e-03 8.372340408374635556e-01
5.428405773480703828e-03 8.333452576625962616e-01
5.576612842458980070e-03 8.294043466095454287e-01
5.726780309437305531e-03 8.254113076932849680e-01
5.878908174415681948e-03 8.213661409293725457e-01
6.032996437394107583e-03 8.172688463339462528e-01
6.189045098372585908e-03 8.131194239237443666e-01
6.347054157351111718e-03 8.089178737161286659e-01
6.507023614329687615e-03 8.046641957290926461e-01
6.668953469308313599e-03 8.003583899812738434e-01
6.832843722286989670e-03 7.960004564919754833e-01
6.998694373265715828e-03 7.915903952811866873e-01
7.166505422244492073e-03 7.871282063695843600e-01
7.336276869223317537e-03 7.826138897785649418e-01
7.508008714202193956e-03 7.780474455302455183e-01
7.681700957181119595e-03 7.734288736474984605e-01
7.857353598160098790e-03 7.687581741539517566e-01
8.034966637139125470e-03 7.640353470740136599e-01
8.214540074118200502e-03 7.592603924328943377e-01
8.396073909097327356e-03 7.544333102566138649e-01
8.579568142076502563e-03 7.495541005720247618e-01
8.765022773055727856e-03 7.446227634068252055e-01
8.952437802035004971e-03 7.396392987895938909e-01
9.141813229014330439e-03 7.346037067497830364e-01
9.333149053993705993e-03 7.295159873177553544e-01
9.526445276973131635e-03 7.243761405247923779e-01
9.721701897952607363e-03 7.191841664031243253e-01
9.918918916932136648e-03 7.139400649859360959e-01
1.011809633391171255e-02 7.086438363073979119e-01
1.031923414889133854e-02 7.032954804026718687e-01
1.052233236187101462e-02 6.978949973079469071e-01
1.072739097285074078e-02 6.924423870604506925e-01
1.093440998183051703e-02 6.869376496984627156e-01
1.114338938881034163e-02 6.813807852613487093e-01
1.135432919379021806e-02 6.757717937895686422e-01
1.156722939677014457e-02 6.701106753247085823e-01
1.178208999775011943e-02 6.643974299094854707e-01
1.199891099673014612e-02 6.586320575877898653e-01
1.221769239371022463e-02 6.528145584046856076e-01
1.243843418869035149e-02 6.469449324064431295e-01
1.266113638167052670e-02 6.410231796405623239e-01
1.288579897265075200e-02 6.350493001557835360e-01
1.311242196163102738e-02 6.290232940021235342e-01
1.334100534861135459e-02 6.229451612308826158e-01
1.357154913359173015e-02 6.168149018946815776e-01
1.380405331657215580e-02 6.106325160474735947e-01
1.403851789755263153e-02 6.043980037445692011e-01
1.427494287653315735e-02 5.981113650426652661e-01
1.451332825351373326e-02 5.917725999998570963e-01
1.475367402849436273e-02 5.853817086756725185e-01
1.499598020147503881e-02 5.789386911310893113e-01
1.524024677245576498e-02 5.724435474285591852e-01
1.548647374143653950e-02 5.658962776320303201e-01
1.573466110841736931e-02 5.592968818069831149e-01
1.598480887339824227e-02 5.526453600204289662e-01
1.623691703637917053e-02 5.459417123409675554e-01
1.649098559736014366e-02 5.391859388387810759e-01
1.674701455634117209e-02 5.323780395856814174e-01
1.700500391332224540e-02 5.255180146551181597e-01
1.726495366830337400e-02 5.186058641222213161e-01
1.752686382128455442e-02 5.116415880638062186e-01
1.779073437226577625e-02 5.046251865584204799e-01
1.805656532124705685e-02 4.975566596863484903e-01
1.832435666822837886e-02 4.904360075296587684e-01
1.859410841320975616e-02 4.832632301722110668e-01
1.886582055619118528e-02 4.760383276996950075e-01
1.913949309717265929e-02 4.687613001996520090e-01
1.941512603615418858e-02 4.614321477615012657e-01
1.969271937313575929e-02 4.540508704765698900e-01
1.997227310811738876e-02 4.466174684381163940e-01
2.025378724109906312e-02 4.391319417413614978e-01
2.053726177208079276e-02 4.315942904835105565e-01
2.082269670106256382e-02 4.240045147637879208e-01
2.111009202804439364e-02 4.163626146834606967e-01
2.139944775302626487e-02 4.086685903458648350e-01
2.169076387600819486e-02 4.009224418564389381e-01
2.198404039699017321e-02 3.931241693227477962e-01
2.227927731597219643e-02 3.852737728545149176e-01
2.257647463295427495e-02 3.773712525636468973e-01
2.287563234793639835e-02 3.694166085642673902e-01
2.317675046091857705e-02 3.614098409727419248e-01
2.347982897190080062e-02 3.533509499077118199e-01
2.378486788088307949e-02 3.452399354901165562e-01
2.409186718786539977e-02 3.370767978432336331e-01
2.440082689284778228e-02 3.288615370927012727e-01
2.471174699583020273e-02 3.205941533665473409e-01
2.502462749681268195e-02 3.122746467952278726e-01
2.533946839579521298e-02 3.039030175116491650e-01
2.565626969277778543e-02 2.954792656512029159e-01
2.597503138776041318e-02 2.870033913517967550e-01
2.629575348074308580e-02 2.784753947538852192e-01
2.661843597172581372e-02 2.698952760004989515e-01
2.694307886070858651e-02 2.612630352372788400e-01
2.726968214769141807e-02 2.525786726125083259e-01
2.759824583267428758e-02 2.438421882771420190e-01
2.792876991565721931e-02 2.350535823848410311e-01
2.826125439664019939e-02 2.262128550928104997e-01
2.859569927562322089e-02 2.173200068198163915e-01
2.893210455260630115e-02 2.083750632527577584e-01
2.927047022758941935e-02 1.993789266426340412e-01
2.961079630057259979e-02 1.903448355305050466e-01
2.995308277155582163e-02 1.813635819581163877e-01
3.029732964053910224e-02 1.727473462471055266e-01
3.064353690752242426e-02 1.650312792958586461e-01
3.099170457250580504e-02 1.586166802782354168e-01
3.134183263548922377e-02 1.535160949446569556e-01
3.169392109647270472e-02 1.495008819134033273e-01
3.204796995545623056e-02 1.463079959905186633e-01
3.240397921243980128e-02 1.437234666412514628e-01
3.276194886742343076e-02 1.415910532802519273e-01
3.312187892040710513e-02 1.397999446793186662e-01
3.348376937139083825e-02 1.382714256141936437e-01
3.384762022037460932e-02 1.369488134129789869e-01
3.421343146735843915e-02 1.357905567295852045e-01
3.458120311234230693e-02 1.347656230234823560e-01
3.495093515532624040e-02 1.338504145081474139e-01
3.532262759631021182e-02 1.330266829312543031e-01
3.569628043529424199e-02 1.322800976385996308e-01
3.607189367227831706e-02 1.315992454288142099e-01
3.644946730726244394e-02 1.309749200035624506e-01
3.682900134024662264e-02 1.303996088022969235e-01
3.721049577123083929e-02 1.298671165901455760e-01
3.759395060021512164e-02 1.293722853149733842e-01
3.797936582719944193e-02 1.289107827747662249e-01
3.836674145218382098e-02 1.284789411813037907e-01
3.875607747516824492e-02 1.280736323969370594e-01
3.914737389615272761e-02 1.276921704682686398e-01
3.954063071513724825e-02 1.273322347187788028e-01
3.993584793212182765e-02 1.269918084971959071e-01
4.033302554710645887e-02 1.266691299709219454e-01
4.073216356009112804e-02 1.263626522760906423e-01
4.113326197107585597e-02 1.260710110014980900e-01
4.153632078006062878e-02 1.257929974694504127e-01
4.194133998704546035e-02 1.255275366350989963e-01
4.234831959203032986e-02 1.252736686926143872e-01
4.275725959501525814e-02 1.250305336774563403e-01
4.316815999600023129e-02 1.247973585060423024e-01
4.358102079498526321e-02 1.245734460108216674e-01
4.399584199197033307e-02 1.243581656182204953e-01
4.441262358695546170e-02 1.241509453869797941e-01
4.483136557994064214e-02 1.239512651786094793e-01
4.525206797092586747e-02 1.237586507749116743e-01
4.567473075991114462e-02 1.235726687913152461e-01
4.609935394689646665e-02 1.233929222620349930e-01
4.652593753188184744e-02 1.232190467947603119e-01
4.695448151486726618e-02 1.230507072100990307e-01
4.738498589585275061e-02 1.228875945952547927e-01
4.781745067483826606e-02 1.227294237129370608e-01
4.825187585182384720e-02 1.225759307160233930e-01
4.868826142680946628e-02 1.224268711262333220e-01
4.912660739979515107e-02 1.222820180415352398e-01
4.956691377078088073e-02 1.221411605423208674e-01
5.000918053976664834e-02 1.220041022708181905e-01
5.045340770675248165e-02 1.218706601619194835e-01
5.089959527173835291e-02 1.217406633067306260e-01
5.134774323472428292e-02 1.216139519327274904e-01
5.179785159571025088e-02 1.214903764866525071e-01
5.224992035469628454e-02 1.213697968081096368e-01
5.270394951168235614e-02 1.212520813835022970e-01
5.315993906666848651e-02 1.211371066711634248e-01
5.361788901965465481e-02 1.210247564898399575e-01
5.407779937064088882e-02 1.209149214636090347e-01
5.453967011962716771e-02 1.208074985171452426e-01
5.500350126661349148e-02 1.207023904160610117e-01
5.546929281159986708e-02 1.205995053476079520e-01
5.593704475458628755e-02 1.204987565376319791e-01
5.640675709557277373e-02 1.204000619001445865e-01
5.687842983455929091e-02 1.203033437162134012e-01
5.735206297154587379e-02 1.202085283394362797e-01
5.782765650653248768e-02 1.201155459252721824e-01
5.830521043951917420e-02 1.200243301821510011e-01
5.878472477050590561e-02 1.199348181421575898e-01
5.926619949949267496e-02 1.198469499496413182e-01
5.974963462647950307e-02 1.197606686659796471e-01
6.023503015146637607e-02 1.196759200891853864e-01
6.072238607445330782e-02 1.195926525869310392e-01
6.121170239544027752e-02 1.195108169419051014e-01
6.170297911442730598e-02 1.194303662083924800e-01
6.219621623141437933e-02 1.193512555791376994e-01
6.269141374640151143e-02 1.192734422616534423e-01
6.318857165938866760e-02 1.191968853631475006e-01
6.368768997037589641e-02 1.191215457834160496e-01
6.418876867936318398e-02 1.190473861150103535e-01
6.469180778635051643e-02 1.189743705501535159e-01
6.519680729133789376e-02 1.189024647938184548e-01
6.570376719432530210e-02 1.188316359825293822e-01
6.621268749531278308e-02 1.187618526084337489e-01
6.672356819430030894e-02 1.186930844482475544e-01
6.723640929128789356e-02 1.186253024966909542e-01
6.775121078627552307e-02 1.185584789041186776e-01
6.826797267926318358e-02 1.184925869179973695e-01
6.878669497025091673e-02 1.184276008279702141e-01
6.930737765923869476e-02 1.183634959142737253e-01
6.983002074622653155e-02 1.183002483991993092e-01
7.035462423121441322e-02 1.182378354014831656e-01
7.088118811420231202e-02 1.181762348933455969e-01
7.140971239519029734e-02 1.181154256600041169e-01
7.194019707417832754e-02 1.180553872615612426e-01
7.247264215116641650e-02 1.179960999970091767e-01
7.300704762615452259e-02 1.179375448702819351e-01
7.354341349914270132e-02 1.178797035581948954e-01
7.408173977013092493e-02 1.178225583801490312e-01
7.462202643911922118e-02 1.177660922694794832e-01
7.516427350610754843e-02 1.177102887463749303e-01
7.570848097109590669e-02 1.176551318922074013e-01
7.625464883408433758e-02 1.176006063252654776e-01
7.680277709507281336e-02 1.175466971777188591e-01
7.735286575406134790e-02 1.174933900738177744e-01
7.790491481104989957e-02 1.174406711091778160e-01
7.845892426603853775e-02 1.173885268311536806e-01
7.901489411902722082e-02 1.173369442201784851e-01
7.957282437001594877e-02 1.172859106720545996e-01
8.013271501900470772e-02 1.172354139811093710e-01
8.069456606599353932e-02 1.171854423241959625e-01
8.125837751098241579e-02 1.171359842454549882e-01
8.182414935397135103e-02 1.170870286418112527e-01
8.239188159496033115e-02 1.170385647492017955e-01
8.296157423394934227e-02 1.169905821293892312e-01
8.353322727093842603e-02 1.169430706574706019e-01
8.410684070592755468e-02 1.168960205099122129e-01
8.468241453891674209e-02 1.168494221531582306e-01
8.525994876990593274e-02 1.168032663327787518e-01
8.583944339889522379e-02 1.167575440630674588e-01
8.642089842588455972e-02 1.167122466171634509e-01
8.700431385087394054e-02 1.166673655175627516e-01
8.758968967386336624e-02 1.166228925270866301e-01
8.817702589485282294e-02 1.165788196402382099e-01
8.876632251384235228e-02 1.165351390749217869e-01
8.935757953083194038e-02 1.164918432645378754e-01
8.995079694582157337e-02 1.164489248504144425e-01
9.054597475881122348e-02 1.164063766745611767e-01
9.114311296980096011e-02 1.163641917727137737e-01
9.174221157879074162e-02 1.163223633676992858e-01
9.234327058578056802e-02 1.162808848630622616e-01
9.294628999077042542e-02 1.162397498369305837e-01
9.355126979376035545e-02 1.161989520362035760e-01
9.415820999475034425e-02 1.161584853708745174e-01
9.476711059374037793e-02 1.161183439086859170e-01
9.537797159073045650e-02 1.160785218699276755e-01
9.599079298572055219e-02 1.160390136224662000e-01
9.660557477871074827e-02 1.159998136769824495e-01
9.722231696970097536e-02 1.159609166823759030e-01
9.784101955869126122e-02 1.159223174213588892e-01
9.846168254568156419e-02 1.158840108062212104e-01
9.908430593067193981e-02 1.158459918747520301e-01
9.970888971366237419e-02 1.158082557863277240e-01
1.003354338946528534e-01 1.157707978181310021e-01
1.009639384736433915e-01 1.157336133615321228e-01
1.015944034506339466e-01 1.156966979185924532e-01
1.022268288256245744e-01 1.156600470987000223e-01
1.028612145986152610e-01 1.156236566153328316e-01
1.034975607696059924e-01 1.155875222829347848e-01
1.041358673385967409e-01 1.155516400139156574e-01
1.047761343055875760e-01 1.155160058157441716e-01
1.054183616705784560e-01 1.154806157881582279e-01
1.060625494335693947e-01 1.154454661204707272e-01
1.067086975945603783e-01 1.154105530889761311e-01
1.073568061535513790e-01 1.153758730544268835e-01
1.080068751105424663e-01 1.153414224596274462e-01
1.086589044655335984e-01 1.153071978270982928e-01
1.093128942185247754e-01 1.152731957568151749e-01
1.099688443695159834e-01 1.152394129240319892e-01
1.106267549185072641e-01 1.152058460771845372e-01
1.112866258654986035e-01 1.151724920358484089e-01
1.119484572104899878e-01 1.151393476887838108e-01
1.126122489534813753e-01 1.151064099920386108e-01
1.132780010944728633e-01 1.150736759671002474e-01
1.139457136334643961e-01 1.150411426991416325e-01
1.146153865704559877e-01 1.150088073352910356e-01
1.152870199054476102e-01 1.149766670829814735e-01
1.159606136384392638e-01 1.149447192083323521e-01
1.166361677694310039e-01 1.149129610346144720e-01
1.173136822984227889e-01 1.148813899407305217e-01
1.179931572254146188e-01 1.148500033597658621e-01
1.186745925504064658e-01 1.148187987775794311e-01
1.193579882733983993e-01 1.147877737314422220e-01
1.200433443943903777e-01 1.147569258087098171e-01
1.207306609133824149e-01 1.147262526455474080e-01
1.214199378303744969e-01 1.146957519256815994e-01
1.221111751453665961e-01 1.146654213791988425e-01
1.228043728583587818e-01 1.146352587813586205e-01
1.234995309693510124e-01 1.146052619514664056e-01
1.241966494783433017e-01 1.145754287517759956e-01
1.248957283853355943e-01 1.145457570864545638e-01
1.255967676903279873e-01 1.145162449006080219e-01
1.262997673933204390e-01 1.144868901793508059e-01
1.270047274943129079e-01 1.144576909468697501e-01
1.277116479933054216e-01 1.144286452653578423e-01
1.284205288902980080e-01 1.143997512337214667e-01
1.291313701852906393e-01 1.143710069860938844e-01
1.298441718782833154e-01 1.143424106906021503e-01
1.305589339692760642e-01 1.143139605493090349e-01
1.312756564582688024e-01 1.142856548005689032e-01
1.319943393452616409e-01 1.142574917234854548e-01
1.327149826302545244e-01 1.142294696397563730e-01
1.334375863132474527e-01 1.142015869012535240e-01
1.341621503942403981e-01 1.141738418510742648e-01
1.348886748732334440e-01 1.141462327741333410e-01
1.356171597502265069e-01 1.141187579363047988e-01
1.363476050252196425e-01 1.140914159017954593e-01
1.370800106982128508e-01 1.140642060943447555e-01
1.378143767692060206e-01 1.140371282551996129e-01
1.385507032381993187e-01 1.140101771730545194e-01
1.392889901051926616e-01 1.139833368200806885e-01
1.400292373701860493e-01 1.139566628697822048e-01
1.407714450331794265e-01 1.139300721284864787e-01
1.415156130941729040e-01 1.139036203586098611e-01
1.422617415531664542e-01 1.138772918266437451e-01
1.430098304101600493e-01 1.138510815063001336e-01
1.437598796651536337e-01 1.138249893105821170e-01
1.445118893181473185e-01 1.137990148914171384e-01
1.452658593691410482e-01 1.137731571069477005e-01
1.460217898181348506e-01 1.137474145738210929e-01
1.467796806651286701e-01 1.137217859775954409e-01
1.475395319101225067e-01 1.136962701100651535e-01
1.483013435531164437e-01 1.136708658208676614e-01
1.490651155941104256e-01 1.136455719800180675e-01
1.498308480331044801e-01 1.136203874665015073e-01
1.505985408700985240e-01 1.135953111706055618e-01
1.513681941050926405e-01 1.135703419986312385e-01
1.521398077380868297e-01 1.135454788754958200e-01
1.529133817690810637e-01 1.135207207450645850e-01
1.536889161980753704e-01 1.134960665693845738e-01
1.544664110250696387e-01 1.134715153277516125e-01
1.552458662500640352e-01 1.134470660160285943e-01
1.560272818730584765e-01 1.134227176461930359e-01
1.568106578940529627e-01 1.133984692460628940e-01
1.575959943130474383e-01 1.133743198590343310e-01
1.583832911300420421e-01 1.133502685438256552e-01
1.591725483450366629e-01 1.133263143741978785e-01
1.599637659580313565e-01 1.133024564386604233e-01
1.607569439690260948e-01 1.132786938401633553e-01
1.615520823780208504e-01 1.132550256958236301e-01
1.623491811850156785e-01 1.132314511366268317e-01
1.631482403900105516e-01 1.132079693071608301e-01
1.639492599930054972e-01 1.131845793653620258e-01
1.647522399940004323e-01 1.131612804822424850e-01
1.655571803929954677e-01 1.131380718416556963e-01
1.663640811899905481e-01 1.131149526400398730e-01
1.671729423849857010e-01 1.130919220861839186e-01
1.679837639779808434e-01 1.130689794009919341e-01
1.687965459689760583e-01 1.130461238172574961e-01
1.696112883579713460e-01 1.130233545794332023e-01
1.704279911449667062e-01 1.130006709434180495e-01
1.712466543299620836e-01 1.129780721763404133e-01
1.720672779129574781e-01 1.129555575563476744e-01
1.728898618939529452e-01 1.129331263724089734e-01
1.737144062729484850e-01 1.129107779241091541e-01
1.745409110499440697e-01 1.128885115214544183e-01
1.753693762249396715e-01 1.128663264846842818e-01
1.761998017979353459e-01 1.128442221440828924e-01
1.770321877689310930e-01 1.128221978397940528e-01
1.778665341379268849e-01 1.128002529216568101e-01
1.787028409049227218e-01 1.127783867490007447e-01
1.795411080699185480e-01 1.127565986905127715e-01
1.803813356329145023e-01 1.127348881240399642e-01
1.812235235939104738e-01 1.127132544364438521e-01
1.820676719529065180e-01 1.126916970234284748e-01
1.829137807099025514e-01 1.126702152893924724e-01
1.837618498648986853e-01 1.126488086472750005e-01
1.846118794178948919e-01 1.126274765183978149e-01
1.854638693688911155e-01 1.126062183323279370e-01
1.863178197178873563e-01 1.125850335267317703e-01
1.871737304648836975e-01 1.125639215472288568e-01
1.880316016098800835e-01 1.125428818472593989e-01
1.888914331528765145e-01 1.125219138879506448e-01
1.897532250938729903e-01 1.125010171379770968e-01
1.906169774328694833e-01 1.124801910734424398e-01
1.914826901698660766e-01 1.124594351777448292e-01
1.923503633048627148e-01 1.124387489414498537e-01
1.932199968378593979e-01 1.124181318621796516e-01
1.940915907688560982e-01 1.123975834444899125e-01
1.949651450978528711e-01 1.123771031997438941e-01
1.958406598248497166e-01 1.123566906460117948e-01
1.967181349498466070e-01 1.123363453079515156e-01
1.975975704728435423e-01 1.123160667167017041e-01
1.984789663938404669e-01 1.122958544097673872e-01
1.993623227128375197e-01 1.122757079309285450e-01
2.002476394298345896e-01 1.122556268301192067e-01
2.011349165448317322e-01 1.122356106633436157e-01
2.020241540578288642e-01 1.122156589925632081e-01
2.029153519688260965e-01 1.121957713856078787e-01
2.038085102778234015e-01 1.121759474160785308e-01
2.047036289848207236e-01 1.121561866632495991e-01
2.056007080898180628e-01 1.121364887119820908e-01
2.064997475928155024e-01 1.121168531526339635e-01
2.074007474938129869e-01 1.120972795809694889e-01
2.083037077928105441e-01 1.120777675980721699e-01
2.092086284898081183e-01 1.120583168102639443e-01
2.101155095848057097e-01 1.120389268290156726e-01
2.110243510778034015e-01 1.120195972708768056e-01
2.119351529688011382e-01 1.120003277573792810e-01
2.128479152577989197e-01 1.119811179149748231e-01
2.137626379447967184e-01 1.119619673749466665e-01
2.146793210297945897e-01 1.119428757733429702e-01
2.155979645127925337e-01 1.119238427508912198e-01
2.165185683937905226e-01 1.119048679529397738e-01
2.174411326727885563e-01 1.118859510293757770e-01
2.183656573497865794e-01 1.118670916345565897e-01
2.192921424247847306e-01 1.118482894272482681e-01
2.202205878977829268e-01 1.118295440705450172e-01
2.211509937687811678e-01 1.118108552318220622e-01
2.220833600377793982e-01 1.117922225826476351e-01
2.230176867047777289e-01 1.117736457987375531e-01
2.239539737697761046e-01 1.117551245598854409e-01
2.248922212327745529e-01 1.117366585499018211e-01
2.258324290937730461e-01 1.117182474565524414e-01
2.267745973527715286e-01 1.116998909714943256e-01
2.277187260097701116e-01 1.116815887902389004e-01
2.286648150647687394e-01 1.116633406120574462e-01
2.296128645177674399e-01 1.116451461399645545e-01
2.305628743687661297e-01 1.116270050806467684e-01
2.315148446177649200e-01 1.116089171444096806e-01
2.324687752647637551e-01 1.115908820451326083e-01
2.334246663097626351e-01 1.115728995001857016e-01
2.343825177527615322e-01 1.115549692303698243e-01
2.353423295937605020e-01 1.115370909598363547e-01
2.363041018327595444e-01 1.115192644160812041e-01
2.372678344697586317e-01 1.115014893300241561e-01
2.382335275047577638e-01 1.114837654361758579e-01
2.392011809377569131e-01 1.114660924726546126e-01
2.401707947687561351e-01 1.114484701805985994e-01
2.411423689977554297e-01 1.114308983025441291e-01
2.421159036247547691e-01 1.114133765807679699e-01
2.430913986497540979e-01 1.113959047596250335e-01
2.440688540727535549e-01 1.113784825978607618e-01
2.450482698937530290e-01 1.113611098857516940e-01
2.460296461127525758e-01 1.113437864214257556e-01
2.470129827297521674e-01 1.113265118641019180e-01
2.479982797447517484e-01 1.113092855925990055e-01
2.489855371577514298e-01 1.112921076240896701e-01
2.499747549687511561e-01 1.112749814142796473e-01
2.509659331777509550e-01 1.112578957675012387e-01
2.519590717847506878e-01 1.112408652519226160e-01
2.529541707897505765e-01 1.112238788437972109e-01
2.539512301927505100e-01 1.112069399373147166e-01
2.549502499937504885e-01 1.111900485665800326e-01
2.559512301927505673e-01 1.111732041401783666e-01
2.569541707897506355e-01 1.111564063474467512e-01
2.579590717847507486e-01 1.111396550182208454e-01
2.589659331777509621e-01 1.111229499786769576e-01
2.599747549687512205e-01 1.111062910292900524e-01
2.609855371577514682e-01 1.110896779622739111e-01
2.619982797447518164e-01 1.110731105734959895e-01
2.630129827297520984e-01 1.110565886644264838e-01
2.640296461127525363e-01 1.110401120403539388e-01
2.650482698937530190e-01 1.110236805088501838e-01
2.660688540727535467e-01 1.110072938792750485e-01
2.670913986497541748e-01 1.109909519628759639e-01
2.681159036247547922e-01 1.109746545729728973e-01
2.691423689977554545e-01 1.109584015250367345e-01
2.701707947687562172e-01 1.109421926366995909e-01
2.712011809377570248e-01 1.109260277276821888e-01
2.722335275047577108e-01 1.109099066197558187e-01
2.732678344697586081e-01 1.108938291367016077e-01
2.743041018327595504e-01 1.108777951042850957e-01
2.753423295937605375e-01 1.108618043502253986e-01
2.763825177527615695e-01 1.108458567041848281e-01
2.774246663097627019e-01 1.108299519977353070e-01
2.784687752647638237e-01 1.108140900643395516e-01
2.795148446177649904e-01 1.107982707393277283e-01
2.805628743687662574e-01 1.107824938598661740e-01
2.816128645177674028e-01 1.107667592649476118e-01
2.826648150647687596e-01 1.107510667953461730e-01
2.837187260097701613e-01 1.107354162936202979e-01
2.847745973527716079e-01 1.107198076040700196e-01
2.858324290937730994e-01 1.107042405727261952e-01
2.868922212327746357e-01 1.106887150473268855e-01
2.879539737697762170e-01 1.106732308772930690e-01
2.890176867047778431e-01 1.106577879137093517e-01
2.900833600377795141e-01 1.106423860093067729e-01
2.911509937687811744e-01 1.106270250184343690e-01
2.922205878977829352e-01 1.106117047970508888e-01
2.932921424247847964e-01 1.105964252026953865e-01
2.943656573497866469e-01 1.105811860944688613e-01
2.954411326727885978e-01 1.105659873330188392e-01
2.965185683937905936e-01 1.105508287805227197e-01
2.975979645127926343e-01 1.105357103006626707e-01
2.986793210297947199e-01 1.105206317586097803e-01
2.997626379447967393e-01 1.105055930210069731e-01
3.008479152577989146e-01 1.104905939559545636e-01
3.019351529688011904e-01 1.104756344329865109e-01
3.030243510778034555e-01 1.104607143230577487e-01
3.041155095848058210e-01 1.104458334985256723e-01
3.052086284898081758e-01 1.104309918331288637e-01
3.063037077928106311e-01 1.104161892019882851e-01
3.074007474938131312e-01 1.104014254815639251e-01
3.084997475928156763e-01 1.103867005496639575e-01
3.096007080898180996e-01 1.103720142854122538e-01
3.107036289848207899e-01 1.103573665692458294e-01
3.118085102778234696e-01 1.103427572828858394e-01
3.129153519688261942e-01 1.103281863093348858e-01
3.140241540578289636e-01 1.103136535328546330e-01
3.151349165448318335e-01 1.102991588389615751e-01
3.162476394298346927e-01 1.102847021143919665e-01
3.173623227128376523e-01 1.102702832471128824e-01
3.184789663938406568e-01 1.102559021262941169e-01
3.195975704728435396e-01 1.102415586422909183e-01
3.207181349498466338e-01 1.102272526866427960e-01
3.218406598248497730e-01 1.102129841520469167e-01
3.229651450978529570e-01 1.101987529323536913e-01
3.240915907688562414e-01 1.101845589225533412e-01
3.252199968378595152e-01 1.101704020187801308e-01
3.263503633048628338e-01 1.101562821182898166e-01
3.274826901698662529e-01 1.101421991194416333e-01
3.286169774328696613e-01 1.101281529216033700e-01
3.297532250938730591e-01 1.101141434251068085e-01
3.308914331528765573e-01 1.101001705313143231e-01
3.320316016098801559e-01 1.100862341431022295e-01
3.331737304648837994e-01 1.100723341653992854e-01
3.343178197178874878e-01 1.100584705042566835e-01
3.354638693688912210e-01 1.100446430621178640e-01
3.366118794178950546e-01 1.100308517335976261e-01
3.377618498648988776e-01 1.100170964265536622e-01
3.389137807099027455e-01 1.100033771262032140e-01
3.400676719529066028e-01 1.099896937906060385e-01
3.412235235939105604e-01 1.099760455188322911e-01
3.423813356329146185e-01 1.099624342211076716e-01
3.435411080699187214e-01 1.099488572077762794e-01
3.447028409049228137e-01 1.099353163787591126e-01
3.458665341379270064e-01 1.099218108575747838e-01
3.470321877689312440e-01 1.099083406045476691e-01
3.481998017979355819e-01 1.098949056100805011e-01
3.493693762249399093e-01 1.098815057913142268e-01
3.505409110499441705e-01 1.098681410546070575e-01
3.517144062729485876e-01 1.098548113158561851e-01
3.528898618939531051e-01 1.098415164961930451e-01
3.540672779129576120e-01 1.098282565174286823e-01
3.552466543299622193e-01 1.098150313012337259e-01
3.564279911449668714e-01 1.098018407697286258e-01
3.576112883579715684e-01 1.097886848459122960e-01
3.587965459689763104e-01 1.097755634537369296e-01
3.599837639779809306e-01 1.097624765180311018e-01
3.611729423849858178e-01 1.097494239644350583e-01
3.623640811899906944e-01 1.097364057193774972e-01
3.635571803929956158e-01 1.097234217100687553e-01
3.647522399940006377e-01 1.097104718645051102e-01
3.659492599930056489e-01 1.096975561114647002e-01
3.671482403900107605e-01 1.096846743805018204e-01
3.683491811850159170e-01 1.096718266019338778e-01
3.695520823780210629e-01 1.096590127068353127e-01
3.707569439690261981e-01 1.096462326270340876e-01
3.719637659580314892e-01 1.096334862950976291e-01
3.731725483450368253e-01 1.096207736443315511e-01
3.743832911300422062e-01 1.096080946087677616e-01
3.755959943130476320e-01 1.095954491231633937e-01
3.768106578940531581e-01 1.095828371229901760e-01
3.780272818730586737e-01 1.095702585444283117e-01
3.792458662500642896e-01 1.095577133243604423e-01
3.804664110250698950e-01 1.095452014003662072e-01
3.816889161980754896e-01 1.095327227107110446e-01
3.829133817690812402e-01 1.095202771943482034e-01
3.841398077380869802e-01 1.095078647909067393e-01
3.853681941050928206e-01 1.094954854406821609e-01
3.865985408700987613e-01 1.094831390846421476e-01
3.878308480331046915e-01 1.094708256644069538e-01
3.890651155941106665e-01 1.094585451222539890e-01
3.903013435531166864e-01 1.094462974011053968e-01
3.915395319101228067e-01 1.094340824445251548e-01
3.927796806651288053e-01 1.094219001967163818e-01
3.940217898181350153e-01 1.094097506025079186e-01
3.952658593691412148e-01 1.093976336073553407e-01
3.965118893181475146e-01 1.093855491573373639e-01
3.977598796651538593e-01 1.093734971991402738e-01
3.990098304101602489e-01 1.093614776800650445e-01
4.002617415531666833e-01 1.093494905480141416e-01
4.015156130941732182e-01 1.093375357514892177e-01
4.027714450331797424e-01 1.093256132395848124e-01
4.040292373701862005e-01 1.093137229619881995e-01
4.052889901051928145e-01 1.093018648689640521e-01
4.065507032381995289e-01 1.092900389113626441e-01
4.078143767692062882e-01 1.092782450406037664e-01
4.090800106982130369e-01 1.092664832086816390e-01
4.103476050252198859e-01 1.092547533681524352e-01
4.116171597502267798e-01 1.092430554721321029e-01
4.128886748732337186e-01 1.092313894742993757e-01
4.141621503942407023e-01 1.092197553288730555e-01
4.154375863132476199e-01 1.092081529906309134e-01
4.167149826302546933e-01 1.091965824148917047e-01
4.179943393452618672e-01 1.091850435575036499e-01
4.192756564582690304e-01 1.091735363748621013e-01
4.205589339692762940e-01 1.091620608238880463e-01
4.218441718782836025e-01 1.091506168620253181e-01
4.231313701852909004e-01 1.091392044472487000e-01
4.244205288902982987e-01 1.091278235380413325e-01
4.257116479933056308e-01 1.091164740934142674e-01
4.270047274943131188e-01 1.091051560728752978e-01
4.282997673933206517e-01 1.090938694364495948e-01
4.295967676903282295e-01 1.090826141446669534e-01
4.308957283853359077e-01 1.090713901585534384e-01
4.321966494783435753e-01 1.090601974396300800e-01
4.334995309693513432e-01 1.090490359499006329e-01
4.348043728583591006e-01 1.090379056518457346e-01
4.361111751453669583e-01 1.090268065084697563e-01
4.374199378303746943e-01 1.090157384833378706e-01
4.387306609133826418e-01 1.090047015405357644e-01
4.400433443943906342e-01 1.089936956443268851e-01
4.413579882733986715e-01 1.089827207587258234e-01
4.426745925504067536e-01 1.089717768485606308e-01
4.439931572254149361e-01 1.089608638837427090e-01
4.453136822984231080e-01 1.089499818381705759e-01
4.466361677694313248e-01 1.089391306549122584e-01
4.479606136384396420e-01 1.089283102371967349e-01
4.492870199054478375e-01 1.089175209230599517e-01
4.506153865704562445e-01 1.089067618911009755e-01
4.519457136334646408e-01 1.088960340935522103e-01
4.532780010944731375e-01 1.088853367248172610e-01
4.546122489534816791e-01 1.088746701165121122e-01
4.559484572104903211e-01 1.088640341766669156e-01
4.572866258654989524e-01 1.088534288526819965e-01
4.586267549185076287e-01 1.088428541227408064e-01
4.599688443695163498e-01 1.088323099619021850e-01
4.613128942185250048e-01 1.088217963412094202e-01
4.626589044655338712e-01 1.088113132318819370e-01
4.640068751105427269e-01 1.088008606062696171e-01
4.653568061535516831e-01 1.087904384374090982e-01
4.667086975945606842e-01 1.087800466987056264e-01
4.680625494335697301e-01 1.087696853638993322e-01
4.694183616705788209e-01 1.087593544071248919e-01
4.707761343055879566e-01 1.087490538029359660e-01
4.721358673385971372e-01 1.087387835263091129e-01
4.734975607696062516e-01 1.087285435526330890e-01
4.748612145986155220e-01 1.087183338576959979e-01
4.762268288256248927e-01 1.087081544176938669e-01
4.775944034506342528e-01 1.086980052092206550e-01
4.789639384736437133e-01 1.086878862092723608e-01
4.803354338946532187e-01 1.086777973952389592e-01
4.817088897136627690e-01 1.086677387449088567e-01
4.830843059306723641e-01 1.086577102364653935e-01
4.844616825456818376e-01 1.086477118484786286e-01
4.858410195586915226e-01 1.086377435599113761e-01
4.872223169697012524e-01 1.086278053501147367e-01
4.886055747787110826e-01 1.086178971988226855e-01
4.899907929857209021e-01 1.086080190861571093e-01
4.913779715907308221e-01 1.085981709926201605e-01
4.927671105937407314e-01 1.085883528990939928e-01
4.941582099947507412e-01 1.085785647868399567e-01
4.955512697937607958e-01 1.085688066374970312e-01
4.969462899907707287e-01 1.085590784330810604e-01
4.983432705857808731e-01 1.085493801559772459e-01
4.997422115787910624e-01 1.085397117889473073e-01
5.011431129698012965e-01 1.085300733151255415e-01
5.025459747588115755e-01 1.085204647180064014e-01
5.039507969458218994e-01 1.085108859814607196e-01
5.053575795308323793e-01 1.085013370897239676e-01
5.067663225138427929e-01 1.084918180273917732e-01
5.081770258948532515e-01 1.084823287794296903e-01
5.095896896738636439e-01 1.084728693311583086e-01
5.110043138508743032e-01 1.084634396682646051e-01
5.124208984258848965e-01 1.084540397767918551e-01
5.138394433988955345e-01 1.084446696431402984e-01
5.152599487699063285e-01 1.084353292540696928e-01
5.166824145389171674e-01 1.084260185966953172e-01
5.181068407059279401e-01 1.084167376584807135e-01
5.195332272709388688e-01 1.084074864272493721e-01
5.209615742339498423e-01 1.083982648911736846e-01
5.223918815949606387e-01 1.083890730387774698e-01
5.238241493539717020e-01 1.083799108589311028e-01
5.252583775109828101e-01 1.083707783408568853e-01
5.266945660659939632e-01 1.083616754741238419e-01
5.281327150190051611e-01 1.083526022486471369e-01
5.295728243700164040e-01 1.083435586546835500e-01
5.310148941190276917e-01 1.083345446828403308e-01
5.324589242660390243e-01 1.083255603240624171e-01
5.339049148110504017e-01 1.083166055696433705e-01
5.353528657540617131e-01 1.083076804112102637e-01
5.368027770950731803e-01 1.082987848407376413e-01
5.382546488340846924e-01 1.082899188505353910e-01
5.397084809710962494e-01 1.082810824332536975e-01
5.411642735061079623e-01 1.082722755818820437e-01
5.426220264391196091e-01 1.082634982897442283e-01
5.440817397701314118e-01 1.082547505505024182e-01
5.455434134991431483e-01 1.082460323581540956e-01
5.470070476261550407e-01 1.082373437070324323e-01
5.484726421511667560e-01 1.082286845918018769e-01
5.499401970741787382e-01 1.082200550074621376e-01
5.514097123951906543e-01 1.082114549493482375e-01
5.528811881142027262e-01 1.082028844131227574e-01
5.543546242312148431e-01 1.081943433947826216e-01
5.558300207462270048e-01 1.081858318906554206e-01
5.573073776592392115e-01 1.081773498973984948e-01
5.587866949702514630e-01 1.081688974119990598e-01
5.602679726792635373e-01 1.081604744317748029e-01
5.617512107862758786e-01 1.081520809543694006e-01
5.632364092912882647e-01 1.081437169777581531e-01
5.647235681943006957e-01 1.081353825002404762e-01
5.662126874953131717e-01 1.081270775204488110e-01
5.677037671943258035e-01 1.081188020373340108e-01
5.691968072913383692e-01 1.081105560501808421e-01
5.706918077863509797e-01 1.081023395585977848e-01
5.721887686793637462e-01 1.080941525625178368e-01
5.736876899703762245e-01 1.080859950622000271e-01
5.751885716593890807e-01 1.080778670582288603e-01
5.766914137464018708e-01 1.080697685515133594e-01
5.781962162314148168e-01 1.080616995432878424e-01
5.797029791144278077e-01 1.080536600351079679e-01
5.812117023954407324e-01 1.080456500288569793e-01
5.827223860744538131e-01 1.080376695267378229e-01
5.842350301514669386e-01 1.080297185312821956e-01
5.857496346264799980e-01 1.080217970453386384e-01
5.872661994994931023e-01 1.080139050720865662e-01
5.887847247705062514e-01 1.080060426150193514e-01
5.903052104395195565e-01 1.079982096779591172e-01
5.918276565065329065e-01 1.079904062650452051e-01
5.933520629715463013e-01 1.079826323807472621e-01
5.948784298345597410e-01 1.079748880298699726e-01
5.964067570955732256e-01 1.079671732175341847e-01
5.979370447545868661e-01 1.079594879491222459e-01
5.994692928116004405e-01 1.079518322302619598e-01
6.010035012666138377e-01 1.079442060671389897e-01
6.025396701196276128e-01 1.079366094669769460e-01
6.040777993706413218e-01 1.079290424365050016e-01
6.056178890196550757e-01 1.079215049770603230e-01
6.071599390666689855e-01 1.079139970969860557e-01
6.087039495116828292e-01 1.079065188596656927e-01
6.102499203546968287e-01 1.078990700845884332e-01
6.117978515957107621e-01 1.078916511226972186e-01
6.133477432347248515e-01 1.078842615684095230e-01
6.148995952717387636e-01 1.078769017737340602e-01
6.164534077067529427e-01 1.078695715626969559e-01
6.180091805397671667e-01 1.078622709994522394e-01
6.195669137707813245e-01 1.078550000947351289e-01
6.211266073997956383e-01 1.078477588532957693e-01
6.226882614268099969e-01 1.078405472858122022e-01
6.242518758518244004e-01 1.078333654040006390e-01
6.258174506748388488e-01 1.078262132191898648e-01
6.273849858958533421e-01 1.078190907428329404e-01
6.289544815148676582e-01 1.078119979867873390e-01
6.305259375318823523e-01 1.078049349632949905e-01
6.320993539468969802e-01 1.077979016849230226e-01
6.336747307599116530e-01 1.077908981645555320e-01
6.352520679709263707e-01 1.077839244153961651e-01
6.368313655799411332e-01 1.077769804509812884e-01
6.384126235869560517e-01 1.077700662851711899e-01
6.399958419919709041e-01 1.077631819321608203e-01
6.415810207949856903e-01 1.077563274064703980e-01
6.431681599960007434e-01 1.077495027229492530e-01
6.447572595950157304e-01 1.077427078967781865e-01
6.463483195920308733e-01 1.077359429434673471e-01
6.479413399870459500e-01 1.077292078788593260e-01
6.495363207800611827e-01 1.077225027191240220e-01
6.511332619710764602e-01 1.077158274807692440e-01
6.527321635600916716e-01 1.077091821806315797e-01
6.543330255471070389e-01 1.077025668358833899e-01
6.559358479321222291e-01 1.076959814640283120e-01
6.575406307151376861e-01 1.076894260829058675e-01
6.591473738961531881e-01 1.076829007106915592e-01
6.607560774751687349e-01 1.076764053658981896e-01
6.623667414521843266e-01 1.076699400673696710e-01
6.639793658271999632e-01 1.076635048342945433e-01
6.655939506002157557e-01 1.076570996861942187e-01
6.672104957712314821e-01 1.076507246429316278e-01
6.688290013402472534e-01 1.076443797247095130e-01
6.704494673072629585e-01 1.076380649520686100e-01
6.720718936722788195e-01 1.076317803458931716e-01
6.736962804352947254e-01 1.076255259274106757e-01
6.753226275963107872e-01 1.076193017181892586e-01
6.769509351553267829e-01 1.076131077401414893e-01
6.785812031123429344e-01 1.076069440155250356e-01
6.802134314673590199e-01 1.076008105669460785e-01
6.818476202203752612e-01 1.075947074173506240e-01
6.834837693713914364e-01 1.075886345900401025e-01
6.851218789204075454e-01 1.075825921086582954e-01
6.867619488674239214e-01 1.075765799972031589e-01
6.884039792124403423e-01 1.075705982800202604e-01
6.900479699554568080e-01 1.075646469818074547e-01
6.916939210964733187e-01 1.075587261276153700e-01
6.933418326354898742e-01 1.075528357428496978e-01
6.949917045725064746e-01 1.075469758532693748e-01
6.966435369075231199e-01 1.075411464849874155e-01
6.982973296405398100e-01 1.075353476644794609e-01
6.999530827715563230e-01 1.075295794185729403e-01
7.016107963005731030e-01 1.075238417744580205e-01
7.032704702275899278e-01 1.075181347596860099e-01
7.049321045526069085e-01 1.075124584021677765e-01
7.065956992756238231e-01 1.075068127301782167e-01
7.082612543966407825e-01 1.075011977723555057e-01
7.099287699156578979e-01 1.074956135577048028e-01
7.115982458326749471e-01 1.074900601155968499e-01
7.132696821476921523e-01 1.074845374757711775e-01
7.149430788607090692e-01 1.074790456683338002e-01
7.166184359717263641e-01 1.074735847237659747e-01
7.182957534807437039e-01 1.074681546729175097e-01
7.199750313877609775e-01 1.074627555470119428e-01
7.216562696927784071e-01 1.074573873776510230e-01
7.233394683957958815e-01 1.074520501968065644e-01
7.250246274968132898e-01 1.074467440368331722e-01
7.267117469958308540e-01 1.074414689304633436e-01
7.284008268928482410e-01 1.074362249108100492e-01
7.300918671878658950e-01 1.074310120113654704e-01
7.317848678808835938e-01 1.074258302660101860e-01
7.334798289719013376e-01 1.074206797090078713e-01
7.351767504609192372e-01 1.074155603750071297e-01
7.368756323479370707e-01 1.074104722990487093e-01
7.385764746329549491e-01 1.074054155165596741e-01
7.402792773159728723e-01 1.074003900633616199e-01
7.419840403969908404e-01 1.073953959756658999e-01
7.436907638760087425e-01 1.073904332900837699e-01
7.453994477530268004e-01 1.073855020436182972e-01
7.471100920280450142e-01 1.073806022736742694e-01
7.488226967010631618e-01 1.073757340180536840e-01
7.505372617720814654e-01 1.073708973149634927e-01
7.522537872410997029e-01 1.073660922030122977e-01
7.539722731081180962e-01 1.073613187212154318e-01
7.556927193731364234e-01 1.073565769089937505e-01
7.574151260361549065e-01 1.073518668061804321e-01
7.591394930971732125e-01 1.073471884530152604e-01
7.608658205561917853e-01 1.073425418901565870e-01
7.625941084132104031e-01 1.073379271586728106e-01
7.643243566682289547e-01 1.073333443000516196e-01
7.660565653212476622e-01 1.073287933561998669e-01
7.677907343722664146e-01 1.073242743694439311e-01
7.695268638212852119e-01 1.073197873825357945e-01
7.712649536683040541e-01 1.073153324386483531e-01
7.730050039133229411e-01 1.073109095813849223e-01
7.747470145563417621e-01 1.073065188547774468e-01
7.764909855973607389e-01 1.073021603032877636e-01
7.782369170363797606e-01 1.072978339718141244e-01
7.799848088733989382e-01 1.072935399056868105e-01
7.817346611084180497e-01 1.072892781506770976e-01
7.834864737414372060e-01 1.072850487529942165e-01
7.852402467724565183e-01 1.072808517592930139e-01
7.869959802014757644e-01 1.072766872166691088e-01
7.887536740284951664e-01 1.072725551726678717e-01
7.905133282535142802e-01 1.072684556752828977e-01
7.922749428765337720e-01 1.072643887729614054e-01
7.940385178975533087e-01 1.072603545146020992e-01
7.958040533165727792e-01 1.072563529495626500e-01
7.975715491335924057e-01 1.072523841276583900e-01
7.993410053486120770e-01 1.072484480991678646e-01
8.011124219616317932e-01 1.072445449148321656e-01
8.028857989726515543e-01 1.072406746258589838e-01
8.046611363816711382e-01 1.072368372839278411e-01
8.064384341886909890e-01 1.072330329411883554e-01
8.082176923937108848e-01 1.072292616502627666e-01
8.099989109967308254e-01 1.072255234642536387e-01
8.117820899977508109e-01 1.072218184367436655e-01
8.135672293967708413e-01 1.072181466217954210e-01
8.153543291937909165e-01 1.072145080739580481e-01
8.171433893888111477e-01 1.072109028482710197e-01
8.189344099818313127e-01 1.072073310002610996e-01
8.207273909728513006e-01 1.072037925859535556e-01
8.225223323618716664e-01 1.072002876618662753e-01
8.243192341488919661e-01 1.071968162850193279e-01
8.261180963339124217e-01 1.071933785129337152e-01
8.279189189169328111e-01 1.071899744036386853e-01
8.297217018979533565e-01 1.071866040156696925e-01
8.315264452769738357e-01 1.071832674080768488e-01
8.333331490539944708e-01 1.071799646404208439e-01
8.351418132290151508e-01 1.071766957727855740e-01
8.369524378020356536e-01 1.071734608657721466e-01
8.387650227730564234e-01 1.071702599805078177e-01
8.405795681420771270e-01 1.071670931786484621e-01
8.423960739090979866e-01 1.071639605223776159e-01
8.442145400741188910e-01 1.071608620744164686e-01
8.460349666371398403e-01 1.071577978980232521e-01
8.478573535981608345e-01 1.071547680569948230e-01
8.496817009571818735e-01 1.071517726156752115e-01
8.515080087142030685e-01 1.071488116389548162e-01
8.533362768692239753e-01 1.071458851922773292e-01
8.551665054222451490e-01 1.071429933416366415e-01
8.569986943732663676e-01 1.071401361535933294e-01
8.588328437222877421e-01 1.071373136952609856e-01
8.606689534693090504e-01 1.071345260343254668e-01
8.625070236143304037e-01 1.071317732390401761e-01
8.643470541573519128e-01 1.071290553782311000e-01
8.661890450983733558e-01 1.071263725213013746e-01
8.680329964373949547e-01 1.071237247382372804e-01
8.698789081744163765e-01 1.071211120996071464e-01
8.717267803094379541e-01 1.071185346765680946e-01
8.735766128424596877e-01 1.071159925408725344e-01
8.754284057734814661e-01 1.071134857648673444e-01
8.772821591025032895e-01 1.071110144215003390e-01
8.791378728295250466e-01 1.071085785843241406e-01
8.809955469545469597e-01 1.071061783275018414e-01
8.828551814775689177e-01 1.071038137258068373e-01
8.847167763985909206e-01 1.071014848546325560e-01
8.865803317176127463e-01 1.070991917899937335e-01
8.884458474346348389e-01 1.070969346085299811e-01
8.903133235496569764e-01 1.070947133875104207e-01
8.921827600626792698e-01 1.070925282048433430e-01
8.940541569737014971e-01 1.070903791390706711e-01
8.959275142827237692e-01 1.070882662693824622e-01
8.978028319897460863e-01 1.070861896756141463e-01
8.996801100947685592e-01 1.070841494382588216e-01
9.015593485977907440e-01 1.070821456384597609e-01
9.034405474988133067e-01 1.070801783580301730e-01
9.053237067978358033e-01 1.070782476794468752e-01
9.072088264948584557e-01 1.070763536858587855e-01
9.090959065898810421e-01 1.070744964610929606e-01
9.109849470829037843e-01 1.070726760896576479e-01
9.128759479739264604e-01 1.070708926567483649e-01
9.147689092629492924e-01 1.070691462482523670e-01
9.166638309499721693e-01 1.070674369507545742e-01
9.185607130349948690e-01 1.070657648515428995e-01
9.204595555180178357e-01 1.070641300386099976e-01
9.223603583990407362e-01 1.070625326006639233e-01
9.242631216780637926e-01 1.070609726271325585e-01
9.261678453550868939e-01 1.070594502081623350e-01
9.280745294301100401e-01 1.070579654346340004e-01
9.299831739031333422e-01 1.070565183981600638e-01
9.318937787741565781e-01 1.070551091910945246e-01
9.338063440431798590e-01 1.070537379065375355e-01
9.357208697102029626e-01 1.070524046383390798e-01
9.376373557752263332e-01 1.070511094811091440e-01
9.395558022382498597e-01 1.070498525302195358e-01
9.414762090992733201e-01 1.070486338818133765e-01
9.433985763582968254e-01 1.070474536328064330e-01
9.453229040153204865e-01 1.070463118808992892e-01
9.472491920703440815e-01 1.070452087245753331e-01
9.491774405233678324e-01 1.070441442631170081e-01
9.511076493743915172e-01 1.070431185966028848e-01
9.530398186234151359e-01 1.070421318259216770e-01
9.549739482704390214e-01 1.070411840527709657e-01
9.569100383154629519e-01 1.070402753796710349e-01
9.588480887584868162e-01 1.070394059099667450e-01
9.607880995995108364e-01 1.070385757478351657e-01
9.627300708385349015e-01 1.070377849982942497e-01
9.646740024755590115e-01 1.070370337672078564e-01
9.666198945105831664e-01 1.070363221612918997e-01
9.685677469436073661e-01 1.070356502881237848e-01
9.705175597746313887e-01 1.070350182561453645e-01
9.724693330036556782e-01 1.070344261746795228e-01
9.744230666306800126e-01 1.070338741539222233e-01
9.763787606557043919e-01 1.070333623049633115e-01
9.783364150787289271e-01 1.070328907397891244e-01
9.802960298997533961e-01 1.070324595712881105e-01
9.822576051187779100e-01 1.070320689132603226e-01
9.842211407358025799e-01 1.070317188804257441e-01
9.861866367508271836e-01 1.070314095884304650e-01
9.881540931638517211e-01 1.070311411538552304e-01
9.901235099748764146e-01 1.070309136942250300e-01
9.920948871839012639e-01 1.070307273280133448e-01
9.940682247909260472e-01 1.070305821746525832e-01
9.960435227959509863e-01 1.070304783545435456e-01
9.980207811989759703e-01 1.070304159890627937e-01
1.000000000000000666e+00 1.070303952005692005e-01
