-1.000000000000000021e-02 1.000000000000000000e+00
-9.799999999999999684e-03 9.988995603304108295e-01
-9.600000000000000894e-03 9.977991206629360788e-01
-9.400000000000000369e-03 9.966986809996970509e-01
-9.199999999999999845e-03 9.955982413428079436e-01
-9.000000000000001055e-03 9.944978016943918364e-01
-8.800000000000000530e-03 9.933973620565574869e-01
-8.600000000000000006e-03 9.922969224314295289e-01
-8.399999999999999481e-03 9.911964828211177192e-01
-8.200000000000000691e-03 9.900960432277488010e-01
-8.000000000000000167e-03 9.889956036534319761e-01
-7.799999999999999642e-03 9.878951641002861050e-01
-7.599999999999999985e-03 9.867947245704317139e-01
-7.400000000000000328e-03 9.856942850659830002e-01
-7.199999999999999803e-03 9.845938455890543839e-01
-7.000000000000000146e-03 9.834934061417738294e-01
-6.800000000000000488e-03 9.823929667262458754e-01
-6.599999999999999964e-03 9.812925273445943786e-01
-6.399999999999999439e-03 9.801920879989357571e-01
-6.200000000000000649e-03 9.790916486913839867e-01
-6.000000000000000125e-03 9.779912094240648113e-01
-5.799999999999999600e-03 9.768907701990832138e-01
-5.599999999999999943e-03 9.757903310185676027e-01
-5.400000000000000286e-03 9.746898918846276239e-01
-5.199999999999999761e-03 9.735894527993843584e-01
-5.000000000000000104e-03 9.724890137649543354e-01
-4.799999999999999580e-03 9.713885747834537510e-01
-4.599999999999999922e-03 9.702881358570003556e-01
-4.400000000000000265e-03 9.691876969877090131e-01
-4.199999999999999740e-03 9.680872581777036912e-01
-4.000000000000000083e-03 9.669868194290937025e-01
-3.799999999999999559e-03 9.658863807440023486e-01
-3.599999999999999901e-03 9.647859421245398304e-01
-3.400000000000000244e-03 9.636855035728338903e-01
-3.199999999999999720e-03 9.625850650909912876e-01
-3.000000000000000062e-03 9.614846266811341025e-01
-2.799999999999999538e-03 9.603841883453778649e-01
-2.599999999999999881e-03 9.592837500858436561e-01
-2.400000000000000223e-03 9.581833119046437863e-01
-2.199999999999999699e-03 9.570828738038966721e-01
-2.000000000000000042e-03 9.559824357857233945e-01
-1.799999999999999517e-03 9.548819978522348206e-01
-1.599999999999998992e-03 9.537815600055516985e-01
-1.400000000000000203e-03 9.526811222477933327e-01
-1.199999999999999678e-03 9.515806845810717007e-01
-9.999999999999991535e-04 9.504802470075091048e-01
-8.000000000000003636e-04 9.493798095292166339e-01
-5.999999999999998390e-04 9.482793721483245841e-01
-3.999999999999993144e-04 9.471789348668835373e-01
-2.000000000000005246e-04 9.460784976878094943e-01
0.000000000000000000e+00 9.449780606018614026e-01
