-1.000000000000000021e-02 1.000000000000000000e+00
-9.799999999999999684e-03 9.973359601291990062e-01
-9.600000000000000894e-03 9.946719163679934583e-01
-9.400000000000000369e-03 9.920078774272932387e-01
-9.199999999999999845e-03 9.893438357258232951e-01
-9.000000000000001055e-03 9.866797947981603700e-01
-8.800000000000000530e-03 9.840157541758302040e-01
-8.600000000000000006e-03 9.813517135952866122e-01
-8.399999999999999481e-03 9.786876731664233553e-01
-8.200000000000000691e-03 9.760236329589696558e-01
-8.000000000000000167e-03 9.733595929884891751e-01
-7.799999999999999642e-03 9.706955532710045409e-01
-7.599999999999999985e-03 9.680315138319519619e-01
-7.400000000000000328e-03 9.653674746987721544e-01
-7.199999999999999803e-03 9.627034358975666839e-01
-7.000000000000000146e-03 9.600393974536129971e-01
-6.800000000000000488e-03 9.573753593921731087e-01
-6.599999999999999964e-03 9.547113217387140915e-01
-6.399999999999999439e-03 9.520472845187820665e-01
-6.200000000000000649e-03 9.493832477579081663e-01
-6.000000000000000125e-03 9.467192114815997650e-01
-5.799999999999999600e-03 9.440551757153536894e-01
-5.599999999999999943e-03 9.413911404846678765e-01
-5.400000000000000286e-03 9.387271058150438163e-01
-5.199999999999999761e-03 9.360630717319863292e-01
-5.000000000000000104e-03 9.333990382609962388e-01
-4.799999999999999580e-03 9.307350054275822515e-01
-4.599999999999999922e-03 9.280709732572369752e-01
-4.400000000000000265e-03 9.254069417754771099e-01
-4.199999999999999740e-03 9.227429110077903784e-01
-4.000000000000000083e-03 9.200788809796862644e-01
-3.799999999999999559e-03 9.174148517166706984e-01
-3.599999999999999901e-03 9.147508232442453924e-01
-3.400000000000000244e-03 9.120867955879179423e-01
-3.199999999999999720e-03 9.094227687731751830e-01
-3.000000000000000062e-03 9.067587428254937354e-01
-2.799999999999999538e-03 9.040947177703814175e-01
-2.599999999999999881e-03 9.014306936334450793e-01
-2.400000000000000223e-03 8.987666704403288742e-01
-2.199999999999999699e-03 8.961026482163810813e-01
-2.000000000000000042e-03 8.934386269862337748e-01
-1.799999999999999517e-03 8.907746067748771868e-01
-1.599999999999998992e-03 8.881105876111962116e-01
-1.400000000000000203e-03 8.854465695266923175e-01
-1.199999999999999678e-03 8.827825525342334334e-01
-9.999999999999991535e-04 8.801185366193369219e-01
-8.000000000000003636e-04 8.774545218845933858e-01
-5.999999999999998390e-04 8.747905085861816810e-01
-3.999999999999993144e-04 8.721264956834871018e-01
-2.000000000000005246e-04 8.694624851674681576e-01
0.000000000000000000e+00 8.667984742997365544e-01
