-1.000000000000000021e-02 1.000000000000000000e+00
-9.799999999999999684e-03 9.954914955327360815e-01
-9.600000000000000894e-03 9.909829911012013604e-01
-9.400000000000000369e-03 9.864744867411322504e-01
-9.199999999999999845e-03 9.819659824882553956e-01
-9.000000000000001055e-03 9.774574783783046561e-01
-8.800000000000000530e-03 9.729489744470091184e-01
-8.600000000000000006e-03 9.684404707301056403e-01
-8.399999999999999481e-03 9.639319672633188674e-01
-8.200000000000000691e-03 9.594234640823841032e-01
-8.000000000000000167e-03 9.549149612230314332e-01
-7.799999999999999642e-03 9.504064587209943848e-01
-7.599999999999999985e-03 9.458979566119996019e-01
-7.400000000000000328e-03 9.413894549317832761e-01
-7.199999999999999803e-03 9.368809537160740497e-01
-7.000000000000000146e-03 9.323724530006036737e-01
-6.800000000000000488e-03 9.278639528211026777e-01
-6.599999999999999964e-03 9.233554532133058101e-01
-6.399999999999999439e-03 9.188469542129412693e-01
-6.200000000000000649e-03 9.143384558557393627e-01
-6.000000000000000125e-03 9.098299581774355049e-01
-5.799999999999999600e-03 9.053214612137566730e-01
-5.599999999999999943e-03 9.008129650004352840e-01
-5.400000000000000286e-03 8.963044695732047540e-01
-5.199999999999999761e-03 8.917959749677929482e-01
-5.000000000000000104e-03 8.872874812199325056e-01
-4.799999999999999580e-03 8.827789883653567315e-01
-4.599999999999999922e-03 8.782704964397941572e-01
-4.400000000000000265e-03 8.737620054789743129e-01
-4.199999999999999740e-03 8.692535155186328355e-01
-4.000000000000000083e-03 8.647450265944965908e-01
-3.799999999999999559e-03 8.602365387422999943e-01
-3.599999999999999901e-03 8.557280519977721323e-01
-3.400000000000000244e-03 8.512195663966428683e-01
-3.199999999999999720e-03 8.467110819746465067e-01
-3.000000000000000062e-03 8.422025987675099135e-01
-2.799999999999999538e-03 8.376941168109697244e-01
-2.599999999999999881e-03 8.331856361407499190e-01
-2.400000000000000223e-03 8.286771567925852455e-01
-2.199999999999999699e-03 8.241686788022071219e-01
-2.000000000000000042e-03 8.196602022053444125e-01
-1.799999999999999517e-03 8.151517270377298674e-01
-1.599999999999998992e-03 8.106432533350909075e-01
-1.400000000000000203e-03 8.061347811331620594e-01
-1.199999999999999678e-03 8.016263104676712992e-01
-9.999999999999991535e-04 7.971178413743505997e-01
-8.000000000000003636e-04 7.926093738889288254e-01
-5.999999999999998390e-04 7.881009080471446104e-01
-3.999999999999993144e-04 7.835924438846239015e-01
-2.000000000000005246e-04 7.790839814390803086e-01
0.000000000000000000e+00 7.745755206857393160e-01
