-1.000000000000000021e-02 1.000000000000000000e+00
-9.799999999999999684e-03 9.862222709615477978e-01
-9.600000000000000894e-03 9.724445419368920041e-01
-9.400000000000000369e-03 9.586668129402047267e-01
-9.199999999999999845e-03 9.448890839850312418e-01
-9.000000000000001055e-03 9.311113550856103815e-01
-8.800000000000000530e-03 9.173336262555819021e-01
-8.600000000000000006e-03 9.035558975090061118e-01
-8.399999999999999481e-03 8.897781688597030669e-01
-8.200000000000000691e-03 8.760004403216014035e-01
-8.000000000000000167e-03 8.622227119085922320e-01
-7.799999999999999642e-03 8.484449836345790974e-01
-7.599999999999999985e-03 8.346672555134585503e-01
-7.400000000000000328e-03 8.208895275591294727e-01
-7.199999999999999803e-03 8.071117997854938553e-01
-7.000000000000000146e-03 7.933340722064472494e-01
-6.800000000000000488e-03 7.795563448358953096e-01
-6.599999999999999964e-03 7.657786176877332540e-01
-6.399999999999999439e-03 7.520008907758568562e-01
-6.200000000000000649e-03 7.382231641141724365e-01
-6.000000000000000125e-03 7.244454377165762127e-01
-5.799999999999999600e-03 7.106677115969659564e-01
-5.599999999999999943e-03 6.968899857692462119e-01
-5.400000000000000286e-03 6.831122602473091998e-01
-5.199999999999999761e-03 6.693345350450603526e-01
-5.000000000000000104e-03 6.555568101763954436e-01
-4.799999999999999580e-03 6.417790856552165746e-01
-4.599999999999999922e-03 6.280013614954224055e-01
-4.400000000000000265e-03 6.142236377109079326e-01
-4.199999999999999740e-03 6.004459143155800316e-01
-4.000000000000000083e-03 5.866681913233299239e-01
-3.799999999999999559e-03 5.728904687480658176e-01
-3.599999999999999901e-03 5.591127466036819316e-01
-3.400000000000000244e-03 5.453350249040774811e-01
-3.199999999999999720e-03 5.315573036631505710e-01
-3.000000000000000062e-03 5.177795828948048573e-01
-2.799999999999999538e-03 5.040018626129374457e-01
-2.599999999999999881e-03 4.902241428314460525e-01
-2.400000000000000223e-03 4.764464235642321688e-01
-2.199999999999999699e-03 4.626687048251956758e-01
-2.000000000000000042e-03 4.488909866282326244e-01
-1.799999999999999517e-03 4.351132689872458381e-01
-1.599999999999998992e-03 4.213355519161314788e-01
-1.400000000000000203e-03 4.075578354287906491e-01
-1.199999999999999678e-03 3.937801195391223974e-01
-9.999999999999991535e-04 3.800024042610288255e-01
-8.000000000000003636e-04 3.662246896084048742e-01
-5.999999999999998390e-04 3.524469755951810668e-01
-3.999999999999993144e-04 3.386692622352270865e-01
-2.000000000000005246e-04 3.248915495411753840e-01
0.000000000000000000e+00 3.111138375483931129e-01
