-1.000000000000000021e-02 1.000000000000000000e+00
-9.799999999999999684e-03 9.978056014081182479e-01
-9.600000000000000894e-03 9.956112028362079647e-01
-9.400000000000000369e-03 9.934168043042588270e-01
-9.199999999999999845e-03 9.912224058322355313e-01
-9.000000000000001055e-03 9.890280074401224253e-01
-8.800000000000000530e-03 9.868336091478937533e-01
-8.600000000000000006e-03 9.846392109755273125e-01
-8.399999999999999481e-03 9.824448129429991239e-01
-8.200000000000000691e-03 9.802504150702882058e-01
-8.000000000000000167e-03 9.780560173773686916e-01
-7.799999999999999642e-03 9.758616198842215983e-01
-7.599999999999999985e-03 9.736672226108196160e-01
-7.400000000000000328e-03 9.714728255771437615e-01
-7.199999999999999803e-03 9.692784288031680573e-01
-7.000000000000000146e-03 9.670840323088703006e-01
-6.800000000000000488e-03 9.648896361142274003e-01
-6.599999999999999964e-03 9.626952402392192631e-01
-6.399999999999999439e-03 9.605008447038210218e-01
-6.200000000000000649e-03 9.583064495280064765e-01
-6.000000000000000125e-03 9.561120547317588647e-01
-5.799999999999999600e-03 9.539176603350508765e-01
-5.599999999999999943e-03 9.517232663578617524e-01
-5.400000000000000286e-03 9.495288728201671802e-01
-5.199999999999999761e-03 9.473344797419480656e-01
-5.000000000000000104e-03 9.451400871431764328e-01
-4.799999999999999580e-03 9.429456950438346308e-01
-4.599999999999999922e-03 9.407513034638947946e-01
-4.400000000000000265e-03 9.385569124233388294e-01
-4.199999999999999740e-03 9.363625219421413126e-01
-4.000000000000000083e-03 9.341681320402815958e-01
-3.799999999999999559e-03 9.319737427377354777e-01
-3.599999999999999901e-03 9.297793540544802005e-01
-3.400000000000000244e-03 9.275849660104954486e-01
-3.199999999999999720e-03 9.253905786257569099e-01
-3.000000000000000062e-03 9.231961919202421596e-01
-2.799999999999999538e-03 9.210018059139296609e-01
-2.599999999999999881e-03 9.188074206267959898e-01
-2.400000000000000223e-03 9.166130360788186104e-01
-2.199999999999999699e-03 9.144186522899770964e-01
-2.000000000000000042e-03 9.122242692802478015e-01
-1.799999999999999517e-03 9.100298870696088560e-01
-1.599999999999998992e-03 9.078355056780365029e-01
-1.400000000000000203e-03 9.056411251255110928e-01
-1.199999999999999678e-03 9.034467454320082025e-01
-9.999999999999991535e-04 9.012523666175084047e-01
-8.000000000000003636e-04 8.990579887019856109e-01
-5.999999999999998390e-04 8.968636117054262780e-01
-3.999999999999993144e-04 8.946692356477382591e-01
-2.000000000000005246e-04 8.924748605497295761e-01
0.000000000000000000e+00 8.902804864204177937e-01
