-1.000000000000000021e-02 1.000000000000000000e+00
-9.799999999999999684e-03 9.830436827454120952e-01
-9.600000000000000894e-03 9.660852976460835295e-01
-9.400000000000000369e-03 9.491263095726724108e-01
-9.199999999999999845e-03 9.321673536650003644e-01
-9.000000000000001055e-03 9.152086393435310274e-01
-8.800000000000000530e-03 8.982501788430945489e-01
-8.600000000000000006e-03 8.812919097943915370e-01
-8.399999999999999481e-03 8.643337558709484059e-01
-8.200000000000000691e-03 8.473756527707346775e-01
-8.000000000000000167e-03 8.304175559746281854e-01
-7.799999999999999642e-03 8.134594398525542003e-01
-7.599999999999999985e-03 7.965012934251479715e-01
-7.400000000000000328e-03 7.795431155176844040e-01
-7.199999999999999803e-03 7.625849105500855929e-01
-7.000000000000000146e-03 7.456266853843288578e-01
-6.800000000000000488e-03 7.286684472334713503e-01
-6.599999999999999964e-03 7.117102024546915207e-01
-6.399999999999999439e-03 6.947519559962995750e-01
-6.200000000000000649e-03 6.777937112810389353e-01
-6.000000000000000125e-03 6.608354703475134428e-01
-5.799999999999999600e-03 6.438772341180755143e-01
-5.599999999999999943e-03 6.269190027039174273e-01
-5.400000000000000286e-03 6.099607756930229829e-01
-5.199999999999999761e-03 5.930025523923875275e-01
-5.000000000000000104e-03 5.760443320136262590e-01
-4.799999999999999580e-03 5.590861138024462162e-01
-4.599999999999999922e-03 5.421278971182964534e-01
-4.400000000000000265e-03 5.251696814733577412e-01
-4.199999999999999740e-03 5.082114665402586162e-01
-4.000000000000000083e-03 4.912532521369049610e-01
-3.799999999999999559e-03 4.742950381954744166e-01
-3.599999999999999901e-03 4.573368247209598225e-01
-3.400000000000000244e-03 4.403786117437976100e-01
-3.199999999999999720e-03 4.234203992707072373e-01
-3.000000000000000062e-03 4.064621872386735002e-01
-2.799999999999999538e-03 3.895039754787366082e-01
-2.599999999999999881e-03 3.725457636992561827e-01
-2.400000000000000223e-03 3.555875515019603639e-01
-2.199999999999999699e-03 3.386293384478404889e-01
-2.000000000000000042e-03 3.216711241919257835e-01
-1.799999999999999517e-03 3.047129087030542860e-01
-1.599999999999998992e-03 2.877546925713554415e-01
-1.400000000000000203e-03 2.707964773726013186e-01
-1.199999999999999678e-03 2.538382659895812021e-01
-9.999999999999991535e-04 2.368800626612225513e-01
-8.000000000000003636e-04 2.199218723019681354e-01
-5.999999999999998390e-04 2.029636982477684981e-01
-3.999999999999993144e-04 1.860055369517579216e-01
-2.000000000000005246e-04 1.690473671393090405e-01
0.000000000000000000e+00 1.520891293425501167e-01
