-1.000000000000000021e-02 1.000000000000000000e+00
-9.799999999999999684e-03 9.976467429428953482e-01
-9.600000000000000894e-03 9.952934859098346854e-01
-9.400000000000000369e-03 9.929402289249482649e-01
-9.199999999999999845e-03 9.905869720122287836e-01
-9.000000000000001055e-03 9.882337151958165977e-01
-8.800000000000000530e-03 9.858804584997212794e-01
-8.600000000000000006e-03 9.835272019480523209e-01
-8.399999999999999481e-03 9.811739455648529340e-01
-8.200000000000000691e-03 9.788206893742078529e-01
-8.000000000000000167e-03 9.764674334001752776e-01
-7.799999999999999642e-03 9.741141776668300611e-01
-7.599999999999999985e-03 9.717609221982348444e-01
-7.400000000000000328e-03 9.694076670184631483e-01
-7.199999999999999803e-03 9.670544121515806113e-01
-7.000000000000000146e-03 9.647011576216577566e-01
-6.800000000000000488e-03 9.623479034527629983e-01
-6.599999999999999964e-03 9.599946496689631958e-01
-6.399999999999999439e-03 9.576413962943269853e-01
-6.200000000000000649e-03 9.552881433529268884e-01
-6.000000000000000125e-03 9.529348908688272113e-01
-5.799999999999999600e-03 9.505816388660980332e-01
-5.599999999999999943e-03 9.482283873688096554e-01
-5.400000000000000286e-03 9.458751364010282714e-01
-5.199999999999999761e-03 9.435218859868249597e-01
-5.000000000000000104e-03 9.411686361502671350e-01
-4.799999999999999580e-03 9.388153869154229891e-01
-4.599999999999999922e-03 9.364621383063658211e-01
-4.400000000000000265e-03 9.341088903471592708e-01
-4.199999999999999740e-03 9.317556430618740837e-01
-4.000000000000000083e-03 9.294023964745817823e-01
-3.799999999999999559e-03 9.270491506093467837e-01
-3.599999999999999901e-03 9.246959054902428310e-01
-3.400000000000000244e-03 9.223426611413347853e-01
-3.199999999999999720e-03 9.199894175866991652e-01
-3.000000000000000062e-03 9.176361748503946147e-01
-2.799999999999999538e-03 9.152829329565000949e-01
-2.599999999999999881e-03 9.129296919290807999e-01
-2.400000000000000223e-03 9.105764517922037005e-01
-2.199999999999999699e-03 9.082232125699430947e-01
-2.000000000000000042e-03 9.058699742863657312e-01
-1.799999999999999517e-03 9.035167369655439096e-01
-1.599999999999998992e-03 9.011635006315444896e-01
-1.400000000000000203e-03 8.988102653084354410e-01
-1.199999999999999678e-03 8.964570310202922832e-01
-9.999999999999991535e-04 8.941037977911823198e-01
-8.000000000000003636e-04 8.917505656451719664e-01
-5.999999999999998390e-04 8.893973346063459573e-01
-3.999999999999993144e-04 8.870441046986421441e-01
-2.000000000000005246e-04 8.846908759475837769e-01
0.000000000000000000e+00 8.823376483592527686e-01
