-1.000000000000000021e-02 1.000000000000000000e+00
-9.799999999999999684e-03 9.997848984448498566e-01
-9.600000000000000894e-03 9.995697759139591243e-01
-9.400000000000000369e-03 9.993546470804504089e-01
-9.199999999999999845e-03 9.991395184120580586e-01
-9.000000000000001055e-03 9.989243921148817096e-01
-8.800000000000000530e-03 9.987092683865816944e-01
-8.600000000000000006e-03 9.984941466399720467e-01
-8.399999999999999481e-03 9.982790261187755032e-01
-8.200000000000000691e-03 9.980639061689825509e-01
-8.000000000000000167e-03 9.978487863263230118e-01
-7.799999999999999642e-03 9.976336663142391092e-01
-7.599999999999999985e-03 9.974185460054511010e-01
-7.400000000000000328e-03 9.972034253753414568e-01
-7.199999999999999803e-03 9.969883044601546285e-01
-7.000000000000000146e-03 9.967731833248046902e-01
-6.800000000000000488e-03 9.965580620410117163e-01
-6.599999999999999964e-03 9.963429406739847671e-01
-6.399999999999999439e-03 9.961278192761113814e-01
-6.200000000000000649e-03 9.959126978848621414e-01
-6.000000000000000125e-03 9.956975765236100173e-01
-5.799999999999999600e-03 9.954824552040340002e-01
-5.599999999999999943e-03 9.952673339288934384e-01
-5.400000000000000286e-03 9.950522126948370127e-01
-5.199999999999999761e-03 9.948370914949171695e-01
-5.000000000000000104e-03 9.946219703203437179e-01
-4.799999999999999580e-03 9.944068491621769201e-01
-4.599999999999999922e-03 9.941917280119855205e-01
-4.400000000000000265e-03 9.939766068626537665e-01
-4.199999999999999740e-03 9.937614857087199161e-01
-4.000000000000000083e-03 9.935463645464612803e-01
-3.799999999999999559e-03 9.933312433741923186e-01
-3.599999999999999901e-03 9.931161221922674143e-01
-3.400000000000000244e-03 9.929010010031744660e-01
-3.199999999999999720e-03 9.926858798116287019e-01
-3.000000000000000062e-03 9.924707586244164714e-01
-2.799999999999999538e-03 9.922556374500882681e-01
-2.599999999999999881e-03 9.920405162980651115e-01
-2.400000000000000223e-03 9.918253951769820942e-01
-2.199999999999999699e-03 9.916102740922102532e-01
-2.000000000000000042e-03 9.913951530420568314e-01
-1.799999999999999517e-03 9.911800320128512087e-01
-1.599999999999998992e-03 9.909649109736017314e-01
-1.400000000000000203e-03 9.907497898715800222e-01
-1.199999999999999678e-03 9.905346686322036298e-01
-9.999999999999991535e-04 9.903195471696248919e-01
-8.000000000000003636e-04 9.901044254192694627e-01
-5.999999999999998390e-04 9.898893034114668588e-01
-3.999999999999993144e-04 9.896741814177578700e-01
-2.000000000000005246e-04 9.894590602204259566e-01
0.000000000000000000e+00 9.892439415847581463e-01
