-1.000000000000000021e-02 1.000000000000000000e+00
-9.799999999999999684e-03 9.985621004716266347e-01
-9.600000000000000894e-03 9.971241757118869398e-01
-9.400000000000000369e-03 9.956862765553614603e-01
-9.199999999999999845e-03 9.942483680766384113e-01
-9.000000000000001055e-03 9.928104583501755620e-01
-8.800000000000000530e-03 9.913725500356972420e-01
-8.600000000000000006e-03 9.899346420999637353e-01
-8.399999999999999481e-03 9.884967339852653856e-01
-8.200000000000000691e-03 9.870588257637198382e-01
-8.000000000000000167e-03 9.856209175717000059e-01
-7.799999999999999642e-03 9.841830094438891452e-01
-7.599999999999999985e-03 9.827451013650034817e-01
-7.400000000000000328e-03 9.813071933220007814e-01
-7.199999999999999803e-03 9.798692853148177617e-01
-7.000000000000000146e-03 9.784313773492721023e-01
-6.800000000000000488e-03 9.769934694309356793e-01
-6.599999999999999964e-03 9.755555615636289923e-01
-6.399999999999999439e-03 9.741176537502055366e-01
-6.200000000000000649e-03 9.726797459933752554e-01
-6.000000000000000125e-03 9.712418382960942287e-01
-5.799999999999999600e-03 9.698039306615183763e-01
-5.599999999999999943e-03 9.683660230928374801e-01
-5.400000000000000286e-03 9.669281155932493155e-01
-5.199999999999999761e-03 9.654902081659022528e-01
-5.000000000000000104e-03 9.640523008139297856e-01
-4.799999999999999580e-03 9.626143935404690710e-01
-4.599999999999999922e-03 9.611764863486491617e-01
-4.400000000000000265e-03 9.597385792416119887e-01
-4.199999999999999740e-03 9.583006722224969298e-01
-4.000000000000000083e-03 9.568627652944511341e-01
-3.799999999999999559e-03 9.554248584605968819e-01
-3.599999999999999901e-03 9.539869517240872065e-01
-3.400000000000000244e-03 9.525490450880582660e-01
-3.199999999999999720e-03 9.511111385556678677e-01
-3.000000000000000062e-03 9.496732321300714874e-01
-2.799999999999999538e-03 9.482353258144222696e-01
-2.599999999999999881e-03 9.467974196117764363e-01
-2.400000000000000223e-03 9.453595135251345871e-01
-2.199999999999999699e-03 9.439216075575906917e-01
-2.000000000000000042e-03 9.424837017127368766e-01
-1.799999999999999517e-03 9.410457959946531004e-01
-1.599999999999998992e-03 9.396078904064233406e-01
-1.400000000000000203e-03 9.381699849472738828e-01
-1.199999999999999678e-03 9.367320796148346229e-01
-9.999999999999991535e-04 9.352941744233705945e-01
-8.000000000000003636e-04 9.338562694149740162e-01
-5.999999999999998390e-04 9.324183645505685902e-01
-3.999999999999993144e-04 9.309804595779562764e-01
-2.000000000000005246e-04 9.295425553093173976e-01
0.000000000000000000e+00 9.281046503364089872e-01
