-1.000000000000000021e-02 1.000000000000000000e+00
-9.799999999999999684e-03 9.958358907028874718e-01
-9.600000000000000894e-03 9.916717810952819789e-01
-9.400000000000000369e-03 9.875076723467689499e-01
-9.199999999999999845e-03 9.833435635189065049e-01
-9.000000000000001055e-03 9.791794554176729282e-01
-8.800000000000000530e-03 9.750153479158973902e-01
-8.600000000000000006e-03 9.708512411707980183e-01
-8.399999999999999481e-03 9.666871353304483661e-01
-8.200000000000000691e-03 9.625230305164552691e-01
-8.000000000000000167e-03 9.583589268548110551e-01
-7.799999999999999642e-03 9.541948244747013863e-01
-7.599999999999999985e-03 9.500307235046938636e-01
-7.400000000000000328e-03 9.458666240728217378e-01
-7.199999999999999803e-03 9.417025263071642227e-01
-7.000000000000000146e-03 9.375384303359092231e-01
-6.800000000000000488e-03 9.333743362872491955e-01
-6.599999999999999964e-03 9.292102442893602765e-01
-6.399999999999999439e-03 9.250461544704128292e-01
-6.200000000000000649e-03 9.208820669585771057e-01
-6.000000000000000125e-03 9.167179818820289094e-01
-5.799999999999999600e-03 9.125538993689427114e-01
-5.599999999999999943e-03 9.083898195474918724e-01
-5.400000000000000286e-03 9.042257425458484210e-01
-5.199999999999999761e-03 9.000616684921923794e-01
-5.000000000000000104e-03 8.958975975146912241e-01
-4.799999999999999580e-03 8.917335297415219797e-01
-4.599999999999999922e-03 8.875694653008632251e-01
-4.400000000000000265e-03 8.834054043208869889e-01
-4.199999999999999740e-03 8.792413469297648554e-01
-4.000000000000000083e-03 8.750772932556777350e-01
-3.799999999999999559e-03 8.709132434267966572e-01
-3.599999999999999901e-03 8.667491975713020880e-01
-3.400000000000000244e-03 8.625851558173649458e-01
-3.199999999999999720e-03 8.584211182931663631e-01
-3.000000000000000062e-03 8.542570851268750376e-01
-2.799999999999999538e-03 8.500930564466702144e-01
-2.599999999999999881e-03 8.459290323807346912e-01
-2.400000000000000223e-03 8.417650130572585931e-01
-2.199999999999999699e-03 8.376009986043967404e-01
-2.000000000000000042e-03 8.334369891502553251e-01
-1.799999999999999517e-03 8.292729848230460110e-01
-1.599999999999998992e-03 8.251089857513675963e-01
-1.400000000000000203e-03 8.209449920632839737e-01
-1.199999999999999678e-03 8.167810038845313425e-01
-9.999999999999991535e-04 8.126170213455320424e-01
-8.000000000000003636e-04 8.084530445884993144e-01
-5.999999999999998390e-04 8.042890736909471538e-01
-3.999999999999993144e-04 8.001251088602501227e-01
-2.000000000000005246e-04 7.959611501931815880e-01
0.000000000000000000e+00 7.917971975001072416e-01
