-1.000000000000000021e-02 1.000000000000000000e+00
-9.799999999999999684e-03 9.984958725127024426e-01
-9.600000000000000894e-03 9.969917115349241632e-01
-9.400000000000000369e-03 9.954875832054085327e-01
-9.199999999999999845e-03 9.939834444854103168e-01
-9.000000000000001055e-03 9.924793033228411776e-01
-8.800000000000000530e-03 9.909751637233462640e-01
-8.600000000000000006e-03 9.894710248036641120e-01
-8.399999999999999481e-03 9.879668857511545443e-01
-8.200000000000000691e-03 9.864627465322620692e-01
-8.000000000000000167e-03 9.849586073094218630e-01
-7.799999999999999642e-03 9.834544681559305168e-01
-7.599999999999999985e-03 9.819503290676062646e-01
-7.400000000000000328e-03 9.804461900263515828e-01
-7.199999999999999803e-03 9.789420510263491249e-01
-7.000000000000000146e-03 9.774379120718905689e-01
-6.800000000000000488e-03 9.759337731697169671e-01
-6.599999999999999964e-03 9.744296343251880321e-01
-6.399999999999999439e-03 9.729254955420919559e-01
-6.200000000000000649e-03 9.714213568235541274e-01
-6.000000000000000125e-03 9.699172181727601094e-01
-5.799999999999999600e-03 9.684130795931554792e-01
-5.599999999999999943e-03 9.669089410883199287e-01
-5.400000000000000286e-03 9.654048026618856637e-01
-5.199999999999999761e-03 9.639006643174711231e-01
-5.000000000000000104e-03 9.623965260586438974e-01
-4.799999999999999580e-03 9.608923878889752412e-01
-4.599999999999999922e-03 9.593882498120160918e-01
-4.400000000000000265e-03 9.578841118313252689e-01
-4.199999999999999740e-03 9.563799739504623698e-01
-4.000000000000000083e-03 9.548758361729977606e-01
-3.799999999999999559e-03 9.533716985024900392e-01
-3.599999999999999901e-03 9.518675609425059081e-01
-3.400000000000000244e-03 9.503634234966262806e-01
-3.199999999999999720e-03 9.488592861684419510e-01
-3.000000000000000062e-03 9.473551489615277266e-01
-2.799999999999999538e-03 9.458510118794176691e-01
-2.599999999999999881e-03 9.443468749255327088e-01
-2.400000000000000223e-03 9.428427381033052113e-01
-2.199999999999999699e-03 9.413386014164448756e-01
-2.000000000000000042e-03 9.398344648693073289e-01
-1.799999999999999517e-03 9.383303284663929711e-01
-1.599999999999998992e-03 9.368261922100808992e-01
-1.400000000000000203e-03 9.353220560982302700e-01
-1.199999999999999678e-03 9.338179201303172805e-01
-9.999999999999991535e-04 9.323137843296723792e-01
-8.000000000000003636e-04 9.308096487423770382e-01
-5.999999999999998390e-04 9.293055132951332231e-01
-3.999999999999993144e-04 9.278013777105824644e-01
-2.000000000000005246e-04 9.262972430019474901e-01
0.000000000000000000e+00 9.247931074564608167e-01
