-1.000000000000000021e-02 1.000000000000000000e+00
-9.799999999999999684e-03 9.986823596553940918e-01
-9.600000000000000894e-03 9.973647193155497082e-01
-9.400000000000000369e-03 9.960470789852234885e-01
-9.199999999999999845e-03 9.947294386691855061e-01
-9.000000000000001055e-03 9.934117983721816314e-01
-8.800000000000000530e-03 9.920941580989847131e-01
-8.600000000000000006e-03 9.907765178543521678e-01
-8.399999999999999481e-03 9.894588776430373045e-01
-8.200000000000000691e-03 9.881412374698136381e-01
-8.000000000000000167e-03 9.868235973394302585e-01
-7.799999999999999642e-03 9.855059572566530202e-01
-7.599999999999999985e-03 9.841883172262428925e-01
-7.400000000000000328e-03 9.828706772529569591e-01
-7.199999999999999803e-03 9.815530373415579657e-01
-7.000000000000000146e-03 9.802353974968076589e-01
-6.800000000000000488e-03 9.789177577234644545e-01
-6.599999999999999964e-03 9.776001180262874346e-01
-6.399999999999999439e-03 9.762824784100416764e-01
-6.200000000000000649e-03 9.749648388794853737e-01
-6.000000000000000125e-03 9.736471994393752771e-01
-5.799999999999999600e-03 9.723295600944794614e-01
-5.599999999999999943e-03 9.710119208495512355e-01
-5.400000000000000286e-03 9.696942817093537892e-01
-5.199999999999999761e-03 9.683766426786506454e-01
-5.000000000000000104e-03 9.670590037621971113e-01
-4.799999999999999580e-03 9.657413649647567100e-01
-4.599999999999999922e-03 9.644237262910896336e-01
-4.400000000000000265e-03 9.631060877459548530e-01
-4.199999999999999740e-03 9.617884493341143370e-01
-4.000000000000000083e-03 9.604708110603277227e-01
-3.799999999999999559e-03 9.591531729293547581e-01
-3.599999999999999901e-03 9.578355349459569679e-01
-3.400000000000000244e-03 9.565178971148964315e-01
-3.199999999999999720e-03 9.552002594409301217e-01
-3.000000000000000062e-03 9.538826219288203401e-01
-2.799999999999999538e-03 9.525649845833250584e-01
-2.599999999999999881e-03 9.512473474092100201e-01
-2.400000000000000223e-03 9.499297104112288670e-01
-2.199999999999999699e-03 9.486120735941476756e-01
-2.000000000000000042e-03 9.472944369627226413e-01
-1.799999999999999517e-03 9.459768005217157327e-01
-1.599999999999998992e-03 9.446591642758891405e-01
-1.400000000000000203e-03 9.433415282299987270e-01
-1.199999999999999678e-03 9.420238923888101246e-01
-9.999999999999991535e-04 9.407062567570779743e-01
-8.000000000000003636e-04 9.393886213395681306e-01
-5.999999999999998390e-04 9.380709861410353456e-01
-3.999999999999993144e-04 9.367533511662453627e-01
-2.000000000000005246e-04 9.354357164199559316e-01
0.000000000000000000e+00 9.341180819068777286e-01
