-1.000000000000000021e-02 1.000000000000000000e+00
-9.799999999999999684e-03 9.829995985521251534e-01
-9.600000000000000894e-03 9.659989803058122160e-01
-9.400000000000000369e-03 9.489984952599845869e-01
-9.199999999999999845e-03 9.319980280529106542e-01
-9.000000000000001055e-03 9.149975415651890875e-01
-8.800000000000000530e-03 8.979970445097940068e-01
-8.600000000000000006e-03 8.809965473090181076e-01
-8.399999999999999481e-03 8.639960529536976352e-01
-8.200000000000000691e-03 8.469955604793484305e-01
-8.000000000000000167e-03 8.299950684658347067e-01
-7.799999999999999642e-03 8.129945762382354557e-01
-7.599999999999999985e-03 7.959940837553426407e-01
-7.400000000000000328e-03 7.789935912136025653e-01
-7.199999999999999803e-03 7.619930987924955490e-01
-7.000000000000000146e-03 7.449926065795873242e-01
-6.800000000000000488e-03 7.279921145911375513e-01
-6.599999999999999964e-03 7.109916228140154004e-01
-6.399999999999999439e-03 6.939911312348036043e-01
-6.200000000000000649e-03 6.769906398508697132e-01
-6.000000000000000125e-03 6.599901486699194519e-01
-5.799999999999999600e-03 6.429896577053698659e-01
-5.599999999999999943e-03 6.259891669721399099e-01
-5.400000000000000286e-03 6.089886764843116529e-01
-5.199999999999999761e-03 5.919881862544829065e-01
-5.000000000000000104e-03 5.749876962940527747e-01
-4.799999999999999580e-03 5.579872066138087394e-01
-4.599999999999999922e-03 5.409867172243855160e-01
-4.400000000000000265e-03 5.239862281365130769e-01
-4.199999999999999740e-03 5.069857393610627261e-01
-4.000000000000000083e-03 4.899852509090276698e-01
-3.799999999999999559e-03 4.729847627915003683e-01
-3.599999999999999901e-03 4.559842750197327099e-01
-3.400000000000000244e-03 4.389837876052644638e-01
-3.199999999999999720e-03 4.219833005600432951e-01
-3.000000000000000062e-03 4.049828138962900947e-01
-2.799999999999999538e-03 3.879823276258158593e-01
-2.599999999999999881e-03 3.709818417586646655e-01
-2.400000000000000223e-03 3.539813563015235531e-01
-2.199999999999999699e-03 3.369808712577376797e-01
-2.000000000000000042e-03 3.199803866321513368e-01
-1.799999999999999517e-03 3.029799024436096722e-01
-1.599999999999998992e-03 2.859794187412469380e-01
-1.400000000000000203e-03 2.689789356029100853e-01
-1.199999999999999678e-03 2.519784530698970237e-01
-9.999999999999991535e-04 2.349779709822429064e-01
-8.000000000000003636e-04 2.179774888357257079e-01
-5.999999999999998390e-04 2.009770062326758089e-01
-3.999999999999993144e-04 1.839765249104066414e-01
-2.000000000000005246e-04 1.669760504955451752e-01
0.000000000000000000e+00 1.499755713569621007e-01
