-1.000000000000000021e-02 1.000000000000000000e+00
-9.799999999999999684e-03 9.995097313383032311e-01
-9.600000000000000894e-03 9.990194277480896057e-01
-9.400000000000000369e-03 9.985291008731999041e-01
-9.199999999999999845e-03 9.980387592841242217e-01
-9.000000000000001055e-03 9.975484091704430734e-01
-8.800000000000000530e-03 9.970580548949339317e-01
-8.600000000000000006e-03 9.965676994343555251e-01
-8.399999999999999481e-03 9.960773447278431503e-01
-8.200000000000000691e-03 9.955869919503854693e-01
-8.000000000000000167e-03 9.950966417255645569e-01
-7.799999999999999642e-03 9.946062942896872761e-01
-7.599999999999999985e-03 9.941159496168001652e-01
-7.400000000000000328e-03 9.936256075127825049e-01
-7.199999999999999803e-03 9.931352676848987926e-01
-7.000000000000000146e-03 9.926449297922534942e-01
-6.800000000000000488e-03 9.921545934813054135e-01
-6.599999999999999964e-03 9.916642584099614188e-01
-6.399999999999999439e-03 9.911739242630138724e-01
-6.200000000000000649e-03 9.906835907610740399e-01
-6.000000000000000125e-03 9.901932576647709539e-01
-5.799999999999999600e-03 9.897029247755341208e-01
-5.599999999999999943e-03 9.892125919340314377e-01
-5.400000000000000286e-03 9.887222590170282599e-01
-5.199999999999999761e-03 9.882319259332881245e-01
-5.000000000000000104e-03 9.877415926190263873e-01
-4.799999999999999580e-03 9.872512590331004034e-01
-4.599999999999999922e-03 9.867609251522824199e-01
-4.400000000000000265e-03 9.862705909667738302e-01
-4.199999999999999740e-03 9.857802564760292929e-01
-4.000000000000000083e-03 9.852899216849556607e-01
-3.799999999999999559e-03 9.847995866006199472e-01
-3.599999999999999901e-03 9.843092512294391305e-01
-3.400000000000000244e-03 9.838189155749845760e-01
-3.199999999999999720e-03 9.833285796363503417e-01
-3.000000000000000062e-03 9.828382434073220653e-01
-2.799999999999999538e-03 9.823479068763619759e-01
-2.599999999999999881e-03 9.818575700276223062e-01
-2.400000000000000223e-03 9.813672328432181402e-01
-2.199999999999999699e-03 9.808768953071040908e-01
-2.000000000000000042e-03 9.803865574108341363e-01
-1.799999999999999517e-03 9.798962191618552087e-01
-1.599999999999998992e-03 9.794058805948137048e-01
-1.400000000000000203e-03 9.789155417868422582e-01
-1.199999999999999678e-03 9.784252028776069254e-01
-9.999999999999991535e-04 9.779348640954536043e-01
-8.000000000000003636e-04 9.774445257911273943e-01
-5.999999999999998390e-04 9.769541884807828591e-01
-3.999999999999993144e-04 9.764638529004798784e-01
-2.000000000000005246e-04 9.759735200748702599e-01
0.000000000000000000e+00 9.754831914031512063e-01
