-1.000000000000000021e-02 1.000000000000000000e+00
-9.799999999999999684e-03 9.993322685230144886e-01
-9.600000000000000894e-03 9.986645305432211295e-01
-9.400000000000000369e-03 9.979968001776675646e-01
-9.199999999999999845e-03 9.973290656869265858e-01
-9.000000000000001055e-03 9.966613318680853650e-01
-8.800000000000000530e-03 9.959935984404921783e-01
-8.600000000000000006e-03 9.953258648951016641e-01
-8.399999999999999481e-03 9.946581312822654342e-01
-8.200000000000000691e-03 9.939903976850955614e-01
-8.000000000000000167e-03 9.933226641065956430e-01
-7.799999999999999642e-03 9.926549305319383176e-01
-7.599999999999999985e-03 9.919871969569272752e-01
-7.400000000000000328e-03 9.913194633837513203e-01
-7.199999999999999803e-03 9.906517298143587835e-01
-7.000000000000000146e-03 9.899839962492061884e-01
-6.800000000000000488e-03 9.893162626882486821e-01
-6.599999999999999964e-03 9.886485291315392221e-01
-6.399999999999999439e-03 9.879807955793487029e-01
-6.200000000000000649e-03 9.873130620319797712e-01
-6.000000000000000125e-03 9.866453284897497289e-01
-5.799999999999999600e-03 9.859775949529135941e-01
-5.599999999999999943e-03 9.853098614217490336e-01
-5.400000000000000286e-03 9.846421278965150625e-01
-5.199999999999999761e-03 9.839743943774734714e-01
-5.000000000000000104e-03 9.833066608649043694e-01
-4.799999999999999580e-03 9.826389273590752094e-01
-4.599999999999999922e-03 9.819711938602481149e-01
-4.400000000000000265e-03 9.813034603687089685e-01
-4.199999999999999740e-03 9.806357268847063491e-01
-4.000000000000000083e-03 9.799679934085359090e-01
-3.799999999999999559e-03 9.793002599404383446e-01
-3.599999999999999901e-03 9.786325264807027580e-01
-3.400000000000000244e-03 9.779647930295934932e-01
-3.199999999999999720e-03 9.772970595873801125e-01
-3.000000000000000062e-03 9.766293261543321780e-01
-2.799999999999999538e-03 9.759615927307117023e-01
-2.599999999999999881e-03 9.752938593168050119e-01
-2.400000000000000223e-03 9.746261259128748966e-01
-2.199999999999999699e-03 9.739583925191773739e-01
-2.000000000000000042e-03 9.732906591359848925e-01
-1.799999999999999517e-03 9.726229257635797820e-01
-1.599999999999998992e-03 9.719551924022492573e-01
-1.400000000000000203e-03 9.712874590523070673e-01
-1.199999999999999678e-03 9.706197257138379220e-01
-9.999999999999991535e-04 9.699519923868531457e-01
-8.000000000000003636e-04 9.692842590726575835e-01
-5.999999999999998390e-04 9.686165257728475142e-01
-3.999999999999993144e-04 9.679487924768955809e-01
-2.000000000000005246e-04 9.672810592125579143e-01
0.000000000000000000e+00 9.666133259076316042e-01
