-1.000000000000000021e-02 1.000000000000000000e+00
-9.799999999999999684e-03 9.994027582712056157e-01
-9.600000000000000894e-03 9.988055141222070832e-01
-9.400000000000000369e-03 9.982082730188843733e-01
-9.199999999999999845e-03 9.976110299675400306e-01
-9.000000000000001055e-03 9.970137874957648583e-01
-8.800000000000000530e-03 9.964165450842923377e-01
-8.600000000000000006e-03 9.958193025894425121e-01
-8.399999999999999481e-03 9.952220600915806514e-01
-8.200000000000000691e-03 9.946248176091945226e-01
-8.000000000000000167e-03 9.940275751307273699e-01
-7.799999999999999642e-03 9.934303326519299260e-01
-7.599999999999999985e-03 9.928330901744258918e-01
-7.400000000000000328e-03 9.922358476996159249e-01
-7.199999999999999803e-03 9.916386052277099683e-01
-7.000000000000000146e-03 9.910413627586510676e-01
-6.800000000000000488e-03 9.904441202925571286e-01
-6.599999999999999964e-03 9.898468778296538595e-01
-6.399999999999999439e-03 9.892496353701724088e-01
-6.200000000000000649e-03 9.886523929143259393e-01
-6.000000000000000125e-03 9.880551504623082959e-01
-5.799999999999999600e-03 9.874579080143115473e-01
-5.599999999999999943e-03 9.868606655705515207e-01
-5.400000000000000286e-03 9.862634231312055189e-01
-5.199999999999999761e-03 9.856661806965008044e-01
-5.000000000000000104e-03 9.850689382666310001e-01
-4.799999999999999580e-03 9.844716958417828456e-01
-4.599999999999999922e-03 9.838744534221806060e-01
-4.400000000000000265e-03 9.832772110080081340e-01
-4.199999999999999740e-03 9.826799685994729305e-01
-4.000000000000000083e-03 9.820827261967789434e-01
-3.799999999999999559e-03 9.814854838001199067e-01
-3.599999999999999901e-03 9.808882414097080948e-01
-3.400000000000000244e-03 9.802909990257324679e-01
-3.199999999999999720e-03 9.796937566484077431e-01
-3.000000000000000062e-03 9.790965142779254338e-01
-2.799999999999999538e-03 9.784992719144820494e-01
-2.599999999999999881e-03 9.779020295582968592e-01
-2.400000000000000223e-03 9.773047872095564914e-01
-2.199999999999999699e-03 9.767075448684672256e-01
-2.000000000000000042e-03 9.761103025352295681e-01
-1.799999999999999517e-03 9.755130602100436921e-01
-1.599999999999998992e-03 9.749158178931025542e-01
-1.400000000000000203e-03 9.743185755846541785e-01
-1.199999999999999678e-03 9.737213332848775327e-01
-9.999999999999991535e-04 9.731240909937736161e-01
-8.000000000000003636e-04 9.725268487117383343e-01
-5.999999999999998390e-04 9.719296064403221136e-01
-3.999999999999993144e-04 9.713323641741853365e-01
-2.000000000000005246e-04 9.707351219270252685e-01
0.000000000000000000e+00 9.701378796539089633e-01
