-1.000000000000000021e-02 1.000000000000000000e+00
-9.799999999999999684e-03 9.993675470152372231e-01
-9.600000000000000894e-03 9.987350899369576984e-01
-9.400000000000000369e-03 9.981026378289046264e-01
-9.199999999999999845e-03 9.974701827873909687e-01
-9.000000000000001055e-03 9.968377284235949709e-01
-8.800000000000000530e-03 9.962052742534974747e-01
-8.600000000000000006e-03 9.955728199717071014e-01
-8.399999999999999481e-03 9.949403656617908931e-01
-8.200000000000000691e-03 9.943079113712209871e-01
-8.000000000000000167e-03 9.936754570908586937e-01
-7.799999999999999642e-03 9.930430028109333840e-01
-7.599999999999999985e-03 9.924105485313486907e-01
-7.400000000000000328e-03 9.917780942543402700e-01
-7.199999999999999803e-03 9.911456399808191708e-01
-7.000000000000000146e-03 9.905131857107845050e-01
-6.800000000000000488e-03 9.898807314442514826e-01
-6.599999999999999964e-03 9.892482771813839726e-01
-6.399999999999999439e-03 9.886158229224674132e-01
-6.200000000000000649e-03 9.879833686677599314e-01
-6.000000000000000125e-03 9.873509144175086627e-01
-5.799999999999999600e-03 9.867184601719318771e-01
-5.599999999999999943e-03 9.860860059312737125e-01
-5.400000000000000286e-03 9.854535516957456664e-01
-5.199999999999999761e-03 9.848210974655995376e-01
-5.000000000000000104e-03 9.841886432410662522e-01
-4.799999999999999580e-03 9.835561890223761816e-01
-4.599999999999999922e-03 9.829237348097644711e-01
-4.400000000000000265e-03 9.822912806034661548e-01
-4.199999999999999740e-03 9.816588264037086065e-01
-4.000000000000000083e-03 9.810263722107418483e-01
-3.799999999999999559e-03 9.803939180247790430e-01
-3.599999999999999901e-03 9.797614638460638847e-01
-3.400000000000000244e-03 9.791290096748344052e-01
-3.199999999999999720e-03 9.784965555113191993e-01
-3.000000000000000062e-03 9.778641013557520800e-01
-2.799999999999999538e-03 9.772316472083626415e-01
-2.599999999999999881e-03 9.765991930693992407e-01
-2.400000000000000223e-03 9.759667389390813685e-01
-2.199999999999999699e-03 9.753342848176469460e-01
-2.000000000000000042e-03 9.747018307053221253e-01
-1.799999999999999517e-03 9.740693766023535982e-01
-1.599999999999998992e-03 9.734369225089694044e-01
-1.400000000000000203e-03 9.728044684254634200e-01
-1.199999999999999678e-03 9.721720143519775315e-01
-9.999999999999991535e-04 9.715395602884875359e-01
-8.000000000000003636e-04 9.709071062357700344e-01
-5.999999999999998390e-04 9.702746521955416537e-01
-3.999999999999993144e-04 9.696421981600594764e-01
-2.000000000000005246e-04 9.690097441491705155e-01
0.000000000000000000e+00 9.683772901055233140e-01
