-1.000000000000000021e-02 1.000000000000000000e+00
-9.799999999999999684e-03 9.995317790288484883e-01
-9.600000000000000894e-03 9.990635579006230671e-01
-9.400000000000000369e-03 9.985953369971281024e-01
-9.199999999999999845e-03 9.981271159074815991e-01
-9.000000000000001055e-03 9.976588949180837940e-01
-8.800000000000000530e-03 9.971906738994801289e-01
-8.600000000000000006e-03 9.967224528814316864e-01
-8.399999999999999481e-03 9.962542318676582687e-01
-8.200000000000000691e-03 9.957860108541563005e-01
-8.000000000000000167e-03 9.953177898411785796e-01
-7.799999999999999642e-03 9.948495688293840233e-01
-7.599999999999999985e-03 9.943813478188525679e-01
-7.400000000000000328e-03 9.939131268095935390e-01
-7.199999999999999803e-03 9.934449058017150724e-01
-7.000000000000000146e-03 9.929766847953426234e-01
-6.800000000000000488e-03 9.925084637905873253e-01
-6.599999999999999964e-03 9.920402427875514295e-01
-6.399999999999999439e-03 9.915720217863437380e-01
-6.200000000000000649e-03 9.911038007870730526e-01
-6.000000000000000125e-03 9.906355797898426241e-01
-5.799999999999999600e-03 9.901673587947638078e-01
-5.599999999999999943e-03 9.896991378019434071e-01
-5.400000000000000286e-03 9.892309168114801210e-01
-5.199999999999999761e-03 9.887626958235020691e-01
-5.000000000000000104e-03 9.882944748380984024e-01
-4.799999999999999580e-03 9.878262538553849170e-01
-4.599999999999999922e-03 9.873580328754629765e-01
-4.400000000000000265e-03 9.868898118984479328e-01
-4.199999999999999740e-03 9.864215909244397062e-01
-4.000000000000000083e-03 9.859533699535488749e-01
-3.799999999999999559e-03 9.854851489858927893e-01
-3.599999999999999901e-03 9.850169280215594902e-01
-3.400000000000000244e-03 9.845487070606653290e-01
-3.199999999999999720e-03 9.840804861033249917e-01
-3.000000000000000062e-03 9.836122651496443936e-01
-2.799999999999999538e-03 9.831440441997179036e-01
-2.599999999999999881e-03 9.826758232536627613e-01
-2.400000000000000223e-03 9.822076023115949850e-01
-2.199999999999999699e-03 9.817393813735969532e-01
-2.000000000000000042e-03 9.812711604398073328e-01
-1.799999999999999517e-03 9.808029395103107229e-01
-1.599999999999998992e-03 9.803347185852275825e-01
-1.400000000000000203e-03 9.798664976646495051e-01
-1.199999999999999678e-03 9.793982767487082741e-01
-9.999999999999991535e-04 9.789300558374955941e-01
-8.000000000000003636e-04 9.784618349310577612e-01
-5.999999999999998390e-04 9.779936140297881275e-01
-3.999999999999993144e-04 9.775253931330177837e-01
-2.000000000000005246e-04 9.770571722433638584e-01
0.000000000000000000e+00 9.765889513451041504e-01
