-1.000000000000000021e-02 1.000000000000000000e+00
-9.799999999999999684e-03 9.994128933586567953e-01
-9.600000000000000894e-03 9.988257846649600813e-01
-9.400000000000000369e-03 9.982386785805853480e-01
-9.199999999999999845e-03 9.976515707896801421e-01
-9.000000000000001055e-03 9.970644635388384858e-01
-8.800000000000000530e-03 9.964773563215169050e-01
-8.600000000000000006e-03 9.958902490306142941e-01
-8.399999999999999481e-03 9.953031417412422366e-01
-8.200000000000000691e-03 9.947160344655772146e-01
-8.000000000000000167e-03 9.941289271925957127e-01
-7.799999999999999642e-03 9.935418199193655209e-01
-7.599999999999999985e-03 9.929547126476339081e-01
-7.400000000000000328e-03 9.923676053785396300e-01
-7.199999999999999803e-03 9.917804981121682850e-01
-7.000000000000000146e-03 9.911933908484940048e-01
-6.800000000000000488e-03 9.906062835876503492e-01
-6.599999999999999964e-03 9.900191763298691328e-01
-6.399999999999999439e-03 9.894320690753652947e-01
-6.200000000000000649e-03 9.888449618243396744e-01
-6.000000000000000125e-03 9.882578545769686862e-01
-5.799999999999999600e-03 9.876707473334492837e-01
-5.599999999999999943e-03 9.870836400939814181e-01
-5.400000000000000286e-03 9.864965328587336213e-01
-5.199999999999999761e-03 9.859094256279259394e-01
-5.000000000000000104e-03 9.853223184017411151e-01
-4.799999999999999580e-03 9.847352111803637786e-01
-4.599999999999999922e-03 9.841481039639985440e-01
-4.400000000000000265e-03 9.835609967528290420e-01
-4.199999999999999740e-03 9.829738895470504501e-01
-4.000000000000000083e-03 9.823867823468579452e-01
-3.799999999999999559e-03 9.817996751524428189e-01
-3.599999999999999901e-03 9.812125679639969178e-01
-3.400000000000000244e-03 9.806254607817083135e-01
-3.199999999999999720e-03 9.800383536057808431e-01
-3.000000000000000062e-03 9.794512464364025783e-01
-2.799999999999999538e-03 9.788641392737520430e-01
-2.599999999999999881e-03 9.782770321180455086e-01
-2.400000000000000223e-03 9.776899249694585015e-01
-2.199999999999999699e-03 9.771028178281931931e-01
-2.000000000000000042e-03 9.765157106944317711e-01
-1.799999999999999517e-03 9.759286035683727434e-01
-1.599999999999998992e-03 9.753414964502015172e-01
-1.400000000000000203e-03 9.747543893401463544e-01
-1.199999999999999678e-03 9.741672822383909969e-01
-9.999999999999991535e-04 9.735801751449544295e-01
-8.000000000000003636e-04 9.729930680601472925e-01
-5.999999999999998390e-04 9.724059609854419639e-01
-3.999999999999993144e-04 9.718188539160913519e-01
-2.000000000000005246e-04 9.712317468643344442e-01
0.000000000000000000e+00 9.706446397884038735e-01
