-1.000000000000000021e-02 1.000000000000000000e+00
-9.799999999999999684e-03 9.992488077339842789e-01
-9.600000000000000894e-03 9.984975995044080843e-01
-9.400000000000000369e-03 9.977464084035236880e-01
-9.199999999999999845e-03 9.969952099147243452e-01
-9.000000000000001055e-03 9.962440113513748585e-01
-8.800000000000000530e-03 9.954928138157641548e-01
-8.600000000000000006e-03 9.947416163400009115e-01
-8.399999999999999481e-03 9.939904186864515490e-01
-8.200000000000000691e-03 9.932392209848971421e-01
-8.000000000000000167e-03 9.924880233114569128e-01
-7.799999999999999642e-03 9.917368256620482381e-01
-7.599999999999999985e-03 9.909856280185902477e-01
-7.400000000000000328e-03 9.902344303751606791e-01
-7.199999999999999803e-03 9.894832327338890510e-01
-7.000000000000000146e-03 9.887320350976399608e-01
-6.800000000000000488e-03 9.879808374676023464e-01
-6.599999999999999964e-03 9.872296398438860088e-01
-6.399999999999999439e-03 9.864784422264905039e-01
-6.200000000000000649e-03 9.857272446156172263e-01
-6.000000000000000125e-03 9.849760470116567523e-01
-5.799999999999999600e-03 9.842248494150331872e-01
-5.599999999999999943e-03 9.834736518261438798e-01
-5.400000000000000286e-03 9.827224542453807388e-01
-5.199999999999999761e-03 9.819712566730843806e-01
-5.000000000000000104e-03 9.812200591096275071e-01
-4.799999999999999580e-03 9.804688615553722730e-01
-4.599999999999999922e-03 9.797176640106791679e-01
-4.400000000000000265e-03 9.789664664759327728e-01
-4.199999999999999740e-03 9.782152689514879151e-01
-4.000000000000000083e-03 9.774640714377244022e-01
-3.799999999999999559e-03 9.767128739350005029e-01
-3.599999999999999901e-03 9.759616764436899183e-01
-3.400000000000000244e-03 9.752104789641615756e-01
-3.199999999999999720e-03 9.744592814967769634e-01
-3.000000000000000062e-03 9.737080840419123362e-01
-2.799999999999999538e-03 9.729568865999299598e-01
-2.599999999999999881e-03 9.722056891712044235e-01
-2.400000000000000223e-03 9.714544917560979931e-01
-2.199999999999999699e-03 9.707032943549669390e-01
-2.000000000000000042e-03 9.699520969681724170e-01
-1.799999999999999517e-03 9.692008995961519657e-01
-1.599999999999998992e-03 9.684497022393221410e-01
-1.400000000000000203e-03 9.676985048979188653e-01
-1.199999999999999678e-03 9.669473075718713062e-01
-9.999999999999991535e-04 9.661961102617664388e-01
-8.000000000000003636e-04 9.654449129704854027e-01
-5.999999999999998390e-04 9.646937156975977645e-01
-3.999999999999993144e-04 9.639425184253135326e-01
-2.000000000000005246e-04 9.631913212076631536e-01
0.000000000000000000e+00 9.624401239266208163e-01
