-1.000000000000000021e-02 1.000000000000000000e+00
-9.799999999999999684e-03 9.994947162979872513e-01
-9.600000000000000894e-03 9.989894321886703121e-01
-9.400000000000000369e-03 9.984841486411601963e-01
-9.199999999999999845e-03 9.979788646592415713e-01
-9.000000000000001055e-03 9.974735808808798954e-01
-8.800000000000000530e-03 9.969682970621595031e-01
-8.600000000000000006e-03 9.964630132332988888e-01
-8.399999999999999481e-03 9.959577294126151781e-01
-8.200000000000000691e-03 9.954524455937177052e-01
-8.000000000000000167e-03 9.949471617748615326e-01
-7.799999999999999642e-03 9.944418779571490008e-01
-7.599999999999999985e-03 9.939365941410699401e-01
-7.400000000000000328e-03 9.934313103266233513e-01
-7.199999999999999803e-03 9.929260265138355468e-01
-7.000000000000000146e-03 9.924207427028624018e-01
-6.800000000000000488e-03 9.919154588938519090e-01
-6.599999999999999964e-03 9.914101750869346308e-01
-6.399999999999999439e-03 9.909048912822392419e-01
-6.200000000000000649e-03 9.903996074799027438e-01
-6.000000000000000125e-03 9.898943236800405998e-01
-5.799999999999999600e-03 9.893890398827904775e-01
-5.599999999999999943e-03 9.888837560882931532e-01
-5.400000000000000286e-03 9.883784722966674208e-01
-5.199999999999999761e-03 9.878731885080443975e-01
-5.000000000000000104e-03 9.873679047225576433e-01
-4.799999999999999580e-03 9.868626209403451588e-01
-4.599999999999999922e-03 9.863573371615208529e-01
-4.400000000000000265e-03 9.858520533862287216e-01
-4.199999999999999740e-03 9.853467696145937760e-01
-4.000000000000000083e-03 9.848414858467510191e-01
-3.799999999999999559e-03 9.843362020828301251e-01
-3.599999999999999901e-03 9.838309183229585475e-01
-3.400000000000000244e-03 9.833256345672622967e-01
-3.199999999999999720e-03 9.828203508158889212e-01
-3.000000000000000062e-03 9.823150670689547725e-01
-2.799999999999999538e-03 9.818097833265897467e-01
-2.599999999999999881e-03 9.813044995889300681e-01
-2.400000000000000223e-03 9.807992158561161800e-01
-2.199999999999999699e-03 9.802939321282545526e-01
-2.000000000000000042e-03 9.797886484054930678e-01
-1.799999999999999517e-03 9.792833646879617326e-01
-1.599999999999998992e-03 9.787780809757867795e-01
-1.400000000000000203e-03 9.782727972690943297e-01
-1.199999999999999678e-03 9.777675135680480301e-01
-9.999999999999991535e-04 9.772622298727254853e-01
-8.000000000000003636e-04 9.767569461831848709e-01
-5.999999999999998390e-04 9.762516625000977610e-01
-3.999999999999993144e-04 9.757463788220571699e-01
-2.000000000000005246e-04 9.752410951534564720e-01
0.000000000000000000e+00 9.747358114723836398e-01
