2.791734100717717104e-01 2.332619920278053427e-01 9.552773789590626730e-02 8.122115578062699681e-02 7.110619904499071442e-02 6.455524927610745145e-02 5.997611562488568138e-02 5.651591678214156617e-02 5.378393265018248381e-02 5.157491308937526414e-02 4.976502844938975739e-02 4.827313117376197393e-02 4.704329321808083109e-02 4.603569294256853323e-02 4.522140977584936106e-02 4.457926696198950822e-02 4.409383760158813725e-02 4.375415626205791941e-02 4.355288546501715624e-02 4.348579519933689491e-02
1.562553192503402799e-01 1.410564492302118778e-01 9.545983916982658801e-02 8.121496026735142149e-02 7.111839841777140014e-02 6.456994627758733118e-02 5.999022260943581708e-02 5.652925677853762321e-02 5.379663855598712519e-02 5.158710292149936566e-02 4.977679428546501889e-02 4.828454689076092793e-02 4.705441996289547874e-02 4.604658272551687137e-02 4.523210793673932556e-02 4.458981393834428320e-02 4.410427025047052724e-02 4.376450889091244162e-02 4.356319067312767329e-02 4.349608460053274589e-02
1.290730217511513178e-01 1.206414113301143426e-01 9.534658006700345856e-02 8.120438409700586613e-02 7.113842310172570349e-02 6.459423538746644766e-02 6.001359167870819883e-02 5.655137882122846654e-02 5.381772125603984103e-02 5.160733663595123977e-02 4.979632901947419338e-02 4.830350364309142497e-02 4.707289922297165641e-02 4.606467016752585630e-02 4.524987837249690864e-02 4.460733417338921813e-02 4.412160123084036406e-02 4.378170738414079860e-02 4.358031064458066373e-02 4.351317839806061877e-02
1.197495820950092438e-01 1.136093948093338385e-01 9.518883295230760877e-02 8.118902095246327555e-02 7.116589872202677691e-02 6.462790741172669273e-02 6.004610351163251064e-02 5.658220512595909385e-02 5.384712485111208674e-02 5.163557154430332280e-02 4.982359862143311002e-02 4.832997336885159340e-02 4.709870718613309859e-02 4.608993454303246529e-02 4.527470261784839745e-02 4.463181084853244662e-02 4.414581489462300612e-02 4.380573687694698515e-02 4.360423096614329808e-02 4.353706232920874497e-02
1.148275239117921981e-01 1.098676347507891865e-01 9.498796726778020727e-02 8.116831922032650970e-02 7.120030955097279846e-02 6.467067138533452719e-02 6.008759136450105010e-02 5.662162686441517961e-02 5.388477111808839121e-02 5.167174790794905326e-02 4.985855546866554272e-02 4.836391679688457207e-02 4.713181052824939182e-02 4.612234684733319823e-02 4.530655483118896376e-02 4.466322042658381342e-02 4.417688934269312778e-02 4.383657656635458338e-02 4.363493146678048412e-02 4.356771643358911539e-02
1.116040846982312429e-01 1.073895069966054883e-01 9.474577389172822439e-02 8.114159828145824094e-02 7.124100616724550472e-02 6.472215619978281820e-02 6.013784122520882125e-02 5.666950412582482527e-02 5.393055946367271425e-02 5.171578889887529229e-02 4.990113831296762170e-02 4.840528341887671837e-02 4.717216638906910481e-02 4.616186977524935203e-02 4.534540177536889455e-02 4.470153263411685146e-02 4.421479640837189945e-02 4.387419969547329962e-02 4.367238620235878305e-02 4.360511503798727290e-02
1.092363956411404741e-01 1.055433898431174106e-01 9.446437244904822006e-02 8.110806884578967979e-02 7.128721513434425894e-02 6.478191277592512676e-02 6.019659206674335405e-02 5.672566589070747456e-02 5.398436687519768407e-02 5.176760055467637817e-02 4.995127224162203283e-02 4.845401145554952688e-02 4.721972234255927131e-02 4.620845769469000136e-02 4.539120279373512479e-02 4.474671043937451798e-02 4.425950163668264381e-02 4.391857353367147748e-02 4.371656343635775543e-02 4.364922673725317448e-02
1.073682361670833391e-01 1.040627046640313080e-01 9.414611015487518719e-02 8.106685673555295846e-02 7.133805057104325442e-02 6.484941683361859777e-02 6.026353623864329212e-02 5.678991003363822315e-02 5.404604787622731971e-02 5.182707173187205835e-02 5.000886863466565135e-02 4.851002781848981482e-02 4.727441636278031933e-02 4.626205661586301615e-02 4.544390978197846570e-02 4.479871002614015801e-02 4.431096425971699226e-02 4.396965935296328482e-02 4.376742561685001420e-02 4.370001437147893325e-02
1.058189900697273506e-01 1.028126091502352263e-01 9.379346639175886735e-02 8.101702936216362283e-02 7.139252745308645454e-02 6.492407231124157352e-02 6.033832004071219141e-02 5.686200337516922332e-02 5.411543449626025210e-02 5.189407406247305982e-02 5.007382512133861513e-02 4.857324806948250945e-02 4.733617678657653371e-02 4.632260415702844913e-02 4.550346715645892104e-02 4.485748076410130819e-02 4.436913716852699391e-02 4.402741240096453429e-02 4.382492935008557716e-02 4.375743499979258683e-02
1.044855280274514381e-01 1.017163886118978150e-01 9.340897036523695962e-02 8.095762400330760999e-02 7.144957644967336874e-02 6.500521548458218501e-02 6.042054452714086532e-02 5.694168180593370265e-02 5.419233626543998317e-02 5.196846191962604944e-02 5.014602553918427741e-02 4.864357637957104213e-02 4.740492227457721031e-02 4.639002950787172314e-02 4.556981181979994494e-02 4.492296517631674813e-02 4.443396688205188128e-02 4.409178187085213696e-02 4.388902537106355306e-02 4.382143987113402972e-02
1.033038400681911551e-01 1.007266639109593714e-01 9.299513543926395120e-02 8.088767687600091627e-02 7.150806006109539092e-02 6.509211982577849109e-02 6.050976659108125988e-02 5.702865050844137945e-02 5.427654024666884319e-02 5.205007239902759153e-02 5.022533989977477631e-02 4.872090549039635038e-02 4.748056177224619506e-02 4.646425339172188113e-02 4.564287312467037172e-02 4.499509890450066607e-02 4.450539351365424140e-02 4.416271086882131436e-02 4.395965851155005794e-02 4.389197439245963450e-02
1.022316554824089646e-01 9.981234443593069161e-02 9.255441129649590037e-02 8.080625192675865154e-02 7.156678978675334868e-02 6.518400162905392536e-02 6.060550037930565598e-02 5.712258430393453434e-02 5.436781111888903950e-02 5.213872532361983614e-02 5.031162436557037182e-02 4.880511668070253162e-02 4.756299447293887983e-02 4.654518802801663191e-02 4.572257283679401207e-02 4.507381067293658727e-02 4.458335073592724351e-02 4.424013637960474282e-02 4.403676766604689569e-02 4.396897809486095127e-02
1.012396656791439281e-01 9.895203763603171998e-02 9.208915350669506783e-02 8.071246822852547187e-02 7.162454401744468291e-02 6.528002641131643025e-02 6.070721908387450433e-02 5.722312815288685406e-02 5.446589132647304543e-02 5.223422327984584418e-02 5.040472124288600947e-02 4.889607974122284206e-02 4.765210978515645873e-02 4.663273709657568544e-02 4.580882509834866695e-02 4.515902225191583547e-02 4.466776574450582321e-02 4.432398923068801844e-02 4.412028575629083071e-02 4.405238459815843943e-02
1.003067202960796905e-01 9.813044253432329223e-02 9.160160924905412505e-02 8.060552488944318361e-02 7.168008631490861704e-02 6.537931607312658100e-02 6.081435715249456503e-02 5.732989783806171497e-02 5.457050131061531861e-02 5.233635169444880719e-02 5.050445899642312664e-02 4.899365296147506488e-02 4.774778730640230617e-02 4.672679570539505639e-02 4.590153639303508337e-02 4.525064842170897772e-02 4.475855922169709455e-02 4.441419405591427727e-02 4.421013969491317114e-02 4.414212157457947372e-02
9.941706151992737994e-02 9.733627553925884579e-02 9.109391759725331272e-02 8.048472243976330376e-02 7.173218371783371405e-02 6.548095677999872521e-02 6.092631295162991012e-02 5.744248085850400809e-02 5.468133983926909414e-02 5.244487896137996208e-02 5.061065229123386938e-02 4.909768313228451281e-02 4.784989680626081793e-02 4.682725036384796646e-02 4.600060551422048560e-02 4.534859693815108950e-02 4.485564530082170737e-02 4.451066925924925671e-02 4.430625034895810388e-02 4.423811071219439089e-02
9.855863707840931132e-02 9.656100846584660113e-02 9.056812262815842896e-02 8.034947976294011529e-02 7.177962470017866525e-02 6.558400749689241582e-02 6.104245190640850138e-02 5.756043756118445209e-02 5.479808445245686749e-02 5.255955662885855584e-02 5.072310206836423002e-02 4.920800556813431648e-02 4.795829822151333882e-02 4.693397896330626234e-02 4.610592353766607837e-02 4.545276850103648070e-02 4.495893153223197436e-02 4.461332697953215853e-02 4.440853250401432389e-02 4.434026767884170772e-02
9.772202628397777535e-02 9.579806868413844045e-02 9.002619588462042188e-02 8.019934576204403032e-02 7.182123640772318518e-02 6.568750908141862688e-02 6.116211012935690583e-02 5.768330253431917798e-02 5.492039203964410587e-02 5.268011965693211729e-02 5.084159566072459641e-02 4.932444415367469304e-02 4.807284166629554462e-02 4.704685076735437566e-02 4.621737380047277050e-02 4.556305672658254174e-02 4.506831885204763688e-02 4.472207305711356495e-02 4.451689482977553430e-02 4.444850208732952640e-02
9.689974139401077990e-02 9.504231873564873700e-02 8.947005076056262218e-02 8.003400522053086275e-02 7.185590081557047260e-02 6.579049381535169438e-02 6.128459853618393322e-02 5.781058628246992653e-02 5.504789956524333561e-02 5.280628675599056965e-02 5.096590695596324438e-02 4.944681141893669807e-02 4.819336746045935205e-02 4.716572641388901838e-02 4.633483188796565927e-02 4.567934812533117755e-02 4.518370155472353766e-02 4.483680700333482483e-02 4.463123984790377113e-02 4.456271746276008194e-02
9.608577894999496827e-02 9.428971377147128685e-02 8.890151823590027036e-02 7.985327966935774902e-02 7.188256948519730627e-02 6.589199523099037448e-02 6.140920743181827596e-02 5.794177719852107444e-02 5.518022495714414860e-02 5.293776081659128108e-02 5.109579661323845196e-02 4.957490864793796803e-02 4.831970617944705837e-02 4.729045793151472749e-02 4.645816563035162078e-02 4.580152208691747051e-02 4.530496727063185181e-02 4.495742197387312539e-02 4.475146390312637751e-02 4.468281121287745461e-02
9.527533415984265619e-02 9.353707802185522169e-02 8.832230960789300145e-02 7.965712601558688766e-02 7.190027665073991936e-02 6.599105807014246650e-02 6.153521153418403666e-02 5.807634384151624113e-02 5.531696817142554845e-02 5.307422944056457148e-02 5.123101234079196348e-02 4.970852602547935067e-02 4.845167872908934248e-02 4.742088877274948377e-02 4.658723511105455212e-02 4.592945087322152647e-02 4.543199694990170817e-02 4.508380474702882584e-02 4.487745713855120777e-02 4.480867460239200406e-02
9.446461965059085863e-02 9.278196726017604035e-02 8.773401008893161324e-02 7.944563302825879969e-02 7.190815041649085970e-02 6.608674820016864626e-02 6.166187538742887164e-02 5.821373752226280396e-02 5.545771244406112049e-02 5.321536558272178113e-02 5.137128924109764239e-02 4.984744282694863332e-02 4.858909644881489326e-02 4.755685386662777958e-02 4.672189268872049828e-02 4.606299962147941685e-02 4.556466485382772158e-02 4.521583570808850039e-02 4.500910347623664903e-02 4.494019273228603423e-02
9.365076615522713310e-02 9.202259723324351937e-02 8.713809046729266428e-02 7.921901533288279451e-02 7.190542190499234210e-02 6.617816230441023184e-02 6.178845910118160867e-02 5.835339519076311598e-02 5.560202573748572463e-02 5.336082831151311989e-02 5.151635023007294228e-02 4.999142765590530030e-02 4.873176124678850474e-02 4.769817969334594343e-02 4.686198303493276096e-02 4.620202635898988663e-02 4.570283855520235194e-02 4.535338884094777118e-02 4.514628060410101618e-02 4.507724452515209784e-02
9.283179130238952692e-02 9.125782384368424927e-02 8.653592146756837467e-02 7.897760539400516810e-02 7.189143225855632036e-02 6.626443716399915695e-02 6.191422433859830599e-02 5.849474261111582002e-02 5.574946238637630558e-02 5.351026369568323560e-02 5.166590653638836184e-02 5.014023873408027243e-02 4.887946577047515978e-02 4.784468438362224352e-02 4.700734318972576292e-02 4.634638203109635313e-02 4.584637894898208749e-02 4.549633172822144939e-02 4.528885997030045879e-02 4.521970271766014016e-02
9.200662119802519023e-02 9.048716297486274207e-02 8.592878830537545309e-02 7.872184396101968018e-02 7.186563746097006378e-02 6.634475835454795023e-02 6.203844046409228569e-02 5.863719780084506589e-02 5.589956494296740436e-02 5.366330582234425661e-02 5.181965828627500825e-02 5.029362424818407257e-02 4.903199361605382889e-02 4.799617784543435545e-02 4.715780263700729974e-02 4.649591054416088443e-02 4.599514027472709210e-02 4.564452556110864395e-02 4.543670678624067705e-02 4.536743386128468808e-02
9.117514819303618179e-02 8.971083692147796551e-02 8.531790310680333056e-02 7.845226940317642783e-02 7.182761100750643946e-02 6.641836819430595173e-02 6.216039075234128936e-02 5.878017470296287295e-02 5.605186621774912309e-02 5.381957794992080213e-02 5.197729517839846242e-02 5.045132275757704954e-02 4.918911957996691120e-02 4.815246192075425119e-02 4.731318340199543865e-02 4.665044882526100251e-02 4.614897015228750649e-02 4.579782516030860701e-02 4.558968003942287517e-02 4.552029833246096918e-02
9.033829463051978870e-02 8.892982406348723390e-02 8.470441236238956950e-02 7.816950628880739438e-02 7.177704450778678302e-02 6.648457279938095599e-02 6.227937855386474209e-02 5.892308705078502101e-02 5.620589150659980465e-02 5.397869379715252575e-02 5.213849725234829396e-02 5.061306366638840953e-02 4.935060995568859438e-02 4.831333057482037341e-02 4.747330017275314118e-02 4.680982690034679594e-02 4.630770963222000797e-02 4.595607900930963330e-02 4.574763251734883379e-02 4.567815035336190294e-02
8.949788060454187677e-02 8.814575960930993992e-02 8.408939662361411549e-02 7.787425355355383216e-02 7.171374635585575641e-02 6.654274812561830621e-02 6.239473330952067381e-02 5.906535237795981774e-02 5.636116099041661720e-02 5.414025896678913152e-02 5.230293575306642351e-02 5.077856776309543074e-02 4.951622287851800697e-02 4.847857012035142188e-02 4.763796044784505967e-02 4.697386799257261686e-02 4.647119326242508952e-02 4.611912930138038769e-02 4.591041084372487341e-02 4.584083802450637096e-02
8.865611616115025295e-02 8.736055418272310746e-02 8.347386824744162936e-02 7.756727262314219717e-02 7.163763864347384713e-02 6.659234490451192146e-02 6.250581630684813594e-02 5.920639611962699028e-02 5.651719228828894909e-02 5.430387249983552322e-02 5.247027409213355503e-02 5.094754782986703895e-02 4.968570872084900752e-02 4.864795947893370970e-02 4.780696471205816284e-02 4.714238864248512795e-02 4.663924917247795621e-02 4.628681200159961984e-02 4.607785552821691555e-02 4.600820337042268310e-02
8.781517570343920498e-02 8.657607611037776429e-02 8.285877733119348387e-02 7.724937584424727832e-02 7.154875252461911916e-02 6.663289241077230418e-02 6.261202607528079667e-02 5.934565574543767402e-02 5.667350314037009756e-02 5.446912855325462821e-02 5.264016890525587133e-02 5.111970932315403060e-02 4.985881053993547474e-02 4.882127048158296789e-02 4.798010664200410419e-02 4.731519885168374712e-02 4.681169917710202577e-02 4.645895692524355108e-02 4.624980103100154172e-02 4.618008239958754785e-02
8.697711293285825818e-02 8.579408934518119312e-02 8.224501858214995631e-02 7.692141545523971391e-02 7.144722226039204593e-02 6.666400103045082293e-02 6.271280332472062291e-02 5.948258486154242575e-02 5.682961419203943348e-02 5.463561819099929662e-02 5.281227120356495747e-02 5.129475112606492887e-02 5.003526457965916385e-02 4.899826821019934164e-02 4.815717334326730797e-02 4.749210225148572245e-02 4.698835890018279726e-02 4.663538783382981112e-02 4.642607584334768750e-02 4.635630517985364629e-02
8.614384560049265227e-02 8.501624352053814559e-02 8.163343728067459781e-02 7.658427325339370317e-02 7.133327818448478852e-02 6.668536362946381191e-02 6.280763534246269764e-02 5.961665721680961538e-02 5.698505184686706443e-02 5.480293127519470647e-02 5.298622761450617891e-02 5.147236637201957343e-02 5.021480082721239968e-02 4.917871138129773639e-02 4.833794562056811100e-02 4.767289629801423068e-02 4.716903792065781087e-02 4.681592255007416964e-02 4.660650258543386909e-02 4.653669593055377585e-02
8.531714705530717147e-02 8.424406885574824144e-02 8.102483425707142362e-02 7.623885105935503115e-02 7.120723883091018003e-02 6.669675575170354309e-02 6.289605977653418833e-02 5.974737054855331492e-02 5.713935115248381519e-02 5.497065844133646600e-02 5.316168170616856342e-02 5.165224333802854312e-02 5.039714362494417121e-02 4.936235277300416585e-02 4.852219828217723546e-02 4.785737249498864254e-02 4.735353994152705775e-02 4.700037309295914539e-02 4.679089812256886222e-02 4.672107313243876320e-02
8.449864269874284017e-02 8.347897447786495340e-02 8.041996981523133470e-02 7.588606203160271069e-02 7.106950245893801921e-02 6.669803470255657174e-02 6.297766774860351358e-02 5.987425020498299971e-02 5.729205868084887715e-02 5.513839313859259655e-02 5.333827538696592901e-02 5.183406640472881105e-02 5.058201233687655701e-02 4.954893969586238178e-02 4.870970047954677196e-02 4.804531664532543656e-02 4.754166298312349076e-02 4.718854583404356873e-02 4.697907370092384294e-02 4.690924965655060563e-02
8.368980905296458106e-02 8.272224845068326671e-02 7.981956664383936528e-02 7.552682284503331456e-02 7.092053819658578062e-02 6.668913759672388808e-02 6.305210625607225727e-02 5.999685248535278903e-02 5.744273536274047826e-02 5.530573371381430903e-02 5.351565037064558161e-02 5.201751707903697758e-02 5.076912206860528798e-02 4.973821450750012113e-02 4.890021608281081705e-02 4.823650913245995653e-02 4.773319960165024051e-02 4.738024167604562575e-02 4.717083510381749056e-02 4.710103291307478346e-02
8.289197488595337338e-02 8.197505911691450875e-02 7.922431180979794263e-02 7.516204671832456274e-02 7.076087700512045942e-02 6.667007846813137462e-02 6.311907984012544992e-02 6.011476764428430597e-02 5.759095923563577191e-02 5.547228551574519967e-02 5.369344969475531998e-02 5.220227507397881550e-02 5.095818443844821882e-02 4.992991517066274615e-02 4.909350409246075048e-02 4.843072523207152952e-02 4.792793713383531468e-02 4.757525625462472735e-02 4.736598282950402194e-02 4.729622502113044885e-02
8.210632413578854150e-02 8.123845759167590275e-02 7.863485795933797262e-02 7.479263725380290440e-02 7.059110264448330285e-02 6.664094455408121898e-02 6.317835151370514157e-02 6.022762251372893588e-02 5.773632806456531485e-02 5.563766299427870543e-02 5.387131927897988865e-02 5.238801943896649604e-02 5.114890839682484369e-02 5.012377585353576526e-02 4.928931908711554205e-02 4.862773545463563302e-02 4.812565796837875443e-02 4.777338016415370175e-02 4.756431229130957117e-02 4.749462300036152995e-02
8.133390036294886605e-02 8.051338123981052752e-02 7.805182387039549807e-02 7.441948304016923754e-02 7.041184279483492237e-02 6.660189187552756351e-02 6.322974295996779126e-02 6.033508270427558745e-02 5.787846179701451599e-02 5.580149176850379006e-02 5.404890950823521695e-02 5.257442973253260293e-02 5.134100108994821277e-02 5.031952757066862625e-02 4.948741170689299751e-02 4.882730591894299255e-02 4.832613984466407886e-02 4.797439920812471281e-02 4.776561404084232743e-02 4.769601898508153692e-02
8.057561245639541236e-02 7.980065796898069830e-02 7.747579450673658386e-02 7.404345296138353794e-02 7.022376046393674631e-02 6.655314024059873212e-02 6.327313402722005431e-02 6.043685435668624123e-02 5.801700481547802934e-02 5.596341063676358446e-02 5.422587682412863264e-02 5.276118722834737679e-02 5.153416876301428196e-02 5.051689886216667591e-02 4.968752917143951647e-02 4.902919875641324754e-02 4.852915617898073686e-02 4.817809467465846568e-02 4.796967401485210253e-02 4.790020046158331019e-02
7.983224132579055943e-02 7.910101117480485000e-02 7.690732072184776336e-02 7.366539215292113030e-02 7.002754578497961957e-02 6.649496779953632808e-02 6.330846156013367199e-02 6.053268542430273458e-02 5.815162795476733898e-02 5.612307350206668238e-02 5.440188530741072587e-02 5.294797614426517696e-02 5.172811769718781150e-02 5.071561650817518752e-02 4.988941583121481865e-02 4.923317254569669482e-02 4.873447641826014060e-02 4.838424363739816936e-02 4.817627380616464061e-02 4.810695052908680464e-02
7.910444732656898847e-02 7.841506518263274828e-02 7.634691875082404156e-02 7.328611854811509230e-02 6.982390828565383789e-02 6.642770527657063107e-02 6.333571761886541696e-02 6.062236647698528158e-02 5.828203025551506600e-02 5.628015118694354446e-02 5.457660823339745282e-02 5.313448488320949431e-02 5.192255517385477998e-02 5.091540627502172400e-02 5.009281375014223991e-02 4.943898277670254193e-02 4.894186642105818885e-02 4.859261928185704127e-02 4.838519095892968719e-02 4.831604818462056916e-02
7.839277818477534410e-02 7.774335104193189072e-02 7.579506961340154447e-02 7.290641996115859724e-02 6.961356968739293438e-02 6.635172999843784447e-02 6.335494714728515109e-02 6.070573102715454139e-02 5.840794043037570576e-02 5.643433311322577223e-02 5.474972958206444223e-02 5.332040727393762974e-02 5.211719045883373563e-02 5.111599368875326815e-02 5.029746331724693070e-02 4.964638234282171131e-02 4.915108886523583687e-02 4.880299125706400593e-02 4.859619928822920404e-02 4.852726863195093443e-02
7.769767721280756989e-02 7.708631254280821909e-02 7.525221853281012507e-02 7.252705165847622704e-02 6.939725727425088975e-02 6.626745983092120762e-02 6.336624515875452501e-02 6.078265538801342488e-02 5.852911802500446875e-02 5.658532882421297289e-02 5.492094548462837095e-02 5.350544379916608029e-02 5.231173579855686456e-02 5.131710483119103494e-02 5.050310388441486831e-02 4.985512205972988248e-02 4.936190368148651170e-02 4.901512605210099627e-02 4.880906922387918262e-02 4.874038361447191603e-02
7.701949163376226037e-02 7.644431233906778811e-02 7.471877445498438519e-02 7.214873437572014159e-02 6.917569785398987314e-02 6.617534712457000257e-02 6.336975351272977619e-02 6.085305808282404083e-02 5.864535426184268319e-02 5.673286932921718650e-02 5.508996558894222600e-02 5.368930279819587176e-02 5.250590741965471125e-02 5.151846715306221403e-02 5.070947442692527035e-02 5.006495120877018506e-02 4.957406851154838590e-02 4.922878739687402971e-02 4.902356817802786676e-02 4.895516177174582401e-02
7.635848085953787778e-02 7.581763807772115560e-02 7.419510973227101680e-02 7.177215274298112679e-02 6.894961231972109028e-02 6.607587275925842774e-02 6.336565735801234778e-02 6.091689883198555394e-02 5.875647256083533360e-02 5.687670825347846543e-02 5.525651432693647752e-02 5.387170163108550430e-02 5.269942652292654989e-02 5.171981029825884618e-02 5.091631422294931597e-02 5.027561810252662022e-02 4.978733918961891769e-02 4.944373668618069068e-02 4.923946093591240886e-02 4.917136901915630798e-02
7.571482459500342155e-02 7.520650845031691401e-02 7.368156001625739138e-02 7.139795408549499955e-02 6.871971080874370030e-02 6.596954036503421825e-02 6.335418131886130788e-02 6.097417715140734940e-02 5.886232873728353826e-02 5.701662277982256360e-02 5.542033206862157640e-02 5.405236779157517740e-02 5.289202026237586896e-02 5.192086693283609611e-02 5.112336354777714809e-02 5.048687066982142368e-02 5.000147024516285454e-02 4.965973342586023354e-02 4.945651006888031331e-02 4.938876894988700889e-02
7.508863066644076711e-02 7.461107909646612357e-02 7.317842438654216519e-02 7.102674757094115665e-02 6.848668844588674809e-02 6.585687078428467678e-02 6.333558549866186160e-02 6.102493060118085316e-02 5.896281088289662131e-02 5.715241437209770542e-02 5.558117614879304336e-02 5.423103995638525743e-02 5.308342269984032274e-02 5.212137357200760657e-02 5.133036437814330472e-02 5.069845705700135041e-02 5.021621542498342500e-02 4.987653569952184285e-02 4.967447636851676090e-02 4.960712325818172896e-02
7.447994249644375453e-02 7.403144830401357790e-02 7.268596572672310352e-02 7.065910367730857122e-02 6.825122165141568609e-02 6.573839682802275208e-02 6.331016137265800536e-02 6.106923272774545525e-02 5.905783894160585717e-02 5.728390927425811019e-02 5.573882175451367466e-02 5.440746895918193576e-02 5.327337572576275326e-02 5.232107139814062141e-02 5.153706110167902837e-02 5.091012624203796605e-02 5.043132823210403487e-02 5.009390065405729120e-02 4.989311930044863785e-02 4.982619218257908211e-02
7.388874616902743608e-02 7.346766246324304417e-02 7.220441134588988230e-02 7.029555395726976019e-02 6.801396498813618019e-02 6.561465836741409152e-02 6.327822763672356909e-02 6.110719074561237613e-02 5.914736399668410471e-02 5.741095878285873422e-02 5.589306266362994990e-02 5.458141867841354716e-02 5.346162993684174664e-02 5.251970706259828647e-02 5.174320122623484591e-02 5.112162865764462161e-02 5.064656247870270855e-02 5.031158500185333587e-02 5.011219747612104952e-02 5.004573496754361611e-02
7.331497704762919565e-02 7.291972124411401357e-02 7.173395383356849508e-02 6.993659107620565918e-02 6.777554851844520833e-02 6.548619779075720571e-02 6.324012607354248527e-02 6.113894300628175404e-02 5.923136729007567186e-02 5.753343929457110928e-02 5.604371182695823406e-02 5.475266682935576307e-02 5.364794546165833206e-02 5.271703346423829706e-02 5.194853608359988051e-02 5.133271681933802844e-02 5.086167285004910416e-02 5.052934553733502698e-02 5.033146914056379345e-02 5.026551034164004894e-02
7.275852592486578563e-02 7.238758247572581184e-02 7.127475212830594598e-02 6.958266910160816610e-02 6.753657563944635844e-02 6.535355584619165215e-02 6.319621749121068222e-02 6.116465630234339118e-02 5.930985899849428034e-02 5.765125213402697707e-02 5.619060178928102223e-02 5.492100565202968909e-02 5.383209272590669392e-02 5.291281049745336085e-02 5.215282152199805787e-02 5.154314595412953087e-02 5.107641547612191274e-02 5.074693966519722849e-02 5.055069267389652315e-02 5.048527701012962832e-02
7.221924469639812161e-02 7.187116671597459927e-02 7.082693277470404614e-02 6.923420402177210553e-02 6.729762136264191841e-02 6.521726788152452936e-02 6.314687778243263661e-02 6.118452305399971203e-02 5.938287679373929068e-02 5.776432317074384204e-02 5.633358494686124818e-02 5.508624248815056912e-02 5.401385314953888184e-02 5.310680576283457327e-02 5.235581858167509539e-02 5.175267462534106910e-02 5.129054850734419968e-02 5.096412593741795477e-02 5.076962710405320822e-02 5.070479415959829039e-02
7.169695156219323129e-02 7.137036150675732382e-02 7.039059134044960142e-02 6.889157447162798376e-02 6.705923100392624514e-02 6.507786048480072860e-02 6.309249414541180656e-02 6.119875842352100886e-02 5.945048421678912620e-02 5.787260223701561068e-02 5.647253364174458640e-02 5.524820024187663409e-02 5.419301976896508805e-02 5.329879523384970647e-02 5.255729414790665660e-02 5.196106534890135298e-02 5.150383269065929998e-02 5.118066459590863565e-02 5.098803262795377489e-02 5.092382197196881205e-02
7.119143576705934395e-02 7.088502531615033242e-02 6.996579396342324231e-02 6.855512264345856033e-02 6.682191924943885197e-02 6.493584852258213469e-02 6.303346150046849894e-02 6.120759740059833476e-02 5.951276889656029190e-02 5.797606236138322378e-02 5.660734009561133734e-02 5.540671772083226310e-02 5.436939777840379961e-02 5.348856387335444718e-02 5.275702157585526048e-02 5.216808519639731107e-02 5.171603194199891895e-02 5.139631811743303191e-02 5.120567113811193283e-02 5.114212214500489517e-02
7.070246189883801213e-02 7.041499117387120532e-02 6.955257899897081264e-02 6.822515536018829152e-02 6.658616956318022528e-02 6.479173256732742581e-02 6.297017912951785590e-02 6.121129189834498968e-02 5.956984064480059377e-02 5.807469883459820403e-02 5.673791618829960443e-02 5.556164985562166841e-02 5.454280498553248924e-02 5.367590619428150300e-02 5.295478128188762373e-02 5.237350638013232168e-02 5.192691391105607596e-02 5.161085175723825053e-02 5.142230675144936203e-02 5.135945841618640151e-02
7.022977376732211785e-02 6.996007001013308801e-02 6.915095873856602626e-02 6.790194528906358384e-02 6.635243390301379107e-02 6.464599670069939852e-02 6.290304755898844247e-02 6.121010789598850532e-02 5.962182945846406651e-02 5.816852812681813645e-02 5.686419308829934738e-02 5.571286779779265064e-02 5.471307217772741066e-02 5.386062675947359685e-02 5.315036129622757732e-02 5.257710681548371373e-02 5.213625053418918798e-02 5.182403408767603109e-02 5.163770633688984785e-02 5.157559708662778908e-02
6.977309789011061636e-02 6.952005371085280550e-02 6.876092117307938678e-02 6.758573227389397253e-02 6.612113271269591530e-02 6.449910667600790293e-02 6.283246570064229819e-02 6.120432266023427548e-02 5.966888346016281652e-02 5.825758667611036223e-02 5.698612074446410269e-02 5.586025889791592508e-02 5.488004339636714385e-02 5.404254061633228384e-02 5.334355777215923911e-02 5.277867065595194529e-02 5.234381857123712734e-02 5.203563752797026043e-02 5.185164003813996780e-02 5.179030754152987026e-02
6.933214661348285901e-02 6.909471790421922721e-02 6.838243177642831794e-02 6.727672476464412188e-02 6.589265515883269142e-02 6.435150842022957507e-02 6.275882825918231711e-02 6.119422207301852823e-02 5.971116680598452520e-02 5.834192956919959094e-02 5.710366724986878917e-02 5.600372656706502361e-02 5.504357611789020832e-02 5.422147366271785202e-02 5.353417544740762812e-02 5.297798879645889553e-02 5.254940012202941740e-02 5.224543886119345504e-02 5.206388178792349664e-02 5.200336276350017717e-02
6.890662089721243111e-02 6.868382449498004749e-02 6.801543528828293828e-02 6.697510132405648520e-02 6.566735958309655175e-02 6.420362685403768754e-02 6.268252341052708843e-02 6.118009808903871610e-02 5.974885758819214326e-02 5.842162913577989697e-02 5.721681809013409031e-02 5.614319002649290763e-02 5.520354134150371600e-02 5.439726294135539125e-02 5.372202805379509838e-02 5.317485934066940034e-02 5.275278311843012435e-02 5.245321973446864100e-02 5.227420980983457643e-02 5.221453983495655260e-02
6.849621279226481008e-02 6.828712396358971315e-02 6.765985747756439461e-02 6.668101219212171915e-02 6.544557414161439324e-02 6.405586500693816188e-02 6.260393075024832388e-02 6.116224634215579326e-02 5.978214575817721727e-02 5.849677347765798452e-02 5.732557528961837456e-02 5.627858395166440014e-02 5.535982358462387953e-02 5.456975686084698796e-02 5.390693867179918025e-02 5.336908802839085419e-02 5.295376178785384663e-02 5.265876713840280526e-02 5.248240710390459501e-02 5.242362042573852493e-02
6.810060763973876941e-02 6.790435744768681670e-02 6.731560687153091693e-02 6.639458089056481105e-02 6.522759760512972238e-02 6.390860340385172422e-02 6.252341950789155889e-02 6.114096391561377186e-02 5.981123109260690768e-02 5.856746495353774146e-02 5.742995646964944856e-02 5.640985801799433541e-02 5.551232078825120431e-02 5.473881534224883660e-02 5.408874002720421431e-02 5.356048861942477868e-02 5.315213708434187584e-02 5.286187386179467401e-02 5.268826191195095932e-02 5.263039126200304979e-02
6.771948601836742798e-02 6.753525862332736274e-02 6.698257643820718088e-02 6.611590585104390461e-02 6.501370029530995076e-02 6.376219969921713415e-02 6.244134701973046847e-02 6.111654728708745127e-02 5.983632122308255030e-02 5.863381863944332195e-02 5.752999383342345674e-02 5.653697635664736015e-02 5.566094413553188819e-02 5.490430989102502990e-02 5.426727472763626797e-02 5.374888323061740442e-02 5.334771708348112762e-02 5.306233891773335515e-02 5.289156815878323648e-02 5.283464457246653256e-02
6.735252546654382777e-02 6.717955540307792017e-02 6.666064521268022514e-02 6.584506205240289733e-02 6.480412513440386713e-02 6.361698853485202310e-02 6.235805744991410743e-02 6.108929045591467849e-02 5.985762974689138455e-02 5.869596078365559716e-02 5.762573309235862612e-02 5.665991692955727604e-02 5.580561778770425779e-02 5.506612359501648901e-02 5.444239543738600695e-02 5.393410262325662452e-02 5.354031733768184476e-02 5.325996793732550028e-02 5.309212586539437811e-02 5.303617850808400175e-02
6.699940200328088902e-02 6.683697146754037643e-02 6.634967986031885256e-02 6.558210265404051942e-02 6.459908878731261683e-02 6.347328159830342709e-02 6.227388074791774530e-02 6.105948325653478420e-02 5.987537443366098416e-02 5.875402727366917099e-02 5.771723234856704354e-02 5.677867083341565924e-02 5.594627854246279897e-02 5.522415104985079620e-02 5.461396498954226852e-02 5.411598643839703876e-02 5.372976118860448014e-02 5.345457352744319851e-02 5.328974153035269390e-02 5.323479753132252107e-02
6.665979147085403234e-02 6.650722764619960981e-02 6.604953617223636997e-02 6.532706061420542887e-02 6.439878287701882031e-02 6.333136785920800982e-02 6.218913182865571515e-02 6.102740985917095434e-02 5.988977553998398734e-02 5.880816213110592189e-02 5.780456094772726955e-02 5.689324154276626661e-02 5.608287542047827451e-02 5.537829821394924662e-02 5.478185643507179486e-02 5.429438337814416343e-02 5.391588003383072925e-02 5.364597558908326680e-02 5.348422847574058753e-02 5.343031277129303008e-02
6.633337072017005120e-02 6.619004316270310495e-02 6.576006049030228007e-02 6.507995028375633539e-02 6.420337525618197150e-02 6.319151396218695982e-02 6.210410996051943244e-02 6.099334745617662756e-02 5.990105424142540269e-02 5.885851604881463250e-02 5.788779831603575732e-02 5.700364410251996389e-02 5.621536918638071756e-02 5.552848219594694323e-02 5.494595302907001599e-02 5.446915133139288573e-02 5.409851354520407024e-02 5.383400159315510081e-02 5.367540715415058949e-02 5.362254234114908341e-02
6.601981865821925088e-02 6.588513675884417886e-02 6.548109106071899055e-02 6.484076896760561370e-02 6.401301131954968693e-02 6.305396475597688233e-02 6.201909834590565995e-02 6.095756513021230449e-02 5.990943118880209112e-02 5.890524498258465497e-02 5.796703279410759385e-02 5.710990428019125514e-02 5.634373181093706856e-02 5.567463097792244714e-02 5.510614815496933661e-02 5.464015744297518601e-02 5.427750983661882439e-02 5.401848681077424386e-02 5.386310541344969949e-02 5.381131161434151572e-02
6.571881717533267775e-02 6.559222771065525981e-02 6.521245931662301987e-02 6.460949844766386563e-02 6.382781534362765019e-02 6.291894393980516920e-02 6.193436387846008861e-02 6.092032289853232391e-02 5.991512519327175240e-02 5.894850880805866528e-02 5.804236047973696661e-02 5.721205768796171903e-02 5.646794588144103677e-02 5.581668307832395037e-02 5.526234518800678813e-02 5.480727812563031265e-02 5.445272557940032676e-02 5.419927449542456116e-02 5.404715871625444951e-02 5.399645345653107664e-02
6.543005196841147897e-02 6.531103674915282598e-02 6.495399109137683924e-02 6.438610646259740333e-02 6.364789184178301640e-02 6.278665480940529009e-02 6.185015706121949758e-02 6.088187092611620915e-02 5.991835204261166531e-02 5.898847005158949081e-02 5.811388409033318991e-02 5.731014888431418958e-02 5.658800396747103167e-02 5.595458715887212386e-02 5.541445729972285100e-02 5.497039901464769590e-02 5.462402606379161696e-02 5.437621601465449095e-02 5.422741031131686484e-02 5.417780841020432281e-02
6.515321327484684122e-02 6.504128689743353398e-02 6.470550776519364000e-02 6.417054814109780791e-02 6.347332692461293835e-02 6.265728108651202888e-02 6.176671207005783593e-02 6.084244889916513854e-02 5.991932344912835606e-02 5.902529270197948846e-02 5.818171185466251144e-02 5.740423046447865746e-02 5.670390794917946897e-02 5.608830158001675004e-02 5.556240720566948260e-02 5.512941486544808978e-02 5.479128520543360276e-02 5.454917092929292832e-02 5.440371135430246974e-02 5.435522482930565252e-02
6.488799653050575378e-02 6.478270423501221453e-02 6.446682734853161068e-02 6.396276738661174632e-02 6.330418965697995337e-02 6.253098781714175325e-02 6.168424694726913626e-02 6.080228554957056719e-02 5.991824612792073790e-02 5.905914110830773334e-02 5.824595644228396790e-02 5.749436214830151715e-02 5.681566831515336841e-02 5.621779390971733820e-02 5.570612685885127646e-02 5.528422939475134690e-02 5.495438549608847728e-02 5.471800701849810489e-02 5.457592097573931572e-02 5.452855896148638831e-02
6.463410296393949650e-02 6.453501859953185427e-02 6.423776550630895532e-02 6.376269821261650039e-02 6.314053340459417629e-02 6.240792232542347745e-02 6.160296391072744154e-02 6.076159832032364955e-02 5.991532100273522232e-02 5.909017896741139420e-02 5.830673393778629948e-02 5.758060987341961923e-02 5.692330343664572107e-02 5.634304039041308082e-02 5.584555709169822940e-02 5.543475506632358080e-02 5.511321789820760458e-02 5.488260024928147407e-02 5.474390629422554166e-02 5.469767497587356420e-02
6.439124013787093925e-02 6.429796423527181504e-02 6.401813652747444239e-02 6.357026602852718089e-02 6.298239716439922586e-02 6.228821521119049659e-02 6.152304976480117704e-02 6.072059316144196722e-02 5.991074253538681421e-02 5.911856840306287109e-02 5.836416286565656447e-02 5.766304490081107514e-02 5.702683882463200488e-02 5.646402536904600311e-02 5.598064720957326296e-02 5.558091282259655652e-02 5.526768168327268749e-02 5.504283468947483715e-02 5.490754237329941584e-02 5.486244493457428234e-02
6.415912244803929909e-02 6.407128039723604396e-02 6.380775424482629243e-02 6.338538887720852888e-02 6.282980687429234878e-02 6.217198138094069682e-02 6.144467640004189907e-02 6.067946444581443638e-02 5.990469817367879285e-02 5.914446913749071832e-02 5.841836327035015292e-02 5.774174293892732346e-02 5.712630637570590558e-02 5.658074069490599128e-02 5.611135453894765951e-02 5.572263176370469140e-02 5.541768421414272616e-02 5.519860236342484516e-02 5.506671212068917076e-02 5.502274870644394134e-02
6.393747158862006508e-02 6.385471191902621080e-02 6.360643291024464796e-02 6.320797862583642235e-02 6.268277669888495940e-02 6.205932110312623734e-02 6.136800136958273783e-02 6.063839499437494174e-02 5.989736791191714593e-02 5.916803775463762294e-02 5.846945585491335196e-02 5.781678329170323455e-02 5.722174361231345541e-02 5.669318508988838851e-02 5.623764393343645002e-02 5.585984877568446472e-02 5.556314067190867151e-02 5.534980304999678746e-02 5.522130612896851420e-02 5.517847382195909672e-02
6.372601699269450637e-02 6.364800975219540857e-02 6.341398803069808743e-02 6.303794211252795876e-02 6.254131028907995715e-02 6.195032108002021531e-02 6.129316853114268743e-02 6.059755620018590638e-02 5.988892395747072439e-02 5.918942705343521044e-02 5.851756118034725368e-02 5.788824803481800590e-02 5.731319292224107409e-02 5.680136349549526342e-02 5.635948724087217615e-02 5.599250810972560694e-02 5.570397372799273938e-02 5.549634402274811196e-02 5.537122245693903988e-02 5.532951526833600892e-02
6.352449625560847857e-02 6.345093148433843255e-02 6.323023717052828063e-02 6.287518225173813202e-02 6.240540201421877764e-02 6.184505552962962088e-02 6.122030874452280558e-02 6.055710824131106673e-02 5.987953049636143832e-02 5.920878548840907696e-02 5.856279892681100913e-02 5.795622122364997575e-02 5.740070080164200866e-02 5.690528640058448162e-02 5.647686273451391764e-02 5.612056091445284667e-02 5.584011316242141337e-02 5.563813973238083271e-02 5.551636635133707504e-02 5.547577522432248220e-02
6.333265554853499679e-02 6.326324184280829321e-02 6.305500072562818248e-02 6.271959910193106169e-02 6.227503816643823603e-02 6.174358727227200611e-02 6.114954061547411834e-02 6.051720037276522857e-02 5.986934355055676532e-02 5.922625669409701393e-02 5.860528721674881925e-02 5.802078813545210462e-02 5.748431710521433036e-02 5.700496915347941229e-02 5.658975451134046208e-02 5.624396472324878771e-02 5.597149542935048877e-02 5.577511143180027137e-02 5.565664990871556361e-02 5.561716273435399205e-02
6.315025002913209062e-02 6.308471319065316052e-02 6.288810267521638409e-02 6.257109089946776004e-02 6.215019813767524992e-02 6.164596881750942364e-02 6.108097127780585250e-02 6.047797128831591817e-02 5.985851091946624292e-02 5.924197908907272159e-02 5.864514199909702519e-02 5.808203454738050664e-02 5.756409430644905678e-02 5.710043126161069849e-02 5.669815186016976399e-02 5.636268289860294628e-02 5.609806317102290080e-02 5.590718674428805240e-02 5.579199167757382949e-02 5.575359332200242185e-02
6.297704425586583832e-02 6.291512602114826547e-02 6.272937131699551916e-02 6.242955506304884161e-02 6.203085557048713949e-02 6.155224344813289838e-02 6.101469720656842177e-02 6.043954954346329039e-02 5.984717219809120026e-02 5.925608555479482120e-02 5.868247649288769324e-02 5.814004605114887064e-02 5.764008677015512033e-02 5.719169568137256326e-02 5.680204860207970635e-02 5.647668403539295168e-02 5.621976468139335686e-02 5.603429917543856220e-02 5.592231620099845368e-02 5.588498854285175316e-02
6.281281261234206159e-02 6.275426945714962512e-02 6.257863999157230184e-02 6.229488917339499193e-02 6.191697948451202471e-02 6.146244629882262334e-02 6.095080505608445332e-02 6.040205403151750752e-02 5.983545886432645178e-02 5.926870318405193239e-02 5.871740068781076960e-02 5.819490740425845021e-02 5.771235003875308661e-02 5.727878810035198776e-02 5.690144240529187297e-02 5.658594132486791106e-02 5.633655332065889976e-02 5.615638756960535799e-02 5.604755350022756766e-02 5.601127547710163523e-02
6.265733974786462379e-02 6.260194176143074607e-02 6.243574780212916842e-02 6.216699193317816452e-02 6.180853538099580213e-02 6.137660542796841145e-02 6.088937251749913793e-02 6.036559450531173848e-02 5.982349442804332090e-02 5.927995309341883151e-02 5.875002089862731147e-02 5.824670191697805394e-02 5.778094013311451532e-02 5.736173621353765628e-02 5.699633407631445742e-02 5.669043188091905938e-02 5.644838688188701797e-02 5.627339551165638776e-02 5.616763849966184552e-02 5.613238616233032219e-02
6.251042104040481495e-02 6.245795086417160746e-02 6.230054033547199194e-02 6.204576411252367418e-02 6.170548632836662245e-02 6.129474288193388631e-02 6.083046919137967412e-02 6.033027213771884750e-02 5.981139463478057222e-02 5.928995029388040711e-02 5.878043936973532946e-02 5.829551087351503291e-02 5.784591286801842036e-02 5.744056899453577059e-02 5.708672682873825593e-02 5.679013602998610188e-02 5.655522691083841869e-02 5.638527067484232214e-02 5.628251039390952393e-02 5.624825696693193378e-02
6.237186308823049197e-02 6.232211491386351748e-02 6.217287039076260791e-02 6.193110948571688146e-02 6.160779403235423085e-02 6.121687575178391683e-02 6.077415747170266530e-02 6.029618011476726297e-02 5.979926771711169264e-02 5.929880361358986357e-02 5.880875392567024018e-02 5.834141298513443458e-02 5.790732318160138337e-02 5.751531596223014714e-02 5.717262553063701125e-02 5.688503656566527844e-02 5.665703797993606322e-02 5.649196411553792513e-02 5.639211195747225597e-02 5.635882790478369264e-02
6.224148423661127888e-02 6.219426285807588134e-02 6.205259872246970260e-02 6.182293576506555505e-02 6.151541989463976678e-02 6.114301722318107174e-02 6.072049343833003932e-02 6.026340425576533905e-02 5.978721468703263042e-02 5.930661566660291872e-02 5.883505766286436373e-02 5.838448387233787645e-02 5.796522447749888340e-02 5.758600644271369418e-02 5.725403593104974598e-02 5.697511796875897455e-02 5.675378691713819229e-02 5.659342951552699674e-02 5.649638879764949662e-02 5.646404189169033222e-02
6.211911514627978248e-02 6.207423506080043257e-02 6.193959480436236897e-02 6.172115553821247436e-02 6.142832606449439431e-02 6.107317762079259027e-02 6.066952775578384610e-02 6.023202365543443848e-02 5.977532966300313361e-02 5.931348286134492664e-02 5.885943867758409304e-02 5.842479557261093248e-02 5.801966797770752304e-02 5.765266882570361379e-02 5.733096386551862073e-02 5.706036559313961559e-02 5.684544199023480737e-02 5.668962237236097046e-02 5.659528855116414958e-02 5.656384394409854494e-02
6.200459941071132658e-02 6.196188396346555272e-02 6.183373762172822419e-02 6.162568721556720835e-02 6.134647648832829842e-02 6.100736544914669296e-02 6.062130657678966444e-02 6.020211134360611144e-02 5.976370022556626999e-02 5.931949544251666206e-02 5.888197982459776603e-02 5.846241606967343685e-02 5.807070208354724733e-02 5.771532981402507229e-02 5.740341444012651145e-02 5.714076481739445434e-02 5.693197204680279511e-02 5.678049913813702082e-02 5.668876002488865834e-02 5.665818032047253983e-02
6.189779422977495504e-02 6.185707479719147056e-02 6.173491649944098242e-02 6.153645599494705909e-02 6.126983796254052705e-02 6.094558843243717827e-02 6.057587244966464168e-02 6.017373495855663640e-02 5.975240779574615690e-02 5.932473756010223781e-02 5.890275850078666858e-02 5.849740883961793841e-02 5.811837174145605134e-02 5.777401366411509531e-02 5.747139119292340309e-02 5.721630016177793598e-02 5.701334560973007892e-02 5.686601630681006186e-02 5.677675228088142900e-02 5.674699760557187778e-02
6.179857114793500111e-02 6.175968635445983068e-02 6.164303197403429857e-02 6.145339485099355487e-02 6.119838119553867167e-02 6.088785455630888604e-02 6.053326522918239805e-02 6.014695743051583915e-02 5.974152803067380585e-02 5.932928735909934193e-02 5.892184644758437229e-02 5.852983240878517623e-02 5.816271780971324357e-02 5.782874141485423031e-02 5.753489523105469183e-02 5.728695436952407211e-02 5.708952992785388397e-02 5.694612944988316355e-02 5.685921366573404301e-02 5.683024173768434079e-02
6.170681686594473025e-02 6.166961182910440237e-02 6.155799671858338401e-02 6.137644555747918951e-02 6.113208188530273174e-02 6.083417311516606252e-02 6.049352299104791830e-02 6.012183767229694470e-02 5.973113123109558692e-02 5.933321708352812252e-02 5.893930956579742503e-02 5.855973991769071463e-02 5.820377642154347247e-02 5.787953010137814047e-02 5.759392434130476690e-02 5.735270745106748475e-02 5.716048998085967309e-02 5.702079220000742105e-02 5.693609078397451201e-02 5.690785697863021131e-02
6.162243413589522933e-02 6.158675973441148088e-02 6.147973652996025634e-02 6.130555975124889201e-02 6.107092181940249054e-02 6.078455576903817048e-02 6.045668295056488839e-02 6.009843127433495136e-02 5.972128275556748411e-02 5.933659318817102041e-02 5.895520773600782666e-02 5.858717868477279073e-02 5.824157833940316054e-02 5.792639194985110818e-02 5.764847207114848215e-02 5.741353568918963757e-02 5.722618743715288808e-02 5.708995518167865602e-02 5.700732741498688860e-02 5.697978482608963974e-02
6.154534275058196058e-02 6.151105491017046928e-02 6.140819138893598844e-02 6.124070004727045352e-02 6.101489000495928516e-02 6.073901761451765829e-02 6.042278238647029454e-02 6.007679120168709502e-02 5.971204343621307892e-02 5.933947645133594989e-02 5.896959463736588247e-02 5.861218976315673429e-02 5.827614829457843093e-02 5.796933354849280462e-02 5.769852677675882391e-02 5.746941060254768391e-02 5.728657956295521436e-02 5.715356488784165134e-02 5.707286337258712233e-02 5.704596286750227702e-02
6.147548063945301039e-02 6.144243963075797510e-02 6.134331660467288311e-02 6.118184121511099915e-02 6.096398383667617910e-02 6.069757827475478346e-02 6.039185957124352383e-02 6.005696849072702376e-02 5.970346999090712925e-02 5.934192208169697391e-02 5.898251755713068006e-02 5.863480748302083573e-02 5.830750430551902980e-02 5.800835498943096580e-02 5.774407063375035926e-02 5.752029786446125753e-02 5.734161808039100333e-02 5.721156250081167738e-02 5.713263330605231061e-02 5.710632357446585733e-02
6.141280508493657253e-02 6.138087482780373028e-02 6.128508405640518963e-02 6.112897142813323442e-02 6.091821031176030549e-02 6.066026301395949921e-02 6.036395470946537972e-02 6.003901294334235139e-02 5.969561542661929593e-02 5.934397981192680860e-02 5.899401718278350637e-02 5.865505897146925524e-02 5.833565696758549746e-02 5.804344897520531676e-02 5.778507860574388227e-02 5.756615617322658612e-02 5.739124797182344057e-02 5.726388265550477752e-02 5.718656544104008810e-02 5.716079303621852264e-02
6.135729407474779795e-02 6.132634144270596166e-02 6.123348354658048054e-02 6.108209359783605547e-02 6.087758730133524532e-02 6.062710388231944136e-02 6.033911088599593769e-02 6.002297381640436108e-02 5.968852942839349834e-02 5.934569397137096081e-02 5.900412736790060925e-02 5.867296364106398127e-02 5.836060870607818335e-02 5.807459988295311099e-02 5.782151736511229045e-02 5.760693606960250179e-02 5.743540622717970001e-02 5.731045214253904091e-02 5.723458025846494407e-02 5.720928963044023818e-02
6.130894780789256093e-02 6.127884192628344634e-02 6.118852428145609562e-02 6.104122680707063653e-02 6.084214488880395483e-02 6.059814089769759854e-02 6.031737502584994665e-02 6.000890050410283283e-02 5.968225872801855708e-02 5.934710352939314565e-02 5.901287486220226780e-02 5.868853263730659797e-02 5.838235298353562641e-02 5.810178277846698297e-02 5.785334415951486758e-02 5.764257869646965265e-02 5.747402053047630244e-02 5.735118854833574920e-02 5.727658910903067613e-02 5.725172262926232075e-02
6.126779037456757393e-02 6.123840190521594173e-02 6.115023649716104515e-02 6.100640785737624500e-02 6.081192678658305095e-02 6.057342327091772005e-02 6.029879886765570490e-02 5.999684321039588930e-02 5.967684744583581086e-02 5.934824210021410335e-02 5.902027899525962018e-02 5.870176823437121133e-02 5.840087345131419333e-02 5.812496237141195204e-02 5.788050561703522029e-02 5.767301449500655125e-02 5.750700788122580648e-02 5.738599882892763543e-02 5.731249276076308408e-02 5.728799073804157621e-02
6.123387163307246472e-02 6.120507203770168131e-02 6.111867325158931719e-02 6.097769294742929475e-02 6.078699184370239816e-02 6.055301068187467217e-02 6.028343995247043702e-02 5.998685360829068836e-02 5.967233739829011507e-02 5.934913789903286524e-02 5.902635130221059456e-02 5.871266316724665923e-02 5.841614303437546452e-02 5.814409190201712957e-02 5.790293648191412873e-02 5.769816183105718616e-02 5.753427314588458602e-02 5.741477781377595652e-02 5.734217987655812476e-02 5.731798056415218084e-02
6.120726931027973411e-02 6.117893008402184446e-02 6.109391240524814776e-02 6.095515950162074675e-02 6.076741565795814454e-02 6.053697461411237241e-02 6.027136262945814726e-02 5.997898548189636858e-02 5.966876836271787360e-02 5.934981363791425046e-02 5.903109507846546200e-02 5.872119988711256566e-02 5.842812293698930459e-02 5.815911194850206106e-02 5.792055827200363188e-02 5.771792554469219044e-02 5.755570753399816275e-02 5.743740663552852899e-02 5.736552541847595582e-02 5.734156501279176477e-02
6.118809135624397183e-02 6.116008322153625165e-02 6.107605881741307724e-02 6.093890817011630295e-02 6.075329230763944210e-02 6.052539975587175464e-02 6.026263907948360005e-02 5.997329534613393687e-02 5.966617828942205604e-02 5.935028634829858651e-02 5.903450484873176002e-02 5.872734972522083291e-02 5.843676155568765934e-02 5.816994914335408412e-02 5.793327784816505732e-02 5.773219541529255039e-02 5.757118699322717748e-02 5.745375108133086994e-02 5.738238897528452620e-02 5.735860160660241625e-02
6.117647858830138619e-02 6.114867063815785514e-02 6.106524678772727588e-02 6.092906502445917527e-02 6.074473621932587747e-02 6.051838547591008310e-02 6.025735035698363135e-02 5.996984303757698503e-02 5.966460344924377768e-02 5.935056711497272569e-02 5.903656573370101579e-02 5.873107194874140069e-02 5.844199328425359746e-02 5.817651478532365888e-02 5.794098588489280527e-02 5.774084453382420656e-02 5.758057051701230555e-02 5.746365986105159140e-02 5.739261300961560203e-02 5.736893072580360325e-02
6.117260766565385532e-02 6.114486644369839657e-02 6.106164277783200645e-02 6.092578397590679706e-02 6.074188418988802490e-02 6.051604738258953287e-02 6.025558744948365103e-02 5.996869226805799646e-02 5.966407850251768258e-02 5.935066070386410542e-02 5.903725269535743669e-02 5.873231268991492560e-02 5.844373719377557452e-02 5.817870333264685279e-02 5.794355523046872125e-02 5.774372757333475631e-02 5.758369835827401029e-02 5.746696278762516291e-02 5.739602102105929166e-02 5.737237376553733920e-02
