1.000000000000000000e+00 7.788007830714048785e-01 3.678794411714423340e-01 1.053992245618643325e-01 1.831563888873417867e-02 1.930454136227709302e-03 1.234098040866795612e-04 4.785117392129008755e-06 1.125351747192591165e-07 1.605228055185611645e-09 1.388794386496402090e-11 7.287724095819692186e-14 2.319522830243569634e-16 4.477732441718301496e-19 5.242885663363463898e-22 3.723363121750510612e-25 1.603810890548637927e-28 4.190093194494397364e-32 6.639677199580734812e-36 6.381503448060790777e-40
9.027291581949316024e-01 7.676384633146320358e-01 3.623663786737337245e-01 1.048560076547412762e-01 1.929614576920290342e-02 3.100707251080737654e-03 1.239941631942772030e-03 1.057898857447471790e-03 1.001729083302582745e-03 9.599677610561570523e-04 9.258637906468562221e-04 8.977668389615258305e-04 8.746137721452648239e-04 8.556498819015818111e-04 8.403276766658348889e-04 8.282465872804054430e-04 8.191149796362802091e-04 8.127256493183962873e-04 8.089399871566367627e-04 8.076780997693834433e-04
8.896883626732344785e-01 7.564789367589154212e-01 3.568506590159581382e-01 1.043101578015358244e-01 2.027562496127474287e-02 4.270750621716253373e-03 2.356449038857831493e-03 2.111010768710365297e-03 2.003345419021720225e-03 1.919933802274338729e-03 1.851727476757284319e-03 1.795533602659896361e-03 1.749227480086270768e-03 1.711299707577480008e-03 1.680655302949015349e-03 1.656493128435850698e-03 1.638229916174829739e-03 1.625451257565231275e-03 1.617879934410000782e-03 1.615356160024923951e-03
8.766548207007516247e-01 7.453244615941084783e-01 3.513333842741793722e-01 1.037620376940738692e-01 2.125415011607206112e-02 5.440593499608337852e-03 3.472932528966683578e-03 3.164120689170149634e-03 3.004961396309594520e-03 2.879899615859648435e-03 2.777590981593709447e-03 2.693300215977968617e-03 2.623841059619243590e-03 2.566949420802054887e-03 2.520982828466944090e-03 2.484739577341385768e-03 2.457344766517928752e-03 2.438176783668956783e-03 2.426819801856806846e-03 2.423034141252756579e-03
8.636264074324679907e-01 7.341732407935808169e-01 3.458137408769195176e-01 1.032114611847552293e-01 2.223169952629234711e-02 6.610235093417448152e-03 4.589391966133239339e-03 4.217228432199426370e-03 4.006576868579622697e-03 3.839865088782034707e-03 3.703454214530798629e-03 3.591066603725856163e-03 3.498454446540271139e-03 3.422598965349704040e-03 3.361310202837042033e-03 3.312985887872120071e-03 3.276459487567873891e-03 3.250902186558062793e-03 3.235759549593815714e-03 3.230712003939066688e-03
8.506036908069454228e-01 7.230257673195721324e-01 3.402919968574525944e-01 1.026585520093207110e-01 2.320830534785320656e-02 7.779680296395034139e-03 5.705827579306540359e-03 5.270333825530806350e-03 5.008191689597888720e-03 4.799830108017454078e-03 4.629317084943509672e-03 4.488832690713908703e-03 4.373067576645614518e-03 4.278248284994947033e-03 4.201637375676812829e-03 4.141232013903199671e-03 4.095574036227081494e-03 4.063627425161072358e-03 4.044699137717829886e-03 4.038389708570083551e-03
8.375866702714110934e-01 7.118820506418789273e-01 3.347681917532819296e-01 1.021033684370369760e-01 2.418398837328912185e-02 8.948932811359189624e-03 6.822239522978538855e-03 6.323436694210390549e-03 6.009805713082138484e-03 5.759794560542525962e-03 5.555179502207300418e-03 5.386598401752619274e-03 5.247680385731657779e-03 5.133897323512440908e-03 5.041964296603852064e-03 4.969477909309848694e-03 4.914688369397923230e-03 4.876352458406542356e-03 4.853638526325704770e-03 4.846067215632091953e-03
8.245751863467029041e-01 7.007419650445986248e-01 3.292423011382857312e-01 1.015459504123425449e-01 2.515876622379904434e-02 1.011799601405291051e-02 7.938627932351874708e-03 7.376536862734113693e-03 7.011418792752391674e-03 6.719758333335245845e-03 6.481041375698115732e-03 6.284363661652980944e-03 6.122292809595049519e-03 5.989546024676936815e-03 5.882290915235885431e-03 5.797723527967395783e-03 5.733802443982906512e-03 5.689077245223128111e-03 5.662577675514334809e-03 5.653744485611403997e-03
8.115691476253975578e-01 6.896054426719873121e-01 3.237143278117565748e-01 1.009863456818584776e-01 2.613265788905087816e-02 1.128687343147954068e-02 9.054992953885942011e-03 8.429634156228866734e-03 8.013030782358342152e-03 7.679721313375482278e-03 7.406902614792590031e-03 7.182128395226207093e-03 6.996904784032698978e-03 6.845194332263475172e-03 6.722617181190718855e-03 6.625968823751277569e-03 6.552916216884631558e-03 6.501801744539509667e-03 6.471516545380692070e-03 6.461421478994418960e-03
7.985684910096412237e-01 6.784724397135637464e-01 3.181842858253310924e-01 1.004246052186390792e-01 2.710568293155351735e-02 1.245556865787155430e-02 1.017133473988948017e-02 9.482728400239377395e-03 9.014641535674831202e-03 8.639683387645383239e-03 8.332763128867940600e-03 8.079892527284134734e-03 7.871516244841716622e-03 7.700842190047242110e-03 7.562943044086467906e-03 7.454213750537031294e-03 7.372029645005818282e-03 7.314525915284589980e-03 7.280455096021781584e-03 7.269098156267511830e-03
7.855731472210332189e-01 6.673429070728796875e-01 3.126521866284184270e-01 9.986077925365098584e-02 2.807786079663019199e-02 1.362408528180354163e-02 1.128765344382815818e-02 1.053581942054265808e-02 1.001625090649724617e-02 9.599644443129060414e-03 9.258622827302455047e-03 8.977655982638978183e-03 8.746127127819861707e-03 8.556489541803697849e-03 8.403268453541293259e-03 8.282458262200458748e-03 8.191142685249260327e-03 8.127249716387247719e-03 8.089393287534907620e-03 8.076774477917462655e-03
7.725830405298815817e-01 6.562167901374841295e-01 3.071180389602916061e-01 9.929491724584488255e-02 2.904921080685073098e-02 1.479242688545289765e-02 1.240394922024384318e-02 1.158890704314183284e-02 1.101785874864156904e-02 1.055960436681309400e-02 1.018448161947515564e-02 9.875418686103594468e-03 9.620737368764918640e-03 9.412136331308627868e-03 9.243593359173647023e-03 9.110702312617275853e-03 9.010255294517918734e-03 8.939973106776515077e-03 8.898331080017207045e-03 8.884450404430772191e-03
7.595980946074014639e-01 6.450940337559905036e-01 3.015818512017577335e-01 9.872706855687961303e-02 3.001975227890391409e-02 1.596059705676376034e-02 1.352022222549891829e-02 1.264199109429127964e-02 1.201946491594500441e-02 1.151956304568636097e-02 1.111033941476624251e-02 1.077318056249160043e-02 1.049534690347544465e-02 1.026778250233807699e-02 1.008391771060218600e-02 9.938945855663747567e-03 9.829367429714946230e-03 9.752696045381549148e-03 9.707268433566156735e-03 9.692125896294359264e-03
7.466182343609771843e-01 6.339745837990055088e-01 2.960436321130908155e-01 9.815728266346580855e-02 3.098950456010920312e-02 1.712859939313884222e-02 1.463647261797964422e-02 1.369507140050141639e-02 1.302106926226594651e-02 1.247952036674063181e-02 1.203619612255696185e-02 1.167094153661709169e-02 1.136995566775023635e-02 1.112342799866846560e-02 1.092424145744589833e-02 1.076718884521606252e-02 1.064847904774362045e-02 1.056541849113171692e-02 1.051620530827924484e-02 1.049980091399508979e-02
7.336433853974990704e-01 6.228583867028987253e-01 2.905033906190980231e-01 9.758560909670742356e-02 3.195848701748796317e-02 1.829643750013141071e-02 1.575270055797765856e-02 1.474814778853038300e-02 1.402267164148421341e-02 1.343947621697037277e-02 1.296205165222987996e-02 1.256870153329521164e-02 1.224456359738878772e-02 1.197907276407668593e-02 1.176456454932394390e-02 1.159543123515069385e-02 1.146759010550744105e-02 1.137814040295650683e-02 1.132514166425416767e-02 1.130747541802005519e-02
7.206734734108746210e-01 6.117453889490944707e-01 2.849611355637544086e-01 9.701209737273304434e-02 3.292671902532189748e-02 1.946411498997759407e-02 1.686890620756387876e-02 1.580122008537583611e-02 1.502427190750033059e-02 1.439943048337283954e-02 1.388790591316872020e-02 1.346646047734182186e-02 1.311917062819115479e-02 1.283471674233981411e-02 1.260488693585597696e-02 1.242367297934450325e-02 1.228670055990998232e-02 1.219086173978560506e-02 1.213407746158870135e-02 1.211514936885639895e-02
7.077084240345713484e-01 6.006355369388423071e-01 2.794168756516547947e-01 9.643679697685204888e-02 3.389421996201526927e-02 2.063163548110991119e-02 1.798508973052270754e-02 1.685428811826882034e-02 1.602586991423608082e-02 1.535938305294864102e-02 1.481375881475906903e-02 1.436421829357368250e-02 1.399377669595788798e-02 1.369035987723575369e-02 1.344520856666170383e-02 1.325191403167439060e-02 1.310581036785523658e-02 1.300358246054871339e-02 1.294301266038093076e-02 1.292282272699167046e-02
6.947481629177819640e-01 5.895287770581532083e-01 2.738706194792671633e-01 9.585975737345146797e-02 3.486100921142989972e-02 2.179900259814258889e-02 1.910125129231856830e-02 1.790735171466905154e-02 1.702746551563378077e-02 1.631933381270171679e-02 1.573961026638760405e-02 1.526197490680868477e-02 1.486838173649039467e-02 1.454600211254244470e-02 1.428552939136153339e-02 1.408015434601769637e-02 1.392491948624732974e-02 1.381630252417610609e-02 1.375194722072907091e-02 1.373049545291339310e-02
6.817926158006856197e-01 5.784250557419815530e-01 2.683223755658691312e-01 9.528102801578952619e-02 3.582710616420291261e-02 2.296621997185386774e-02 2.021739106005977435e-02 1.896041070225985836e-02 1.802905856565690385e-02 1.727928264963892943e-02 1.666546017744292146e-02 1.615973024186541374e-02 1.574298568559073797e-02 1.540164339203863898e-02 1.512584935957586932e-02 1.490839387625205424e-02 1.474402787199062190e-02 1.462902188959785965e-02 1.456088110273138364e-02 1.453816750710922208e-02
6.688417085347940771e-01 5.673243194916834931e-01 2.627721523623516298e-01 9.470065834946096717e-02 3.679253021796423384e-02 2.413329123905407977e-02 2.133350920245742632e-02 2.001346490894348115e-02 1.903064891828890742e-02 1.823922945077147834e-02 1.759130845731528281e-02 1.705748422356415106e-02 1.661758847906150138e-02 1.625728365950340412e-02 1.596616842092607805e-02 1.573663257625539796e-02 1.556313548198975244e-02 1.544174051574457966e-02 1.536981426648652803e-02 1.534583885006717864e-02
6.558953670735034880e-01 5.562265148671561299e-01 2.572199582481138336e-01 9.411869781244301680e-02 3.775730077695848425e-02 2.530022004238924663e-02 2.244960588977838734e-02 2.106651416283509062e-02 2.003223642753466233e-02 1.919917410311360040e-02 1.851715501539676414e-02 1.795523677672563115e-02 1.749219005270648622e-02 1.711292285871687802e-02 1.680648652503324153e-02 1.656487039990592325e-02 1.638224227314960535e-02 1.625445836154691334e-02 1.617874667209339909e-02 1.615350944227556332e-02
6.429535174602265535e-01 5.451315884769064590e-01 2.516658015269463977e-01 9.353519583485539468e-02 3.872143725162085354e-02 2.646701003014113179e-02 2.356568129379906645e-02 2.211955829225783696e-02 2.103382094741884645e-02 2.015911649368378258e-02 1.944299976108147462e-02 1.885298782617257987e-02 1.836679034233007490e-02 1.796856093345899907e-02 1.764680362151960918e-02 1.739310730108225428e-02 1.720134820237538206e-02 1.706717538593584271e-02 1.698767827965094387e-02 1.696117924422263848e-02
6.300160858230924310e-01 5.340394869737047356e-01 2.461096904255417050e-01 9.295020183948167480e-02 3.968495905828168385e-02 2.763366485604007786e-02 2.468173558775921608e-02 2.317259712573741665e-02 2.203540233198686069e-02 2.111905650950463703e-02 2.036884260376568140e-02 1.975073729672841005e-02 1.924138928373753804e-02 1.882419782751109522e-02 1.848711966000725002e-02 1.822134323366339861e-02 1.802045322657279749e-02 1.787989154784275225e-02 1.779660904925858822e-02 1.776884821639720252e-02
6.170829983744322567e-01 5.229501570543150235e-01 2.405516330939632130e-01 9.236376524283992917e-02 4.064788561896909291e-02 2.880018817908877593e-02 2.579776894631706161e-02 2.422563049199674343e-02 2.303698043530396505e-02 2.207899403760258533e-02 2.129468345284754593e-02 2.064848511321824148e-02 2.011598681273507952e-02 1.967983348465482743e-02 1.932743459011927387e-02 1.904957815152871076e-02 1.883955730264735492e-02 1.869260680619899695e-02 1.860553894101570072e-02 1.857651631928793762e-02
6.041541814115165554e-01 5.118635454602802337e-01 2.349916376065710188e-01 9.177593545639906036e-02 4.161023636123507147e-02 2.996658366338804044e-02 2.691378154550348040e-02 2.527865821995041798e-02 2.403855511145611135e-02 2.303892896500882304e-02 2.222052221772770689e-02 2.154623120046867887e-02 2.099058286513020427e-02 2.053546784867249855e-02 2.016774836147906813e-02 1.987781200855813155e-02 1.965866038750553255e-02 1.950532111993669854e-02 1.941446791502219119e-02 1.938418351338402207e-02
5.912295613166317354e-01 5.007795989781498314e-01 2.294297119627044801e-01 9.118676188771844549e-02 4.257203071797129729e-02 3.113285497796228554e-02 2.802977356267824863e-02 2.633168013869964172e-02 2.504012621454875312e-02 2.399886117875890332e-02 2.314635880780894703e-02 2.244397548330746145e-02 2.186517737673099315e-02 2.139110086334740021e-02 2.100806092371053022e-02 2.070604475863171631e-02 2.047776243805370447e-02 2.031803444798762487e-02 2.022339593137821231e-02 2.019184975917507827e-02
5.783090645564050725e-01 4.896982644390661110e-01 2.238658640870493099e-01 9.059629394150411907e-02 4.353328812720498597e-02 3.229900579658139675e-02 2.914574517648258270e-02 2.738469607752656507e-02 2.604169359870752223e-02 2.495879056589290351e-02 2.407219313249693224e-02 2.334171788656446561e-02 2.273977028334666153e-02 2.224673247246319180e-02 2.184837222643827570e-02 2.153427635563011713e-02 2.129686341119886930e-02 2.113074674928454647e-02 2.103232295018404863e-02 2.099951501715054819e-02
5.653926176807407833e-01 4.786194887180164614e-01 2.183001018298433848e-01 9.000458102061749399e-02 4.449402803189311806e-02 3.346503979758526370e-02 3.026169656679587525e-02 2.843770586588928104e-02 2.704325711807792007e-02 2.591871701345590390e-02 2.499802510119938578e-02 2.423945833507069186e-02 2.361436152078794093e-02 2.310236261980483027e-02 2.268868221928743364e-02 2.236250675343481181e-02 2.211596326384840036e-02 2.194345798276016446e-02 2.184124893154059874e-02 2.180717924780074465e-02
5.524801473217552106e-01 4.675432187330878508e-01 2.127324329670859659e-01 8.941167252708540070e-02 4.545426987971175337e-02 3.463096066370367071e-02 3.137762791468844126e-02 2.949070933341561146e-02 2.804481662682514753e-02 2.687864040849791136e-02 2.592385462332700077e-02 2.513719675365904196e-02 2.448895102486631573e-02 2.395799124915771669e-02 2.352899085188385475e-02 2.319073590592708387e-02 2.293506195290975769e-02 2.275616810734752346e-02 2.265017383554863636e-02 2.261484241161567169e-02
5.395715801927971622e-01 4.564694014447909787e-01 2.071628652007726223e-01 8.881761786312544760e-02 4.641403312285014016e-02 3.579677208188121462e-02 3.249353940237755672e-02 3.054370630989890895e-02 2.904637197913326543e-02 2.783856063807390105e-02 2.684968160829320424e-02 2.603493306716422873e-02 2.536353873139454360e-02 2.481361830430818191e-02 2.436929807385384769e-02 2.401896376698925417e-02 2.375415943529137625e-02 2.356887708198032033e-02 2.345909762230971585e-02 2.342250446908617986e-02
5.266668430875892648e-01 4.453979838554847914e-01 2.015914061591714823e-01 8.822246643217764028e-02 4.737333721780521284e-02 3.696247774309969342e-02 3.360943121318024640e-02 3.159669662529114575e-02 3.004792302920713393e-02 2.879847758924438533e-02 2.777550596551416062e-02 2.693266720042282805e-02 2.623812457618684285e-02 2.566924372904386825e-02 2.520960383482451564e-02 2.484719029050398015e-02 2.457325566790152793e-02 2.438158486559230745e-02 2.426802025192546439e-02 2.423016538070318568e-02
5.137658628793815296e-01 4.343289130088127670e-01 1.960180633971068120e-01 8.762626763994625645e-02 4.833220162517799789e-02 3.812808134219974887e-02 3.472530353146872223e-02 3.264968010969904189e-02 3.104946963126969245e-02 2.975839114907512586e-02 2.870132760440915684e-02 2.783039907827310547e-02 2.711270849505839631e-02 2.652486746715236945e-02 2.604990808442368688e-02 2.567541543035457494e-02 2.539235060764947344e-02 2.519429141711775760e-02 2.507694168449783531e-02 2.503782510695786584e-02
5.008685665201053627e-01 4.232621359891391433e-01 1.904428443962404294e-01 8.702907089543576724e-02 4.929064580946898588e-02 3.929358657770605501e-02 3.584115654262576278e-02 3.370265659337701863e-02 3.205101163956371180e-02 3.071830120463752908e-02 2.962714643440059886e-02 2.872812862555544286e-02 2.798729042382608681e-02 2.738048946242343379e-02 2.689021077227982462e-02 2.650363914042460842e-02 2.621144421144444570e-02 2.600699669549146054e-02 2.588586188012948278e-02 2.584548360834215686e-02
4.879748810395218017e-01 4.121975999209761543e-01 1.848657565653391288e-01 8.643092561199350321e-02 5.024868923887403083e-02 4.045899715164959221e-02 3.695699043299677938e-02 3.475562590672311158e-02 3.305254890835071513e-02 3.167820764300858377e-02 3.055296236491393189e-02 2.962585576711238358e-02 2.886187029830773049e-02 2.823610965864693095e-02 2.773051184802233921e-02 2.733186137459875722e-02 2.703053643619654500e-02 2.681970065964837599e-02 2.669478079892297767e-02 2.665314084534784259e-02
4.750847335443567077e-01 4.011352519684019957e-01 1.792868072405377766e-01 8.583188120834632506e-02 5.120635138507861894e-02 4.162431676939001846e-02 3.807280538984672558e-02 3.580858788027239947e-02 3.405408129191150185e-02 3.263811035127153759e-02 3.147877530537752933e-02 3.052358042778815714e-02 2.973644805432319044e-02 2.909172799961417741e-02 2.857081126128084916e-02 2.816008208676164248e-02 2.784962723881620819e-02 2.763240326852414372e-02 2.750369840098169927e-02 2.746079677846754996e-02
4.621980512174370670e-01 3.900750393344792899e-01 1.737060036856057921e-01 8.523198710964027813e-02 5.216365172305387904e-02 4.278954913943908145e-02 3.918860160131174691e-02 3.686154234469241758e-02 3.505560864454555087e-02 3.359800921651526912e-02 3.240458516522438243e-02 3.142130253242979288e-02 3.061102362769319712e-02 2.994734442911733963e-02 2.941110896168671815e-02 2.898830123079935289e-02 2.866871657621435782e-02 2.844510448105464287e-02 2.831261464640921072e-02 2.826845136819406551e-02
4.493147613168405052e-01 3.790169092606786583e-01 1.681233530921931174e-01 8.463129274848273098e-02 5.312060973085221127e-02 4.395469797328536293e-02 4.030437925635659696e-02 3.791448913077674621e-02 3.605713082057104835e-02 3.455790412583505805e-02 3.333039185388918940e-02 3.231902200588583629e-02 3.148559695424025390e-02 3.080295889094968736e-02 3.025140489887101491e-02 2.981651876059744286e-02 2.948780440530252012e-02 2.925780425617627648e-02 2.912152949530918272e-02 2.907610457502014800e-02
4.364347911750411924e-01 3.679608090263051801e-01 1.625388625800971987e-01 8.402984756598382010e-02 5.407724488940068158e-02 4.511976698521510259e-02 4.142013854472595402e-02 3.896742806944065995e-02 3.705864767432422158e-02 3.551779496633239441e-02 3.425619528081155080e-02 3.321673877300739680e-02 3.236016796978836985e-02 3.165857132890593367e-02 3.109169902246672335e-02 3.064473463004357273e-02 3.030689068299274522e-02 3.007050255282598186e-02 2.993044290778667030e-02 2.988375635944023195e-02
4.235580681980777307e-01 3.569066859479349541e-01 1.569525391975066797e-01 8.342770101280023998e-02 5.503357668229742067e-02 4.628475989213718528e-02 4.253587965690100448e-02 4.002035899171383498e-02 3.806015906016073369e-02 3.647768162511572793e-02 3.518199535543459211e-02 3.411445275864831428e-02 3.323473661016317776e-02 3.251418168678122528e-02 3.193199128210674753e-02 3.147294879302484777e-02 3.112597536619743713e-02 3.088319932994123759e-02 3.073935484394606232e-02 3.069140668194766941e-02
4.106845198647109396e-01 3.458544873788478857e-01 1.513643899212586963e-01 8.282490255018082337e-02 5.598962459560659355e-02 4.744968041340497100e-02 4.365160278405240402e-02 4.107328172873760119e-02 3.906166483245374077e-02 3.743756398929942719e-02 3.610779198720431155e-02 3.501216388766427434e-02 3.410930281119230884e-02 3.336978990837261017e-02 3.277228162742528567e-02 3.230116120342967079e-02 3.194505841183000600e-02 3.169589454645976856e-02 3.154826526389306607e-02 3.149905550303750551e-02
3.978140737255965176e-01 3.348041607084675797e-01 1.457744216570808771e-01 8.222150165101196895e-02 5.694540811765209931e-02 4.861453227064121974e-02 4.476730811799482790e-02 4.212619611175588002e-02 4.006316484559482166e-02 3.839744194600500093e-02 3.703358508557192535e-02 3.590987208491374510e-02 3.498386650870442122e-02 3.422539593747829512e-02 3.361257000805794454e-02 3.312937181514683666e-02 3.276413977680394524e-02 3.250858816131978885e-02 3.235717412773316676e-02 3.230670278320429967e-02
3.849466574024180687e-01 3.237556533617739207e-01 1.401826412398415045e-01 8.161754780086714900e-02 5.790094673881412968e-02 4.977931918756017815e-02 4.588299585114179874e-02 4.317910197211267953e-02 4.106465895399348531e-02 3.935731538236130617e-02 3.795937455999153637e-02 3.680757727525778983e-02 3.585842763853010207e-02 3.508099971789691712e-02 3.445285637364033787e-02 3.395758058206658353e-02 3.358321941803386890e-02 3.332128013346053602e-02 3.316608139557260942e-02 3.311434848294330519e-02
3.720821985868892900e-01 3.127089127986136252e-01 1.345890554337869083e-01 8.101309049905278115e-02 5.885625995132125199e-02 5.094404488979085294e-02 4.699866617645875183e-02 4.423199914124508608e-02 4.206614701207701812e-02 4.031718418550354899e-02 3.888516031992158423e-02 3.770527938356006692e-02 3.673298613650256145e-02 3.593660119342966669e-02 3.529314067380934228e-02 3.478578745807882344e-02 3.440229729243458878e-02 3.413397042182132746e-02 3.397498702751858279e-02 3.392199256275099661e-02
3.592206250394952560e-01 3.016638865128178359e-01 1.289936709327853814e-01 8.040817925966299573e-02 5.981136724904741880e-02 5.210871310470142903e-02 4.811431928741832786e-02 4.528488745067782428e-02 4.306762887429079617e-02 4.127704824257475563e-02 3.981094227482558784e-02 3.860297833468662176e-02 3.760754193845546739e-02 3.679220030787795637e-02 3.613342285820357602e-02 3.561399239707488396e-02 3.522137335692161753e-02 3.494665898534202869e-02 3.478389098367797722e-02 3.472963498312329339e-02
3.463618645882030056e-01 2.906205220312915727e-01 1.233964943605572184e-01 7.980286361262713124e-02 6.076628812730452966e-02 5.327332756122143964e-02 4.922995537795405580e-02 4.633776673201805280e-02 4.406910439509750810e-02 4.223690744072517572e-02 4.073672033417004984e-02 3.950067405350669858e-02 3.848209498022502756e-02 3.764779700504485710e-02 3.697370287646133818e-02 3.644219535294707102e-02 3.604044756841152941e-02 3.575934578296332406e-02 3.559279322415871000e-02 3.553727570455717660e-02
3.335058451283617331e-01 2.795787669140004650e-01 1.177975322709164663e-01 7.919719310476555640e-02 6.172104208263606839e-02 5.443789198966574039e-02 5.034557464241454922e-02 4.739063681694945934e-02 4.507057342897739100e-02 4.319676166711229615e-02 4.166249440742647581e-02 4.039836646489205346e-02 3.935664519765002395e-02 3.850339122873529946e-02 3.781398067822309278e-02 3.727039627958803059e-02 3.685951988382094729e-02 3.657203077362623095e-02 3.640169370906899682e-02 3.634491468754992571e-02
3.206524946261780085e-01 2.685385687566323454e-01 1.121967911479951757e-01 7.859121730084339674e-02 6.267564861261276654e-02 5.560241012155799772e-02 5.146117727551809823e-02 4.844349753722698021e-02 4.607203583042778633e-02 4.415661080890237455e-02 4.258826440407095792e-02 4.129605549371744705e-02 4.023119252656986999e-02 3.935898292275480381e-02 3.865425621312953280e-02 3.809859513089129679e-02 3.767859026006737527e-02 3.738471391627262719e-02 3.721059239851757378e-02 3.715255189259922264e-02
3.078017411229355127e-01 2.574998751938213926e-01 1.065942774064788795e-01 7.798498578462786934e-02 6.363012721562358309e-02 5.676688568945405244e-02 5.257676347230579028e-02 4.949634872467111729e-02 4.707349145396334117e-02 4.511645475326789972e-02 4.351403023358447336e-02 4.219374106486070003e-02 4.110573690282712245e-02 4.021457203091113181e-02 3.949452943082346068e-02 3.892679186075184705e-02 3.849765865406927501e-02 3.819739516984443223e-02 3.801948925261432188e-02 3.796018728020428279e-02
2.949535127174897631e-01 2.464626338860772259e-01 1.009899973918396560e-01 7.737854815994432700e-02 6.458449739067206874e-02 5.793132242676454768e-02 5.369233342809724002e-02 5.054919021116226902e-02 4.807494015411622329e-02 4.607629338739150510e-02 4.443979180545161445e-02 4.309142310320228375e-02 4.198027826226562176e-02 4.107015849701254467e-02 4.033480028094769271e-02 3.975498642306454777e-02 3.931672502274579512e-02 3.901007449328498106e-02 3.882838423146895562e-02 3.876782081086361381e-02
2.821077375156738620e-01 2.354267924818806701e-01 9.538395738050102490e-02 7.677195405173689591e-02 6.553877863716432717e-02 5.909572406757958307e-02 5.480788733844296767e-02 5.160202182863474207e-02 4.907638178543518442e-02 4.703612659846165278e-02 4.536554902916303117e-02 4.398910153362597247e-02 4.285481654073212271e-02 4.192574226487018330e-02 4.117506871314700889e-02 4.058317877172659682e-02 4.013578932301596625e-02 3.982275184553753233e-02 3.963727729519254256e-02 3.957545244507754828e-02
2.692643437955728469e-01 2.243922987417153181e-01 8.977616358014273157e-02 7.616525310713058439e-02 6.649299045470370706e-02 6.026009434648937207e-02 5.592342539907775578e-02 5.265484340907107541e-02 5.007781620248565047e-02 4.799595427367583933e-02 4.629130181421266949e-02 4.488677628101731681e-02 4.372935167407595441e-02 4.278132327829711756e-02 4.201533467706695946e-02 4.141136886063607331e-02 4.095485151179982519e-02 4.063542718554711414e-02 4.044616840389483881e-02 4.038308214334408730e-02
