0.000000000000000000e+00 9.999055644137719856e-01
2.960298997525126832e-04 9.991868539452820608e-01
7.880995995100251780e-04 9.992261306964091983e-01
1.476209099272537701e-03 9.992332034091357951e-01
2.360358399040050469e-03 9.992411241558776247e-01
3.440547498812562832e-03 9.992490288631987738e-01
4.716776398590073922e-03 9.992569339576221621e-01
6.189045098372585908e-03 9.992648391938276919e-01
7.857353598160098790e-03 9.992727445748744719e-01
9.721701897952610832e-03 9.992806501007623909e-01
1.178208999775012290e-02 9.992885557715083245e-01
1.403851789755263500e-02 9.992964615871500200e-01
1.649098559736015060e-02 9.993043675477034649e-01
1.913949309717266622e-02 9.993122736532135120e-01
2.198404039699017321e-02 9.993201799036883770e-01
2.502462749681268195e-02 9.993280862991659186e-01
2.826125439664019939e-02 9.993359928396728931e-01
3.169392109647271166e-02 9.993438995252370560e-01
3.532262759631021876e-02 9.993518063558788356e-01
3.914737389615272761e-02 9.993597133316376446e-01
4.316815999600024517e-02 9.993676204525284712e-01
4.738498589585275755e-02 9.993755277185890629e-01
5.179785159571026476e-02 9.993834351298424012e-01
5.640675709557277373e-02 9.993913426863151317e-01
6.121170239544029140e-02 9.993992503880375633e-01
6.621268749531281084e-02 9.994071582350331218e-01
7.140971239519032510e-02 9.994150662273325603e-01
7.680277709507281336e-02 9.994229743649598596e-01
8.239188159496033115e-02 9.994308826479502139e-01
8.817702589485285070e-02 9.994387910763180560e-01
9.415820999475034425e-02 9.994466996501006895e-01
1.003354338946528534e-01 9.994546083693272021e-01
1.067086975945603783e-01 9.994625172340213526e-01
1.132780010944729049e-01 9.994704262442118958e-01
1.200433443943904194e-01 9.994783353999218134e-01
1.270047274943129079e-01 9.994862447011847451e-01
1.341621503942404259e-01 9.994941541480150127e-01
1.415156130941729595e-01 9.995020637404576913e-01
1.490651155941104256e-01 9.995099734785352075e-01
1.568106578940529627e-01 9.995178833622686554e-01
1.647522399940004878e-01 9.995257933916940063e-01
1.728898618939530007e-01 9.995337035668324654e-01
1.812235235939105293e-01 9.995416138877116774e-01
1.897532250938729903e-01 9.995495243543633945e-01
1.984789663938405224e-01 9.995574349668101544e-01
2.074007474938130424e-01 9.995653457250820439e-01
2.165185683937905226e-01 9.995732566292102605e-01
2.258324290937730461e-01 9.995811676792100142e-01
2.353423295937605575e-01 9.995890788751239375e-01
2.450482698937530845e-01 9.995969902169696830e-01
2.549502499937505995e-01 9.996049017047837770e-01
2.650482698937531301e-01 9.996128133385809855e-01
2.753423295937606485e-01 9.996207251184030529e-01
2.858324290937730994e-01 9.996286370442594160e-01
2.965185683937905936e-01 9.996365491162018113e-01
3.074007474938131312e-01 9.996444613342371222e-01
3.184789663938406568e-01 9.996523736984059827e-01
3.297532250938731702e-01 9.996602862087234920e-01
3.412235235939106714e-01 9.996681988652142969e-01
3.528898618939532161e-01 9.996761116679315773e-01
3.647522399940006377e-01 9.996840246168863242e-01
3.768106578940531581e-01 9.996919377120954131e-01
3.890651155941106665e-01 9.996998509536038080e-01
4.015156130941732182e-01 9.997077643414333803e-01
4.141621503942407023e-01 9.997156778756165485e-01
4.270047274943132298e-01 9.997235915561637487e-01
4.400433443943908007e-01 9.997315053831258291e-01
4.532780010944733040e-01 9.997394193565075637e-01
4.667086975945608507e-01 9.997473334763510300e-01
4.803354338946532187e-01 9.997552477426800976e-01
4.941582099947507412e-01 9.997631621555270742e-01
5.081770258948532515e-01 9.997710767149078359e-01
5.223918815949607497e-01 9.997789914208619066e-01
5.368027770950732913e-01 9.997869062734092704e-01
5.514097123951908763e-01 9.997948212725830119e-01
5.662126874953133937e-01 9.998027364184067789e-01
5.812117023954407324e-01 9.998106517109083269e-01
5.964067570955732256e-01 9.998185671501146343e-01
6.117978515957107621e-01 9.998264827360555662e-01
6.273849858958533421e-01 9.998343984687648733e-01
6.431681599960008544e-01 9.998423143482526587e-01
6.591473738961534101e-01 9.998502303745631092e-01
6.753226275963108982e-01 9.998581465477137664e-01
6.916939210964734297e-01 9.998660628677512596e-01
7.082612543966410046e-01 9.998739793346693716e-01
7.250246274968132898e-01 9.998818959485195057e-01
7.419840403969908404e-01 9.998898127093253096e-01
7.591394930971734345e-01 9.998977296171137619e-01
7.764909855973609609e-01 9.999056466719044023e-01
7.940385178975534197e-01 9.999135638737479681e-01
8.117820899977510329e-01 9.999214812226497884e-01
8.297217018979535785e-01 9.999293987186380628e-01
8.478573535981608345e-01 9.999373163617527593e-01
8.661890450983733558e-01 9.999452341520114196e-01
8.847167763985909206e-01 9.999531520896108860e-01
9.034405474988134177e-01 9.999610701897255760e-01
9.223603583990409582e-01 9.999689896835318725e-01
9.414762090992735422e-01 9.999769929487037912e-01
9.607880995995110585e-01 9.999894099602301134e-01
9.802960298997536182e-01 1.000171731566564803e+00
1.000000000000000666e+00 1.004476556133968135e+00
