0.000000000000000000e+00 0.000000000000000000e+00
2.078119897502626434e-05 0.000000000000000000e+00
4.352279595010249372e-05 0.000000000000000000e+00
6.822479092522875592e-05 1.009582231570109898e-28
9.488718390040502381e-05 0.000000000000000000e+00
1.235099748756312839e-04 0.000000000000000000e+00
1.540931638509075632e-04 0.000000000000000000e+00
1.866367508262337669e-04 0.000000000000000000e+00
2.211407358016100034e-04 0.000000000000000000e+00
2.576051187770363269e-04 0.000000000000000000e+00
2.960298997525126832e-04 0.000000000000000000e+00
3.364150787280388555e-04 0.000000000000000000e+00
3.787606557036150606e-04 0.000000000000000000e+00
4.230666306792412444e-04 0.000000000000000000e+00
4.693330036549174067e-04 0.000000000000000000e+00
5.175597746306437102e-04 0.000000000000000000e+00
5.677469436064200466e-04 0.000000000000000000e+00
6.198945105822462531e-04 0.000000000000000000e+00
6.740024755581224382e-04 0.000000000000000000e+00
7.300708385340486020e-04 0.000000000000000000e+00
7.880995995100251780e-04 0.000000000000000000e+00
8.480887584860512989e-04 0.000000000000000000e+00
9.100383154621275068e-04 0.000000000000000000e+00
9.739482704382536934e-04 0.000000000000000000e+00
1.039818623414429750e-03 0.000000000000000000e+00
1.107649374390655894e-03 0.000000000000000000e+00
1.177440523366932558e-03 0.000000000000000000e+00
1.249192070343258659e-03 0.000000000000000000e+00
1.322904015319634847e-03 0.000000000000000000e+00
1.398576358296060905e-03 0.000000000000000000e+00
1.476209099272537051e-03 0.000000000000000000e+00
1.555802238249063716e-03 0.000000000000000000e+00
1.637355775225640036e-03 0.000000000000000000e+00
1.720869710202266008e-03 0.000000000000000000e+00
1.806344043178942285e-03 0.000000000000000000e+00
1.893778774155669082e-03 0.000000000000000000e+00
1.983173903132445098e-03 0.000000000000000000e+00
2.074529430109271419e-03 0.000000000000000000e+00
2.167845355086147393e-03 0.000000000000000000e+00
2.263121678063073454e-03 0.000000000000000000e+00
2.360358399040050469e-03 0.000000000000000000e+00
2.459555518017076271e-03 0.000000000000000000e+00
2.560713034994152593e-03 0.000000000000000000e+00
2.663830949971278568e-03 0.000000000000000000e+00
2.768909262948454630e-03 0.000000000000000000e+00
2.875947973925680780e-03 0.000000000000000000e+00
2.984947082902957450e-03 0.000000000000000000e+00
3.095906589880283773e-03 0.000000000000000000e+00
3.208826494857659750e-03 0.000000000000000000e+00
3.323706797835085814e-03 0.000000000000000000e+00
3.440547498812561965e-03 0.000000000000000000e+00
3.559348597790088636e-03 0.000000000000000000e+00
3.680110094767664961e-03 0.000000000000000000e+00
3.802831989745290939e-03 0.000000000000000000e+00
3.927514282722965704e-03 0.000000000000000000e+00
4.054156973700691856e-03 0.000000000000000000e+00
4.182760062678468095e-03 0.000000000000000000e+00
4.313323549656295289e-03 4.940656458412465442e-324
4.445847434634171702e-03 4.940656458412465442e-324
4.580331717612097335e-03 4.940656458412465442e-324
4.716776398590073922e-03 4.940656458412465442e-324
4.855181477568099729e-03 3.777609097202987694e-293
4.995546954546175623e-03 3.325696558749467347e-183
5.137872829524301604e-03 1.491298410566473126e-107
5.282159102502477672e-03 1.649903360809889587e-58
5.428405773480703828e-03 3.388400096252606917e-29
5.576612842458980070e-03 1.317016115207466506e-13
5.726780309437305531e-03 1.091489815035159337e-06
5.878908174415681948e-03 2.385847576741198604e-04
6.032996437394107583e-03 1.457441930637078976e-03
6.189045098372585908e-03 3.514658565693826349e-03
6.347054157351111718e-03 6.140386132260970686e-03
6.507023614329687615e-03 9.204135061987014921e-03
6.668953469308313599e-03 1.263450085671755270e-02
6.832843722286989670e-03 1.638593310386422114e-02
6.998694373265715828e-03 2.042610564972555109e-02
7.166505422244492073e-03 2.473031484707485100e-02
7.336276869223317537e-03 2.927864716866811212e-02
7.508008714202193956e-03 3.405439869029431438e-02
7.681700957181119595e-03 3.904312493344143375e-02
7.857353598160098790e-03 4.423203588477439552e-02
8.034966637139125470e-03 4.960959296563887538e-02
8.214540074118200502e-03 5.516523061333623162e-02
8.396073909097327356e-03 6.088915817325382673e-02
8.579568142076502563e-03 6.677221545348459297e-02
8.765022773055727856e-03 7.280576523981062420e-02
8.952437802035004971e-03 7.898161193037299410e-02
9.141813229014330439e-03 8.529193903903094232e-02
9.333149053993705993e-03 9.172926058902469704e-02
9.526445276973131635e-03 9.828638289990733468e-02
9.721701897952607363e-03 1.049563742611886591e-01
9.918918916932136648e-03 1.117325406637899171e-01
1.011809633391171255e-02 1.186084062333217781e-01
1.031923414889133854e-02 1.255776973455804413e-01
1.052233236187101462e-02 1.326343296476309719e-01
1.072739097285074078e-02 1.397723973862758373e-01
1.093440998183051703e-02 1.469861645782492288e-01
1.114338938881034163e-02 1.542700576564210446e-01
1.135432919379021806e-02 1.616186593024828699e-01
1.156722939677014457e-02 1.690267032349180298e-01
1.178208999775011943e-02 1.764890697670771225e-01
1.199891099673014612e-02 1.840007819853857751e-01
1.221769239371022463e-02 1.915570024263973659e-01
1.243843418869035149e-02 1.991530301538207426e-01
1.266113638167052670e-02 2.067842469701801078e-01
1.288579897265075200e-02 2.144463170832635046e-01
1.311242196163102738e-02 2.221348858023971251e-01
1.334100534861135459e-02 2.298457745134835084e-01
1.357154913359173015e-02 2.375749301428085047e-01
1.380405331657215580e-02 2.453184233638221190e-01
1.403851789755263153e-02 2.530724468669261484e-01
1.427494287653315735e-02 2.608333136722591483e-01
1.451332825351373326e-02 2.685974554691573091e-01
1.475367402849436273e-02 2.763614209694055246e-01
1.499598020147503881e-02 2.841218742637410255e-01
1.524024677245576498e-02 2.918755931734637876e-01
1.548647374143653950e-02 2.996194675909693572e-01
1.573466110841736931e-02 3.073504978042695956e-01
1.598480887339824227e-02 3.150657928022107535e-01
1.623691703637917053e-02 3.227625685580627346e-01
1.649098559736014366e-02 3.304381462900566890e-01
1.674701455634117209e-02 3.380899506982674718e-01
1.700500391332224540e-02 3.457155081778736094e-01
1.726495366830337400e-02 3.533124450093526603e-01
1.752686382128455442e-02 3.608784855265639302e-01
1.779073437226577625e-02 3.684114502642041877e-01
1.805656532124705685e-02 3.759092540859770293e-01
1.832435666822837886e-02 3.833699042957047221e-01
1.859410841320975616e-02 3.907914987331368994e-01
1.886582055619118528e-02 3.981722238566332006e-01
1.913949309717265929e-02 4.055103528151504100e-01
1.941512603615418858e-02 4.128042435116233144e-01
1.969271937313575929e-02 4.200523366602395559e-01
1.997227310811738876e-02 4.272531538397112416e-01
2.025378724109906312e-02 4.344052955452477605e-01
2.053726177208079276e-02 4.415074392411499904e-01
2.082269670106256382e-02 4.485583374164416881e-01
2.111009202804439364e-02 4.555568156458484896e-01
2.139944775302626487e-02 4.625017706578742338e-01
2.169076387600819486e-02 4.693921684125325067e-01
2.198404039699017321e-02 4.762270421902407569e-01
2.227927731597219643e-02 4.830054906940659532e-01
2.257647463295427495e-02 4.897266761669666901e-01
2.287563234793639835e-02 4.963898225257091235e-01
2.317675046091857705e-02 5.029942135131904024e-01
2.347982897190080062e-02 5.095391908705730888e-01
2.378486788088307949e-02 5.160241525306193955e-01
2.409186718786539977e-02 5.224485508335450223e-01
2.440082689284778228e-02 5.288117952942872346e-01
2.471174699583020273e-02 5.351136250543561124e-01
2.502462749681268195e-02 5.413535568855635249e-01
2.533946839579521298e-02 5.475312433709377258e-01
2.565626969277778543e-02 5.536463829566407036e-01
2.597503138776041318e-02 5.596987183254731324e-01
2.629575348074308580e-02 5.656880347994743818e-01
2.661843597172581372e-02 5.716141587724709039e-01
2.694307886070858651e-02 5.774769561725707767e-01
2.726968214769141807e-02 5.832763309557981168e-01
2.759824583267428758e-02 5.890122236303934056e-01
2.792876991565721931e-02 5.946846098127548386e-01
2.826125439664019939e-02 6.002934988150362416e-01
2.859569927562322089e-02 6.058389322643766839e-01
2.893210455260630115e-02 6.113209827542428476e-01
2.927047022758941935e-02 6.167397525277023007e-01
2.961079630057259979e-02 6.220953721927066082e-01
2.995308277155582163e-02 6.273879994692785900e-01
3.029732964053910224e-02 6.326178179687984571e-01
3.064353690752242426e-02 6.377850360046910527e-01
3.099170457250580504e-02 6.428898854350575398e-01
3.134183263548922377e-02 6.479326205364388525e-01
3.169392109647270472e-02 6.529135169087644242e-01
3.204796995545623056e-02 6.578328704111635616e-01
3.240397921243980128e-02 6.626909961283193873e-01
3.276194886742343076e-02 6.674882273669202615e-01
3.312187892040710513e-02 6.722248656733580408e-01
3.348376937139083825e-02 6.769013697720523970e-01
3.384762022037460932e-02 6.815180784618937171e-01
3.421343146735843915e-02 6.860753884419739101e-01
3.458120311234230693e-02 6.905737100535411788e-01
3.495093515532624040e-02 6.950134664491713909e-01
3.532262759631021182e-02 6.993950927892843561e-01
3.569628043529424199e-02 7.037190354653727331e-01
3.607189367227831706e-02 7.079857513493905685e-01
3.644946730726244394e-02 7.121957070689365343e-01
3.682900134024662264e-02 7.163493783075747245e-01
3.721049577123083929e-02 7.204472491299456216e-01
3.759395060021512164e-02 7.244898113309112819e-01
3.797936582719944193e-02 7.284775638084737270e-01
3.836674145218382098e-02 7.324110119595699242e-01
3.875607747516824492e-02 7.362906670987660052e-01
3.914737389615272761e-02 7.401170458985665279e-01
3.954063071513724825e-02 7.438906517928844941e-01
3.993584793212182765e-02 7.476120431934428767e-01
4.033302554710645887e-02 7.512817346500868521e-01
4.073216356009112804e-02 7.549002590380093913e-01
4.113326197107585597e-02 7.584681521028184825e-01
4.153632078006062878e-02 7.619859520221944349e-01
4.194133998704546035e-02 7.654541989856040729e-01
4.234831959203032986e-02 7.688734347921107881e-01
4.275725959501525814e-02 7.722442024653758397e-01
4.316815999600023129e-02 7.755670458854955207e-01
4.358102079498526321e-02 7.788425094372144475e-01
4.399584199197033307e-02 7.820711314490149668e-01
4.441262358695546170e-02 7.852534669726733974e-01
4.483136557994064214e-02 7.883900551648486132e-01
4.525206797092586747e-02 7.914814391649924730e-01
4.567473075991114462e-02 7.945281610846437470e-01
4.609935394689646665e-02 7.975307617438073260e-01
4.652593753188184744e-02 8.004897804203346956e-01
4.695448151486726618e-02 8.034057546119667270e-01
4.738498589585275061e-02 8.062792198107996411e-01
4.781745067483826606e-02 8.091107060260683825e-01
4.825187585182384720e-02 8.119007494283252413e-01
4.868826142680946628e-02 8.146498758915967642e-01
4.912660739979515107e-02 8.173586108048639387e-01
4.956691377078088073e-02 8.200274765913604380e-01
5.000918053976664834e-02 8.226569925482454249e-01
5.045340770675248165e-02 8.252476746957274623e-01
5.089959527173835291e-02 8.278000339089919279e-01
5.134774323472428292e-02 8.303145818877184503e-01
5.179785159571025088e-02 8.327918228342096052e-01
5.224992035469628454e-02 8.352322582796253281e-01
5.270394951168235614e-02 8.376363858543813823e-01
5.315993906666848651e-02 8.400046991878853397e-01
5.361788901965465481e-02 8.423376868182872457e-01
5.407779937064088882e-02 8.446358355309108168e-01
5.453967011962716771e-02 8.468996257825052165e-01
5.500350126661349148e-02 8.491295342862464901e-01
5.546929281159986708e-02 8.513260333553107628e-01
5.593704475458628755e-02 8.534895908424792177e-01
5.640675709557277373e-02 8.556206692328272023e-01
5.687842983455929091e-02 8.577197284885199613e-01
5.735206297154587379e-02 8.597872222326119473e-01
5.782765650653248768e-02 8.618235999314837192e-01
5.830521043951917420e-02 8.638293063681145023e-01
5.878472477050590561e-02 8.658047810058585592e-01
5.926619949949267496e-02 8.677504599761007853e-01
5.974963462647950307e-02 8.696667734765671787e-01
6.023503015146637607e-02 8.715541472544848789e-01
6.072238607445330782e-02 8.734130022659967185e-01
6.121170239544027752e-02 8.752437541152295886e-01
6.170297911442730598e-02 8.770468148622598825e-01
6.219621623141437933e-02 8.788225907067258591e-01
6.269141374640151143e-02 8.805714833306164113e-01
6.318857165938866760e-02 8.822938892704893510e-01
6.368768997037589641e-02 8.839902009930689086e-01
6.418876867936318398e-02 8.856608055766294063e-01
6.469180778635051643e-02 8.873060854749020843e-01
6.519680729133789376e-02 8.889264183725584800e-01
6.570376719432530210e-02 8.905221767409804423e-01
6.621268749531278308e-02 8.920937293486864705e-01
6.672356819430030894e-02 8.936414393976683801e-01
6.723640929128789356e-02 8.951656656335017503e-01
6.775121078627552307e-02 8.966667617456829387e-01
6.826797267926318358e-02 8.981450776285356818e-01
6.878669497025091673e-02 8.996009578633066273e-01
6.930737765923869476e-02 9.010347426341490662e-01
6.983002074622653155e-02 9.024467672032558951e-01
7.035462423121441322e-02 9.038373630969644967e-01
7.088118811420231202e-02 9.052068566991828824e-01
7.140971239519029734e-02 9.065555699242198173e-01
7.194019707417832754e-02 9.078838206294369551e-01
7.247264215116641650e-02 9.091919219842828914e-01
7.300704762615452259e-02 9.104801828777255857e-01
7.354341349914270132e-02 9.117489076678787496e-01
7.408173977013092493e-02 9.129983968680027706e-01
7.462202643911922118e-02 9.142289464011973399e-01
7.516427350610754843e-02 9.154408480816272897e-01
7.570848097109590669e-02 9.166343893027961709e-01
7.625464883408433758e-02 9.178098538845222976e-01
7.680277709507281336e-02 9.189675211263014232e-01
7.735286575406134790e-02 9.201076662477053469e-01
7.790491481104989957e-02 9.212305607927055995e-01
7.845892426603853775e-02 9.223364720965339103e-01
7.901489411902722082e-02 9.234256636497585324e-01
7.957282437001594877e-02 9.244983948506320104e-01
8.013271501900470772e-02 9.255549217395738770e-01
8.069456606599353932e-02 9.265954962006227591e-01
8.125837751098241579e-02 9.276203663277685640e-01
8.182414935397135103e-02 9.286297768237307126e-01
8.239188159496033115e-02 9.296239684984723972e-01
8.296157423394934227e-02 9.306031785117484523e-01
8.353322727093842603e-02 9.315676406549036059e-01
8.410684070592755468e-02 9.325175850442647407e-01
8.468241453891674209e-02 9.334532383569886793e-01
8.525994876990593274e-02 9.343748236674865870e-01
8.583944339889522379e-02 9.352825610033024262e-01
8.642089842588455972e-02 9.361766667715358814e-01
8.700431385087394054e-02 9.370573540232992604e-01
8.758968967386336624e-02 9.379248327927129925e-01
8.817702589485282294e-02 9.387793097022721911e-01
8.876632251384235228e-02 9.396209881552344267e-01
8.935757953083194038e-02 9.404500685947814187e-01
8.995079694582157337e-02 9.412667482358647586e-01
9.054597475881122348e-02 9.420712212779841499e-01
9.114311296980096011e-02 9.428636787527712171e-01
9.174221157879074162e-02 9.436443090519802679e-01
9.234327058578056802e-02 9.444132973814584053e-01
9.294628999077042542e-02 9.451708260067774869e-01
9.355126979376035545e-02 9.459170745978776607e-01
9.415820999475034425e-02 9.466522198224804896e-01
9.476711059374037793e-02 9.473764355370135615e-01
9.537797159073045650e-02 9.480898930613084197e-01
9.599079298572055219e-02 9.487927608791516532e-01
9.660557477871074827e-02 9.494852047874087209e-01
9.722231696970097536e-02 9.501673881157335355e-01
9.784101955869126122e-02 9.508394715097377992e-01
9.846168254568156419e-02 9.515016130479434509e-01
9.908430593067193981e-02 9.521539684180011509e-01
9.970888971366237419e-02 9.527966907639380256e-01
1.003354338946528534e-01 9.534299308253179062e-01
1.009639384736433915e-01 9.540538368425577342e-01
1.015944034506339466e-01 9.546685549265602200e-01
1.022268288256245744e-01 9.552742286948222583e-01
1.028612145986152610e-01 9.558709994403217225e-01
1.034975607696059924e-01 9.564590063824871535e-01
1.041358673385967409e-01 9.570383863894430521e-01
1.047761343055875760e-01 9.576092741137705033e-01
1.054183616705784560e-01 9.581718021957600362e-01
1.060625494335693947e-01 9.587261010556704655e-01
1.067086975945603783e-01 9.592722990025074337e-01
1.073568061535513790e-01 9.598105223978932177e-01
1.080068751105424663e-01 9.603408955051833118e-01
1.086589044655335984e-01 9.608635406207794993e-01
1.093128942185247754e-01 9.613785779831275358e-01
1.099688443695159834e-01 9.618861261124672657e-01
1.106267549185072641e-01 9.623863014692020101e-01
1.112866258654986035e-01 9.628792186105642470e-01
1.119484572104899878e-01 9.633649904189923729e-01
1.126122489534813753e-01 9.638437278412415044e-01
1.132780010944728633e-01 9.643155400140379641e-01
1.139457136334643961e-01 9.647805344468084465e-01
1.146153865704559877e-01 9.652388168276359037e-01
1.152870199054476102e-01 9.656904911232592204e-01
1.159606136384392638e-01 9.661356597237779065e-01
1.166361677694310039e-01 9.665744233035409305e-01
1.173136822984227889e-01 9.670068809385764519e-01
1.179931572254146188e-01 9.674331300260319288e-01
1.186745925504064658e-01 9.678532665777929145e-01
1.193579882733983993e-01 9.682673849223173423e-01
1.200433443943903777e-01 9.686755778422412311e-01
1.207306609133824149e-01 9.690779367658673982e-01
1.214199378303744969e-01 9.694745515456555385e-01
1.221111751453665961e-01 9.698655105662925546e-01
1.228043728583587818e-01 9.702509008933779544e-01
1.234995309693510124e-01 9.706308081149616074e-01
1.241966494783433017e-01 9.710053164249657920e-01
1.248957283853355943e-01 9.713745087372543940e-01
1.255967676903279873e-01 9.717384665777857311e-01
1.262997673933204390e-01 9.720972701773542557e-01
1.270047274943129079e-01 9.724509984116025407e-01
1.277116479933054216e-01 9.727997290255927521e-01
1.284205288902980080e-01 9.731435384095622476e-01
1.291313701852906393e-01 9.734825017065152908e-01
1.298441718782833154e-01 9.738166929517119152e-01
1.305589339692760642e-01 9.741461849160870656e-01
1.312756564582688024e-01 9.744710491871632074e-01
1.319943393452616409e-01 9.747913562725772918e-01
1.327149826302545244e-01 9.751071754970785932e-01
1.334375863132474527e-01 9.754185750879829087e-01
1.341621503942403981e-01 9.757256221207020186e-01
1.348886748732334440e-01 9.760283827170296300e-01
1.356171597502265069e-01 9.763269218452957920e-01
1.363476050252196425e-01 9.766213034172311902e-01
1.370800106982128508e-01 9.769115904057036337e-01
1.378143767692060206e-01 9.771978447112663613e-01
1.385507032381993187e-01 9.774801272325175372e-01
1.392889901051926616e-01 9.777584979499286399e-01
1.400292373701860493e-01 9.780330158436342236e-01
1.407714450331794265e-01 9.783037389628111979e-01
1.415156130941729040e-01 9.785707243842457492e-01
1.422617415531664542e-01 9.788340283680544429e-01
1.430098304101600493e-01 9.790937062038814753e-01
1.437598796651536337e-01 9.793498122884318757e-01
1.445118893181473185e-01 9.796024002131259456e-01
1.452658593691410482e-01 9.798515226689247237e-01
1.460217898181348506e-01 9.800972315209518504e-01
1.467796806651286701e-01 9.803395777627933461e-01
1.475395319101225067e-01 9.805786116746463277e-01
1.483013435531164437e-01 9.808143826616749772e-01
1.490651155941104256e-01 9.810469393340108812e-01
1.498308480331044801e-01 9.812763295924967766e-01
1.505985408700985240e-01 9.815026005303163492e-01
1.513681941050926405e-01 9.817257985073312154e-01
1.521398077380868297e-01 9.819459691046769079e-01
1.529133817690810637e-01 9.821631572753086736e-01
1.536889161980753704e-01 9.823774071876130165e-01
1.544664110250696387e-01 9.825887623029272433e-01
1.552458662500640352e-01 9.827972654535911401e-01
1.560272818730584765e-01 9.830029587510465960e-01
1.568106578940529627e-01 9.832058836544943503e-01
1.575959943130474383e-01 9.834060809300342321e-01
1.583832911300420421e-01 9.836035907844825621e-01
1.591725483450366629e-01 9.837984527262504386e-01
1.599637659580313565e-01 9.839907056353758286e-01
1.607569439690260948e-01 9.841803878295525276e-01
1.615520823780208504e-01 9.843675369866975444e-01
1.623491811850156785e-01 9.845521902034369832e-01
1.631482403900105516e-01 9.847343839618680761e-01
1.639492599930054972e-01 9.849141542401759208e-01
1.647522399940004323e-01 9.850915363997442276e-01
1.655571803929954677e-01 9.852665652632922599e-01
1.663640811899905481e-01 9.854392750678434565e-01
1.671729423849857010e-01 9.856096996043701708e-01
1.679837639779808434e-01 9.857778720654990501e-01
1.687965459689760583e-01 9.859438251206579240e-01
1.696112883579713460e-01 9.861075909808467710e-01
1.704279911449667062e-01 9.862692013156759696e-01
1.712466543299620836e-01 9.864286873127322552e-01
1.720672779129574781e-01 9.865860796441480174e-01
1.728898618939529452e-01 9.867414085700386694e-01
1.737144062729484850e-01 9.868947038297419816e-01
1.745409110499440697e-01 9.870459947155483249e-01
1.753693762249396715e-01 9.871953100298155315e-01
1.761998017979353459e-01 9.873426782071564878e-01
1.770321877689310930e-01 9.874881271798002791e-01
1.778665341379268849e-01 9.876316844449982701e-01
1.787028409049227218e-01 9.877733771171749444e-01
1.795411080699185480e-01 9.879132318598131679e-01
1.803813356329145023e-01 9.880512749339995793e-01
1.812235235939104738e-01 9.881875321729329809e-01
1.820676719529065180e-01 9.883220290616641091e-01
1.829137807099025514e-01 9.884547906544135509e-01
1.837618498648986853e-01 9.885858416312747199e-01
1.846118794178948919e-01 9.887152062674746666e-01
1.854638693688911155e-01 9.888429085221315251e-01
1.863178197178873563e-01 9.889689719427106063e-01
1.871737304648836975e-01 9.890934197287680751e-01
1.880316016098800835e-01 9.892162746968472531e-01
1.888914331528765145e-01 9.893375593765736387e-01
1.897532250938729903e-01 9.894572959044769522e-01
1.906169774328694833e-01 9.895755060933499880e-01
1.914826901698660766e-01 9.896922113941113430e-01
1.923503633048627148e-01 9.898074329967346818e-01
1.932199968378593979e-01 9.899211917163149854e-01
1.940915907688560982e-01 9.900335080512843167e-01
1.949651450978528711e-01 9.901444022201471018e-01
1.958406598248497166e-01 9.902538941106132642e-01
1.967181349498466070e-01 9.903620033157147784e-01
1.975975704728435423e-01 9.904687491165841129e-01
1.984789663938404669e-01 9.905741505349227038e-01
1.993623227128375197e-01 9.906782262801847594e-01
2.002476394298345896e-01 9.907809947862878941e-01
2.011349165448317322e-01 9.908824741941907321e-01
2.020241540578288642e-01 9.909826824034417836e-01
2.029153519688260965e-01 9.910816370195131286e-01
2.038085102778234015e-01 9.911793553900423159e-01
2.047036289848207236e-01 9.912758545877907723e-01
2.056007080898180628e-01 9.913711514599262697e-01
2.064997475928155024e-01 9.914652625773807681e-01
2.074007474938129869e-01 9.915582042695590959e-01
2.083037077928105441e-01 9.916499926082490424e-01
2.092086284898081183e-01 9.917406434534824511e-01
2.101155095848057097e-01 9.918301724066043157e-01
2.110243510778034015e-01 9.919185948422791776e-01
2.119351529688011382e-01 9.920059259065425739e-01
2.128479152577989197e-01 9.920921804962811175e-01
2.137626379447967184e-01 9.921773733408770779e-01
2.146793210297945897e-01 9.922615189074025510e-01
2.155979645127925337e-01 9.923446314608498353e-01
2.165185683937905226e-01 9.924267250338519863e-01
2.174411326727885563e-01 9.925078134987428413e-01
2.183656573497865794e-01 9.925879104844751444e-01
2.192921424247847306e-01 9.926670294296269237e-01
2.202205878977829268e-01 9.927451835565098692e-01
2.211509937687811678e-01 9.928223859328898504e-01
2.220833600377793982e-01 9.928986494017472131e-01
2.230176867047777289e-01 9.929739866263165293e-01
2.239539737697761046e-01 9.930484100687756444e-01
2.248922212327745529e-01 9.931219320418128715e-01
2.258324290937730461e-01 9.931945646508759662e-01
2.267745973527715286e-01 9.932663198317325248e-01
2.277187260097701116e-01 9.933372093333739938e-01
2.286648150647687394e-01 9.934072447595322375e-01
2.296128645177674399e-01 9.934764375237680190e-01
2.305628743687661297e-01 9.935447988788288498e-01
2.315148446177649200e-01 9.936123399139151768e-01
2.324687752647637551e-01 9.936790715387650019e-01
2.334246663097626351e-01 9.937450045458200432e-01
2.343825177527615322e-01 9.938101495373394823e-01
2.353423295937605020e-01 9.938745169713353311e-01
2.363041018327595444e-01 9.939381171404834125e-01
2.372678344697586317e-01 9.940009602197628080e-01
2.382335275047577638e-01 9.940630562118867308e-01
2.392011809377569131e-01 9.941244149822704435e-01
2.401707947687561351e-01 9.941850462438447389e-01
2.411423689977554297e-01 9.942449595919834460e-01
2.421159036247547691e-01 9.943041644662709011e-01
2.430913986497540979e-01 9.943626701754262331e-01
2.440688540727535549e-01 9.944204858947189862e-01
2.450482698937530290e-01 9.944776206539104324e-01
2.460296461127525758e-01 9.945340833850336848e-01
2.470129827297521674e-01 9.945898828665862279e-01
2.479982797447517484e-01 9.946450277588944067e-01
2.489855371577514298e-01 9.946995265890326010e-01
2.499747549687511561e-01 9.947533877836527427e-01
2.509659331777509550e-01 9.948066196324948374e-01
2.519590717847506878e-01 9.948592303119243585e-01
2.529541707897505765e-01 9.949112278822361821e-01
2.539512301927505100e-01 9.949626202771870709e-01
2.549502499937504885e-01 9.950134153456047237e-01
2.559512301927505673e-01 9.950636208026744089e-01
2.569541707897506355e-01 9.951132442607575346e-01
2.579590717847507486e-01 9.951622932247053965e-01
2.589659331777509621e-01 9.952107750790213370e-01
2.599747549687512205e-01 9.952586971376689018e-01
2.609855371577514682e-01 9.953060665838608934e-01
2.619982797447518164e-01 9.953528905076389766e-01
2.630129827297520984e-01 9.953991758903134590e-01
2.640296461127525363e-01 9.954449296357629207e-01
2.650482698937530190e-01 9.954901585344366755e-01
2.660688540727535467e-01 9.955348692862199256e-01
2.670913986497541748e-01 9.955790684974609173e-01
2.681159036247547922e-01 9.956227626717798485e-01
2.691423689977554545e-01 9.956659582456868218e-01
2.701707947687562172e-01 9.957086615466660406e-01
2.712011809377570248e-01 9.957508788194777694e-01
2.722335275047577108e-01 9.957926162220994692e-01
2.732678344697586081e-01 9.958338798159275251e-01
2.743041018327595504e-01 9.958746756037963888e-01
2.753423295937605375e-01 9.959150094843042256e-01
2.763825177527615695e-01 9.959548872803182240e-01
2.774246663097627019e-01 9.959943147342029679e-01
2.784687752647638237e-01 9.960332974976977560e-01
2.795148446177649904e-01 9.960718411710651754e-01
2.805628743687662574e-01 9.961099512554482116e-01
2.816128645177674028e-01 9.961476331824282715e-01
2.826648150647687596e-01 9.961848923090390606e-01
2.837187260097701613e-01 9.962217339074715960e-01
2.847745973527716079e-01 9.962581632039084756e-01
2.858324290937730994e-01 9.962941853311371165e-01
2.868922212327746357e-01 9.963298053578020230e-01
2.879539737697762170e-01 9.963650282833409477e-01
2.890176867047778431e-01 9.963998590283072998e-01
2.900833600377795141e-01 9.964343024711534991e-01
2.911509937687811744e-01 9.964683634030628845e-01
2.922205878977829352e-01 9.965020465558844798e-01
2.932921424247847964e-01 9.965353565972776551e-01
2.943656573497866469e-01 9.965682981217054426e-01
2.954411326727885978e-01 9.966008756842472671e-01
2.965185683937905936e-01 9.966330937592751127e-01
2.975979645127926343e-01 9.966649567659585651e-01
2.986793210297947199e-01 9.966964690638365765e-01
2.997626379447967393e-01 9.967276349450437944e-01
3.008479152577989146e-01 9.967584586638105204e-01
3.019351529688011904e-01 9.967889444004953692e-01
3.030243510778034555e-01 9.968190962839258429e-01
3.041155095848058210e-01 9.968489183874466031e-01
3.052086284898081758e-01 9.968784147225789871e-01
3.063037077928106311e-01 9.969075892637130343e-01
3.074007474938131312e-01 9.969364459182754601e-01
3.084997475928156763e-01 9.969649885452497307e-01
3.096007080898180996e-01 9.969932209521463751e-01
3.107036289848207899e-01 9.970211468956006184e-01
3.118085102778234696e-01 9.970487700724421920e-01
3.129153519688261942e-01 9.970760941538134858e-01
3.140241540578289636e-01 9.971031227421806031e-01
3.151349165448318335e-01 9.971298593978673575e-01
3.162476394298346927e-01 9.971563076339838849e-01
3.173623227128376523e-01 9.971824709094011530e-01
3.184789663938406568e-01 9.972083526554040844e-01
3.195975704728435396e-01 9.972339562426988380e-01
3.207181349498466338e-01 9.972592850017872879e-01
3.218406598248497730e-01 9.972843422192277929e-01
3.229651450978529570e-01 9.973091311383444069e-01
3.240915907688562414e-01 9.973336549503031279e-01
3.252199968378595152e-01 9.973579168272093121e-01
3.263503633048628338e-01 9.973819198801282537e-01
3.274826901698662529e-01 9.974056671849268474e-01
3.286169774328696613e-01 9.974291617771127161e-01
3.297532250938730591e-01 9.974524066458410054e-01
3.308914331528765573e-01 9.974754047571915416e-01
3.320316016098801559e-01 9.974981590250504571e-01
3.331737304648837994e-01 9.975206723291597521e-01
3.343178197178874878e-01 9.975429475117185696e-01
3.354638693688912210e-01 9.975649873780160215e-01
3.366118794178950546e-01 9.975867946892637006e-01
3.377618498648988776e-01 9.976083721891612077e-01
3.389137807099027455e-01 9.976297225703399940e-01
3.400676719529066028e-01 9.976508484949985212e-01
3.412235235939105604e-01 9.976717525909012396e-01
3.423813356329146185e-01 9.976924374518888472e-01
3.435411080699187214e-01 9.977129056302690424e-01
3.447028409049228137e-01 9.977331596651060064e-01
3.458665341379270064e-01 9.977532020460174733e-01
3.470321877689312440e-01 9.977730352354420296e-01
3.481998017979355819e-01 9.977926616641897839e-01
3.493693762249399093e-01 9.978120837318708025e-01
3.505409110499441705e-01 9.978313037993149504e-01
3.517144062729485876e-01 9.978503242169323162e-01
3.528898618939531051e-01 9.978691472880927282e-01
3.540672779129576120e-01 9.978877752916949229e-01
3.552466543299622193e-01 9.979062104775521247e-01
3.564279911449668714e-01 9.979244550667810687e-01
3.576112883579715684e-01 9.979425112445743373e-01
3.587965459689763104e-01 9.979603811873479779e-01
3.599837639779809306e-01 9.979780670275171239e-01
3.611729423849858178e-01 9.979955708751891974e-01
3.623640811899906944e-01 9.980128948138198286e-01
3.635571803929956158e-01 9.980300409003856066e-01
3.647522399940006377e-01 9.980470111589259119e-01
3.659492599930056489e-01 9.980638076051683294e-01
3.671482403900107605e-01 9.980804322145970797e-01
3.683491811850159170e-01 9.980968869421228407e-01
3.695520823780210629e-01 9.981131737180265473e-01
3.707569439690261981e-01 9.981292944483535212e-01
3.719637659580314892e-01 9.981452510091394226e-01
3.731725483450368253e-01 9.981610452677772694e-01
3.743832911300422062e-01 9.981766790555276492e-01
3.755959943130476320e-01 9.981921541844188672e-01
3.768106578940531581e-01 9.982074724438212421e-01
3.780272818730586737e-01 9.982226356007711798e-01
3.792458662500642896e-01 9.982376453953279993e-01
3.804664110250698950e-01 9.982525035579021822e-01
3.816889161980754896e-01 9.982672117871159712e-01
3.829133817690812402e-01 9.982817717634663301e-01
3.841398077380869802e-01 9.982961851465015357e-01
3.853681941050928206e-01 9.983104535752124198e-01
3.865985408700987613e-01 9.983245786683677681e-01
3.878308480331046915e-01 9.983385620186665532e-01
3.890651155941106665e-01 9.983524052138854632e-01
3.903013435531166864e-01 9.983661098095558684e-01
3.915395319101228067e-01 9.983796773456753426e-01
3.927796806651288053e-01 9.983931093432316661e-01
3.940217898181350153e-01 9.984064073045347820e-01
3.952658593691412148e-01 9.984195727134690390e-01
3.965118893181475146e-01 9.984326070290132638e-01
3.977598796651538593e-01 9.984455117089460208e-01
3.990098304101602489e-01 9.984582881787077424e-01
4.002617415531666833e-01 9.984709378505209898e-01
4.015156130941732182e-01 9.984834621194097481e-01
4.027714450331797424e-01 9.984958623632613772e-01
4.040292373701862005e-01 9.985081399386936951e-01
4.052889901051928145e-01 9.985202961970329749e-01
4.065507032381995289e-01 9.985323324634900466e-01
4.078143767692062882e-01 9.985442500499457363e-01
4.090800106982130369e-01 9.985560502523592730e-01
4.103476050252198859e-01 9.985677343509243853e-01
4.116171597502267798e-01 9.985793036104038123e-01
4.128886748732337186e-01 9.985907592757125029e-01
4.141621503942407023e-01 9.986021025878856205e-01
4.154375863132476199e-01 9.986133347633956436e-01
4.167149826302546933e-01 9.986244570067285276e-01
4.179943393452618672e-01 9.986354705079490968e-01
4.192756564582690304e-01 9.986463764427524481e-01
4.205589339692762940e-01 9.986571759726927677e-01
4.218441718782836025e-01 9.986678702453576362e-01
4.231313701852909004e-01 9.986784603884953926e-01
4.244205288902982987e-01 9.986889475319116194e-01
4.257116479933056308e-01 9.986993327782541785e-01
4.270047274943131188e-01 9.987096172209628531e-01
4.282997673933206517e-01 9.987198019404394111e-01
4.295967676903282295e-01 9.987298880041955984e-01
4.308957283853359077e-01 9.987398764669814799e-01
4.321966494783435753e-01 9.987497683658002057e-01
4.334995309693513432e-01 9.987595647386678932e-01
4.348043728583591006e-01 9.987692665995504537e-01
4.361111751453669583e-01 9.987788749538192290e-01
4.374199378303746943e-01 9.987883907949528517e-01
4.387306609133826418e-01 9.987978151046141839e-01
4.400433443943906342e-01 9.988071488529078890e-01
4.413579882733986715e-01 9.988163929942041053e-01
4.426745925504067536e-01 9.988255484823246322e-01
4.439931572254149361e-01 9.988346162505148396e-01
4.453136822984231080e-01 9.988435972237439398e-01
4.466361677694313248e-01 9.988524923161075098e-01
4.479606136384396420e-01 9.988613024309239696e-01
4.492870199054478375e-01 9.988700284609338675e-01
4.506153865704562445e-01 9.988786712883772623e-01
4.519457136334646408e-01 9.988872317805910228e-01
4.532780010944731375e-01 9.988957108064890900e-01
4.546122489534816791e-01 9.989041092144907985e-01
4.559484572104903211e-01 9.989124278461772866e-01
4.572866258654989524e-01 9.989206675332887864e-01
4.586267549185076287e-01 9.989288290978454166e-01
4.599688443695163498e-01 9.989369133523543498e-01
4.613128942185250048e-01 9.989449210997967121e-01
4.626589044655338712e-01 9.989528531293015989e-01
4.640068751105427269e-01 9.989607102325689381e-01
4.653568061535516831e-01 9.989684931817548463e-01
4.667086975945606842e-01 9.989762027431586811e-01
4.680625494335697301e-01 9.989838396741431703e-01
4.694183616705788209e-01 9.989914047233796612e-01
4.707761343055879566e-01 9.989988986308587782e-01
4.721358673385971372e-01 9.990063221280266470e-01
4.734975607696062516e-01 9.990136759337056027e-01
4.748612145986155220e-01 9.990209607693004701e-01
4.762268288256248927e-01 9.990281773382870822e-01
4.775944034506342528e-01 9.990353263389284422e-01
4.789639384736437133e-01 9.990424084614478728e-01
4.803354338946532187e-01 9.990494243881964387e-01
4.817088897136627690e-01 9.990563747936057615e-01
4.830843059306723641e-01 9.990632603445019910e-01
4.844616825456818376e-01 9.990700816999786849e-01
4.858410195586915226e-01 9.990768395067195495e-01
4.872223169697012524e-01 9.990835344169506360e-01
4.886055747787110826e-01 9.990901670638884235e-01
4.899907929857209021e-01 9.990967380770428008e-01
4.913779715907308221e-01 9.991032480787118697e-01
4.927671105937407314e-01 9.991096976841257193e-01
4.941582099947507412e-01 9.991160875015400178e-01
4.955512697937607958e-01 9.991224181322825304e-01
4.969462899907707287e-01 9.991286901670269893e-01
4.983432705857808731e-01 9.991349041997513725e-01
4.997422115787910624e-01 9.991410608088742151e-01
5.011431129698012965e-01 9.991471605688257984e-01
5.025459747588115755e-01 9.991532040476289733e-01
5.039507969458218994e-01 9.991591918068425393e-01
5.053575795308323793e-01 9.991651244017351052e-01
5.067663225138427929e-01 9.991710023812759855e-01
5.081770258948532515e-01 9.991768262882388951e-01
5.095896896738636439e-01 9.991825966556023841e-01
5.110043138508743032e-01 9.991883140201369695e-01
5.124208984258848965e-01 9.991939789038357667e-01
5.138394433988955345e-01 9.991995918254966691e-01
5.152599487699063285e-01 9.992051532979970840e-01
5.166824145389171674e-01 9.992106638285962461e-01
5.181068407059279401e-01 9.992161239187664634e-01
5.195332272709388688e-01 9.992215340644544641e-01
5.209615742339498423e-01 9.992268947560233316e-01
5.223918815949606387e-01 9.992322064783422109e-01
5.238241493539717020e-01 9.992374697064623223e-01
5.252583775109828101e-01 9.992426849220094054e-01
5.266945660659939632e-01 9.992478525905322817e-01
5.281327150190051611e-01 9.992529731756137901e-01
5.295728243700164040e-01 9.992580471357308536e-01
5.310148941190276917e-01 9.992630749242213950e-01
5.324589242660390243e-01 9.992680569894215603e-01
5.339049148110504017e-01 9.992729937746952507e-01
5.353528657540617131e-01 9.992778857185079522e-01
5.368027770950731803e-01 9.992827332508389393e-01
5.382546488340846924e-01 9.992875368064815245e-01
5.397084809710962494e-01 9.992922968068085332e-01
5.411642735061079623e-01 9.992970136711707418e-01
5.426220264391196091e-01 9.993016878143002879e-01
5.440817397701314118e-01 9.993063196463133346e-01
5.455434134991431483e-01 9.993109095728117675e-01
5.470070476261550407e-01 9.993154579949328209e-01
5.484726421511667560e-01 9.993199653094351209e-01
5.499401970741787382e-01 9.993244319087193350e-01
5.514097123951906543e-01 9.993288581773718260e-01
5.528811881142027262e-01 9.993332445049476487e-01
5.543546242312148431e-01 9.993375912685071860e-01
5.558300207462270048e-01 9.993418988434189520e-01
5.573073776592392115e-01 9.993461676009971484e-01
5.587866949702514630e-01 9.993503979084118471e-01
5.602679726792635373e-01 9.993545901289232480e-01
5.617512107862758786e-01 9.993587446216982695e-01
5.632364092912882647e-01 9.993628617420873272e-01
5.647235681943006957e-01 9.993669418414936612e-01
5.662126874953131717e-01 9.993709852675162209e-01
5.677037671943258035e-01 9.993749923601584761e-01
5.691968072913383692e-01 9.993789634659365761e-01
5.706918077863509797e-01 9.993828989183169975e-01
5.721887686793637462e-01 9.993867990499684106e-01
5.736876899703762245e-01 9.993906641899018561e-01
5.751885716593890807e-01 9.993944946636070803e-01
5.766914137464018708e-01 9.993982907930042403e-01
5.781962162314148168e-01 9.994020528965184003e-01
5.797029791144278077e-01 9.994057812891313786e-01
5.812117023954407324e-01 9.994094762824023981e-01
5.827223860744538131e-01 9.994131381844979511e-01
5.842350301514669386e-01 9.994167672966213223e-01
5.857496346264799980e-01 9.994203639266026062e-01
5.872661994994931023e-01 9.994239283698748144e-01
5.887847247705062514e-01 9.994274609214850447e-01
5.903052104395195565e-01 9.994309618732605260e-01
5.918276565065329065e-01 9.994344315138696810e-01
5.933520629715463013e-01 9.994378701288681999e-01
5.948784298345597410e-01 9.994412780007425612e-01
5.964067570955732256e-01 9.994446554089300161e-01
5.979370447545868661e-01 9.994480026298122599e-01
5.994692928116004405e-01 9.994513199368283418e-01
6.010035012666138377e-01 9.994546075973991250e-01
6.025396701196276128e-01 9.994578658843407126e-01
6.040777993706413218e-01 9.994610950600057997e-01
6.056178890196550757e-01 9.994642953861930801e-01
6.071599390666689855e-01 9.994674671218692907e-01
6.087039495116828292e-01 9.994706105232660232e-01
6.102499203546968287e-01 9.994737258437798033e-01
6.117978515957107621e-01 9.994768133341789262e-01
6.133477432347248515e-01 9.994798732424583498e-01
6.148995952717387636e-01 9.994829058139648170e-01
6.164534077067529427e-01 9.994859112914135091e-01
6.180091805397671667e-01 9.994888899149119155e-01
6.195669137707813245e-01 9.994918419219942507e-01
6.211266073997956383e-01 9.994947675440172263e-01
6.226882614268099969e-01 9.994976670197395219e-01
6.242518758518244004e-01 9.995005405762584783e-01
6.258174506748388488e-01 9.995033884410067238e-01
6.273849858958533421e-01 9.995062108390134759e-01
6.289544815148676582e-01 9.995090079929054294e-01
6.305259375318823523e-01 9.995117801228503573e-01
6.320993539468969802e-01 9.995145274467336360e-01
6.336747307599116530e-01 9.995172501800048126e-01
6.352520679709263707e-01 9.995199485359010927e-01
6.368313655799411332e-01 9.995226227252939077e-01
6.384126235869560517e-01 9.995252729568193661e-01
6.399958419919709041e-01 9.995278994368488323e-01
6.415810207949856903e-01 9.995305023661203991e-01
6.431681599960007434e-01 9.995330819527278310e-01
6.447572595950157304e-01 9.995356383936736533e-01
6.463483195920308733e-01 9.995381718866142018e-01
6.479413399870459500e-01 9.995406826270619716e-01
6.495363207800611827e-01 9.995431708084313582e-01
6.511332619710764602e-01 9.995456366220638600e-01
6.527321635600916716e-01 9.995480802572136447e-01
6.543330255471070389e-01 9.995505019011349246e-01
6.559358479321222291e-01 9.995529017390393234e-01
6.575406307151376861e-01 9.995552799541328470e-01
6.591473738961531881e-01 9.995576367276755025e-01
6.607560774751687349e-01 9.995599722389489905e-01
6.623667414521843266e-01 9.995622866653118832e-01
6.639793658271999632e-01 9.995645801788429763e-01
6.655939506002157557e-01 9.995668529590874263e-01
6.672104957712314821e-01 9.995691051749820977e-01
6.688290013402472534e-01 9.995713369963183936e-01
6.704494673072629585e-01 9.995735485910568485e-01
6.720718936722788195e-01 9.995757401253361207e-01
6.736962804352947254e-01 9.995779117635179567e-01
6.753226275963107872e-01 9.995800636681124729e-01
6.769509351553267829e-01 9.995821959999687811e-01
6.785812031123429344e-01 9.995843089181013497e-01
6.802134314673590199e-01 9.995864025798185670e-01
6.818476202203752612e-01 9.995884771407503866e-01
6.834837693713914364e-01 9.995905327547726094e-01
6.851218789204075454e-01 9.995925695741334494e-01
6.867619488674239214e-01 9.995945877493744858e-01
6.884039792124403423e-01 9.995965874261937278e-01
6.900479699554568080e-01 9.995985687576981471e-01
6.916939210964733187e-01 9.996005318868853573e-01
6.933418326354898742e-01 9.996024769578318869e-01
6.949917045725064746e-01 9.996044041129892310e-01
6.966435369075231199e-01 9.996063134932815508e-01
6.982973296405398100e-01 9.996082052380730332e-01
6.999530827715563230e-01 9.996100794851746629e-01
7.016107963005731030e-01 9.996119363709150552e-01
7.032704702275899278e-01 9.996137760300315422e-01
7.049321045526069085e-01 9.996155985958476986e-01
7.065956992756238231e-01 9.996174042001808591e-01
7.082612543966407825e-01 9.996191929733736492e-01
7.099287699156578979e-01 9.996209650442858807e-01
7.115982458326749471e-01 9.996227205404084604e-01
7.132696821476921523e-01 9.996244595877422645e-01
7.149430788607090692e-01 9.996261823080444531e-01
7.166184359717263641e-01 9.996278888297096543e-01
7.182957534807437039e-01 9.996295792721986428e-01
7.199750313877609775e-01 9.996312537558998956e-01
7.216562696927784071e-01 9.996329123999510013e-01
7.233394683957958815e-01 9.996345553220089553e-01
7.250246274968132898e-01 9.996361826385327110e-01
7.267117469958308540e-01 9.996377944645339353e-01
7.284008268928482410e-01 9.996393909138113765e-01
7.300918671878658950e-01 9.996409720987673442e-01
7.317848678808835938e-01 9.996425381305598101e-01
7.334798289719013376e-01 9.996440891190832012e-01
7.351767504609192372e-01 9.996456251728975673e-01
7.368756323479370707e-01 9.996471463993912288e-01
7.385764746329549491e-01 9.996486529046524350e-01
7.402792773159728723e-01 9.996501447935095541e-01
7.419840403969908404e-01 9.996516221696406523e-01
7.436907638760087425e-01 9.996530851354120673e-01
7.453994477530268004e-01 9.996545337920517138e-01
7.471100920280450142e-01 9.996559682365769861e-01
7.488226967010631618e-01 9.996573885733145426e-01
7.505372617720814654e-01 9.996587948973826299e-01
7.522537872410997029e-01 9.996601873052163301e-01
7.539722731081180962e-01 9.996615658921260694e-01
7.556927193731364234e-01 9.996629307523154928e-01
7.574151260361549065e-01 9.996642819788137402e-01
7.591394930971732125e-01 9.996656196634852165e-01
7.608658205561917853e-01 9.996669438971176325e-01
7.625941084132104031e-01 9.996682547693808152e-01
7.643243566682289547e-01 9.996695523688368112e-01
7.660565653212476622e-01 9.996708367829354458e-01
7.677907343722664146e-01 9.996721080980529583e-01
7.695268638212852119e-01 9.996733663994851193e-01
7.712649536683040541e-01 9.996746117714286894e-01
7.730050039133229411e-01 9.996758442970810066e-01
7.747470145563417621e-01 9.996770640585046497e-01
7.764909855973607389e-01 9.996782711367402374e-01
7.782369170363797606e-01 9.996794656118516142e-01
7.799848088733989382e-01 9.996806475627628696e-01
7.817346611084180497e-01 9.996818170674239834e-01
7.834864737414372060e-01 9.996829741999619934e-01
7.852402467724565183e-01 9.996841190415121092e-01
7.869959802014757644e-01 9.996852516645494680e-01
7.887536740284951664e-01 9.996863721429648519e-01
7.905133282535142802e-01 9.996874805496434035e-01
7.922749428765337720e-01 9.996885769565262425e-01
7.940385178975533087e-01 9.996896614345741616e-01
7.958040533165727792e-01 9.996907340537587450e-01
7.975715491335924057e-01 9.996917948830243983e-01
7.993410053486120770e-01 9.996928439904679831e-01
8.011124219616317932e-01 9.996938814431547415e-01
8.028857989726515543e-01 9.996949073071988989e-01
8.046611363816711382e-01 9.996959216477971921e-01
8.064384341886909890e-01 9.996969245292106621e-01
8.082176923937108848e-01 9.996979160147028143e-01
8.099989109967308254e-01 9.996988961666903872e-01
8.117820899977508109e-01 9.996998650466231151e-01
8.135672293967708413e-01 9.997008227150403492e-01
8.153543291937909165e-01 9.997017692315590676e-01
8.171433893888111477e-01 9.997027046548784268e-01
8.189344099818313127e-01 9.997036290428060745e-01
8.207273909728513006e-01 9.997045424522678081e-01
8.225223323618716664e-01 9.997054449392641651e-01
8.243192341488919661e-01 9.997063365589107242e-01
8.261180963339124217e-01 9.997072173654060201e-01
8.279189189169328111e-01 9.997080874121366811e-01
8.297217018979533565e-01 9.997089467487848546e-01
8.315264452769738357e-01 9.997097954321518820e-01
8.333331490539944708e-01 9.997106335104850583e-01
8.351418132290151508e-01 9.997114610336367280e-01
8.369524378020356536e-01 9.997122780505580675e-01
8.387650227730564234e-01 9.997130846093736922e-01
8.405795681420771270e-01 9.997138807573264785e-01
8.423960739090979866e-01 9.997146665408359612e-01
8.442145400741188910e-01 9.997154420054499280e-01
8.460349666371398403e-01 9.997162071958293206e-01
8.478573535981608345e-01 9.997169621558664732e-01
8.496817009571818735e-01 9.997177069285322348e-01
8.515080087142030685e-01 9.997184415559879911e-01
8.533362768692239753e-01 9.997191660795514689e-01
8.551665054222451490e-01 9.997198805396906307e-01
8.569986943732663676e-01 9.997205849760973928e-01
8.588328437222877421e-01 9.997212794275350811e-01
8.606689534693090504e-01 9.997219639319736562e-01
8.625070236143304037e-01 9.997226385266111404e-01
8.643470541573519128e-01 9.997233032477277348e-01
8.661890450983733558e-01 9.997239581308294820e-01
8.680329964373949547e-01 9.997246032105563396e-01
8.698789081744163765e-01 9.997252385207644476e-01
8.717267803094379541e-01 9.997258640945083652e-01
8.735766128424596877e-01 9.997264799639358213e-01
8.754284057734814661e-01 9.997270861604469205e-01
8.772821591025032895e-01 9.997276827145837874e-01
8.791378728295250466e-01 9.997282696560894077e-01
8.809955469545469597e-01 9.997288470138582239e-01
8.828551814775689177e-01 9.997294148160209559e-01
8.847167763985909206e-01 9.997299730898464576e-01
8.865803317176127463e-01 9.997305218617842382e-01
8.884458474346348389e-01 9.997310611574725669e-01
8.903133235496569764e-01 9.997315910017726681e-01
8.921827600626792698e-01 9.997321114186631386e-01
8.940541569737014971e-01 9.997326224313276555e-01
8.959275142827237692e-01 9.997331240621454285e-01
8.978028319897460863e-01 9.997336163299207490e-01
8.996801100947685592e-01 9.997340992607205434e-01
9.015593485977907440e-01 9.997345728718586289e-01
9.034405474988133067e-01 9.997350371824195170e-01
9.053237067978358033e-01 9.997354922106820307e-01
9.072088264948584557e-01 9.997359379740689000e-01
9.090959065898810421e-01 9.997363744892325821e-01
9.109849470829037843e-01 9.997368017719349131e-01
9.128759479739264604e-01 9.997372198371279328e-01
9.147689092629492924e-01 9.997376286989622107e-01
9.166638309499721693e-01 9.997380283707141269e-01
9.185607130349948690e-01 9.997384188648879011e-01
9.204595555180178357e-01 9.997388001930821444e-01
9.223603583990407362e-01 9.997391723660679075e-01
9.242631216780637926e-01 9.997395353938576257e-01
9.261678453550868939e-01 9.997398892854905128e-01
9.280745294301100401e-01 9.997402340492528294e-01
9.299831739031333422e-01 9.997405696925660834e-01
9.318937787741565781e-01 9.997408962219450634e-01
9.338063440431798590e-01 9.997412136431429452e-01
9.357208697102029626e-01 9.997415219609580017e-01
9.376373557752263332e-01 9.997418211794147913e-01
9.395558022382498597e-01 9.997421113015715344e-01
9.414762090992733201e-01 9.997423923297145132e-01
9.433985763582968254e-01 9.997426642651930928e-01
9.453229040153204865e-01 9.997429271085063185e-01
9.472491920703440815e-01 9.997431808592545099e-01
9.491774405233678324e-01 9.997434255161778971e-01
9.511076493743915172e-01 9.997436610770670251e-01
9.530398186234151359e-01 9.997438875388962032e-01
9.549739482704390214e-01 9.997441048976504208e-01
9.569100383154629519e-01 9.997443131485072021e-01
9.588480887584868162e-01 9.997445122856559729e-01
9.607880995995108364e-01 9.997447023023852131e-01
9.627300708385349015e-01 9.997448831910422662e-01
9.646740024755590115e-01 9.997450549430989541e-01
9.666198945105831664e-01 9.997452175490668669e-01
9.685677469436073661e-01 9.997453709984830406e-01
9.705175597746313887e-01 9.997455152799487044e-01
9.724693330036556782e-01 9.997456503811629203e-01
9.744230666306800126e-01 9.997457762888118937e-01
9.763787606557043919e-01 9.997458929885905121e-01
9.783364150787289271e-01 9.997460004652787280e-01
9.802960298997533961e-01 9.997460987026349777e-01
9.822576051187779100e-01 9.997461876834309313e-01
9.842211407358025799e-01 9.997462673894463858e-01
9.861866367508271836e-01 9.997463378014121993e-01
9.881540931638517211e-01 9.997463988991031059e-01
9.901235099748764146e-01 9.997464506612542268e-01
9.920948871839012639e-01 9.997464930655379778e-01
9.940682247909260472e-01 9.997465260885751714e-01
9.960435227959509863e-01 9.997465497059961903e-01
9.980207811989759703e-01 9.997465638922905518e-01
1.000000000000000666e+00 9.997465686209486835e-01
