0.000000000000000000e+00 0.000000000000000000e+00
2.078119897502626434e-05 0.000000000000000000e+00
4.352279595010249372e-05 0.000000000000000000e+00
6.822479092522875592e-05 -7.718672065691402909e-33
9.488718390040502381e-05 0.000000000000000000e+00
1.235099748756312839e-04 0.000000000000000000e+00
1.540931638509075632e-04 0.000000000000000000e+00
1.866367508262337669e-04 0.000000000000000000e+00
2.211407358016100034e-04 0.000000000000000000e+00
2.576051187770363269e-04 0.000000000000000000e+00
2.960298997525126832e-04 0.000000000000000000e+00
3.364150787280388555e-04 0.000000000000000000e+00
3.787606557036150606e-04 0.000000000000000000e+00
4.230666306792412444e-04 0.000000000000000000e+00
4.693330036549174067e-04 0.000000000000000000e+00
5.175597746306437102e-04 0.000000000000000000e+00
5.677469436064200466e-04 0.000000000000000000e+00
6.198945105822462531e-04 0.000000000000000000e+00
6.740024755581224382e-04 0.000000000000000000e+00
7.300708385340486020e-04 0.000000000000000000e+00
7.880995995100251780e-04 0.000000000000000000e+00
8.480887584860512989e-04 0.000000000000000000e+00
9.100383154621275068e-04 0.000000000000000000e+00
9.739482704382536934e-04 0.000000000000000000e+00
1.039818623414429750e-03 0.000000000000000000e+00
1.107649374390655894e-03 0.000000000000000000e+00
1.177440523366932558e-03 0.000000000000000000e+00
1.249192070343258659e-03 0.000000000000000000e+00
1.322904015319634847e-03 0.000000000000000000e+00
1.398576358296060905e-03 0.000000000000000000e+00
1.476209099272537051e-03 0.000000000000000000e+00
1.555802238249063716e-03 0.000000000000000000e+00
1.637355775225640036e-03 0.000000000000000000e+00
1.720869710202266008e-03 0.000000000000000000e+00
1.806344043178942285e-03 0.000000000000000000e+00
1.893778774155669082e-03 0.000000000000000000e+00
1.983173903132445098e-03 0.000000000000000000e+00
2.074529430109271419e-03 0.000000000000000000e+00
2.167845355086147393e-03 0.000000000000000000e+00
2.263121678063073454e-03 0.000000000000000000e+00
2.360358399040050469e-03 0.000000000000000000e+00
2.459555518017076271e-03 4.940656458412465442e-324
2.560713034994152593e-03 4.940656458412465442e-324
2.663830949971278568e-03 3.447981052117440795e-275
2.768909262948454630e-03 6.880863899515787250e-179
2.875947973925680780e-03 3.254213033350240012e-110
2.984947082902957450e-03 1.248389537139709958e-63
3.095906589880283773e-03 4.333393176813520088e-34
3.208826494857659750e-03 4.878362074400291768e-17
3.323706797835085814e-03 1.786587664451650113e-08
3.440547498812561965e-03 5.050597335404744600e-05
3.559348597790088636e-03 7.367344289724068150e-04
3.680110094767664961e-03 2.310981195800958059e-03
3.802831989745290939e-03 4.502401100823540982e-03
3.927514282722965704e-03 7.152371976096729735e-03
4.054156973700691856e-03 1.017953240225287492e-02
4.182760062678468095e-03 1.353520100348854470e-02
4.313323549656295289e-03 1.718644184084265267e-02
4.445847434634171702e-03 2.110894951813512693e-02
4.580331717612097335e-03 2.528362282911127135e-02
4.716776398590073922e-03 2.969472633728810138e-02
4.855181477568099729e-03 3.432881951324756598e-02
4.995546954546175623e-03 3.917409239226922468e-02
5.137872829524301604e-03 4.421993266209902490e-02
5.282159102502477672e-03 4.945663235863829305e-02
5.428405773480703828e-03 5.487518284836917504e-02
5.576612842458980070e-03 6.046712786353987401e-02
5.726780309437305531e-03 6.622445597630639835e-02
5.878908174415681948e-03 7.213952061523178083e-02
6.032996437394107583e-03 7.820497977261858802e-02
6.189045098372585908e-03 8.441375007432297406e-02
6.347054157351111718e-03 9.075897150700515392e-02
6.507023614329687615e-03 9.723398017036183338e-02
6.668953469308313599e-03 1.038322871481912185e-01
6.832843722286989670e-03 1.105475620942867887e-01
6.998694373265715828e-03 1.173736204831339613e-01
7.166505422244492073e-03 1.243044137294902762e-01
7.336276869223317537e-03 1.313340215658733157e-01
7.508008714202193956e-03 1.384566462039548418e-01
7.681700957181119595e-03 1.456666079083248910e-01
7.857353598160098790e-03 1.529583416888921354e-01
8.034966637139125470e-03 1.603263948778708703e-01
8.214540074118200502e-03 1.677654254035272630e-01
8.396073909097327356e-03 1.752702006091020615e-01
8.579568142076502563e-03 1.828355964938931932e-01
8.765022773055727856e-03 1.904565972763457293e-01
8.952437802035004971e-03 1.981282951971837236e-01
9.141813229014330439e-03 2.058458904955972057e-01
9.333149053993705993e-03 2.136046915033711080e-01
9.526445276973131635e-03 2.214001148118898976e-01
9.721701897952607363e-03 2.292276854750147086e-01
9.918918916932136648e-03 2.370830372176185585e-01
1.011809633391171255e-02 2.449619126252087220e-01
1.031923414889133854e-02 2.528601632947626299e-01
1.052233236187101462e-02 2.607737499308081519e-01
1.072739097285074078e-02 2.686987423742518422e-01
1.093440998183051703e-02 2.766313195541273418e-01
1.114338938881034163e-02 2.845677693548517295e-01
1.135432919379021806e-02 2.925044883937614748e-01
1.156722939677014457e-02 3.004379817050125134e-01
1.178208999775011943e-02 3.083648623280091927e-01
1.199891099673014612e-02 3.162818507990779460e-01
1.221769239371022463e-02 3.241857745466301122e-01
1.243843418869035149e-02 3.320735671908083830e-01
1.266113638167052670e-02 3.399421830040456616e-01
1.288579897265075200e-02 3.477889305483399252e-01
1.311242196163102738e-02 3.556109763117755174e-01
1.334100534861135459e-02 3.634056698200683333e-01
1.357154913359173015e-02 3.711704619336537725e-01
1.380405331657215580e-02 3.789029036280721630e-01
1.403851789755263153e-02 3.866006447005030378e-01
1.427494287653315735e-02 3.942614324067982845e-01
1.451332825351373326e-02 4.018831100332299067e-01
1.475367402849436273e-02 4.094636154076758405e-01
1.499598020147503881e-02 4.170009793544215970e-01
1.524024677245576498e-02 4.244933240972778576e-01
1.548647374143653950e-02 4.319388616154785088e-01
1.573466110841736931e-02 4.393358919567089682e-01
1.598480887339824227e-02 4.466828015116477424e-01
1.623691703637917053e-02 4.539780612544275229e-01
1.649098559736014366e-02 4.612202249530209519e-01
1.674701455634117209e-02 4.684079273538241384e-01
1.700500391332224540e-02 4.755398823442354428e-01
1.726495366830337400e-02 4.826148810972165637e-01
1.752686382128455442e-02 4.896317902013871404e-01
1.779073437226577625e-02 4.965895497804185821e-01
1.805656532124705685e-02 5.034871716048555657e-01
1.832435666822837886e-02 5.103237371999420624e-01
1.859410841320975616e-02 5.170983959523769435e-01
1.886582055619118528e-02 5.238103632189439196e-01
1.913949309717265929e-02 5.304589184400183566e-01
1.941512603615418858e-02 5.370434032603940144e-01
1.969271937313575929e-02 5.435632196601253296e-01
1.997227310811738876e-02 5.500178280975291933e-01
2.025378724109906312e-02 5.564067456668396749e-01
2.053726177208079276e-02 5.627295442723332375e-01
2.082269670106256382e-02 5.689858488209592613e-01
2.111009202804439364e-02 5.751753354354053327e-01
2.139944775302626487e-02 5.812977296887889000e-01
2.169076387600819486e-02 5.873528048631979637e-01
2.198404039699017321e-02 5.933403802327698040e-01
2.227927731597219643e-02 5.992603193731081967e-01
2.257647463295427495e-02 6.051125284978987606e-01
2.287563234793639835e-02 6.108969548238284419e-01
2.317675046091857705e-02 6.166135849648340939e-01
2.347982897190080062e-02 6.222624433563825885e-01
2.378486788088307949e-02 6.278435907105088809e-01
2.409186718786539977e-02 6.333571225023134632e-01
2.440082689284778228e-02 6.388030519538232532e-01
2.471174699583020273e-02 6.441817614330235253e-01
2.502462749681268195e-02 6.494933350575874398e-01
2.533946839579521298e-02 6.547379928234924318e-01
2.565626969277778543e-02 6.599159824078590919e-01
2.597503138776041318e-02 6.650275778522891645e-01
2.629575348074308580e-02 6.700730782797432727e-01
2.661843597172581372e-02 6.750528066448101550e-01
2.694307886070858651e-02 6.799671085174227025e-01
2.726968214769141807e-02 6.848163509000940730e-01
2.759824583267428758e-02 6.896009210780476018e-01
2.792876991565721931e-02 6.943212255025059676e-01
2.826125439664019939e-02 6.989776887067745692e-01
2.859569927562322089e-02 7.035707522545963100e-01
2.893210455260630115e-02 7.081008737207722392e-01
2.927047022758941935e-02 7.125685257035849762e-01
2.961079630057259979e-02 7.169741948684860144e-01
2.995308277155582163e-02 7.213183810228439574e-01
3.029732964053910224e-02 7.256015962212342130e-01
3.064353690752242426e-02 7.298243639006952721e-01
3.099170457250580504e-02 7.339872180456848971e-01
3.134183263548922377e-02 7.380907023819764934e-01
3.169392109647270472e-02 7.421353695992214394e-01
3.204796995545623056e-02 7.461217806013963338e-01
3.240397921243980128e-02 7.500505037848436141e-01
3.276194886742343076e-02 7.539221143430462346e-01
3.312187892040710513e-02 7.577371382990899518e-01
3.348376937139083825e-02 7.614962661293573909e-01
3.384762022037460932e-02 7.652000404846567294e-01
3.421343146735843915e-02 7.688490572579086413e-01
3.458120311234230693e-02 7.724439160449029229e-01
3.495093515532624040e-02 7.759852195983283352e-01
3.532262759631021182e-02 7.794735733046259663e-01
3.569628043529424199e-02 7.829095846831005678e-01
3.607189367227831706e-02 7.862938629066259510e-01
3.644946730726244394e-02 7.896270183433559131e-01
3.682900134024662264e-02 7.929096621189523075e-01
3.721049577123083929e-02 7.961424056987014275e-01
3.759395060021512164e-02 7.993258604888492380e-01
3.797936582719944193e-02 8.024606374568412637e-01
3.836674145218382098e-02 8.055473467695134504e-01
3.875607747516824492e-02 8.085865974492124630e-01
3.914737389615272761e-02 8.115789970466593672e-01
3.954063071513724825e-02 8.145251315428064798e-01
3.993584793212182765e-02 8.174256403746430477e-01
4.033302554710645887e-02 8.202811083872236786e-01
4.073216356009112804e-02 8.230921342380248529e-01
4.113326197107585597e-02 8.258593137138906526e-01
4.153632078006062878e-02 8.285832394956162972e-01
4.194133998704546035e-02 8.312645009359166393e-01
4.234831959203032986e-02 8.339036838505257121e-01
4.275725959501525814e-02 8.365013703218183716e-01
4.316815999600023129e-02 8.390581385145541304e-01
4.358102079498526321e-02 8.415745625032696742e-01
4.399584199197033307e-02 8.440512053887232469e-01
4.441262358695546170e-02 8.464886440952916757e-01
4.483136557994064214e-02 8.488874343328648431e-01
4.525206797092586747e-02 8.512481322488535396e-01
4.567473075991114462e-02 8.535712891961123594e-01
4.609935394689646665e-02 8.558574516216989059e-01
4.652593753188184744e-02 8.581071609645464227e-01
4.695448151486726618e-02 8.603209535615510273e-01
4.738498589585275061e-02 8.624993605619016845e-01
4.781745067483826606e-02 8.646429043600674103e-01
4.825187585182384720e-02 8.667521111928040423e-01
4.868826142680946628e-02 8.688274936820462591e-01
4.912660739979515107e-02 8.708695614627368631e-01
4.956691377078088073e-02 8.728788186628436696e-01
5.000918053976664834e-02 8.748557638598816188e-01
5.045340770675248165e-02 8.768008900433077457e-01
5.089959527173835291e-02 8.787146827492202661e-01
5.134774323472428292e-02 8.805976265152013482e-01
5.179785159571025088e-02 8.824501961522057680e-01
5.224992035469628454e-02 8.842728619772630694e-01
5.270394951168235614e-02 8.860660886108318035e-01
5.315993906666848651e-02 8.878303349698628555e-01
5.361788901965465481e-02 8.895660532114399999e-01
5.407779937064088882e-02 8.912736923524943178e-01
5.453967011962716771e-02 8.929536935237157858e-01
5.500350126661349148e-02 8.946064927864496585e-01
5.546929281159986708e-02 8.962325205217270829e-01
5.593704475458628755e-02 8.978322014458158806e-01
5.640675709557277373e-02 8.994059537323848552e-01
5.687842983455929091e-02 9.009541920777144330e-01
5.735206297154587379e-02 9.024773237577906615e-01
5.782765650653248768e-02 9.039757509913940448e-01
5.830521043951917420e-02 9.054498704514133411e-01
5.878472477050590561e-02 9.069000726608535956e-01
5.926619949949267496e-02 9.083267441359221817e-01
5.974963462647950307e-02 9.097302647174051460e-01
6.023503015146637607e-02 9.111110091803306110e-01
6.072238607445330782e-02 9.124693469302563864e-01
6.121170239544027752e-02 9.138056414684891937e-01
6.170297911442730598e-02 9.151202523294267310e-01
6.219621623141437933e-02 9.164135327079456772e-01
6.269141374640151143e-02 9.176858309067472685e-01
6.318857165938866760e-02 9.189374897246239682e-01
6.368768997037589641e-02 9.201688476182918741e-01
6.418876867936318398e-02 9.213802373678344759e-01
6.469180778635051643e-02 9.225719869102373405e-01
6.519680729133789376e-02 9.237444192248422947e-01
6.570376719432530210e-02 9.248978519061046288e-01
6.621268749531278308e-02 9.260325987658486468e-01
6.672356819430030894e-02 9.271489679282407526e-01
6.723640929128789356e-02 9.282472630129040558e-01
6.775121078627552307e-02 9.293277825412985527e-01
6.826797267926318358e-02 9.303908212711219372e-01
6.878669497025091673e-02 9.314366686483799285e-01
6.930737765923869476e-02 9.324656097815727795e-01
6.983002074622653155e-02 9.334779249216249575e-01
7.035462423121441322e-02 9.344738907113867565e-01
7.088118811420231202e-02 9.354537787512657854e-01
7.140971239519029734e-02 9.364178563156191348e-01
7.194019707417832754e-02 9.373663867978663244e-01
7.247264215116641650e-02 9.382996290763983005e-01
7.300704762615452259e-02 9.392178379524996901e-01
7.354341349914270132e-02 9.401212639080464006e-01
7.408173977013092493e-02 9.410101538281878675e-01
7.462202643911922118e-02 9.418847502468600252e-01
7.516427350610754843e-02 9.427452918564938056e-01
7.570848097109590669e-02 9.435920131995789717e-01
7.625464883408433758e-02 9.444251455525946026e-01
7.680277709507281336e-02 9.452449159624314312e-01
7.735286575406134790e-02 9.460515477103678128e-01
7.790491481104989957e-02 9.468452607375107410e-01
7.845892426603853775e-02 9.476262711055496446e-01
7.901489411902722082e-02 9.483947913794998907e-01
7.957282437001594877e-02 9.491510303812266125e-01
8.013271501900470772e-02 9.498951939508836206e-01
8.069456606599353932e-02 9.506274841335625725e-01
8.125837751098241579e-02 9.513480995617470404e-01
8.182414935397135103e-02 9.520572358699153082e-01
8.239188159496033115e-02 9.527550851852301106e-01
8.296157423394934227e-02 9.534418363810879260e-01
8.353322727093842603e-02 9.541176753700438828e-01
8.410684070592755468e-02 9.547827847933934020e-01
8.468241453891674209e-02 9.554373442661685534e-01
8.525994876990593274e-02 9.560815302126480786e-01
8.583944339889522379e-02 9.567155164378803311e-01
8.642089842588455972e-02 9.573394735428757407e-01
8.700431385087394054e-02 9.579535691971918787e-01
8.758968967386336624e-02 9.585579684870526584e-01
8.817702589485282294e-02 9.591528335130433680e-01
8.876632251384235228e-02 9.597383235878033103e-01
8.935757953083194038e-02 9.603145955013827617e-01
8.995079694582157337e-02 9.608818032476507121e-01
9.054597475881122348e-02 9.614400982416849706e-01
9.114311296980096011e-02 9.619896291641217845e-01
9.174221157879074162e-02 9.625305424995111991e-01
9.234327058578056802e-02 9.630629819785283541e-01
9.294628999077042542e-02 9.635870888278158519e-01
9.355126979376035545e-02 9.641030021203611522e-01
9.415820999475034425e-02 9.646108583596380015e-01
9.476711059374037793e-02 9.651107916729401159e-01
9.537797159073045650e-02 9.656029340896007396e-01
9.599079298572055219e-02 9.660874152341759613e-01
9.660557477871074827e-02 9.665643624764387321e-01
9.722231696970097536e-02 9.670339011530502127e-01
9.784101955869126122e-02 9.674961543445168566e-01
9.846168254568156419e-02 9.679512429920013039e-01
9.908430593067193981e-02 9.683992860741093001e-01
9.970888971366237419e-02 9.688404004488972987e-01
1.003354338946528534e-01 9.692747009927427104e-01
1.009639384736433915e-01 9.697023005012885832e-01
1.015944034506339466e-01 9.701233100623327665e-01
1.022268288256245744e-01 9.705378386829029980e-01
1.028612145986152610e-01 9.709459934578963392e-01
1.034975607696059924e-01 9.713478798219368215e-01
1.041358673385967409e-01 9.717436012638774878e-01
1.047761343055875760e-01 9.721332594615621492e-01
1.054183616705784560e-01 9.725169544847337422e-01
1.060625494335693947e-01 9.728947845807668360e-01
1.067086975945603783e-01 9.732668462816350674e-01
1.073568061535513790e-01 9.736332345666663945e-01
1.080068751105424663e-01 9.739940427059119443e-01
1.086589044655335984e-01 9.743493623896842815e-01
1.093128942185247754e-01 9.746992836327833531e-01
1.099688443695159834e-01 9.750438951152072820e-01
1.106267549185072641e-01 9.753832838321117027e-01
1.112866258654986035e-01 9.757175352489393383e-01
1.119484572104899878e-01 9.760467335291233004e-01
1.126122489534813753e-01 9.763709612658831860e-01
1.132780010944728633e-01 9.766902996058614006e-01
1.139457136334643961e-01 9.770048284303407549e-01
1.146153865704559877e-01 9.773146261549446878e-01
1.152870199054476102e-01 9.776197698270510106e-01
1.159606136384392638e-01 9.779203352685239548e-01
1.166361677694310039e-01 9.782163969310273544e-01
1.173136822984227889e-01 9.785080280110329820e-01
1.179931572254146188e-01 9.787953003645278871e-01
1.186745925504064658e-01 9.790782848002771432e-01
1.193579882733983993e-01 9.793570507742374032e-01
1.200433443943903777e-01 9.796316665250729416e-01
1.207306609133824149e-01 9.799021992639936895e-01
1.214199378303744969e-01 9.801687149468746307e-01
1.221111751453665961e-01 9.804312783797977104e-01
1.228043728583587818e-01 9.806899533656243673e-01
1.234995309693510124e-01 9.809448025400105964e-01
1.241966494783433017e-01 9.811958874519646212e-01
1.248957283853355943e-01 9.814432686754287483e-01
1.255967676903279873e-01 9.816870056966119362e-01
1.262997673933204390e-01 9.819271570039149744e-01
1.270047274943129079e-01 9.821637800237744687e-01
1.277116479933054216e-01 9.823969313437387330e-01
1.284205288902980080e-01 9.826266664824562236e-01
1.291313701852906393e-01 9.828530399945983875e-01
1.298441718782833154e-01 9.830761056083082705e-01
1.305589339692760642e-01 9.832959160633688578e-01
1.312756564582688024e-01 9.835125231894237263e-01
1.319943393452616409e-01 9.837259780070408688e-01
1.327149826302545244e-01 9.839363306201366344e-01
1.334375863132474527e-01 9.841436302988730844e-01
1.341621503942403981e-01 9.843479254212235130e-01
1.348886748732334440e-01 9.845492636696414612e-01
1.356171597502265069e-01 9.847476918260567036e-01
1.363476050252196425e-01 9.849432558662899462e-01
1.370800106982128508e-01 9.851360010754398600e-01
1.378143767692060206e-01 9.853259719100738723e-01
1.385507032381993187e-01 9.855132120658660622e-01
1.392889901051926616e-01 9.856977645589596326e-01
1.400292373701860493e-01 9.858796716398328108e-01
1.407714450331794265e-01 9.860589748601230609e-01
1.415156130941729040e-01 9.862357150277377693e-01
1.422617415531664542e-01 9.864099323606887459e-01
1.430098304101600493e-01 9.865816663289929123e-01
1.437598796651536337e-01 9.867509557298472789e-01
1.445118893181473185e-01 9.869178387728398949e-01
1.452658593691410482e-01 9.870823529812345898e-01
1.460217898181348506e-01 9.872445352640473182e-01
1.467796806651286701e-01 9.874044218672132223e-01
1.475395319101225067e-01 9.875620485299576590e-01
1.483013435531164437e-01 9.877174503191548105e-01
1.490651155941104256e-01 9.878706617070757146e-01
1.498308480331044801e-01 9.880217166549875030e-01
1.505985408700985240e-01 9.881706485112979887e-01
1.513681941050926405e-01 9.883174900836775301e-01
1.521398077380868297e-01 9.884622735907520052e-01
1.529133817690810637e-01 9.886050308108849105e-01
1.536889161980753704e-01 9.887457929221902253e-01
1.544664110250696387e-01 9.888845905779580781e-01
1.552458662500640352e-01 9.890214539825867845e-01
1.560272818730584765e-01 9.891564127966978592e-01
1.568106578940529627e-01 9.892894962035686524e-01
1.575959943130474383e-01 9.894207328656252631e-01
1.583832911300420421e-01 9.895501510566639958e-01
1.591725483450366629e-01 9.896777785194076360e-01
1.599637659580313565e-01 9.898036425336028676e-01
1.607569439690260948e-01 9.899277699801016794e-01
1.615520823780208504e-01 9.900501872606529696e-01
1.623491811850156785e-01 9.901709203543869187e-01
1.631482403900105516e-01 9.902899947821649507e-01
1.639492599930054972e-01 9.904074357156349429e-01
1.647522399940004323e-01 9.905232678613485886e-01
1.655571803929954677e-01 9.906375155373312591e-01
1.663640811899905481e-01 9.907502026235036618e-01
1.671729423849857010e-01 9.908613527000496024e-01
1.679837639779808434e-01 9.909709888921335308e-01
1.687965459689760583e-01 9.910791339434965597e-01
1.696112883579713460e-01 9.911858102793640324e-01
1.704279911449667062e-01 9.912910399211971590e-01
1.712466543299620836e-01 9.913948445442355428e-01
1.720672779129574781e-01 9.914972454420772907e-01
1.728898618939529452e-01 9.915982636285647356e-01
1.737144062729484850e-01 9.916979197266792001e-01
1.745409110499440697e-01 9.917962340406911714e-01
1.753693762249396715e-01 9.918932265112414548e-01
1.761998017979353459e-01 9.919889168362567844e-01
1.770321877689310930e-01 9.920833243338824659e-01
1.778665341379268849e-01 9.921764680084472765e-01
1.787028409049227218e-01 9.922683666010072567e-01
1.795411080699185480e-01 9.923590385192833097e-01
1.803813356329145023e-01 9.924485018846831430e-01
1.812235235939104738e-01 9.925367745049846757e-01
1.820676719529065180e-01 9.926238739527721844e-01
1.829137807099025514e-01 9.927098174808048903e-01
1.837618498648986853e-01 9.927946220772799757e-01
1.846118794178948919e-01 9.928783044333794328e-01
1.854638693688911155e-01 9.929608810308683253e-01
1.863178197178873563e-01 9.930423680445628065e-01
1.871737304648836975e-01 9.931227814048266822e-01
1.880316016098800835e-01 9.932021367608023787e-01
1.888914331528765145e-01 9.932804495754335994e-01
1.897532250938729903e-01 9.933577350173629084e-01
1.906169774328694833e-01 9.934340080291392816e-01
1.914826901698660766e-01 9.935092832875194180e-01
1.923503633048627148e-01 9.935835753033522844e-01
1.932199968378593979e-01 9.936568983058687854e-01
1.940915907688560982e-01 9.937292662996934922e-01
1.949651450978528711e-01 9.938006931004348399e-01
1.958406598248497166e-01 9.938711922822845990e-01
1.967181349498466070e-01 9.939407772129036367e-01
1.975975704728435423e-01 9.940094610349571314e-01
1.984789663938404669e-01 9.940772567173982166e-01
1.993623227128375197e-01 9.941441770012855450e-01
2.002476394298345896e-01 9.942102344353475063e-01
2.011349165448317322e-01 9.942754413573096084e-01
2.020241540578288642e-01 9.943398099444152871e-01
2.029153519688260965e-01 9.944033521593729219e-01
2.038085102778234015e-01 9.944660797855919832e-01
2.047036289848207236e-01 9.945280044089350735e-01
2.056007080898180628e-01 9.945891374660199569e-01
2.064997475928155024e-01 9.946494901923018661e-01
2.074007474938129869e-01 9.947090736557854251e-01
2.083037077928105441e-01 9.947678987398186345e-01
2.092086284898081183e-01 9.948259761880616781e-01
2.101155095848057097e-01 9.948833165562547265e-01
2.110243510778034015e-01 9.949399302434306369e-01
2.119351529688011382e-01 9.949958274888266452e-01
2.128479152577989197e-01 9.950510183503640249e-01
2.137626379447967184e-01 9.951055127855192861e-01
2.146793210297945897e-01 9.951593205552484722e-01
2.155979645127925337e-01 9.952124512834775727e-01
2.165185683937905226e-01 9.952649144257271763e-01
2.174411326727885563e-01 9.953167193405288993e-01
2.183656573497865794e-01 9.953678752050908463e-01
2.192921424247847306e-01 9.954183910676156488e-01
2.202205878977829268e-01 9.954682758204247417e-01
2.211509937687811678e-01 9.955175382609745549e-01
2.220833600377793982e-01 9.955661870205366748e-01
2.230176867047777289e-01 9.956142306085191684e-01
2.239539737697761046e-01 9.956616773902964290e-01
2.248922212327745529e-01 9.957085356379868912e-01
2.258324290937730461e-01 9.957548134718381405e-01
2.267745973527715286e-01 9.958005188970180388e-01
2.277187260097701116e-01 9.958456597856978343e-01
2.286648150647687394e-01 9.958902439179265764e-01
2.296128645177674399e-01 9.959342789357442660e-01
2.305628743687661297e-01 9.959777723719692721e-01
2.315148446177649200e-01 9.960207316466422878e-01
2.324687752647637551e-01 9.960631640503211370e-01
2.334246663097626351e-01 9.961050768057624349e-01
2.343825177527615322e-01 9.961464769940223674e-01
2.353423295937605020e-01 9.961873715999084444e-01
2.363041018327595444e-01 9.962277674900862356e-01
2.372678344697586317e-01 9.962676714601391703e-01
2.382335275047577638e-01 9.963070901792590028e-01
2.392011809377569131e-01 9.963460302245619182e-01
2.401707947687561351e-01 9.963844980652628580e-01
2.411423689977554297e-01 9.964225000970331481e-01
2.421159036247547691e-01 9.964600426029835978e-01
2.430913986497540979e-01 9.964971317781691207e-01
2.440688540727535549e-01 9.965337737261769080e-01
2.450482698937530290e-01 9.965699744466335330e-01
2.460296461127525758e-01 9.966057398823524593e-01
2.470129827297521674e-01 9.966410758628904132e-01
2.479982797447517484e-01 9.966759881393855158e-01
2.489855371577514298e-01 9.967104823688502924e-01
2.499747549687511561e-01 9.967445641465667583e-01
2.509659331777509550e-01 9.967782389689138212e-01
2.519590717847506878e-01 9.968115122564109587e-01
2.529541707897505765e-01 9.968443893505252174e-01
2.539512301927505100e-01 9.968768755025971817e-01
2.549502499937504885e-01 9.969089759150229213e-01
2.559512301927505673e-01 9.969406956919589780e-01
2.569541707897506355e-01 9.969720398696760855e-01
2.579590717847507486e-01 9.970030134113645470e-01
2.589659331777509621e-01 9.970336211937662618e-01
2.599747549687512205e-01 9.970638680566078493e-01
2.609855371577514682e-01 9.970937587418007286e-01
2.619982797447518164e-01 9.971232979306471345e-01
2.630129827297520984e-01 9.971524902276981406e-01
2.640296461127525363e-01 9.971813401917740682e-01
2.650482698937530190e-01 9.972098522993254610e-01
2.660688540727535467e-01 9.972380309670486609e-01
2.670913986497541748e-01 9.972658805482840227e-01
2.681159036247547922e-01 9.972934053235600338e-01
2.691423689977554545e-01 9.973206095357357581e-01
2.701707947687562172e-01 9.973474973476241789e-01
2.712011809377570248e-01 9.973740728679461043e-01
2.722335275047577108e-01 9.974003401468322094e-01
2.732678344697586081e-01 9.974263031656267486e-01
2.743041018327595504e-01 9.974519658745863993e-01
2.753423295937605375e-01 9.974773321466986475e-01
2.763825177527615695e-01 9.975024058058922227e-01
2.774246663097627019e-01 9.975271906218916573e-01
2.784687752647638237e-01 9.975516902996607316e-01
2.795148446177649904e-01 9.975759085182851482e-01
2.805628743687662574e-01 9.975998488828780042e-01
2.816128645177674028e-01 9.976235149538440483e-01
2.826648150647687596e-01 9.976469102415139734e-01
2.837187260097701613e-01 9.976700381955297958e-01
2.847745973527716079e-01 9.976929022433573824e-01
2.858324290937730994e-01 9.977155057424872409e-01
2.868922212327746357e-01 9.977378520094460912e-01
2.879539737697762170e-01 9.977599443143970737e-01
2.890176867047778431e-01 9.977817858710751331e-01
2.900833600377795141e-01 9.978033798733725313e-01
2.911509937687811744e-01 9.978247294497227804e-01
2.922205878977829352e-01 9.978458376908715399e-01
2.932921424247847964e-01 9.978667076446008366e-01
2.943656573497866469e-01 9.978873423065252046e-01
2.954411326727885978e-01 9.979077446535442597e-01
2.965185683937905936e-01 9.979279176022621822e-01
2.975979645127926343e-01 9.979478640342047679e-01
2.986793210297947199e-01 9.979675867911176335e-01
2.997626379447967393e-01 9.979870886668804619e-01
3.008479152577989146e-01 9.980063724368333222e-01
3.019351529688011904e-01 9.980254408214250805e-01
3.030243510778034555e-01 9.980442965083491380e-01
3.041155095848058210e-01 9.980629421483578900e-01
3.052086284898081758e-01 9.980813803485957258e-01
3.063037077928106311e-01 9.980996136971211907e-01
3.074007474938131312e-01 9.981176447327707590e-01
3.084997475928156763e-01 9.981354759634495366e-01
3.096007080898180996e-01 9.981531098628464438e-01
3.107036289848207899e-01 9.981705488708592089e-01
3.118085102778234696e-01 9.981877953843134588e-01
3.129153519688261942e-01 9.982048517909866137e-01
3.140241540578289636e-01 9.982217204262916477e-01
3.151349165448318335e-01 9.982384035996042515e-01
3.162476394298346927e-01 9.982549035890282418e-01
3.173623227128376523e-01 9.982712226340942907e-01
3.184789663938406568e-01 9.982873629621932254e-01
3.195975704728435396e-01 9.983033267554320966e-01
3.207181349498466338e-01 9.983191161707370975e-01
3.218406598248497730e-01 9.983347333359557929e-01
3.229651450978529570e-01 9.983501803503406213e-01
3.240915907688562414e-01 9.983654592754219737e-01
3.252199968378595152e-01 9.983805721679250844e-01
3.263503633048628338e-01 9.983955210375854428e-01
3.274826901698662529e-01 9.984103078728013836e-01
3.286169774328696613e-01 9.984249346353135657e-01
3.297532250938730591e-01 9.984394032539731789e-01
3.308914331528765573e-01 9.984537156478644482e-01
3.320316016098801559e-01 9.984678736970314938e-01
3.331737304648837994e-01 9.984818792603020743e-01
3.343178197178874878e-01 9.984957341717651813e-01
3.354638693688912210e-01 9.985094402411617276e-01
3.366118794178950546e-01 9.985229992466300164e-01
3.377618498648988776e-01 9.985364129610525552e-01
3.389137807099027455e-01 9.985496831183316990e-01
3.400676719529066028e-01 9.985628114339077932e-01
3.412235235939105604e-01 9.985757996005201198e-01
3.423813356329146185e-01 9.985886492886530963e-01
3.435411080699187214e-01 9.986013621387056505e-01
3.447028409049228137e-01 9.986139397891210523e-01
3.458665341379270064e-01 9.986263838401155946e-01
3.470321877689312440e-01 9.986386958756690024e-01
3.481998017979355819e-01 9.986508774590481252e-01
3.493693762249399093e-01 9.986629301330447461e-01
3.505409110499441705e-01 9.986748554121737120e-01
3.517144062729485876e-01 9.986866548110645558e-01
3.528898618939531051e-01 9.986983298075362558e-01
3.540672779129576120e-01 9.987098818651367615e-01
3.552466543299622193e-01 9.987213124283179644e-01
3.564279911449668714e-01 9.987326229227591057e-01
3.576112883579715684e-01 9.987438147479528183e-01
3.587965459689763104e-01 9.987548893042551557e-01
3.599837639779809306e-01 9.987658479575398651e-01
3.611729423849858178e-01 9.987766920607386023e-01
3.623640811899906944e-01 9.987874229493758360e-01
3.635571803929956158e-01 9.987980419416453426e-01
3.647522399940006377e-01 9.988085503318108183e-01
3.659492599930056489e-01 9.988189494147259317e-01
3.671482403900107605e-01 9.988292404537673086e-01
3.683491811850159170e-01 9.988394247003982152e-01
3.695520823780210629e-01 9.988495033899988940e-01
3.707569439690261981e-01 9.988594777421515580e-01
3.719637659580314892e-01 9.988693489547599835e-01
3.731725483450368253e-01 9.988791182252908518e-01
3.743832911300422062e-01 9.988887867231875939e-01
3.755959943130476320e-01 9.988983556066718394e-01
3.768106578940531581e-01 9.989078260191890379e-01
3.780272818730586737e-01 9.989171990896434927e-01
3.792458662500642896e-01 9.989264759276759165e-01
3.804664110250698950e-01 9.989356576408596755e-01
3.816889161980754896e-01 9.989447453124709053e-01
3.829133817690812402e-01 9.989537400150396707e-01
3.841398077380869802e-01 9.989626428074832587e-01
3.853681941050928206e-01 9.989714547353404361e-01
3.865985408700987613e-01 9.989801768310296870e-01
3.878308480331046915e-01 9.989888101079426042e-01
3.890651155941106665e-01 9.989973555814782857e-01
3.903013435531166864e-01 9.990058142416166076e-01
3.915395319101228067e-01 9.990141870695249393e-01
3.927796806651288053e-01 9.990224750340932491e-01
3.940217898181350153e-01 9.990306790920606694e-01
3.952658593691412148e-01 9.990388001882262170e-01
3.965118893181475146e-01 9.990468392489423310e-01
3.977598796651538593e-01 9.990547972056227355e-01
3.990098304101602489e-01 9.990626749636348780e-01
4.002617415531666833e-01 9.990704734212852989e-01
4.015156130941732182e-01 9.990781934657546604e-01
4.027714450331797424e-01 9.990858359730930838e-01
4.040292373701862005e-01 9.990934018040369402e-01
4.052889901051928145e-01 9.991008918198480693e-01
4.065507032381995289e-01 9.991083068614866614e-01
4.078143767692062882e-01 9.991156477622723520e-01
4.090800106982130369e-01 9.991229153452479972e-01
4.103476050252198859e-01 9.991301104232558350e-01
4.116171597502267798e-01 9.991372337991540897e-01
4.128886748732337186e-01 9.991442862614328124e-01
4.141621503942407023e-01 9.991512686000294519e-01
4.154375863132476199e-01 9.991581815855870019e-01
4.167149826302546933e-01 9.991650259820261670e-01
4.179943393452618672e-01 9.991718025439353390e-01
4.192756564582690304e-01 9.991785120166674083e-01
4.205589339692762940e-01 9.991851551364359096e-01
4.218441718782836025e-01 9.991917326304551317e-01
4.231313701852909004e-01 9.991982452109853252e-01
4.244205288902982987e-01 9.992046935972006549e-01
4.257116479933056308e-01 9.992110784858565520e-01
4.270047274943131188e-01 9.992174005692245897e-01
4.282997673933206517e-01 9.992236605312146969e-01
4.295967676903282295e-01 9.992298590474331110e-01
4.308957283853359077e-01 9.992359967852324498e-01
4.321966494783435753e-01 9.992420743987319165e-01
4.334995309693513432e-01 9.992480925474811482e-01
4.348043728583591006e-01 9.992540518713569631e-01
4.361111751453669583e-01 9.992599530059316226e-01
4.374199378303746943e-01 9.992657965791602592e-01
4.387306609133826418e-01 9.992715832114070773e-01
4.400433443943906342e-01 9.992773135155856856e-01
4.413579882733986715e-01 9.992829880930533815e-01
4.426745925504067536e-01 9.992886075485964970e-01
4.439931572254149361e-01 9.992941724704660356e-01
4.453136822984231080e-01 9.992996834425881270e-01
4.466361677694313248e-01 9.993051410419229175e-01
4.479606136384396420e-01 9.993105458384815565e-01
4.492870199054478375e-01 9.993158983955350294e-01
4.506153865704562445e-01 9.993211992696072743e-01
4.519457136334646408e-01 9.993264490060199678e-01
4.532780010944731375e-01 9.993316481553563557e-01
4.546122489534816791e-01 9.993367972513154118e-01
4.559484572104903211e-01 9.993418968243538147e-01
4.572866258654989524e-01 9.993469473986015261e-01
4.586267549185076287e-01 9.993519494919937962e-01
4.599688443695163498e-01 9.993569036163365560e-01
4.613128942185250048e-01 9.993618102773857981e-01
4.626589044655338712e-01 9.993666699703765977e-01
4.640068751105427269e-01 9.993714831964317646e-01
4.653568061535516831e-01 9.993762504404345437e-01
4.667086975945606842e-01 9.993809721846279581e-01
4.680625494335697301e-01 9.993856489055704673e-01
4.694183616705788209e-01 9.993902810742282261e-01
4.707761343055879566e-01 9.993948691560562425e-01
4.721358673385971372e-01 9.993994136110364579e-01
4.734975607696062516e-01 9.994039148895842439e-01
4.748612145986155220e-01 9.994083734477050562e-01
4.762268288256248927e-01 9.994127897264500904e-01
4.775944034506342528e-01 9.994171641646104609e-01
4.789639384736437133e-01 9.994214971958316207e-01
4.803354338946532187e-01 9.994257892487582451e-01
4.817088897136627690e-01 9.994300407469652869e-01
4.830843059306723641e-01 9.994342521091911236e-01
4.844616825456818376e-01 9.994384237492364154e-01
4.858410195586915226e-01 9.994425560712157930e-01
4.872223169697012524e-01 9.994466494875002827e-01
4.886055747787110826e-01 9.994507043940933366e-01
4.899907929857209021e-01 9.994547211859642344e-01
4.913779715907308221e-01 9.994587002534424114e-01
4.927671105937407314e-01 9.994626419823809949e-01
4.941582099947507412e-01 9.994665467542069859e-01
4.955512697937607958e-01 9.994704149459002762e-01
4.969462899907707287e-01 9.994742469263251383e-01
4.983432705857808731e-01 9.994780430700543894e-01
4.997422115787910624e-01 9.994818037385502230e-01
5.011431129698012965e-01 9.994855292916725586e-01
5.025459747588115755e-01 9.994892200852372177e-01
5.039507969458218994e-01 9.994928764709660740e-01
5.053575795308323793e-01 9.994964987965445635e-01
5.067663225138427929e-01 9.995000874056921836e-01
5.081770258948532515e-01 9.995036426381854744e-01
5.095896896738636439e-01 9.995071648261998343e-01
5.110043138508743032e-01 9.995106543079498307e-01
5.124208984258848965e-01 9.995141114090291268e-01
5.138394433988955345e-01 9.995175364539737872e-01
5.152599487699063285e-01 9.995209297635664347e-01
5.166824145389171674e-01 9.995242916550411971e-01
5.181068407059279401e-01 9.995276224419342714e-01
5.195332272709388688e-01 9.995309224343076338e-01
5.209615742339498423e-01 9.995341919386636631e-01
5.223918815949606387e-01 9.995374312580412868e-01
5.238241493539717020e-01 9.995406406876100602e-01
5.252583775109828101e-01 9.995438205310817059e-01
5.266945660659939632e-01 9.995469710780394701e-01
5.281327150190051611e-01 9.995500926180099777e-01
5.295728243700164040e-01 9.995531854372973202e-01
5.310148941190276917e-01 9.995562498189438649e-01
5.324589242660390243e-01 9.995592860428285098e-01
5.339049148110504017e-01 9.995622943857186415e-01
5.353528657540617131e-01 9.995652751212227294e-01
5.368027770950731803e-01 9.995682285163186576e-01
5.382546488340846924e-01 9.995711548445049832e-01
5.397084809710962494e-01 9.995740543676551182e-01
5.411642735061079623e-01 9.995769273472995264e-01
5.426220264391196091e-01 9.995797740420637734e-01
5.440817397701314118e-01 9.995825947076643070e-01
5.455434134991431483e-01 9.995853895969516456e-01
5.470070476261550407e-01 9.995881589599620032e-01
5.484726421511667560e-01 9.995909030439606990e-01
5.499401970741787382e-01 9.995936220934885652e-01
5.514097123951906543e-01 9.995963163468638557e-01
5.528811881142027262e-01 9.995989860489240542e-01
5.543546242312148431e-01 9.996016314335695041e-01
5.558300207462270048e-01 9.996042527345743167e-01
5.573073776592392115e-01 9.996068501831417707e-01
5.587866949702514630e-01 9.996094240078559068e-01
5.602679726792635373e-01 9.996119744348475056e-01
5.617512107862758786e-01 9.996145016876794021e-01
5.632364092912882647e-01 9.996170059874668334e-01
5.647235681943006957e-01 9.996194875528906509e-01
5.662126874953131717e-01 9.996219466001915466e-01
5.677037671943258035e-01 9.996243833394574674e-01
5.691968072913383692e-01 9.996267979886529487e-01
5.706918077863509797e-01 9.996291907540751920e-01
5.721887686793637462e-01 9.996315618425567484e-01
5.736876899703762245e-01 9.996339114586482166e-01
5.751885716593890807e-01 9.996362398046884090e-01
5.766914137464018708e-01 9.996385470807628293e-01
5.781962162314148168e-01 9.996408334847426413e-01
5.797029791144278077e-01 9.996430992123654935e-01
5.812117023954407324e-01 9.996453444571923308e-01
5.827223860744538131e-01 9.996475694106551346e-01
5.842350301514669386e-01 9.996497742584655732e-01
5.857496346264799980e-01 9.996519591941686045e-01
5.872661994994931023e-01 9.996541244001682092e-01
5.887847247705062514e-01 9.996562700596340889e-01
5.903052104395195565e-01 9.996583963537345463e-01
5.918276565065329065e-01 9.996605034616337093e-01
5.933520629715463013e-01 9.996625915605612533e-01
5.948784298345597410e-01 9.996646608258175082e-01
5.964067570955732256e-01 9.996667114307894453e-01
5.979370447545868661e-01 9.996687435469254757e-01
5.994692928116004405e-01 9.996707573438347039e-01
6.010035012666138377e-01 9.996727529862475814e-01
6.025396701196276128e-01 9.996747306453427351e-01
6.040777993706413218e-01 9.996766904828999767e-01
6.056178890196550757e-01 9.996786326612311369e-01
6.071599390666689855e-01 9.996805573408662493e-01
6.087039495116828292e-01 9.996824646806381498e-01
6.102499203546968287e-01 9.996843548375916599e-01
6.117978515957107621e-01 9.996862279671067109e-01
6.133477432347248515e-01 9.996880842228546005e-01
6.148995952717387636e-01 9.996899237568289687e-01
6.164534077067529427e-01 9.996917467193877638e-01
6.180091805397671667e-01 9.996935532592524654e-01
6.195669137707813245e-01 9.996953435235315100e-01
6.211266073997956383e-01 9.996971176541278314e-01
6.226882614268099969e-01 9.996988758012635978e-01
6.242518758518244004e-01 9.997006181044630901e-01
6.258174506748388488e-01 9.997023447044917077e-01
6.273849858958533421e-01 9.997040557406449146e-01
6.289544815148676582e-01 9.997057513506878434e-01
6.305259375318823523e-01 9.997074316708592923e-01
6.320993539468969802e-01 9.997090968359673147e-01
6.336747307599116530e-01 9.997107469793237167e-01
6.352520679709263707e-01 9.997123822328164433e-01
6.368313655799411332e-01 9.997140027268731632e-01
6.384126235869560517e-01 9.997156085905295475e-01
6.399958419919709041e-01 9.997171999514098406e-01
6.415810207949856903e-01 9.997187769323143680e-01
6.431681599960007434e-01 9.997203396642175832e-01
6.447572595950157304e-01 9.997218882678575724e-01
6.463483195920308733e-01 9.997234228654011678e-01
6.479413399870459500e-01 9.997249435776834892e-01
6.495363207800611827e-01 9.997264505242261512e-01
6.511332619710764602e-01 9.997279438232578030e-01
6.527321635600916716e-01 9.997294235917006944e-01
6.543330255471070389e-01 9.997308899452529429e-01
6.559358479321222291e-01 9.997323429983124843e-01
6.575406307151376861e-01 9.997337828640334711e-01
6.591473738961531881e-01 9.997352096543676847e-01
6.607560774751687349e-01 9.997366234800149076e-01
6.623667414521843266e-01 9.997380244505044145e-01
6.639793658271999632e-01 9.997394126707620510e-01
6.655939506002157557e-01 9.997407882539534052e-01
6.672104957712314821e-01 9.997421513033019069e-01
6.688290013402472534e-01 9.997435019236056153e-01
6.704494673072629585e-01 9.997448402185103999e-01
6.720718936722788195e-01 9.997461662905385849e-01
6.736962804352947254e-01 9.997474802411145944e-01
6.753226275963107872e-01 9.997487821704793554e-01
6.769509351553267829e-01 9.997500721778864730e-01
6.785812031123429344e-01 9.997513503614106067e-01
6.802134314673590199e-01 9.997526168180806971e-01
6.818476202203752612e-01 9.997538716438657547e-01
6.834837693713914364e-01 9.997551149336830756e-01
6.851218789204075454e-01 9.997563467813772586e-01
6.867619488674239214e-01 9.997575672797982538e-01
6.884039792124403423e-01 9.997587765175199870e-01
6.900479699554568080e-01 9.997599745911501801e-01
6.916939210964733187e-01 9.997611615878211344e-01
6.933418326354898742e-01 9.997623375963083925e-01
6.949917045725064746e-01 9.997635027044288192e-01
6.966435369075231199e-01 9.997646569990026322e-01
6.982973296405398100e-01 9.997658005659088021e-01
6.999530827715563230e-01 9.997669334900551874e-01
7.016107963005731030e-01 9.997680558554287167e-01
7.032704702275899278e-01 9.997691677450214476e-01
7.049321045526069085e-01 9.997702692409685676e-01
7.065956992756238231e-01 9.997713604244493624e-01
7.082612543966407825e-01 9.997724413757281825e-01
7.099287699156578979e-01 9.997735121741816444e-01
7.115982458326749471e-01 9.997745728982938562e-01
7.132696821476921523e-01 9.997756236256524209e-01
7.149430788607090692e-01 9.997766644301250283e-01
7.166184359717263641e-01 9.997776953927440813e-01
7.182957534807437039e-01 9.997787165861300451e-01
7.199750313877609775e-01 9.997797280843682133e-01
7.216562696927784071e-01 9.997807299607981424e-01
7.233394683957958815e-01 9.997817222878293553e-01
7.250246274968132898e-01 9.997827051371278584e-01
7.267117469958308540e-01 9.997836785794531611e-01
7.284008268928482410e-01 9.997846426848369106e-01
7.300918671878658950e-01 9.997855975224241298e-01
7.317848678808835938e-01 9.997865431606012265e-01
7.334798289719013376e-01 9.997874796669680153e-01
7.351767504609192372e-01 9.997884071083231738e-01
7.368756323479370707e-01 9.997893255506881127e-01
7.385764746329549491e-01 9.997902350593355081e-01
7.402792773159728723e-01 9.997911356987130294e-01
7.419840403969908404e-01 9.997920275325953288e-01
7.436907638760087425e-01 9.997929106239149544e-01
7.453994477530268004e-01 9.997937850349337685e-01
7.471100920280450142e-01 9.997946508241316588e-01
7.488226967010631618e-01 9.997955080577862752e-01
7.505372617720814654e-01 9.997963567933805251e-01
7.522537872410997029e-01 9.997971970902007621e-01
7.539722731081180962e-01 9.997980290068221310e-01
7.556927193731364234e-01 9.997988526011613031e-01
7.574151260361549065e-01 9.997996679303777778e-01
7.591394930971732125e-01 9.998004750509328353e-01
7.608658205561917853e-01 9.998012740186458247e-01
7.625941084132104031e-01 9.998020648886007944e-01
7.643243566682289547e-01 9.998028477152088866e-01
7.660565653212476622e-01 9.998036225522214382e-01
7.677907343722664146e-01 9.998043894527179898e-01
7.695268638212852119e-01 9.998051484690883006e-01
7.712649536683040541e-01 9.998058996530785336e-01
7.730050039133229411e-01 9.998066430557772666e-01
7.747470145563417621e-01 9.998073787276201552e-01
7.764909855973607389e-01 9.998081067183814952e-01
7.782369170363797606e-01 9.998088270772474973e-01
7.799848088733989382e-01 9.998095398526929412e-01
7.817346611084180497e-01 9.998102450925924201e-01
7.834864737414372060e-01 9.998109428414111433e-01
7.852402467724565183e-01 9.998116331509867560e-01
7.869959802014757644e-01 9.998123160648839658e-01
7.887536740284951664e-01 9.998129916284899110e-01
7.905133282535142802e-01 9.998136598865604574e-01
7.922749428765337720e-01 9.998143208832745987e-01
7.940385178975533087e-01 9.998149746622140288e-01
7.958040533165727792e-01 9.998156212663437126e-01
7.975715491335924057e-01 9.998162607379937894e-01
7.993410053486120770e-01 9.998168931189997943e-01
8.011124219616317932e-01 9.998175184505163626e-01
8.028857989726515543e-01 9.998181367731536762e-01
8.046611363816711382e-01 9.998187481269580346e-01
8.064384341886909890e-01 9.998193525513715540e-01
8.082176923937108848e-01 9.998199500852337218e-01
8.099989109967308254e-01 9.998205407668818712e-01
8.117820899977508109e-01 9.998211246340515945e-01
8.135672293967708413e-01 9.998217017238849591e-01
8.153543291937909165e-01 9.998222720730201019e-01
8.171433893888111477e-01 9.998228357174888670e-01
8.189344099818313127e-01 9.998233926927773130e-01
8.207273909728513006e-01 9.998239430338460298e-01
8.225223323618716664e-01 9.998244867750799569e-01
8.243192341488919661e-01 9.998250239503074788e-01
8.261180963339124217e-01 9.998255545928470545e-01
8.279189189169328111e-01 9.998260787354464885e-01
8.297217018979533565e-01 9.998265964075667700e-01
8.315264452769738357e-01 9.998271076460817364e-01
8.333331490539944708e-01 9.998276124796871001e-01
8.351418132290151508e-01 9.998281109389890453e-01
8.369524378020356536e-01 9.998286030540577407e-01
8.387650227730564234e-01 9.998290888544318911e-01
8.405795681420771270e-01 9.998295683691388325e-01
8.423960739090979866e-01 9.998300416266959756e-01
8.442145400741188910e-01 9.998305086550661747e-01
8.460349666371398403e-01 9.998309694816903681e-01
8.478573535981608345e-01 9.998314241335463093e-01
8.496817009571818735e-01 9.998318726370176712e-01
8.515080087142030685e-01 9.998323150180123964e-01
8.533362768692239753e-01 9.998327513019295010e-01
8.551665054222451490e-01 9.998331815136328737e-01
8.569986943732663676e-01 9.998336056775141145e-01
8.588328437222877421e-01 9.998340238173938355e-01
8.606689534693090504e-01 9.998344359566183615e-01
8.625070236143304037e-01 9.998348421180617285e-01
8.643470541573519128e-01 9.998352423240215447e-01
8.661890450983733558e-01 9.998356365963296799e-01
8.680329964373949547e-01 9.998360249563065238e-01
8.698789081744163765e-01 9.998364074247615418e-01
8.717267803094379541e-01 9.998367840220463432e-01
8.735766128424596877e-01 9.998371547679297811e-01
8.754284057734814661e-01 9.998375196817347321e-01
8.772821591025032895e-01 9.998378787822765901e-01
8.791378728295250466e-01 9.998382320878621554e-01
8.809955469545469597e-01 9.998385796162713168e-01
8.828551814775689177e-01 9.998389213848550838e-01
8.847167763985909206e-01 9.998392574104076891e-01
8.865803317176127463e-01 9.998395877092247641e-01
8.884458474346348389e-01 9.998399122971192154e-01
8.903133235496569764e-01 9.998402311894230010e-01
8.921827600626792698e-01 9.998405444009308418e-01
8.940541569737014971e-01 9.998408519459489607e-01
8.959275142827237692e-01 9.998411538383072950e-01
8.978028319897460863e-01 9.998414500885491885e-01
8.996801100947685592e-01 9.998417407148364466e-01
9.015593485977907440e-01 9.998420257268854083e-01
9.034405474988133067e-01 9.998423051365099568e-01
9.053237067978358033e-01 9.998425789550225984e-01
9.072088264948584557e-01 9.998428471932342410e-01
9.090959065898810421e-01 9.998431098614453116e-01
9.109849470829037843e-01 9.998433669694617443e-01
9.128759479739264604e-01 9.998436185265678899e-01
9.147689092629492924e-01 9.998438645415572701e-01
9.166638309499721693e-01 9.998441050227176996e-01
9.185607130349948690e-01 9.998443399778275120e-01
9.204595555180178357e-01 9.998445694141356865e-01
9.223603583990407362e-01 9.998447933383980413e-01
9.242631216780637926e-01 9.998450117569003259e-01
9.261678453550868939e-01 9.998452246753165573e-01
9.280745294301100401e-01 9.998454320988698907e-01
9.299831739031333422e-01 9.998456340322821045e-01
9.318937787741565781e-01 9.998458304796954410e-01
9.338063440431798590e-01 9.998460214448141592e-01
9.357208697102029626e-01 9.998462069307090250e-01
9.376373557752263332e-01 9.998463869400494586e-01
9.395558022382498597e-01 9.998465614748683894e-01
9.414762090992733201e-01 9.998467305367415570e-01
9.433985763582968254e-01 9.998468941266914767e-01
9.453229040153204865e-01 9.998470522451802234e-01
9.472491920703440815e-01 9.998472048921717148e-01
9.491774405233678324e-01 9.998473520670829728e-01
9.511076493743915172e-01 9.998474937687589215e-01
9.530398186234151359e-01 9.998476299955336710e-01
9.549739482704390214e-01 9.998477607451603522e-01
9.569100383154629519e-01 9.998478860148939384e-01
9.588480887584868162e-01 9.998480058013665683e-01
9.607880995995108364e-01 9.998481201007144437e-01
9.627300708385349015e-01 9.998482289084307251e-01
9.646740024755590115e-01 9.998483322195418355e-01
9.666198945105831664e-01 9.998484300284594672e-01
9.685677469436073661e-01 9.998485223289950152e-01
9.705175597746313887e-01 9.998486091144139776e-01
9.724693330036556782e-01 9.998486903774014278e-01
9.744230666306800126e-01 9.998487661100610158e-01
9.763787606557043919e-01 9.998488363038846582e-01
9.783364150787289271e-01 9.998489009497714131e-01
9.802960298997533961e-01 9.998489600380719988e-01
9.822576051187779100e-01 9.998490135584643390e-01
9.842211407358025799e-01 9.998490615000632520e-01
9.861866367508271836e-01 9.998491038513407370e-01
9.881540931638517211e-01 9.998491406001807080e-01
9.901235099748764146e-01 9.998491717338195972e-01
9.920948871839012639e-01 9.998491972388978688e-01
9.940682247909260472e-01 9.998492171013595442e-01
9.960435227959509863e-01 9.998492313065889814e-01
9.980207811989759703e-01 9.998492398392387903e-01
1.000000000000000666e+00 9.998492426833902602e-01
