-2.000000000000000042e-02 1.000000000000000000e+00
-1.980000000000000163e-02 9.986068964143242077e-01
-1.959999999999999937e-02 9.972137928340376600e-01
-1.940000000000000058e-02 9.958206892645279362e-01
-1.920000000000000179e-02 9.944275857111847250e-01
-1.899999999999999953e-02 9.930344821793996024e-01
-1.880000000000000074e-02 9.916413786745555958e-01
-1.860000000000000195e-02 9.902482752020490553e-01
-1.839999999999999969e-02 9.888551717672607877e-01
-1.820000000000000090e-02 9.874620683755848116e-01
-1.800000000000000211e-02 9.860689650324089284e-01
-1.779999999999999985e-02 9.846758617431252691e-01
-1.760000000000000106e-02 9.832827585131156400e-01
-1.739999999999999880e-02 9.818896553477733935e-01
-1.720000000000000001e-02 9.804965522524883292e-01
-1.700000000000000122e-02 9.791034492326454730e-01
-1.679999999999999896e-02 9.777103462936385103e-01
-1.660000000000000017e-02 9.763172434408530220e-01
-1.640000000000000138e-02 9.749241406796789189e-01
-1.619999999999999912e-02 9.735310380155050014e-01
-1.600000000000000033e-02 9.721379354537195150e-01
-1.580000000000000154e-02 9.707448329997120373e-01
-1.559999999999999928e-02 9.693517306588725901e-01
-1.540000000000000049e-02 9.679586284365878646e-01
-1.519999999999999997e-02 9.665655263382469942e-01
-1.499999999999999944e-02 9.651724243692412220e-01
-1.480000000000000066e-02 9.637793225349575721e-01
-1.460000000000000013e-02 9.623862208407838459e-01
-1.439999999999999961e-02 9.609931192921118415e-01
-1.420000000000000082e-02 9.596000178943255854e-01
-1.400000000000000029e-02 9.582069166528215387e-01
-1.379999999999999977e-02 9.568138155729815075e-01
-1.360000000000000098e-02 9.554207146601981782e-01
-1.340000000000000045e-02 9.540276139198606842e-01
-1.319999999999999993e-02 9.526345133573513868e-01
-1.300000000000000114e-02 9.512414129780691896e-01
-1.279999999999999888e-02 9.498483127873968979e-01
-1.260000000000000009e-02 9.484552127907242003e-01
-1.240000000000000130e-02 9.470621129934394533e-01
-1.219999999999999904e-02 9.456690134009338999e-01
-1.200000000000000025e-02 9.442759140185931210e-01
-1.179999999999999973e-02 9.428828148518076935e-01
-1.159999999999999920e-02 9.414897159059695264e-01
-1.140000000000000041e-02 9.400966171864608700e-01
-1.119999999999999989e-02 9.387035186986751878e-01
-1.099999999999999936e-02 9.373104204479992818e-01
-1.080000000000000057e-02 9.359173224398255053e-01
-1.060000000000000005e-02 9.345242246795379959e-01
-1.039999999999999952e-02 9.331311271725265533e-01
-1.020000000000000073e-02 9.317380299241835306e-01
-1.000000000000000021e-02 9.303449329398960632e-01
-9.799999999999999684e-03 9.289518362250491768e-01
-9.599999999999999159e-03 9.275587397850367788e-01
-9.400000000000000369e-03 9.261656436252434510e-01
-9.199999999999999845e-03 9.247725477510627679e-01
-8.999999999999999320e-03 9.233794521678795331e-01
-8.800000000000000530e-03 9.219863568810849896e-01
-8.600000000000000006e-03 9.205932618960661618e-01
-8.399999999999999481e-03 9.192001672182120720e-01
-8.200000000000000691e-03 9.178070728529121869e-01
-8.000000000000000167e-03 9.164139788055564173e-01
-7.799999999999999642e-03 9.150208850815303441e-01
-7.599999999999999117e-03 9.136277916862269866e-01
-7.400000000000000328e-03 9.122346986250315926e-01
-7.199999999999999803e-03 9.108416059033326295e-01
-6.999999999999999278e-03 9.094485135265223397e-01
-6.800000000000000488e-03 9.080554214999865259e-01
-6.599999999999999964e-03 9.066623298291166533e-01
-6.399999999999999439e-03 9.052692385192961932e-01
-6.199999999999998915e-03 9.038761475759202746e-01
-6.000000000000000125e-03 9.024830570043749223e-01
-5.799999999999999600e-03 9.010899668100474935e-01
-5.599999999999999076e-03 8.996968769983277880e-01
-5.400000000000000286e-03 8.983037875746057166e-01
-5.199999999999999761e-03 8.969106985442671931e-01
-4.999999999999999237e-03 8.955176099127051259e-01
-4.800000000000000447e-03 8.941245216853043187e-01
-4.599999999999999922e-03 8.927314338674559036e-01
-4.399999999999999398e-03 8.913383464645465715e-01
-4.199999999999998873e-03 8.899452594819662332e-01
-4.000000000000000083e-03 8.885521729251047995e-01
-3.800000000000001293e-03 8.871590867993485174e-01
-3.599999999999999034e-03 8.857660011100875197e-01
-3.400000000000000244e-03 8.843729158627082754e-01
-3.199999999999997985e-03 8.829798310626051361e-01
-2.999999999999999195e-03 8.815867467151599080e-01
-2.800000000000000405e-03 8.801936628257653883e-01
-2.599999999999998146e-03 8.788005793998080462e-01
-2.399999999999999356e-03 8.774074964426794576e-01
-2.200000000000000566e-03 8.760144139597643154e-01
-1.999999999999998307e-03 8.746213319564545285e-01
-1.799999999999999517e-03 8.732282504381385646e-01
-1.600000000000000727e-03 8.718351694102020044e-01
-1.399999999999998468e-03 8.704420888780349808e-01
-1.199999999999999678e-03 8.690490088470301799e-01
-1.000000000000000888e-03 8.676559293225692970e-01
-7.999999999999986289e-04 8.662628503100459065e-01
-5.999999999999998390e-04 8.648697718148465885e-01
-4.000000000000010492e-04 8.634766938423587002e-01
-1.999999999999987899e-04 8.620836163979742617e-01
0.000000000000000000e+00 8.606905394870785209e-01
