0.000000000000000000e+00 9.670412201790281603e-01
2.273622298366173664e-03 9.670887937775340948e-01
7.545695803342003863e-03 9.671987679113822622e-01
1.581622051492749537e-02 9.673703382918470428e-01
2.708519643312265121e-02 9.676022576492306904e-01
4.135262355792745231e-02 9.678928545335061528e-01
5.861850188934192296e-02 9.682400574214354849e-01
7.888283142736605968e-02 9.686414281468020970e-01
1.021456121719998417e-01 9.690941927311230719e-01
1.284068441232432967e-01 9.695952832190763981e-01
1.576665272810963692e-01 9.701413791027441169e-01
1.899246616455591841e-01 9.707289514890242721e-01
2.251812472166316026e-01 9.713543084009149675e-01
2.634362839943137358e-01 9.720136402906942585e-01
3.046897719786054171e-01 9.727030648914828381e-01
3.489417111695068408e-01 9.734186696683370110e-01
3.961921015670178958e-01 9.741565562437829451e-01
4.464409431711385823e-01 9.749128745447316335e-01
4.996882359818689001e-01 9.756838604964289674e-01
5.559339799992089048e-01 9.764658669140610092e-01
6.151781752231586520e-01 9.772553901869095450e-01
6.774208216537180860e-01 9.780490964542497556e-01
7.426619192908870959e-01 9.788438374752942428e-01
8.109014681346657927e-01 9.796366678486878588e-01
8.821394681850540653e-01 9.804248550831039521e-01
9.563759194420520249e-01 9.812058894681215948e-01
1.033610821905659893e+00 9.819774852759760586e-01
1.113844175575877005e+00 9.827375831994457078e-01
1.197075980452704025e+00 9.834843468250441534e-01
1.283306236536140510e+00 9.842161616369003996e-01
1.372534943826186904e+00 9.849316241493917268e-01
1.464762102322842541e+00 9.856295346264752899e-01
1.559987712026108309e+00 9.863088900053433861e-01
1.658211772935983985e+00 9.869688684261559430e-01
1.759434285052468461e+00 9.876088208937487956e-01
1.863655248375563289e+00 9.882282570001602595e-01
1.970874662905267360e+00 9.888268319102926363e-01
2.081092528641581119e+00 9.894043363808326941e-01
2.194308845584504564e+00 9.899606800021146791e-01
2.310523613734037696e+00 9.904958826681158346e-01
2.429736833090180514e+00 9.910100602204034992e-01
2.551948503652933020e+00 9.915034135668313597e-01
2.677158625422295657e+00 9.919762185167011470e-01
2.805367198398267092e+00 9.924288149273748916e-01
2.936574222580849103e+00 9.928615975042306419e-01
3.070779697970039912e+00 9.932750070414667620e-01
3.207983624565840852e+00 9.936695224026480533e-01
3.348186002368251035e+00 9.940456531799752860e-01
3.491386831377271349e+00 9.944039331798270043e-01
3.637586111592901794e+00 9.947449143756609269e-01
3.786783843015140594e+00 9.950691616484732549e-01
3.938980025643989968e+00 9.953772480513271015e-01
4.094174659479448586e+00 9.956697506563094713e-01
4.252367744521516890e+00 9.959472468822040403e-01
4.413559280770193993e+00 9.962103113268755417e-01
4.577749268225481671e+00 9.964595130105695642e-01
4.744937706887379925e+00 9.966954130344315432e-01
4.915124596755886976e+00 9.969185625930253591e-01
5.088309937831002827e+00 9.971295013213554714e-01
5.264493730112731029e+00 9.973287559405080716e-01
5.443675973601066254e+00 9.975168391755920849e-01
5.625856668296011165e+00 9.976942489132373248e-01
5.811035814197565763e+00 9.978614675787396138e-01
5.999213411305732713e+00 9.980189617048176309e-01
6.190389459620506685e+00 9.981671816708437284e-01
6.384563959141890344e+00 9.983065615914633595e-01
6.581736909869886354e+00 9.984375193353030031e-01
6.781908311804489387e+00 9.985604566559506123e-01
6.985078164945702106e+00 9.986757594190200926e-01
7.191246469293523624e+00 9.987837979103555419e-01
7.400413224847958382e+00 9.988849272119811884e-01
7.612578431609000162e+00 9.989794876335678087e-01
7.827742089576650741e+00 9.990678051884598343e-01
8.045904198750914560e+00 9.991501921043841605e-01
8.267064759131784513e+00 9.992269473600395857e-01
8.491223770719265929e+00 9.992983572396573200e-01
8.718381233513355255e+00 9.993646958985714646e-01
8.948537147514057821e+00 9.994262259335351395e-01
9.181691512721366522e+00 9.994831989522401372e-01
9.417844329135284909e+00 9.995358561370920603e-01
9.656995596755812983e+00 9.995844287989764654e-01
9.899145315582954296e+00 9.996291389169388308e-01
1.014429348561670174e+01 9.996701996604846485e-01
1.039244010685705888e+01 9.997078158912584556e-01
1.064358517930402925e+01 9.997421846413676594e-01
1.089772870295760576e+01 9.997734955657637812e-01
1.115487067781779196e+01 9.998019313665253982e-01
1.141501110388458784e+01 9.998276681867476201e-01
1.167814998115799696e+01 9.998508759723709893e-01
1.194428730963801222e+01 9.998717188000559863e-01
1.221342308932463716e+01 9.998903551695786929e-01
1.248555732021787534e+01 9.999069382593975819e-01
1.276069000231771966e+01 9.999216161439969941e-01
1.303882113562417366e+01 9.999345319720104319e-01
1.331995072013723735e+01 9.999458241041319084e-01
1.360407875585691251e+01 9.999556262100488535e-01
1.389120524278319557e+01 9.999640673239195143e-01
1.418133018091608832e+01 9.999712718579732984e-01
1.447445357025559431e+01 9.999773595742242893e-01
1.477057541080170644e+01 9.999824455144876723e-01
1.506969570255442648e+01 9.999866398891578134e-01
1.537181444551375797e+01 9.999900479255890984e-01
1.567693163967970271e+01 9.999927696772151764e-01
1.598504728505225359e+01 9.999948997948698848e-01
1.629616138163141770e+01 9.999965272622076684e-01
1.661027392941718617e+01 9.999977350973588974e-01
1.692738492840956610e+01 9.999986000233729300e-01
1.724749437860855394e+01 9.999991921102944215e-01
1.757060228001415325e+01 9.999995743919598556e-01
1.789670863262636047e+01 9.999998024609074720e-01
1.822581343644517915e+01 9.999999240448834703e-01
1.855791669147061285e+01 9.999999785685897979e-01
1.889301839770265090e+01 9.999999967043529114e-01
1.923111855514130042e+01 9.999999999153003083e-01
1.957221716378655429e+01 1.000000000000000000e+00
1.991631422363841963e+01 1.000000000000000000e+00
2.026340973469689644e+01 1.000000000000000000e+00
2.061350369696198115e+01 1.000000000000000000e+00
2.096659611043368443e+01 1.000000000000000000e+00
2.132268697511199207e+01 1.000000000000000000e+00
2.168177629099690407e+01 1.000000000000000000e+00
2.204386405808842753e+01 1.000000000000000000e+00
2.240895027638656245e+01 1.000000000000000000e+00
2.277703494589130528e+01 1.000000000000000000e+00
2.314811806660265958e+01 1.000000000000000000e+00
2.352219963852062889e+01 1.000000000000000000e+00
2.389927966164520257e+01 1.000000000000000000e+00
2.427935813597638415e+01 1.000000000000000000e+00
2.466243506151417719e+01 1.000000000000000000e+00
2.504851043825857815e+01 1.000000000000000000e+00
2.543758426620958701e+01 1.000000000000000000e+00
2.582965654536720734e+01 1.000000000000000000e+00
2.622472727573144979e+01 1.000000000000000000e+00
2.662279645730228950e+01 1.000000000000000000e+00
2.702386409007973711e+01 1.000000000000000000e+00
2.742793017406379619e+01 1.000000000000000000e+00
2.783499470925446673e+01 1.000000000000000000e+00
2.824505769565174518e+01 1.000000000000000000e+00
2.865811913325563154e+01 1.000000000000000000e+00
2.907417902206614002e+01 1.000000000000000000e+00
2.949323736208324576e+01 1.000000000000000000e+00
2.991529415330696295e+01 1.000000000000000000e+00
3.034034939573729162e+01 1.000000000000000000e+00
3.076840308937422819e+01 1.000000000000000000e+00
3.119945523421777267e+01 1.000000000000000000e+00
3.163350583026792862e+01 1.000000000000000000e+00
3.207055487752469958e+01 1.000000000000000000e+00
3.251060237598807845e+01 1.000000000000000000e+00
3.295364832565805813e+01 1.000000000000000000e+00
3.339969272653465282e+01 1.000000000000000000e+00
3.384873557861785542e+01 1.000000000000000000e+00
3.430077688190767304e+01 1.000000000000000000e+00
3.475581663640409147e+01 1.000000000000000000e+00
3.521385484210713912e+01 1.000000000000000000e+00
3.567489149901678047e+01 1.000000000000000000e+00
3.613892660713302973e+01 1.000000000000000000e+00
3.660596016645589401e+01 1.000000000000000000e+00
3.707599217698536620e+01 1.000000000000000000e+00
3.754902263872144630e+01 1.000000000000000000e+00
3.802505155166413431e+01 1.000000000000000000e+00
3.850407891581343733e+01 1.000000000000000000e+00
3.898610473116936248e+01 1.000000000000000000e+00
3.947112899773188133e+01 1.000000000000000000e+00
3.995915171550100808e+01 1.000000000000000000e+00
4.045017288447674986e+01 1.000000000000000000e+00
4.094419250465909244e+01 1.000000000000000000e+00
4.144121057604805713e+01 1.000000000000000000e+00
4.194122709864362264e+01 1.000000000000000000e+00
4.244424207244581027e+01 1.000000000000000000e+00
4.295025549745459870e+01 1.000000000000000000e+00
4.345926737366999504e+01 1.000000000000000000e+00
4.397127770109199929e+01 1.000000000000000000e+00
4.448628647972061856e+01 1.000000000000000000e+00
4.500429370955584574e+01 1.000000000000000000e+00
4.552529939059768083e+01 1.000000000000000000e+00
4.604930352284613804e+01 1.000000000000000000e+00
4.657630610630118895e+01 1.000000000000000000e+00
4.710630714096285487e+01 1.000000000000000000e+00
4.763930662683112871e+01 1.000000000000000000e+00
4.817530456390601046e+01 1.000000000000000000e+00
4.871430095218750722e+01 1.000000000000000000e+00
4.925629579167561189e+01 1.000000000000000000e+00
4.980128908237033158e+01 1.000000000000000000e+00
5.034928082427165918e+01 1.000000000000000000e+00
5.090027101737958759e+01 1.000000000000000000e+00
5.145425966169413101e+01 1.000000000000000000e+00
5.201124675721528234e+01 1.000000000000000000e+00
5.257123230394304159e+01 1.000000000000000000e+00
5.313421630187741584e+01 1.000000000000000000e+00
5.370019875101840512e+01 1.000000000000000000e+00
5.426917965136599520e+01 1.000000000000000000e+00
5.484115900292019319e+01 1.000000000000000000e+00
5.541613680568100619e+01 1.000000000000000000e+00
5.599411305964842711e+01 1.000000000000000000e+00
5.657508776482245594e+01 1.000000000000000000e+00
5.715906092120309268e+01 1.000000000000000000e+00
5.774603252879035153e+01 1.000000000000000000e+00
5.833600258758421120e+01 1.000000000000000000e+00
5.892897109758467877e+01 1.000000000000000000e+00
5.952493805879175426e+01 1.000000000000000000e+00
6.012390347120543765e+01 1.000000000000000000e+00
6.072586733482573607e+01 1.000000000000000000e+00
6.133082964965264239e+01 1.000000000000000000e+00
6.193879041568617083e+01 1.000000000000000000e+00
6.254974963292629297e+01 1.000000000000000000e+00
6.316370730137303013e+01 1.000000000000000000e+00
6.378066342102637520e+01 1.000000000000000000e+00
6.440061799188634950e+01 1.000000000000000000e+00
6.502357101395290329e+01 1.000000000000000000e+00
6.564952248722607919e+01 1.000000000000000000e+00
6.627847241170586301e+01 1.000000000000000000e+00
6.691042078739225474e+01 1.000000000000000000e+00
6.754536761428525438e+01 1.000000000000000000e+00
6.818331289238486193e+01 1.000000000000000000e+00
6.882425662169109160e+01 1.000000000000000000e+00
6.946819880220391497e+01 1.000000000000000000e+00
7.011513943392336046e+01 1.000000000000000000e+00
7.076507851684941386e+01 1.000000000000000000e+00
7.141801605098207517e+01 1.000000000000000000e+00
7.207395203632134439e+01 1.000000000000000000e+00
7.273288647286722153e+01 1.000000000000000000e+00
7.339481936061973499e+01 1.000000000000000000e+00
7.405975069957884216e+01 1.000000000000000000e+00
7.472768048974454302e+01 1.000000000000000000e+00
7.539860873111686601e+01 1.000000000000000000e+00
7.607253542369579691e+01 1.000000000000000000e+00
7.674946056748133572e+01 1.000000000000000000e+00
7.742938416247348243e+01 1.000000000000000000e+00
7.811230620867223706e+01 1.000000000000000000e+00
7.879822670607759960e+01 1.000000000000000000e+00
7.948714565468957005e+01 1.000000000000000000e+00
8.017906305450816262e+01 1.000000000000000000e+00
8.087397890553336310e+01 1.000000000000000000e+00
8.157189320776515729e+01 1.000000000000000000e+00
8.227280596120357359e+01 1.000000000000000000e+00
8.297671716584862622e+01 1.000000000000000000e+00
8.368362682170027256e+01 1.000000000000000000e+00
8.439353492875851259e+01 1.000000000000000000e+00
8.510644148702336054e+01 1.000000000000000000e+00
8.582234649649483060e+01 1.000000000000000000e+00
8.654124995717289437e+01 1.000000000000000000e+00
8.726315186905758026e+01 1.000000000000000000e+00
8.798805223214887405e+01 1.000000000000000000e+00
8.871595104644677576e+01 1.000000000000000000e+00
8.944684831195128538e+01 1.000000000000000000e+00
9.018074402866240291e+01 1.000000000000000000e+00
9.091763819658012835e+01 1.000000000000000000e+00
9.165753081570447591e+01 1.000000000000000000e+00
9.240042188603541717e+01 1.000000000000000000e+00
9.314631140757302319e+01 1.000000000000000000e+00
9.389519938031718027e+01 1.000000000000000000e+00
9.464708580426795947e+01 1.000000000000000000e+00
9.540197067942534659e+01 1.000000000000000000e+00
9.615985400578935582e+01 1.000000000000000000e+00
9.692073578335995876e+01 1.000000000000000000e+00
9.768461601213716961e+01 1.000000000000000000e+00
9.845149469212100257e+01 1.000000000000000000e+00
9.922137182331144345e+01 1.000000000000000000e+00
9.999424740570847803e+01 1.000000000000000000e+00
1.007701214393121347e+02 1.000000000000000000e+00
1.015489939241223993e+02 1.000000000000000000e+00
1.023308648601392861e+02 1.000000000000000000e+00
1.031157342473627665e+02 1.000000000000000000e+00
1.039036020857928548e+02 1.000000000000000000e+00
1.046944683754295937e+02 1.000000000000000000e+00
1.054883331162729121e+02 1.000000000000000000e+00
1.062851963083228384e+02 1.000000000000000000e+00
1.070850579515793726e+02 1.000000000000000000e+00
1.078879180460425147e+02 1.000000000000000000e+00
1.086937765917122647e+02 1.000000000000000000e+00
1.095026335885886226e+02 1.000000000000000000e+00
1.103144890366716027e+02 1.000000000000000000e+00
1.111293429359611764e+02 1.000000000000000000e+00
1.119471952864573723e+02 1.000000000000000000e+00
1.127680460881601618e+02 1.000000000000000000e+00
1.135918953410695735e+02 1.000000000000000000e+00
1.144187430451855931e+02 1.000000000000000000e+00
1.152485892005082206e+02 1.000000000000000000e+00
1.160814338070374987e+02 1.000000000000000000e+00
1.169172768647733562e+02 1.000000000000000000e+00
1.177561183737158075e+02 1.000000000000000000e+00
1.185979583338648808e+02 1.000000000000000000e+00
1.194427967452205621e+02 1.000000000000000000e+00
1.202906336077828513e+02 1.000000000000000000e+00
1.211414689215517342e+02 1.000000000000000000e+00
1.219953026865272534e+02 1.000000000000000000e+00
1.228521349027093663e+02 1.000000000000000000e+00
1.237119655700980871e+02 1.000000000000000000e+00
1.245747946886934301e+02 1.000000000000000000e+00
1.254406222584953667e+02 1.000000000000000000e+00
1.263094482795039255e+02 1.000000000000000000e+00
1.271812727517190922e+02 1.000000000000000000e+00
1.280560956751409094e+02 1.000000000000000000e+00
1.289339170497692919e+02 1.000000000000000000e+00
1.298147368756042681e+02 1.000000000000000000e+00
1.306985551526458949e+02 1.000000000000000000e+00
1.315853718808940869e+02 1.000000000000000000e+00
1.324751870603489294e+02 1.000000000000000000e+00
1.333680006910103373e+02 1.000000000000000000e+00
1.342638127728783957e+02 1.000000000000000000e+00
1.351626233059530477e+02 1.000000000000000000e+00
1.360644322902342935e+02 1.000000000000000000e+00
1.369692397257221614e+02 1.000000000000000000e+00
1.378770456124166515e+02 1.000000000000000000e+00
1.387878499503177352e+02 1.000000000000000000e+00
1.397016527394254410e+02 1.000000000000000000e+00
1.406184539797397974e+02 1.000000000000000000e+00
1.415382536712607191e+02 1.000000000000000000e+00
1.424610518139882345e+02 1.000000000000000000e+00
1.433868484079223720e+02 1.000000000000000000e+00
1.443156434530631316e+02 1.000000000000000000e+00
1.452474369494104849e+02 1.000000000000000000e+00
1.461822288969644603e+02 1.000000000000000000e+00
1.471200192957250295e+02 1.000000000000000000e+00
1.480608081456922207e+02 1.000000000000000000e+00
1.490045954468660057e+02 1.000000000000000000e+00
1.499513811992464127e+02 1.000000000000000000e+00
1.509011654028334419e+02 1.000000000000000000e+00
1.518539480576270648e+02 1.000000000000000000e+00
1.528097291636272814e+02 1.000000000000000000e+00
1.537685087208341486e+02 1.000000000000000000e+00
1.547302867292476378e+02 1.000000000000000000e+00
1.556950631888676924e+02 1.000000000000000000e+00
1.566628380996943690e+02 1.000000000000000000e+00
1.576336114617276678e+02 1.000000000000000000e+00
1.586073832749675603e+02 1.000000000000000000e+00
1.595841535394140465e+02 1.000000000000000000e+00
1.605639222550671548e+02 1.000000000000000000e+00
1.615466894219268852e+02 1.000000000000000000e+00
1.625324550399932093e+02 1.000000000000000000e+00
1.635212191092661556e+02 1.000000000000000000e+00
1.645129816297456955e+02 1.000000000000000000e+00
1.655077426014318576e+02 1.000000000000000000e+00
1.665055020243246418e+02 1.000000000000000000e+00
1.675062598984240196e+02 1.000000000000000000e+00
1.685100162237300481e+02 1.000000000000000000e+00
1.695167710002426418e+02 1.000000000000000000e+00
1.705265242279618576e+02 1.000000000000000000e+00
1.715392759068876671e+02 1.000000000000000000e+00
1.725550260370200988e+02 1.000000000000000000e+00
1.735737746183591526e+02 1.000000000000000000e+00
1.745955216509048000e+02 1.000000000000000000e+00
1.756202671346570412e+02 1.000000000000000000e+00
1.766480110696159045e+02 1.000000000000000000e+00
1.776787534557813899e+02 1.000000000000000000e+00
1.787124942931534690e+02 1.000000000000000000e+00
1.797492335817321703e+02 1.000000000000000000e+00
1.807889713215174652e+02 1.000000000000000000e+00
1.818317075125093822e+02 1.000000000000000000e+00
1.828774421547079498e+02 1.000000000000000000e+00
1.839261752481130827e+02 1.000000000000000000e+00
1.849779067927248377e+02 1.000000000000000000e+00
1.860326367885431864e+02 1.000000000000000000e+00
1.870903652355681572e+02 1.000000000000000000e+00
1.881510921337997218e+02 1.000000000000000000e+00
1.892148174832379084e+02 1.000000000000000000e+00
1.902815412838826887e+02 1.000000000000000000e+00
1.913512635357340912e+02 1.000000000000000000e+00
1.924239842387921158e+02 1.000000000000000000e+00
1.934997033930567341e+02 1.000000000000000000e+00
1.945784209985279460e+02 1.000000000000000000e+00
1.956601370552058086e+02 1.000000000000000000e+00
1.967448515630902364e+02 1.000000000000000000e+00
1.978325645221813716e+02 1.000000000000000000e+00
1.989232759324790152e+02 1.000000000000000000e+00
2.000169857939833093e+02 1.000000000000000000e+00
2.011136941066941972e+02 1.000000000000000000e+00
2.022134008706116788e+02 1.000000000000000000e+00
2.033161060857358109e+02 1.000000000000000000e+00
2.044218097520665083e+02 1.000000000000000000e+00
2.055305118696038562e+02 1.000000000000000000e+00
2.066422124383477694e+02 1.000000000000000000e+00
2.077569114582983332e+02 1.000000000000000000e+00
2.088746089294554906e+02 1.000000000000000000e+00
2.099953048518192418e+02 1.000000000000000000e+00
2.111189992253896150e+02 1.000000000000000000e+00
2.122456920501666104e+02 1.000000000000000000e+00
2.133753833261502564e+02 1.000000000000000000e+00
2.145080730533404676e+02 1.000000000000000000e+00
2.156437612317372725e+02 1.000000000000000000e+00
2.167824478613406995e+02 1.000000000000000000e+00
2.179241329421507203e+02 1.000000000000000000e+00
2.190688164741673631e+02 1.000000000000000000e+00
2.202164984573906281e+02 1.000000000000000000e+00
2.213671788918204868e+02 1.000000000000000000e+00
2.225208577774569392e+02 1.000000000000000000e+00
2.236775351143000421e+02 1.000000000000000000e+00
2.248372109023497387e+02 1.000000000000000000e+00
2.259998851416060290e+02 1.000000000000000000e+00
2.271655578320689415e+02 1.000000000000000000e+00
2.283342289737384476e+02 1.000000000000000000e+00
2.295058985666145759e+02 1.000000000000000000e+00
2.306805666106973831e+02 1.000000000000000000e+00
2.318582331059867272e+02 1.000000000000000000e+00
2.330388980524826934e+02 1.000000000000000000e+00
2.342225614501852533e+02 1.000000000000000000e+00
2.354092232990944353e+02 1.000000000000000000e+00
2.365988835992102111e+02 1.000000000000000000e+00
2.377915423505326089e+02 1.000000000000000000e+00
2.389871995530616289e+02 1.000000000000000000e+00
2.401858552067972425e+02 1.000000000000000000e+00
2.413875093117394499e+02 1.000000000000000000e+00
2.425921618678883078e+02 1.000000000000000000e+00
2.437998128752437310e+02 1.000000000000000000e+00
2.450104623338058047e+02 1.000000000000000000e+00
2.462241102435744722e+02 1.000000000000000000e+00
2.474407566045497902e+02 1.000000000000000000e+00
2.486604014167316734e+02 1.000000000000000000e+00
2.498830446801201788e+02 1.000000000000000000e+00
2.511086863947152779e+02 1.000000000000000000e+00
2.523373265605169991e+02 1.000000000000000000e+00
2.535689651775253139e+02 1.000000000000000000e+00
2.548036022457402510e+02 1.000000000000000000e+00
2.560412377651618385e+02 1.000000000000000000e+00
2.572818717357900482e+02 1.000000000000000000e+00
2.585255041576248232e+02 1.000000000000000000e+00
2.597721350306662202e+02 1.000000000000000000e+00
2.610217643549141826e+02 1.000000000000000000e+00
2.622743921303687671e+02 1.000000000000000000e+00
2.635300183570299737e+02 1.000000000000000000e+00
2.647886430348978024e+02 1.000000000000000000e+00
2.660502661639721964e+02 1.000000000000000000e+00
2.673148877442532125e+02 1.000000000000000000e+00
2.685825077757408508e+02 1.000000000000000000e+00
2.698531262584351111e+02 1.000000000000000000e+00
2.711267431923359936e+02 1.000000000000000000e+00
2.724033585774434414e+02 1.000000000000000000e+00
2.736829724137575113e+02 1.000000000000000000e+00
2.749655847012782033e+02 1.000000000000000000e+00
2.762511954400055174e+02 1.000000000000000000e+00
2.775398046299393968e+02 1.000000000000000000e+00
2.788314122710799552e+02 1.000000000000000000e+00
2.801260183634270788e+02 1.000000000000000000e+00
2.814236229069807678e+02 1.000000000000000000e+00
2.827242259017411357e+02 1.000000000000000000e+00
2.840278273477080688e+02 1.000000000000000000e+00
2.853344272448816241e+02 1.000000000000000000e+00
2.866440255932618015e+02 1.000000000000000000e+00
2.879566223928486011e+02 1.000000000000000000e+00
2.892722176436420227e+02 1.000000000000000000e+00
2.905908113456420097e+02 1.000000000000000000e+00
2.919124034988487324e+02 1.000000000000000000e+00
2.932369941032619636e+02 1.000000000000000000e+00
2.945645831588817600e+02 1.000000000000000000e+00
2.958951706657082354e+02 1.000000000000000000e+00
2.972287566237412761e+02 1.000000000000000000e+00
2.985653410329809390e+02 1.000000000000000000e+00
2.999049238934272239e+02 1.000000000000000000e+00
3.012475052050800741e+02 1.000000000000000000e+00
3.025930849679396033e+02 1.000000000000000000e+00
3.039416631820056978e+02 1.000000000000000000e+00
3.052932398472783575e+02 1.000000000000000000e+00
3.066478149637576962e+02 1.000000000000000000e+00
3.080053885314436570e+02 1.000000000000000000e+00
3.093659605503361831e+02 1.000000000000000000e+00
3.107295310204353314e+02 1.000000000000000000e+00
3.120960999417410449e+02 1.000000000000000000e+00
3.134656673142534373e+02 1.000000000000000000e+00
3.148382331379723951e+02 1.000000000000000000e+00
3.162137974128979749e+02 1.000000000000000000e+00
3.175923601390301769e+02 1.000000000000000000e+00
3.189739213163690010e+02 1.000000000000000000e+00
3.203584809449143904e+02 1.000000000000000000e+00
3.217460390246664588e+02 1.000000000000000000e+00
3.231365955556250924e+02 1.000000000000000000e+00
3.245301505377902913e+02 1.000000000000000000e+00
3.259267039711621692e+02 1.000000000000000000e+00
3.273262558557406123e+02 1.000000000000000000e+00
3.287288061915256776e+02 1.000000000000000000e+00
3.301343549785173650e+02 1.000000000000000000e+00
3.315429022167157882e+02 1.000000000000000000e+00
3.329544479061207198e+02 1.000000000000000000e+00
3.343689920467322167e+02 1.000000000000000000e+00
3.357865346385503358e+02 1.000000000000000000e+00
3.372070756815750769e+02 1.000000000000000000e+00
3.386306151758063834e+02 1.000000000000000000e+00
3.400571531212443688e+02 1.000000000000000000e+00
3.414866895178889195e+02 1.000000000000000000e+00
3.429192243657400923e+02 1.000000000000000000e+00
3.443547576647978872e+02 1.000000000000000000e+00
3.457932894150622474e+02 1.000000000000000000e+00
3.472348196165332297e+02 1.000000000000000000e+00
3.486793482692108341e+02 1.000000000000000000e+00
3.501268753730950607e+02 1.000000000000000000e+00
3.515774009281859094e+02 1.000000000000000000e+00
3.530309249344833233e+02 1.000000000000000000e+00
3.544874473919874163e+02 1.000000000000000000e+00
3.559469683006980176e+02 1.000000000000000000e+00
3.574094876606152980e+02 1.000000000000000000e+00
3.588750054717392004e+02 1.000000000000000000e+00
3.603435217340696681e+02 1.000000000000000000e+00
3.618150364476067580e+02 1.000000000000000000e+00
3.632895496123504699e+02 1.000000000000000000e+00
3.647670612283008040e+02 1.000000000000000000e+00
3.662475712954577034e+02 1.000000000000000000e+00
3.677310798138212249e+02 1.000000000000000000e+00
3.692175867833913685e+02 1.000000000000000000e+00
3.707070922041681342e+02 1.000000000000000000e+00
3.721995960761516358e+02 1.000000000000000000e+00
3.736950983993415889e+02 1.000000000000000000e+00
3.751935991737381642e+02 1.000000000000000000e+00
3.766950983993413615e+02 1.000000000000000000e+00
3.781995960761511810e+02 1.000000000000000000e+00
3.797070922041675658e+02 1.000000000000000000e+00
3.812175867833906295e+02 1.000000000000000000e+00
3.827310798138202586e+02 1.000000000000000000e+00
3.842475712954564528e+02 1.000000000000000000e+00
3.857670612282993261e+02 1.000000000000000000e+00
3.872895496123487646e+02 1.000000000000000000e+00
3.888150364476048253e+02 1.000000000000000000e+00
3.903435217340675081e+02 1.000000000000000000e+00
3.918750054717368130e+02 1.000000000000000000e+00
3.934094876606127400e+02 1.000000000000000000e+00
3.949469683006952323e+02 1.000000000000000000e+00
3.964874473919843467e+02 1.000000000000000000e+00
3.980309249344800833e+02 1.000000000000000000e+00
3.995774009281823851e+02 1.000000000000000000e+00
4.011268753730913659e+02 1.000000000000000000e+00
4.026793482692069119e+02 1.000000000000000000e+00
4.042348196165290801e+02 1.000000000000000000e+00
4.057932894150578136e+02 1.000000000000000000e+00
4.073547576647932260e+02 1.000000000000000000e+00
4.089192243657352037e+02 1.000000000000000000e+00
4.104866895178838035e+02 1.000000000000000000e+00
4.120571531212390255e+02 1.000000000000000000e+00
4.136306151758008696e+02 1.000000000000000000e+00
4.152070756815692789e+02 1.000000000000000000e+00
4.167865346385444809e+02 1.000000000000000000e+00
4.183689920467261345e+02 1.000000000000000000e+00
4.199544479061144102e+02 1.000000000000000000e+00
4.215429022167092512e+02 1.000000000000000000e+00
4.231343549785107143e+02 1.000000000000000000e+00
4.247288061915187996e+02 1.000000000000000000e+00
4.263262558557335069e+02 1.000000000000000000e+00
4.279267039711548364e+02 1.000000000000000000e+00
4.295301505377827311e+02 1.000000000000000000e+00
4.311365955556173049e+02 1.000000000000000000e+00
4.327460390246584439e+02 1.000000000000000000e+00
4.343584809449061481e+02 1.000000000000000000e+00
4.359739213163605314e+02 1.000000000000000000e+00
4.375923601390214799e+02 1.000000000000000000e+00
4.392137974128890505e+02 1.000000000000000000e+00
4.408382331379632433e+02 1.000000000000000000e+00
4.424656673142440582e+02 1.000000000000000000e+00
4.440960999417314383e+02 1.000000000000000000e+00
4.457295310204254974e+02 1.000000000000000000e+00
4.473659605503261218e+02 1.000000000000000000e+00
4.490053885314333115e+02 1.000000000000000000e+00
4.506478149637471802e+02 1.000000000000000000e+00
4.522932398472676141e+02 1.000000000000000000e+00
4.539416631819946701e+02 1.000000000000000000e+00
4.555930849679283483e+02 1.000000000000000000e+00
4.572475052050686486e+02 1.000000000000000000e+00
4.589049238934155710e+02 1.000000000000000000e+00
4.605653410329690587e+02 1.000000000000000000e+00
4.622287566237293390e+02 1.000000000000000000e+00
4.638951706656960141e+02 1.000000000000000000e+00
4.655645831588693682e+02 1.000000000000000000e+00
4.672369941032492875e+02 1.000000000000000000e+00
4.689124034988358858e+02 1.000000000000000000e+00
4.705908113456289925e+02 1.000000000000000000e+00
4.722722176436287782e+02 1.000000000000000000e+00
4.739566223928351860e+02 1.000000000000000000e+00
4.756440255932481591e+02 1.000000000000000000e+00
4.773344272448677543e+02 1.000000000000000000e+00
4.790278273476939717e+02 1.000000000000000000e+00
4.807242259017267543e+02 1.000000000000000000e+00
4.824236229069662159e+02 1.000000000000000000e+00
4.841260183634122427e+02 1.000000000000000000e+00
4.858314122710648917e+02 1.000000000000000000e+00
4.875398046299241628e+02 1.000000000000000000e+00
4.892511954399899992e+02 1.000000000000000000e+00
4.909655847012625145e+02 1.000000000000000000e+00
4.926829724137415951e+02 1.000000000000000000e+00
4.944033585774272979e+02 1.000000000000000000e+00
4.961267431923195659e+02 1.000000000000000000e+00
4.978531262584185129e+02 1.000000000000000000e+00
4.995825077757240251e+02 1.000000000000000000e+00
5.013148877442361595e+02 1.000000000000000000e+00
5.030502661639549160e+02 1.000000000000000000e+00
5.047886430348802378e+02 1.000000000000000000e+00
5.065300183570122385e+02 1.000000000000000000e+00
5.082743921303508046e+02 1.000000000000000000e+00
5.100217643548959927e+02 1.000000000000000000e+00
5.117721350306479167e+02 1.000000000000000000e+00
5.135255041576062922e+02 1.000000000000000000e+00
5.152818717357713467e+02 1.000000000000000000e+00
5.170412377651429097e+02 1.000000000000000000e+00
5.188036022457212084e+02 1.000000000000000000e+00
5.205689651775060156e+02 1.000000000000000000e+00
5.223373265604974449e+02 1.000000000000000000e+00
5.241086863946954963e+02 1.000000000000000000e+00
5.258830446801001699e+02 1.000000000000000000e+00
5.276604014167114656e+02 1.000000000000000000e+00
5.294407566045293834e+02 1.000000000000000000e+00
5.312241102435538096e+02 1.000000000000000000e+00
5.330104623337849716e+02 1.000000000000000000e+00
5.347998128752226421e+02 1.000000000000000000e+00
5.365921618678670484e+02 1.000000000000000000e+00
5.383875093117179631e+02 1.000000000000000000e+00
5.401858552067754999e+02 1.000000000000000000e+00
5.419871995530396589e+02 1.000000000000000000e+00
5.437915423505104400e+02 1.000000000000000000e+00
5.455988835991878432e+02 1.000000000000000000e+00
5.474092232990717548e+02 1.000000000000000000e+00
5.492225614501624023e+02 1.000000000000000000e+00
5.510388980524595581e+02 1.000000000000000000e+00
5.528582331059634498e+02 1.000000000000000000e+00
5.546805666106738499e+02 1.000000000000000000e+00
5.565058985665908722e+02 1.000000000000000000e+00
5.583342289737145165e+02 1.000000000000000000e+00
5.601655578320447830e+02 1.000000000000000000e+00
5.619998851415817853e+02 1.000000000000000000e+00
5.638372109023252960e+02 1.000000000000000000e+00
5.656775351142753152e+02 1.000000000000000000e+00
5.675208577774320702e+02 1.000000000000000000e+00
5.693671788917953336e+02 1.000000000000000000e+00
5.712164984573652191e+02 1.000000000000000000e+00
5.730688164741417268e+02 1.000000000000000000e+00
5.749241329421248565e+02 1.000000000000000000e+00
5.767824478613146084e+02 1.000000000000000000e+00
5.786437612317109824e+02 1.000000000000000000e+00
5.805080730533139786e+02 1.000000000000000000e+00
5.823753833261234831e+02 1.000000000000000000e+00
5.842456920501397235e+02 1.000000000000000000e+00
5.861189992253624723e+02 1.000000000000000000e+00
5.879953048517918432e+02 1.000000000000000000e+00
5.898746089294278363e+02 1.000000000000000000e+00
5.917569114582704515e+02 1.000000000000000000e+00
5.936422124383196888e+02 1.000000000000000000e+00
5.955305118695755482e+02 1.000000000000000000e+00
5.974218097520380297e+02 1.000000000000000000e+00
5.993161060857070197e+02 1.000000000000000000e+00
6.012134008705827455e+02 1.000000000000000000e+00
6.031136941066649797e+02 1.000000000000000000e+00
6.050169857939538360e+02 1.000000000000000000e+00
6.069232759324493145e+02 1.000000000000000000e+00
6.088325645221514151e+02 1.000000000000000000e+00
6.107448515630601378e+02 1.000000000000000000e+00
6.126601370551754826e+02 1.000000000000000000e+00
6.145784209984974495e+02 1.000000000000000000e+00
6.164997033930261523e+02 1.000000000000000000e+00
6.184239842387612498e+02 1.000000000000000000e+00
6.203512635357030831e+02 1.000000000000000000e+00
6.222815412838514249e+02 1.000000000000000000e+00
6.242148174832063887e+02 1.000000000000000000e+00
6.261510921337679747e+02 1.000000000000000000e+00
6.280903652355361828e+02 1.000000000000000000e+00
6.300326367885110130e+02 1.000000000000000000e+00
6.319779067926924654e+02 1.000000000000000000e+00
6.339261752480804262e+02 1.000000000000000000e+00
6.358774421546751228e+02 1.000000000000000000e+00
6.378317075124763278e+02 1.000000000000000000e+00
6.397889713214841549e+02 1.000000000000000000e+00
6.417492335816987179e+02 1.000000000000000000e+00
6.437124942931197893e+02 1.000000000000000000e+00
6.456787534557474828e+02 1.000000000000000000e+00
6.476480110695816848e+02 1.000000000000000000e+00
6.496202671346226225e+02 1.000000000000000000e+00
6.515955216508701824e+02 1.000000000000000000e+00
6.535737746183242507e+02 1.000000000000000000e+00
6.555550260369850548e+02 1.000000000000000000e+00
6.575392759068523674e+02 1.000000000000000000e+00
6.595265242279263020e+02 1.000000000000000000e+00
6.615167710002068588e+02 1.000000000000000000e+00
6.635100162236940378e+02 1.000000000000000000e+00
6.655062598983878388e+02 1.000000000000000000e+00
6.675055020242882620e+02 1.000000000000000000e+00
6.695077426013951936e+02 1.000000000000000000e+00
6.715129816297089747e+02 1.000000000000000000e+00
6.735212191092292642e+02 1.000000000000000000e+00
6.755324550399560621e+02 1.000000000000000000e+00
6.775466894218894822e+02 1.000000000000000000e+00
6.795639222550295244e+02 1.000000000000000000e+00
6.815841535393761887e+02 1.000000000000000000e+00
6.836073832749294752e+02 1.000000000000000000e+00
6.856336114616893838e+02 1.000000000000000000e+00
6.876628380996559144e+02 1.000000000000000000e+00
6.896950631888289536e+02 1.000000000000000000e+00
6.917302867292086148e+02 1.000000000000000000e+00
6.937685087207950119e+02 1.000000000000000000e+00
6.958097291635879174e+02 1.000000000000000000e+00
6.978539480575874450e+02 1.000000000000000000e+00
6.999011654027935947e+02 1.000000000000000000e+00
7.019513811992063665e+02 1.000000000000000000e+00
7.040045954468257605e+02 1.000000000000000000e+00
7.060608081456516629e+02 1.000000000000000000e+00
7.081200192956843011e+02 1.000000000000000000e+00
7.101822288969234478e+02 1.000000000000000000e+00
7.122474369493693303e+02 1.000000000000000000e+00
7.143156434530217211e+02 1.000000000000000000e+00
7.163868484078807342e+02 1.000000000000000000e+00
7.184610518139463693e+02 1.000000000000000000e+00
7.205382536712186266e+02 1.000000000000000000e+00
7.226184539796975059e+02 1.000000000000000000e+00
7.247016527393828937e+02 1.000000000000000000e+00
7.267878499502750174e+02 1.000000000000000000e+00
7.288770456123738768e+02 1.000000000000000000e+00
7.309692397256791310e+02 1.000000000000000000e+00
7.330644322901910073e+02 1.000000000000000000e+00
7.351626233059096194e+02 1.000000000000000000e+00
7.372638127728347399e+02 1.000000000000000000e+00
7.393680006909663689e+02 1.000000000000000000e+00
7.414751870603047337e+02 1.000000000000000000e+00
7.435853718808497206e+02 1.000000000000000000e+00
7.456985551526012159e+02 1.000000000000000000e+00
7.478147368755594471e+02 1.000000000000000000e+00
7.499339170497241867e+02 1.000000000000000000e+00
7.520560956750956620e+02 1.000000000000000000e+00
7.541812727516736459e+02 1.000000000000000000e+00
7.563094482794582518e+02 1.000000000000000000e+00
7.584406222584494799e+02 1.000000000000000000e+00
7.605747946886472164e+02 1.000000000000000000e+00
7.627119655700516887e+02 1.000000000000000000e+00
7.648521349026627831e+02 1.000000000000000000e+00
7.669953026864803860e+02 1.000000000000000000e+00
7.691414689215046110e+02 1.000000000000000000e+00
7.712906336077355718e+02 1.000000000000000000e+00
7.734427967451730410e+02 1.000000000000000000e+00
7.755979583338171324e+02 1.000000000000000000e+00
7.777561183736678458e+02 1.000000000000000000e+00
7.799172768647251814e+02 1.000000000000000000e+00
7.820814338069890255e+02 1.000000000000000000e+00
7.842485892004596053e+02 1.000000000000000000e+00
7.864187430451366936e+02 1.000000000000000000e+00
7.885918953410205177e+02 1.000000000000000000e+00
7.907680460881110776e+02 1.000000000000000000e+00
7.929471952864080322e+02 1.000000000000000000e+00
7.951293429359116089e+02 1.000000000000000000e+00
7.973144890366218078e+02 1.000000000000000000e+00
7.995026335885386288e+02 1.000000000000000000e+00
8.016937765916619583e+02 1.000000000000000000e+00
8.038879180459920235e+02 1.000000000000000000e+00
8.060850579515285972e+02 1.000000000000000000e+00
8.082851963082719067e+02 1.000000000000000000e+00
8.104883331162217246e+02 1.000000000000000000e+00
8.126944683753781646e+02 1.000000000000000000e+00
8.149036020857412268e+02 1.000000000000000000e+00
8.171157342473109111e+02 1.000000000000000000e+00
8.193308648600872175e+02 1.000000000000000000e+00
8.215489939240701460e+02 1.000000000000000000e+00
8.237701214392595830e+02 1.000000000000000000e+00
8.259942474056557558e+02 1.000000000000000000e+00
8.282213718232584370e+02 1.000000000000000000e+00
8.304514946920678540e+02 1.000000000000000000e+00
8.326846160120837794e+02 1.000000000000000000e+00
8.349207357833063270e+02 1.000000000000000000e+00
8.371598540057354967e+02 1.000000000000000000e+00
8.394019706793712885e+02 1.000000000000000000e+00
8.416470858042135887e+02 1.000000000000000000e+00
8.438951993802626248e+02 1.000000000000000000e+00
8.461463114075182830e+02 1.000000000000000000e+00
8.484004218859804496e+02 1.000000000000000000e+00
8.506575308156492383e+02 1.000000000000000000e+00
8.529176381965248765e+02 1.000000000000000000e+00
8.551807440286069095e+02 1.000000000000000000e+00
8.574468483118955646e+02 1.000000000000000000e+00
8.597159510463908418e+02 1.000000000000000000e+00
8.619880522320927412e+02 1.000000000000000000e+00
8.642631518690012626e+02 1.000000000000000000e+00
8.665412499571162925e+02 1.000000000000000000e+00
8.688223464964380582e+02 1.000000000000000000e+00
8.711064414869663324e+02 1.000000000000000000e+00
8.733935349287012286e+02 1.000000000000000000e+00
8.756836268216427470e+02 1.000000000000000000e+00
8.779767171657908875e+02 1.000000000000000000e+00
8.802728059611456501e+02 1.000000000000000000e+00
8.825718932077070349e+02 1.000000000000000000e+00
8.848739789054749281e+02 1.000000000000000000e+00
8.871790630544495571e+02 1.000000000000000000e+00
8.894871456546306945e+02 1.000000000000000000e+00
8.917982267060185677e+02 1.000000000000000000e+00
8.941123062086129494e+02 1.000000000000000000e+00
8.964293841624139532e+02 1.000000000000000000e+00
8.987494605674215791e+02 1.000000000000000000e+00
9.010725354236358271e+02 1.000000000000000000e+00
9.033986087310566973e+02 1.000000000000000000e+00
9.057276804896840758e+02 1.000000000000000000e+00
9.080597506995181902e+02 1.000000000000000000e+00
9.103948193605588131e+02 1.000000000000000000e+00
9.127328864728061717e+02 1.000000000000000000e+00
9.150739520362600388e+02 1.000000000000000000e+00
9.174180160509205280e+02 1.000000000000000000e+00
9.197650785167878666e+02 1.000000000000000000e+00
9.221151394338616001e+02 1.000000000000000000e+00
9.244681988021419556e+02 1.000000000000000000e+00
9.268242566216288196e+02 1.000000000000000000e+00
9.291833128923224194e+02 1.000000000000000000e+00
9.315453676142225277e+02 1.000000000000000000e+00
9.339104207873293717e+02 1.000000000000000000e+00
9.362784724116427242e+02 1.000000000000000000e+00
9.386495224871626988e+02 1.000000000000000000e+00
9.410235710138892955e+02 1.000000000000000000e+00
9.434006179918225143e+02 1.000000000000000000e+00
9.457806634209623553e+02 1.000000000000000000e+00
9.481637073013087047e+02 1.000000000000000000e+00
9.505497496328617899e+02 1.000000000000000000e+00
9.529387904156213835e+02 1.000000000000000000e+00
9.553308296495877130e+02 1.000000000000000000e+00
9.577258673347605509e+02 1.000000000000000000e+00
9.601239034711400109e+02 1.000000000000000000e+00
9.625249380587260930e+02 1.000000000000000000e+00
9.649289710975187973e+02 1.000000000000000000e+00
9.673360025875181236e+02 1.000000000000000000e+00
9.697460325287240721e+02 1.000000000000000000e+00
9.721590609211365290e+02 1.000000000000000000e+00
9.745750877647557218e+02 1.000000000000000000e+00
9.769941130595814229e+02 1.000000000000000000e+00
9.794161368056137462e+02 1.000000000000000000e+00
9.818411590028528053e+02 1.000000000000000000e+00
9.842691796512983728e+02 1.000000000000000000e+00
9.867001987509506762e+02 1.000000000000000000e+00
9.891342163018094880e+02 1.000000000000000000e+00
9.915712323038749219e+02 1.000000000000000000e+00
9.940112467571469779e+02 1.000000000000000000e+00
9.964542596616255423e+02 1.000000000000000000e+00
9.989002710173108426e+02 1.000000000000000000e+00
1.001349280824202651e+03 1.000000000000000000e+00
1.003801289082301082e+03 1.000000000000000000e+00
1.006256295791606135e+03 1.000000000000000000e+00
1.008714300952117810e+03 1.000000000000000000e+00
1.011175304563836107e+03 1.000000000000000000e+00
1.013639306626761027e+03 1.000000000000000000e+00
1.016106307140892454e+03 1.000000000000000000e+00
1.018576306106230618e+03 1.000000000000000000e+00
1.021049303522775290e+03 1.000000000000000000e+00
1.023525299390526584e+03 1.000000000000000000e+00
1.026004293709484500e+03 1.000000000000000000e+00
1.028486286479649152e+03 1.000000000000000000e+00
1.030971277701020199e+03 1.000000000000000000e+00
1.033459267373598095e+03 1.000000000000000000e+00
1.035950255497382386e+03 1.000000000000000000e+00
1.038444242072373299e+03 1.000000000000000000e+00
1.040941227098571062e+03 1.000000000000000000e+00
1.043441210575975219e+03 1.000000000000000000e+00
1.045944192504585999e+03 1.000000000000000000e+00
1.048450172884403401e+03 1.000000000000000000e+00
1.050959151715427424e+03 1.000000000000000000e+00
1.053471128997658070e+03 1.000000000000000000e+00
1.055986104731095338e+03 1.000000000000000000e+00
1.058504078915739228e+03 1.000000000000000000e+00
1.061025051551589740e+03 1.000000000000000000e+00
1.063549022638646875e+03 1.000000000000000000e+00
1.066075992176910404e+03 1.000000000000000000e+00
1.068605960166380783e+03 1.000000000000000000e+00
1.071138926607057556e+03 1.000000000000000000e+00
1.073674891498941179e+03 1.000000000000000000e+00
1.076213854842031424e+03 1.000000000000000000e+00
1.078755816636328063e+03 1.000000000000000000e+00
1.081300776881831325e+03 1.000000000000000000e+00
1.083848735578541437e+03 1.000000000000000000e+00
1.086399692726457943e+03 1.000000000000000000e+00
1.088953648325581071e+03 1.000000000000000000e+00
1.091510602375910821e+03 1.000000000000000000e+00
1.094070554877447194e+03 1.000000000000000000e+00
1.096633505830190188e+03 1.000000000000000000e+00
1.099199455234139805e+03 1.000000000000000000e+00
1.101768403089296044e+03 1.000000000000000000e+00
1.104340349395658905e+03 1.000000000000000000e+00
1.106915294153228388e+03 1.000000000000000000e+00
1.109493237362004493e+03 1.000000000000000000e+00
1.112074179021987220e+03 1.000000000000000000e+00
1.114658119133176342e+03 1.000000000000000000e+00
1.117245057695572314e+03 1.000000000000000000e+00
1.119834994709174680e+03 1.000000000000000000e+00
1.122427930173983896e+03 1.000000000000000000e+00
1.125023864089999506e+03 1.000000000000000000e+00
1.127622796457221966e+03 1.000000000000000000e+00
1.130224727275650821e+03 1.000000000000000000e+00
1.132829656545286298e+03 1.000000000000000000e+00
1.135437584266128624e+03 1.000000000000000000e+00
1.138048510438177345e+03 1.000000000000000000e+00
1.140662435061432689e+03 1.000000000000000000e+00
1.143279358135894654e+03 1.000000000000000000e+00
1.145899279661563241e+03 1.000000000000000000e+00
1.148522199638438451e+03 1.000000000000000000e+00
1.151148118066520283e+03 1.000000000000000000e+00
1.153777034945808737e+03 1.000000000000000000e+00
1.156408950276303813e+03 1.000000000000000000e+00
1.159043864058005283e+03 1.000000000000000000e+00
1.161681776290913604e+03 1.000000000000000000e+00
1.164322686975028546e+03 1.000000000000000000e+00
1.166966596110350338e+03 1.000000000000000000e+00
1.169613503696878524e+03 1.000000000000000000e+00
1.172263409734613106e+03 1.000000000000000000e+00
1.174916314223554537e+03 1.000000000000000000e+00
1.177572217163702362e+03 1.000000000000000000e+00
1.180231118555056810e+03 1.000000000000000000e+00
1.182893018397618107e+03 1.000000000000000000e+00
1.185557916691385799e+03 1.000000000000000000e+00
1.188225813436360113e+03 1.000000000000000000e+00
1.190896708632541049e+03 1.000000000000000000e+00
1.193570602279928607e+03 1.000000000000000000e+00
1.196247494378522788e+03 1.000000000000000000e+00
1.198927384928323590e+03 1.000000000000000000e+00
1.201610273929331015e+03 1.000000000000000000e+00
1.204296161381545062e+03 1.000000000000000000e+00
1.206985047284965503e+03 1.000000000000000000e+00
1.209676931639592794e+03 1.000000000000000000e+00
1.212371814445426708e+03 1.000000000000000000e+00
1.215069695702467016e+03 1.000000000000000000e+00
1.217770575410714173e+03 1.000000000000000000e+00
1.220474453570167725e+03 1.000000000000000000e+00
1.223181330180828127e+03 1.000000000000000000e+00
1.225891205242694923e+03 1.000000000000000000e+00
1.228604078755768342e+03 1.000000000000000000e+00
1.231319950720048610e+03 1.000000000000000000e+00
1.234038821135535272e+03 1.000000000000000000e+00
1.236760690002228557e+03 1.000000000000000000e+00
1.239485557320128464e+03 1.000000000000000000e+00
1.242213423089234993e+03 1.000000000000000000e+00
1.244944287309548145e+03 1.000000000000000000e+00
1.247678149981067918e+03 1.000000000000000000e+00
1.250415011103794313e+03 1.000000000000000000e+00
1.253154870677727331e+03 1.000000000000000000e+00
1.255897728702866743e+03 1.000000000000000000e+00
1.258643585179213005e+03 1.000000000000000000e+00
1.261392440106765889e+03 1.000000000000000000e+00
1.264144293485525168e+03 1.000000000000000000e+00
1.266899145315491296e+03 1.000000000000000000e+00
1.269656995596663819e+03 1.000000000000000000e+00
1.272417844329043191e+03 1.000000000000000000e+00
1.275181691512628959e+03 1.000000000000000000e+00
1.277948537147421348e+03 1.000000000000000000e+00
1.280718381233420587e+03 1.000000000000000000e+00
1.283491223770626220e+03 1.000000000000000000e+00
1.286267064759038476e+03 1.000000000000000000e+00
1.289045904198657354e+03 1.000000000000000000e+00
1.291827742089482854e+03 1.000000000000000000e+00
1.294612578431514976e+03 1.000000000000000000e+00
1.297400413224753720e+03 1.000000000000000000e+00
1.300191246469199086e+03 1.000000000000000000e+00
1.302985078164851075e+03 1.000000000000000000e+00
1.305781908311709685e+03 1.000000000000000000e+00
1.308581736909774691e+03 1.000000000000000000e+00
1.311384563959046545e+03 1.000000000000000000e+00
1.314190389459525022e+03 1.000000000000000000e+00
1.316999213411209894e+03 1.000000000000000000e+00
1.319811035814101615e+03 1.000000000000000000e+00
1.322625856668200186e+03 1.000000000000000000e+00
1.325443675973505151e+03 1.000000000000000000e+00
1.328264493730016511e+03 1.000000000000000000e+00
1.331088309937734493e+03 1.000000000000000000e+00
1.333915124596659325e+03 1.000000000000000000e+00
1.336744937706790552e+03 1.000000000000000000e+00
1.339577749268128400e+03 1.000000000000000000e+00
1.342413559280672871e+03 1.000000000000000000e+00
1.345252367744423964e+03 1.000000000000000000e+00
1.348094174659381679e+03 1.000000000000000000e+00
1.350938980025546016e+03 1.000000000000000000e+00
1.353786783842916975e+03 1.000000000000000000e+00
1.356637586111494556e+03 1.000000000000000000e+00
1.359491386831278533e+03 1.000000000000000000e+00
1.362348186002269358e+03 1.000000000000000000e+00
1.365207983624466806e+03 1.000000000000000000e+00
1.368070779697870648e+03 1.000000000000000000e+00
1.370936574222481340e+03 1.000000000000000000e+00
1.373805367198298427e+03 1.000000000000000000e+00
1.376677158625322363e+03 1.000000000000000000e+00
1.379551948503552694e+03 1.000000000000000000e+00
1.382429736832989647e+03 1.000000000000000000e+00
1.385310523613633222e+03 1.000000000000000000e+00
1.388194308845483647e+03 1.000000000000000000e+00
1.391081092528540466e+03 1.000000000000000000e+00
1.393970874662803908e+03 1.000000000000000000e+00
1.396863655248273972e+03 1.000000000000000000e+00
1.399759434284950657e+03 1.000000000000000000e+00
1.402658211772833965e+03 1.000000000000000000e+00
1.405559987711923895e+03 1.000000000000000000e+00
1.408464762102220220e+03 1.000000000000000000e+00
1.411372534943723394e+03 1.000000000000000000e+00
1.414283306236433191e+03 1.000000000000000000e+00
1.417197075980349382e+03 1.000000000000000000e+00
1.420113844175472423e+03 1.000000000000000000e+00
1.423033610821801858e+03 1.000000000000000000e+00
1.425956375919338143e+03 1.000000000000000000e+00
1.428882139468080823e+03 1.000000000000000000e+00
1.431810901468030352e+03 1.000000000000000000e+00
1.434742661919186276e+03 1.000000000000000000e+00
1.437677420821548822e+03 1.000000000000000000e+00
1.440615178175117990e+03 1.000000000000000000e+00
1.443555933979894007e+03 1.000000000000000000e+00
1.446499688235876420e+03 1.000000000000000000e+00
1.449446440943065454e+03 1.000000000000000000e+00
1.452396192101461111e+03 1.000000000000000000e+00
1.455348941711063389e+03 1.000000000000000000e+00
1.458304689771872290e+03 1.000000000000000000e+00
1.461263436283887586e+03 1.000000000000000000e+00
1.464225181247109731e+03 1.000000000000000000e+00
1.467189924661538498e+03 1.000000000000000000e+00
1.470157666527173660e+03 1.000000000000000000e+00
1.473128406844015672e+03 1.000000000000000000e+00
1.476102145612064305e+03 1.000000000000000000e+00
1.479078882831319333e+03 1.000000000000000000e+00
1.482058618501780984e+03 1.000000000000000000e+00
1.485041352623449484e+03 1.000000000000000000e+00
1.488027085196325061e+03 1.000000000000000000e+00
1.491015816220406577e+03 1.000000000000000000e+00
1.494007545695694716e+03 1.000000000000000000e+00
1.497002273622189477e+03 1.000000000000000000e+00
1.499999999999890861e+03 1.000000000000000000e+00
