0.000000000000000000e+00 1.042899002660237356e-01
2.273622298366173664e-03 1.042877983381383378e-01
7.545695803342003863e-03 1.042829323669232089e-01
1.581622051492749537e-02 1.042753212922291894e-01
2.708519643312265121e-02 1.042649945993537747e-01
4.135262355792745231e-02 1.042519920232309605e-01
5.861850188934192296e-02 1.042363631545068364e-01
7.888283142736605968e-02 1.042181669246288467e-01
1.021456121719998417e-01 1.041974710759426548e-01
1.284068441232432967e-01 1.041743515034683903e-01
1.576665272810963692e-01 1.041488915508573115e-01
1.899246616455591841e-01 1.041211812571558870e-01
2.251812472166316026e-01 1.040913165664367479e-01
2.634362839943137358e-01 1.040593985115173398e-01
3.046897719786054171e-01 1.040255323801939635e-01
3.489417111695068408e-01 1.039898268657757918e-01
3.961921015670178958e-01 1.039523933934698580e-01
4.464409431711385823e-01 1.039133451176791068e-01
4.996882359818689001e-01 1.038727962559709700e-01
5.559339799992089048e-01 1.038308613630504473e-01
6.151781752231586520e-01 1.037876546795344496e-01
6.774208216537180860e-01 1.037432893084251351e-01
7.426619192908870959e-01 1.036978768636064030e-01
8.109014681346657927e-01 1.036515268006556467e-01
8.821394681850540653e-01 1.036043458920025834e-01
9.563759194420520249e-01 1.035564379923335776e-01
1.033610821905659893e+00 1.035079034362911543e-01
1.113844175575877005e+00 1.034588388584758295e-01
1.197075980452704025e+00 1.034093370237540582e-01
1.283306236536140510e+00 1.033594863107717282e-01
1.372534943826186904e+00 1.033093709195277987e-01
1.464762102322842541e+00 1.032590704209722238e-01
1.559987712026108309e+00 1.032086600139006383e-01
1.658211772935983985e+00 1.031582102060765588e-01
1.759434285052468461e+00 1.031077869029016492e-01
1.863655248375563289e+00 1.030574515296759641e-01
1.970874662905267360e+00 1.030072608783448307e-01
2.081092528641581119e+00 1.029572674341503596e-01
2.194308845584504564e+00 1.029075193124649179e-01
2.310523613734037696e+00 1.028580603185139108e-01
2.429736833090180514e+00 1.028089302563511831e-01
2.551948503652933020e+00 1.027601649511680759e-01
2.677158625422295657e+00 1.027117963804961565e-01
2.805367198398267092e+00 1.026638529003444100e-01
2.936574222580849103e+00 1.026163593503974930e-01
3.070779697970039912e+00 1.025693372361616007e-01
3.207983624565840852e+00 1.025228048835507833e-01
3.348186002368251035e+00 1.024767776080962173e-01
3.491386831377271349e+00 1.024312678654683700e-01
3.637586111592901794e+00 1.023862854178737708e-01
3.786783843015140594e+00 1.023418374832563704e-01
3.938980025643989968e+00 1.022979288877615550e-01
4.094174659479448586e+00 1.022545622100541896e-01
4.252367744521516890e+00 1.022117379231532869e-01
4.413559280770193993e+00 1.021694545281296163e-01
4.577749268225481671e+00 1.021277086844579046e-01
4.744937706887379925e+00 1.020864953330026526e-01
4.915124596755886976e+00 1.020458078140436542e-01
5.088309937831002827e+00 1.020056379789467949e-01
5.264493730112731029e+00 1.019659762962627503e-01
5.443675973601066254e+00 1.019268119521176547e-01
5.625856668296011165e+00 1.018881329450124079e-01
5.811035814197565763e+00 1.018499261754052948e-01
5.999213411305732713e+00 1.018121775301266685e-01
6.190389459620506685e+00 1.017748719619965825e-01
6.384563959141890344e+00 1.017379935648692474e-01
6.581736909869886354e+00 1.017015256443990212e-01
6.781908311804489387e+00 1.016654507848405026e-01
6.985078164945702106e+00 1.016297509121822651e-01
7.191246469293523624e+00 1.015944073539367110e-01
7.400413224847958382e+00 1.015594008959028460e-01
7.612578431609000162e+00 1.015247118362233164e-01
7.827742089576650741e+00 1.014903200370543823e-01
8.045904198750914560e+00 1.014562049741656868e-01
8.267064759131784513e+00 1.014223457847820420e-01
8.491223770719265929e+00 1.013887213139675753e-01
8.718381233513355255e+00 1.013553101598560491e-01
8.948537147514057821e+00 1.013220907180059360e-01
9.181691512721366522e+00 1.012890412251608169e-01
9.417844329135284909e+00 1.012561398026720766e-01
9.656995596755812983e+00 1.012233644998304649e-01
9.899145315582954296e+00 1.011906933373359213e-01
1.014429348561670174e+01 1.011581043511081135e-01
1.039244010685705888e+01 1.011255756366270381e-01
1.064358517930402925e+01 1.010930853939607243e-01
1.089772870295760576e+01 1.010606119736094238e-01
1.115487067781779196e+01 1.010281339232670245e-01
1.141501110388458784e+01 1.009956300355637493e-01
1.167814998115799696e+01 1.009630793968109425e-01
1.194428730963801222e+01 1.009304614367345504e-01
1.221342308932463716e+01 1.008977559791295747e-01
1.248555732021787534e+01 1.008649432933171747e-01
1.276069000231771966e+01 1.008320041462371641e-01
1.303882113562417366e+01 1.007989198549384124e-01
1.331995072013723735e+01 1.007656723391746334e-01
1.360407875585691251e+01 1.007322441737389385e-01
1.389120524278319557e+01 1.006986186401013228e-01
1.418133018091608832e+01 1.006647797768350228e-01
1.447445357025559431e+01 1.006307124282404680e-01
1.477057541080170644e+01 1.005964022904953376e-01
1.506969570255442648e+01 1.005618359545725204e-01
1.537181444551375797e+01 1.005270009450866947e-01
1.567693163967970271e+01 1.004918857541476362e-01
1.598504728505225359e+01 1.004564798692110378e-01
1.629616138163141770e+01 1.004207737938421635e-01
1.661027392941718617e+01 1.003847590602283679e-01
1.692738492840956610e+01 1.003484282322037735e-01
1.724749437860855394e+01 1.003117748974847040e-01
1.757060228001415325e+01 1.002747936477523250e-01
1.789670863262636047e+01 1.002374800451679981e-01
1.822581343644517915e+01 1.001998305738607264e-01
1.855791669147061285e+01 1.001618425748934532e-01
1.889301839770265090e+01 1.001235141631770936e-01
1.923111855514130042e+01 1.000848441247907811e-01
1.957221716378655429e+01 1.000458317931379876e-01
1.991631422363841963e+01 1.000064769023598921e-01
2.026340973469689644e+01 9.996677941641100851e-02
2.061350369696198115e+01 9.992673935377913153e-02
2.096659611043368443e+01 9.988635673370550860e-02
2.132268697511199207e+01 9.984563157602413530e-02
2.168177629099690407e+01 9.980456390117378729e-02
2.204386405808842753e+01 9.976315373020781807e-02
2.240895027638656245e+01 9.972140108480613552e-02
2.277703494589130528e+01 9.967930598728609592e-02
2.314811806660265958e+01 9.963686846061385605e-02
2.352219963852062889e+01 9.959408852841568349e-02
2.389927966164520257e+01 9.955096621498939202e-02
2.427935813597638415e+01 9.950750154531642910e-02
2.466243506151417719e+01 9.946369454507250629e-02
2.504851043825857815e+01 9.941954524064053333e-02
2.543758426620958701e+01 9.937505365912156774e-02
2.582965654536720734e+01 9.933021982834709662e-02
2.622472727573144979e+01 9.928504377689112426e-02
2.662279645730228950e+01 9.923952553408227351e-02
2.702386409007973711e+01 9.919366513001558194e-02
2.742793017406379619e+01 9.914746259556543595e-02
2.783499470925446673e+01 9.910091796239743622e-02
2.824505769565174518e+01 9.905403126298124861e-02
2.865811913325563154e+01 9.900680253060270553e-02
2.907417902206614002e+01 9.895923179937711478e-02
2.949323736208324576e+01 9.891131910426115281e-02
2.991529415330696295e+01 9.886306448106645106e-02
3.034034939573729162e+01 9.881446796647229414e-02
3.076840308937422819e+01 9.876552959803816534e-02
3.119945523421777267e+01 9.871624941421765220e-02
3.163350583026792862e+01 9.866662745437076998e-02
3.207055487752469958e+01 9.861666375877821411e-02
3.251060237598807845e+01 9.856635836865343392e-02
3.295364832565805813e+01 9.851571132615755122e-02
3.339969272653465282e+01 9.846472267441157278e-02
3.384873557861785542e+01 9.841339245751103137e-02
3.430077688190767304e+01 9.836172072053889215e-02
3.475581663640409147e+01 9.830970750957998550e-02
3.521385484210713912e+01 9.825735287173457955e-02
3.567489149901678047e+01 9.820465685513232734e-02
3.613892660713302973e+01 9.815161950894635279e-02
3.660596016645589401e+01 9.809824088340771131e-02
3.707599217698536620e+01 9.804452102981900397e-02
3.754902263872144630e+01 9.799046000056940708e-02
3.802505155166413431e+01 9.793605784914831414e-02
3.850407891581343733e+01 9.788131463016075395e-02
3.898610473116936248e+01 9.782623039934099096e-02
3.947112899773188133e+01 9.777080521356783238e-02
3.995915171550100808e+01 9.771503913087935256e-02
4.045017288447674986e+01 9.765893221048725648e-02
4.094419250465909244e+01 9.760248451279238124e-02
4.144121057604805713e+01 9.754569609939932329e-02
4.194122709864362264e+01 9.748856703313169003e-02
4.244424207244581027e+01 9.743109737804717119e-02
4.295025549745459870e+01 9.737328719945297084e-02
4.345926737366999504e+01 9.731513656392079548e-02
4.397127770109199929e+01 9.725664553930273015e-02
4.448628647972061856e+01 9.719781419474657347e-02
4.500429370955584574e+01 9.713864260071128354e-02
4.552529939059768083e+01 9.707913082898260437e-02
4.604930352284613804e+01 9.701927895268941393e-02
4.657630610630118895e+01 9.695908704631876762e-02
4.710630714096285487e+01 9.689855518573232962e-02
4.763930662683112871e+01 9.683768344818219354e-02
4.817530456390601046e+01 9.677647191232718882e-02
4.871430095218750722e+01 9.671492065824857653e-02
4.925629579167561189e+01 9.665302976746704966e-02
4.980128908237033158e+01 9.659079932295809579e-02
5.034928082427165918e+01 9.652822940916927497e-02
5.090027101737958759e+01 9.646532011203656776e-02
5.145425966169413101e+01 9.640207151900001548e-02
5.201124675721528234e+01 9.633848371902198338e-02
5.257123230394304159e+01 9.627455680260246784e-02
5.313421630187741584e+01 9.621029086179679057e-02
5.370019875101840512e+01 9.614568599023172457e-02
5.426917965136599520e+01 9.608074228312338261e-02
5.484115900292019319e+01 9.601545983729363465e-02
5.541613680568100619e+01 9.594983875118724692e-02
5.599411305964842711e+01 9.588387912488921527e-02
5.657508776482245594e+01 9.581758106014237608e-02
5.715906092120309268e+01 9.575094466036410124e-02
5.774603252879035153e+01 9.568397003066408946e-02
5.833600258758421120e+01 9.561665727786218538e-02
5.892897109758467877e+01 9.554900651050529659e-02
5.952493805879175426e+01 9.548101783888544858e-02
6.012390347120543765e+01 9.541269137505770104e-02
6.072586733482573607e+01 9.534402723285745340e-02
6.133082964965264239e+01 9.527502552791876356e-02
6.193879041568617083e+01 9.520568637769208364e-02
6.254974963292629297e+01 9.513600990146253711e-02
6.316370730137303013e+01 9.506599622036744635e-02
6.378066342102637520e+01 9.499564545741548405e-02
6.440061799188634950e+01 9.492495773750378452e-02
6.502357101395290329e+01 9.485393318743726154e-02
6.564952248722607919e+01 9.478257193594642749e-02
6.627847241170586301e+01 9.471087411370594789e-02
6.691042078739225474e+01 9.463883985335330706e-02
6.754536761428525438e+01 9.456646928950743214e-02
6.818331289238486193e+01 9.449376255878720599e-02
6.882425662169109160e+01 9.442071979983031327e-02
6.946819880220391497e+01 9.434734115331187831e-02
7.011513943392336046e+01 9.427362676196396341e-02
7.076507851684941386e+01 9.419957677059359602e-02
7.141801605098207517e+01 9.412519132610247530e-02
7.207395203632134439e+01 9.405047057750579031e-02
7.273288647286722153e+01 9.397541467595153797e-02
7.339481936061973499e+01 9.390002377473943840e-02
7.405975069957884216e+01 9.382429802934058594e-02
7.472768048974454302e+01 9.374823759741644780e-02
7.539860873111686601e+01 9.367184263883861217e-02
7.607253542369579691e+01 9.359511331570802284e-02
7.674946056748133572e+01 9.351804979237464399e-02
7.742938416247348243e+01 9.344065223545690302e-02
7.811230620867223706e+01 9.336292081386159125e-02
7.879822670607759960e+01 9.328485569880350103e-02
7.948714565468957005e+01 9.320645706382496565e-02
8.017906305450816262e+01 9.312772508481616252e-02
8.087397890553336310e+01 9.304865994003473639e-02
8.157189320776515729e+01 9.296926181012565849e-02
8.227280596120357359e+01 9.288953087814164067e-02
8.297671716584862622e+01 9.280946732956273093e-02
8.368362682170027256e+01 9.272907135231697739e-02
8.439353492875851259e+01 9.264834313680017641e-02
8.510644148702336054e+01 9.256728287589646720e-02
8.582234649649483060e+01 9.248589076499827422e-02
8.654124995717289437e+01 9.240416700202715161e-02
8.726315186905758026e+01 9.232211178745375335e-02
8.798805223214887405e+01 9.223972532431853888e-02
8.871595104644677576e+01 9.215700781825246490e-02
8.944684831195128538e+01 9.207395947749692777e-02
9.018074402866240291e+01 9.199058051292530180e-02
9.091763819658012835e+01 9.190687113806284003e-02
9.165753081570447591e+01 9.182283156910782396e-02
9.240042188603541717e+01 9.173846202495232471e-02
9.314631140757302319e+01 9.165376272720274220e-02
9.389519938031718027e+01 9.156873390020114911e-02
9.464708580426795947e+01 9.148337577104577456e-02
9.540197067942534659e+01 9.139768856961230648e-02
9.615985400578935582e+01 9.131167252857458339e-02
9.692073578335995876e+01 9.122532788342616050e-02
9.768461601213716961e+01 9.113865487250079334e-02
9.845149469212100257e+01 9.105165373699414255e-02
9.922137182331144345e+01 9.096432472098470168e-02
9.999424740570847803e+01 9.087666807145501624e-02
1.007701214393121347e+02 9.078868403831301392e-02
1.015489939241223993e+02 9.070037287441345963e-02
1.023308648601392861e+02 9.061173483557916075e-02
1.031157342473627665e+02 9.052277018062229730e-02
1.039036020857928548e+02 9.043347917136608516e-02
1.046944683754295937e+02 9.034386207266624502e-02
1.054883331162729121e+02 9.025391915243211050e-02
1.062851963083228384e+02 9.016365068164877705e-02
1.070850579515793726e+02 9.007305693439821015e-02
1.078879180460425147e+02 8.998213818788111662e-02
1.086937765917122647e+02 8.989089472243848300e-02
1.095026335885886226e+02 8.979932682157343304e-02
1.103144890366716027e+02 8.970743477197248850e-02
1.111293429359611764e+02 8.961521886352803723e-02
1.119471952864573723e+02 8.952267938935935809e-02
1.127680460881601618e+02 8.942981664583496415e-02
1.135918953410695735e+02 8.933663093259418264e-02
1.144187430451855931e+02 8.924312255256905413e-02
1.152485892005082206e+02 8.914929181200623165e-02
1.160814338070374987e+02 8.905513902048889374e-02
1.169172768647733562e+02 8.896066449095869910e-02
1.177561183737158075e+02 8.886586853973761635e-02
1.185979583338648808e+02 8.877075148655008685e-02
1.194427967452205621e+02 8.867531365454490999e-02
1.202906336077828513e+02 8.857955537031718396e-02
1.211414689215517342e+02 8.848347696393056572e-02
1.219953026865272534e+02 8.838707876893915627e-02
1.228521349027093663e+02 8.829036112240952472e-02
1.237119655700980871e+02 8.819332436494300986e-02
1.245747946886934301e+02 8.809596884069756384e-02
1.254406222584953667e+02 8.799829489741006761e-02
1.263094482795039255e+02 8.790030288641843825e-02
1.271812727517190922e+02 8.780199316268343102e-02
1.280560956751409094e+02 8.770336608481148211e-02
1.289339170497692919e+02 8.760442201507616378e-02
1.298147368756042681e+02 8.750516131944062470e-02
1.306985551526458949e+02 8.740558436757996097e-02
1.315853718808940869e+02 8.730569153290305973e-02
1.324751870603489294e+02 8.720548319257497016e-02
1.333680006910103373e+02 8.710495972753909411e-02
1.342638127728783957e+02 8.700412152253921005e-02
1.351626233059530477e+02 8.690296896614195521e-02
1.360644322902342935e+02 8.680150245075868298e-02
1.369692397257221614e+02 8.669972237266791726e-02
1.378770456124166515e+02 8.659762913203747359e-02
1.387878499503177352e+02 8.649522313294639997e-02
1.397016527394254410e+02 8.639250478340758377e-02
1.406184539797397974e+02 8.628947449538965087e-02
1.415382536712607191e+02 8.618613268483901746e-02
1.424610518139882345e+02 8.608247977170245535e-02
1.433868484079223720e+02 8.597851617994883844e-02
1.443156434530631316e+02 8.587424233759140269e-02
1.452474369494104849e+02 8.576965867671008936e-02
1.461822288969644603e+02 8.566476563347327766e-02
1.471200192957250295e+02 8.555956364816007242e-02
1.480608081456922207e+02 8.545405316518259187e-02
1.490045954468660057e+02 8.534823463310749203e-02
1.499513811992464127e+02 8.524210850467858758e-02
1.509011654028334419e+02 8.513567523683845950e-02
1.518539480576270648e+02 8.502893529075081225e-02
1.528097291636272814e+02 8.492188913182197041e-02
1.537685087208341486e+02 8.481453722972331910e-02
1.547302867292476378e+02 8.470688005841298107e-02
1.556950631888676924e+02 8.459891809615775748e-02
1.566628380996943690e+02 8.449065182555490217e-02
1.576336114617276678e+02 8.438208173355425668e-02
1.586073832749675603e+02 8.427320831147966373e-02
1.595841535394140465e+02 8.416403205505115781e-02
1.605639222550671548e+02 8.405455346440626752e-02
1.615466894219268852e+02 8.394477304412210905e-02
1.625324550399932093e+02 8.383469130323684126e-02
1.635212191092661556e+02 8.372430875527148153e-02
1.645129816297456955e+02 8.361362591825108326e-02
1.655077426014318576e+02 8.350264331472692647e-02
1.665055020243246418e+02 8.339136147179741776e-02
1.675062598984240196e+02 8.327978092112987840e-02
1.685100162237300481e+02 8.316790219898198555e-02
1.695167710002426418e+02 8.305572584622285259e-02
1.705265242279618576e+02 8.294325240835476176e-02
1.715392759068876671e+02 8.283048243553403633e-02
1.725550260370200988e+02 8.271741648259249569e-02
1.735737746183591526e+02 8.260405510905857729e-02
1.745955216509048000e+02 8.249039887917831992e-02
1.756202671346570412e+02 8.237644836193667996e-02
1.766480110696159045e+02 8.226220413107822316e-02
1.776787534557813899e+02 8.214766676512809396e-02
1.787124942931534690e+02 8.203283684741330406e-02
1.797492335817321703e+02 8.191771496608282743e-02
1.807889713215174652e+02 8.180230171412897211e-02
1.818317075125093822e+02 8.168659768940766952e-02
1.828774421547079498e+02 8.157060349465930504e-02
1.839261752481130827e+02 8.145431973752900734e-02
1.849779067927248377e+02 8.133774703058749278e-02
1.860326367885431864e+02 8.122088599135102172e-02
1.870903652355681572e+02 8.110373724230190984e-02
1.881510921337997218e+02 8.098630141090894241e-02
1.892148174832379084e+02 8.086857912964708073e-02
1.902815412838826887e+02 8.075057103601809838e-02
1.913512635357340912e+02 8.063227777257010731e-02
1.924239842387921158e+02 8.051369998691763896e-02
1.934997033930567341e+02 8.039483833176161443e-02
1.945784209985279460e+02 8.027569346490881497e-02
1.956601370552058086e+02 8.015626604929171339e-02
1.967448515630902364e+02 8.003655675298795846e-02
1.978325645221813716e+02 7.991656624923992869e-02
1.989232759324790152e+02 7.979629521647396695e-02
2.000169857939833093e+02 7.967574433831969838e-02
2.011136941066941972e+02 7.955491430362932048e-02
2.022134008706116788e+02 7.943380580649647693e-02
2.033161060857358109e+02 7.931241954627542279e-02
2.044218097520665083e+02 7.919075622759980115e-02
2.055305118696038562e+02 7.906881656040135042e-02
2.066422124383477694e+02 7.894660125992870869e-02
2.077569114582983332e+02 7.882411104676580182e-02
2.088746089294554906e+02 7.870134664685042580e-02
2.099953048518192418e+02 7.857830879149246828e-02
2.111189992253896150e+02 7.845499821739213009e-02
2.122456920501666104e+02 7.833141566665806355e-02
2.133753833261502564e+02 7.820756188682534416e-02
2.145080730533404676e+02 7.808343763087310929e-02
2.156437612317372725e+02 7.795904365724279361e-02
2.167824478613406995e+02 7.783438072985508771e-02
2.179241329421507203e+02 7.770944961812795149e-02
2.190688164741673631e+02 7.758425109699361444e-02
2.202164984573906281e+02 7.745878594691604779e-02
2.213671788918204868e+02 7.733305495390783990e-02
2.225208577774569392e+02 7.720705890954726591e-02
2.236775351143000421e+02 7.708079861099510766e-02
2.248372109023497387e+02 7.695427486101123760e-02
2.259998851416060290e+02 7.682748846797128606e-02
2.271655578320689415e+02 7.670044024588294762e-02
2.283342289737384476e+02 7.657313101440221814e-02
2.295058985666145759e+02 7.644556159884960400e-02
2.306805666106973831e+02 7.631773283022592891e-02
2.318582331059867272e+02 7.618964554522825172e-02
2.330388980524826934e+02 7.606130058626549284e-02
2.342225614501852533e+02 7.593269880147397732e-02
2.354092232990944353e+02 7.580384104473258944e-02
2.365988835992102111e+02 7.567472817567823251e-02
2.377915423505326089e+02 7.554536105972059490e-02
2.389871995530616289e+02 7.541574056805723514e-02
2.401858552067972425e+02 7.528586757768812587e-02
2.413875093117394499e+02 7.515574297143012839e-02
2.425921618678883078e+02 7.502536763793163366e-02
2.437998128752437310e+02 7.489474247168645404e-02
2.450104623338058047e+02 7.476386837304799249e-02
2.462241102435744722e+02 7.463274624824298153e-02
2.474407566045497902e+02 7.450137700938530561e-02
2.486604014167316734e+02 7.436976157448937919e-02
2.498830446801201788e+02 7.423790086748333072e-02
2.511086863947152779e+02 7.410579581822247797e-02
2.523373265605169991e+02 7.397344736250183184e-02
2.535689651775253139e+02 7.384085644206916932e-02
2.548036022457402510e+02 7.370802400463749571e-02
2.560412377651618385e+02 7.357495100389721543e-02
2.572818717357900482e+02 7.344163839952871919e-02
2.585255041576248232e+02 7.330808715721391644e-02
2.597721350306662202e+02 7.317429824864823962e-02
2.610217643549141826e+02 7.304027265155237092e-02
2.622743921303687671e+02 7.290601134968309471e-02
2.635300183570299737e+02 7.277151533284514917e-02
2.647886430348978024e+02 7.263678559690167624e-02
2.660502661639721964e+02 7.250182314378511572e-02
2.673148877442532125e+02 7.236662898150789114e-02
2.685825077757408508e+02 7.223120412417248504e-02
2.698531262584351111e+02 7.209554959198183344e-02
2.711267431923359936e+02 7.195966641124894314e-02
2.724033585774434414e+02 7.182355561440680047e-02
2.736829724137575113e+02 7.168721824001768328e-02
2.749655847012782033e+02 7.155065533278243128e-02
2.762511954400055174e+02 7.141386794354952217e-02
2.775398046299393968e+02 7.127685712932362028e-02
2.788314122710799552e+02 7.113962395327447230e-02
2.801260183634270788e+02 7.100216948474491474e-02
2.814236229069807678e+02 7.086449479925907569e-02
2.827242259017411357e+02 7.072660097853020189e-02
2.840278273477080688e+02 7.058848911046831931e-02
2.853344272448816241e+02 7.045016028918749118e-02
2.866440255932618015e+02 7.031161561501297896e-02
2.879566223928486011e+02 7.017285619448816736e-02
2.892722176436420227e+02 7.003388314038100360e-02
2.905908113456420097e+02 6.989469757169074204e-02
2.919124034988487324e+02 6.975530061365362022e-02
2.932369941032619636e+02 6.961569339774903442e-02
2.945645831588817600e+02 6.947587706170507693e-02
2.958951706657082354e+02 6.933585274950379573e-02
2.972287566237412761e+02 6.919562161138644030e-02
2.985653410329809390e+02 6.905518480385813840e-02
2.999049238934272239e+02 6.891454348969268395e-02
3.012475052050800741e+02 6.877369883793649219e-02
3.025930849679396033e+02 6.863265202391304054e-02
3.039416631820056978e+02 6.849140422922618543e-02
3.052932398472783575e+02 6.834995664176414520e-02
3.066478149637576962e+02 6.820831045570231732e-02
3.080053885314436570e+02 6.806646687150627595e-02
3.093659605503361831e+02 6.792442709593464467e-02
3.107295310204353314e+02 6.778219234204121979e-02
3.120960999417410449e+02 6.763976382917724628e-02
3.134656673142534373e+02 6.749714278299306924e-02
3.148382331379723951e+02 6.735433043543972986e-02
3.162137974128979749e+02 6.721132802477025603e-02
3.175923601390301769e+02 6.706813679554042562e-02
3.189739213163690010e+02 6.692475799860961305e-02
3.203584809449143904e+02 6.678119289114090029e-02
3.217460390246664588e+02 6.663744273660143769e-02
3.231365955556250924e+02 6.649350880476181946e-02
3.245301505377902913e+02 6.634939237169583393e-02
3.259267039711621692e+02 6.620509471977946425e-02
3.273262558557406123e+02 6.606061713768981991e-02
3.287288061915256776e+02 6.591596092040345745e-02
3.301343549785173650e+02 6.577112736919485392e-02
3.315429022167157882e+02 6.562611779163417258e-02
3.329544479061207198e+02 6.548093350158490367e-02
3.343689920467322167e+02 6.533557581920104718e-02
3.357865346385503358e+02 6.519004607092426795e-02
3.372070756815750769e+02 6.504434558948032907e-02
3.386306151758063834e+02 6.489847571387553915e-02
3.400571531212443688e+02 6.475243778939270001e-02
3.414866895178889195e+02 6.460623316758679069e-02
3.429192243657400923e+02 6.445986320628031840e-02
3.443547576647978872e+02 6.431332926955830864e-02
3.457932894150622474e+02 6.416663272776298999e-02
3.472348196165332297e+02 6.401977495748822911e-02
3.486793482692108341e+02 6.387275734157338292e-02
3.501268753730950607e+02 6.372558126909716458e-02
3.515774009281859094e+02 6.357824813537084341e-02
3.530309249344833233e+02 6.343075934193131982e-02
3.544874473919874163e+02 6.328311629653377013e-02
3.559469683006980176e+02 6.313532041314399990e-02
3.574094876606152980e+02 6.298737311193033928e-02
3.588750054717392004e+02 6.283927581925528860e-02
3.603435217340696681e+02 6.269102996766694191e-02
3.618150364476067580e+02 6.254263699588966108e-02
3.632895496123504699e+02 6.239409834881491645e-02
3.647670612283008040e+02 6.224541547749126713e-02
3.662475712954577034e+02 6.209658983911444524e-02
3.677310798138212249e+02 6.194762289701669783e-02
3.692175867833913685e+02 6.179851612065609401e-02
3.707070922041681342e+02 6.164927098560513130e-02
3.721995960761516358e+02 6.149988897353939749e-02
3.736950983993415889e+02 6.135037157222544835e-02
3.751935991737381642e+02 6.120072027550861604e-02
3.766950983993413615e+02 6.105093658330027623e-02
3.781995960761511810e+02 6.090102200156496948e-02
3.797070922041675658e+02 6.075097804230680104e-02
3.812175867833906295e+02 6.060080622355581981e-02
3.827310798138202586e+02 6.045050806935386295e-02
3.842475712954564528e+02 6.030008510974001201e-02
3.857670612282993261e+02 6.014953888073571592e-02
3.872895496123487646e+02 5.999887092432953234e-02
3.888150364476048253e+02 5.984808278846154295e-02
3.903435217340675081e+02 5.969717602700724823e-02
3.918750054717368130e+02 5.954615219976124724e-02
3.934094876606127400e+02 5.939501287242045929e-02
3.949469683006952323e+02 5.924375961656690864e-02
3.964874473919843467e+02 5.909239400965028005e-02
3.980309249344800833e+02 5.894091763496989850e-02
3.995774009281823851e+02 5.878933208165648683e-02
4.011268753730913659e+02 5.863763894465347931e-02
4.026793482692069119e+02 5.848583982469787029e-02
4.042348196165290801e+02 5.833393632830081998e-02
4.057932894150578136e+02 5.818193006772778147e-02
4.073547576647932260e+02 5.802982266097821140e-02
4.089192243657352037e+02 5.787761573176494756e-02
4.104866895178838035e+02 5.772531090949321181e-02
4.120571531212390255e+02 5.757290982923914807e-02
4.136306151758008696e+02 5.742041413172797870e-02
4.152070756815692789e+02 5.726782546331187634e-02
4.167865346385444809e+02 5.711514547594727376e-02
4.183689920467261345e+02 5.696237582717186138e-02
4.199544479061144102e+02 5.680951818008123100e-02
4.215429022167092512e+02 5.665657420330503374e-02
4.231343549785107143e+02 5.650354557098279107e-02
4.247288061915187996e+02 5.635043396273931721e-02
4.263262558557335069e+02 5.619724106365965588e-02
4.279267039711548364e+02 5.604396856426376028e-02
4.295301505377827311e+02 5.589061816048061793e-02
4.311365955556173049e+02 5.573719155362212574e-02
4.327460390246584439e+02 5.558369045035640305e-02
4.343584809449061481e+02 5.543011656268083398e-02
4.359739213163605314e+02 5.527647160789466579e-02
4.375923601390214799e+02 5.512275730857112838e-02
4.392137974128890505e+02 5.496897539252932480e-02
4.408382331379632433e+02 5.481512759280551123e-02
4.424656673142440582e+02 5.466121564762412705e-02
4.440960999417314383e+02 5.450724130036832538e-02
4.457295310204254974e+02 5.435320629955019134e-02
4.473659605503261218e+02 5.419911239878048848e-02
4.490053885314333115e+02 5.404496135673793333e-02
4.506478149637471802e+02 5.389075493713831044e-02
4.522932398472676141e+02 5.373649490870283790e-02
4.539416631819946701e+02 5.358218304512648439e-02
4.555930849679283483e+02 5.342782112504552983e-02
4.572475052050686486e+02 5.327341093200508443e-02
4.589049238934155710e+02 5.311895425442581670e-02
4.605653410329690587e+02 5.296445288557066755e-02
4.622287566237293390e+02 5.280990862351083587e-02
4.638951706656960141e+02 5.265532327109157668e-02
4.655645831588693682e+02 5.250069863589745117e-02
4.672369941032492875e+02 5.234603653021727143e-02
4.689124034988358858e+02 5.219133877100859409e-02
4.705908113456289925e+02 5.203660717986184625e-02
4.722722176436287782e+02 5.188184358296400733e-02
4.739566223928351860e+02 5.172704981106191618e-02
4.756440255932481591e+02 5.157222769942510637e-02
4.773344272448677543e+02 5.141737908780848187e-02
4.790278273476939717e+02 5.126250582041419479e-02
4.807242259017267543e+02 5.110760974585351613e-02
4.824236229069662159e+02 5.095269271710805431e-02
4.841260183634122427e+02 5.079775659149068923e-02
4.858314122710648917e+02 5.064280323060606909e-02
4.875398046299241628e+02 5.048783450031073955e-02
4.892511954399899992e+02 5.033285227067285650e-02
4.909655847012625145e+02 5.017785841593149637e-02
4.926829724137415951e+02 5.002285481445561954e-02
4.944033585774272979e+02 4.986784334870259655e-02
4.961267431923195659e+02 4.971282590517633881e-02
4.978531262584185129e+02 4.955780437438511710e-02
4.995825077757240251e+02 4.940278065079887343e-02
5.013148877442361595e+02 4.924775663280626242e-02
5.030502661639549160e+02 4.909273422267119991e-02
5.047886430348802378e+02 4.893771532648914790e-02
5.065300183570122385e+02 4.878270185414290000e-02
5.082743921303508046e+02 4.862769571925804751e-02
5.100217643548959927e+02 4.847269883915809180e-02
5.117721350306479167e+02 4.831771313481909164e-02
5.135255041576062922e+02 4.816274053082402612e-02
5.152818717357713467e+02 4.800778295531674122e-02
5.170412377651429097e+02 4.785284233995548697e-02
5.188036022457212084e+02 4.769792061986618398e-02
5.205689651775060156e+02 4.754301973359523203e-02
5.223373265604974449e+02 4.738814162306195094e-02
5.241086863946954963e+02 4.723328823351075068e-02
5.258830446801001699e+02 4.707846151346284369e-02
5.276604014167114656e+02 4.692366341466758239e-02
5.294407566045293834e+02 4.676889589205359549e-02
5.312241102435538096e+02 4.661416090367934140e-02
5.330104623337849716e+02 4.645946041068346050e-02
5.347998128752226421e+02 4.630479637723481506e-02
5.365921618678670484e+02 4.615017077048196026e-02
5.383875093117179631e+02 4.599558556050255265e-02
5.401858552067754999e+02 4.584104272025214810e-02
5.419871995530396589e+02 4.568654422551290256e-02
5.437915423505104400e+02 4.553209205484169686e-02
5.455988835991878432e+02 4.537768818951815747e-02
5.474092232990717548e+02 4.522333461349212907e-02
5.492225614501624023e+02 4.506903331333098756e-02
5.510388980524595581e+02 4.491478627816649499e-02
5.528582331059634498e+02 4.476059549964144652e-02
5.546805666106738499e+02 4.460646297185590775e-02
5.565058985665908722e+02 4.445239069131314003e-02
5.583342289737145165e+02 4.429838065686526188e-02
5.601655578320447830e+02 4.414443486965860530e-02
5.619998851415817853e+02 4.399055533307858618e-02
5.638372109023252960e+02 4.383674405269460950e-02
5.656775351142753152e+02 4.368300303620429453e-02
5.675208577774320702e+02 4.352933429337765836e-02
5.693671788917953336e+02 4.337573983600093164e-02
5.712164984573652191e+02 4.322222167782000662e-02
5.730688164741417268e+02 4.306878183448373948e-02
5.749241329421248565e+02 4.291542232348682928e-02
5.767824478613146084e+02 4.276214516411250277e-02
5.786437612317109824e+02 4.260895237737487989e-02
5.805080730533139786e+02 4.245584598596111731e-02
5.823753833261234831e+02 4.230282801417319799e-02
5.842456920501397235e+02 4.214990048786949189e-02
5.861189992253624723e+02 4.199706543440615003e-02
5.879953048517918432e+02 4.184432488257804755e-02
5.898746089294278363e+02 4.169168086255967132e-02
5.917569114582704515e+02 4.153913540584561193e-02
5.936422124383196888e+02 4.138669054519086843e-02
5.955305118695755482e+02 4.123434831455095179e-02
5.974218097520380297e+02 4.108211074902166221e-02
5.993161060857070197e+02 4.092997988477873467e-02
6.012134008705827455e+02 4.077795775901715825e-02
6.031136941066649797e+02 4.062604640989034982e-02
6.050169857939538360e+02 4.047424787644907096e-02
6.069232759324493145e+02 4.032256419858014362e-02
6.088325645221514151e+02 4.017099741694495074e-02
6.107448515630601378e+02 4.001954957291777720e-02
6.126601370551754826e+02 3.986822270852383859e-02
6.145784209984974495e+02 3.971701886637725443e-02
6.164997033930261523e+02 3.956594008961875075e-02
6.184239842387612498e+02 3.941498842185320317e-02
6.203512635357030831e+02 3.926416590708699250e-02
6.222815412838514249e+02 3.911347458966516616e-02
6.242148174832063887e+02 3.896291651420855096e-02
6.261510921337679747e+02 3.881249372555047733e-02
6.280903652355361828e+02 3.866220826867360072e-02
6.300326367885110130e+02 3.851206218864639680e-02
6.319779067926924654e+02 3.836205753055953876e-02
6.339261752480804262e+02 3.821219633946226768e-02
6.358774421546751228e+02 3.806248066029840199e-02
6.378317075124763278e+02 3.791291253784242338e-02
6.397889713214841549e+02 3.776349401663531974e-02
6.417492335816987179e+02 3.761422714092035879e-02
6.437124942931197893e+02 3.746511395457877147e-02
6.456787534557474828e+02 3.731615650106527571e-02
6.476480110695816848e+02 3.716735682334347535e-02
6.496202671346226225e+02 3.701871696382135618e-02
6.515955216508701824e+02 3.687023896428642117e-02
6.535737746183242507e+02 3.672192486584096444e-02
6.555550260369850548e+02 3.657377670883715792e-02
6.575392759068523674e+02 3.642579653281214497e-02
6.595265242279263020e+02 3.627798637642296736e-02
6.615167710002068588e+02 3.613034827738156179e-02
6.635100162236940378e+02 3.598288427238965914e-02
6.655062598983878388e+02 3.583559639707356581e-02
6.675055020242882620e+02 3.568848668591909773e-02
6.695077426013951936e+02 3.554155717220622984e-02
6.715129816297089747e+02 3.539480988794398847e-02
6.735212191092292642e+02 3.524824686380517019e-02
6.755324550399560621e+02 3.510187012906104687e-02
6.775466894218894822e+02 3.495568171151620940e-02
6.795639222550295244e+02 3.480968363744325195e-02
6.815841535393761887e+02 3.466387793151757407e-02
6.836073832749294752e+02 3.451826661675221064e-02
6.856336114616893838e+02 3.437285171443260623e-02
6.876628380996559144e+02 3.422763524405151442e-02
6.896950631888289536e+02 3.408261922324390403e-02
6.917302867292086148e+02 3.393780566772191393e-02
6.937685087207950119e+02 3.379319659120988417e-02
6.958097291635879174e+02 3.364879400537945653e-02
6.978539480575874450e+02 3.350459991978467500e-02
6.999011654027935947e+02 3.336061634179730839e-02
7.019513811992063665e+02 3.321684527654216595e-02
7.040045954468257605e+02 3.307328872683248933e-02
7.060608081456516629e+02 3.292994869310554573e-02
7.081200192956843011e+02 3.278682717335825586e-02
7.101822288969234478e+02 3.264392616308296052e-02
7.122474369493693303e+02 3.250124765520334691e-02
7.143156434530217211e+02 3.235879364001047198e-02
7.163868484078807342e+02 3.221656610509895935e-02
7.184610518139463693e+02 3.207456703530336961e-02
7.205382536712186266e+02 3.193279841263464008e-02
7.226184539796975059e+02 3.179126221621680903e-02
7.247016527393828937e+02 3.164996042222387868e-02
7.267878499502750174e+02 3.150889500381681002e-02
7.288770456123738768e+02 3.136806793108080915e-02
7.309692397256791310e+02 3.122748117096276962e-02
7.330644322901910073e+02 3.108713668720885365e-02
7.351626233059096194e+02 3.094703644030247572e-02
7.372638127728347399e+02 3.080718238740232442e-02
7.393680006909663689e+02 3.066757648228076935e-02
7.414751870603047337e+02 3.052822067526241023e-02
7.435853718808497206e+02 3.038911691316294184e-02
7.456985551526012159e+02 3.025026713922828944e-02
7.478147368755594471e+02 3.011167329307396986e-02
7.499339170497241867e+02 2.997333731062477163e-02
7.520560956750956620e+02 2.983526112405471969e-02
7.541812727516736459e+02 2.969744666172736622e-02
7.563094482794582518e+02 2.955989584813631388e-02
7.584406222584494799e+02 2.942261060384615892e-02
7.605747946886472164e+02 2.928559284543368058e-02
7.627119655700516887e+02 2.914884448542943290e-02
7.648521349026627831e+02 2.901236743225962464e-02
7.669953026864803860e+02 2.887616359018837717e-02
7.691414689215046110e+02 2.874023485926038846e-02
7.712906336077355718e+02 2.860458313524390228e-02
7.734427967451730410e+02 2.846921030957410073e-02
7.755979583338171324e+02 2.833411826929689570e-02
7.777561183736678458e+02 2.819930889701308813e-02
7.799172768647251814e+02 2.806478407082299564e-02
7.820814338069890255e+02 2.793054566427142713e-02
7.842485892004596053e+02 2.779659554629316034e-02
7.864187430451366936e+02 2.766293558115881512e-02
7.885918953410205177e+02 2.752956762842118446e-02
7.907680460881110776e+02 2.739649354286205832e-02
7.929471952864080322e+02 2.726371517443944986e-02
7.951293429359116089e+02 2.713123436823537682e-02
7.973144890366218078e+02 2.699905296440407304e-02
7.995026335885386288e+02 2.686717279812072395e-02
8.016937765916619583e+02 2.673559569953071896e-02
8.038879180459920235e+02 2.660432349369939997e-02
8.060850579515285972e+02 2.647335800056234423e-02
8.082851963082719067e+02 2.634270103487619183e-02
8.104883331162217246e+02 2.621235440617002491e-02
8.126944683753781646e+02 2.608231991869727762e-02
8.149036020857412268e+02 2.595259937138824288e-02
8.171157342473109111e+02 2.582319455780315506e-02
8.193308648600872175e+02 2.569410726608580345e-02
8.215489939240701460e+02 2.556533927891786392e-02
8.237701214392595830e+02 2.543689237347366086e-02
8.259942474056557558e+02 2.530876832137574084e-02
8.282213718232584370e+02 2.518096888865091476e-02
8.304514946920678540e+02 2.505349583568702160e-02
8.326846160120837794e+02 2.492635091719030971e-02
8.349207357833063270e+02 2.479953588214347387e-02
8.371598540057354967e+02 2.467305247376437929e-02
8.394019706793712885e+02 2.454690242946543782e-02
8.416470858042135887e+02 2.442108748081365382e-02
8.438951993802626248e+02 2.429560935349144371e-02
8.461463114075182830e+02 2.417046976725806262e-02
8.484004218859804496e+02 2.404567043591180828e-02
8.506575308156492383e+02 2.392121306725294300e-02
8.529176381965248765e+02 2.379709936304732001e-02
8.551807440286069095e+02 2.367333101899081471e-02
8.574468483118955646e+02 2.354990972467443239e-02
8.597159510463908418e+02 2.342683716355027299e-02
8.619880522320927412e+02 2.330411501289817930e-02
8.642631518690012626e+02 2.318174494379324213e-02
8.665412499571162925e+02 2.305972862107406179e-02
8.688223464964380582e+02 2.293806770331183881e-02
8.711064414869663324e+02 2.281676384278024175e-02
8.733935349287012286e+02 2.269581868542616676e-02
8.756836268216427470e+02 2.257523387084123603e-02
8.779767171657908875e+02 2.245501103223425735e-02
8.802728059611456501e+02 2.233515179640442605e-02
8.825718932077070349e+02 2.221565778371546729e-02
8.848739789054749281e+02 2.209653060807062822e-02
8.871790630544495571e+02 2.197777187688852371e-02
8.894871456546306945e+02 2.185938319107995700e-02
8.917982267060185677e+02 2.174136614502553133e-02
8.941123062086129494e+02 2.162372232655428508e-02
8.964293841624139532e+02 2.150645331692315268e-02
8.987494605674215791e+02 2.138956069079745240e-02
9.010725354236358271e+02 2.127304601623222421e-02
9.033986087310566973e+02 2.115691085465457033e-02
9.057276804896840758e+02 2.104115676084697059e-02
9.080597506995181902e+02 2.092578528293152079e-02
9.103948193605588131e+02 2.081079796235517365e-02
9.127328864728061717e+02 2.069619633387598592e-02
9.150739520362600388e+02 2.058198192555033348e-02
9.174180160509205280e+02 2.046815625872115338e-02
9.197650785167878666e+02 2.035472084800718506e-02
9.221151394338616001e+02 2.024167720129326983e-02
9.244681988021419556e+02 2.012902681972164251e-02
9.268242566216288196e+02 2.001677119768430560e-02
9.291833128923224194e+02 1.990491182281642693e-02
9.315453676142225277e+02 1.979345017599082324e-02
9.339104207873293717e+02 1.968238773131350539e-02
9.362784724116427242e+02 1.957172595612028179e-02
9.386495224871626988e+02 1.946146631097450674e-02
9.410235710138892955e+02 1.935161024966584875e-02
9.434006179918225143e+02 1.924215921921023850e-02
9.457806634209623553e+02 1.913311465985090276e-02
9.481637073013087047e+02 1.902447800506047726e-02
9.505497496328617899e+02 1.891625068154435124e-02
9.529387904156213835e+02 1.880843410924504591e-02
9.553308296495877130e+02 1.870102970134781065e-02
9.577258673347605509e+02 1.859403886428736413e-02
9.601239034711400109e+02 1.848746299775577001e-02
9.625249380587260930e+02 1.838130349471151989e-02
9.649289710975187973e+02 1.827556174138978556e-02
9.673360025875181236e+02 1.817023911731385430e-02
9.697460325287240721e+02 1.806533699530778192e-02
9.721590609211365290e+02 1.796085674151018732e-02
9.745750877647557218e+02 1.785679971538939662e-02
9.769941130595814229e+02 1.775316726975961767e-02
9.794161368056137462e+02 1.764996075079851984e-02
9.818411590028528053e+02 1.754718149806593769e-02
9.842691796512983728e+02 1.744483084452384813e-02
9.867001987509506762e+02 1.734291011655763118e-02
9.891342163018094880e+02 1.724142063399851377e-02
9.915712323038749219e+02 1.714036371014737020e-02
9.940112467571469779e+02 1.703974065179969521e-02
9.964542596616255423e+02 1.693955275927194748e-02
9.989002710173108426e+02 1.683980132642910743e-02
1.001349280824202651e+03 1.674048764071356041e-02
1.003801289082301082e+03 1.664161298317527737e-02
1.006256295791606135e+03 1.654317862850327933e-02
1.008714300952117810e+03 1.644518584505844094e-02
1.011175304563836107e+03 1.634763589490759172e-02
1.013639306626761027e+03 1.625053003385891481e-02
1.016106307140892454e+03 1.615386951149875780e-02
1.018576306106230618e+03 1.605765557122967868e-02
1.021049303522775290e+03 1.596188945030989695e-02
1.023525299390526584e+03 1.586657237989405958e-02
1.026004293709484500e+03 1.577170558507538442e-02
1.028486286479649152e+03 1.567729028492912194e-02
1.030971277701020199e+03 1.558332769255743773e-02
1.033459267373598095e+03 1.548981901513558739e-02
1.035950255497382386e+03 1.539676545395952251e-02
1.038444242072373299e+03 1.530416820449485502e-02
1.040941227098571062e+03 1.521202845642719362e-02
1.043441210575975219e+03 1.512034739371387326e-02
1.045944192504585999e+03 1.502912619463708452e-02
1.048450172884403401e+03 1.493836603185837685e-02
1.050959151715427424e+03 1.484806807247457741e-02
1.053471128997658070e+03 1.475823347807510809e-02
1.055986104731095338e+03 1.466886340480070931e-02
1.058504078915739228e+03 1.457995900340356733e-02
1.061025051551589740e+03 1.449152141930886220e-02
1.063549022638646875e+03 1.440355179267774170e-02
1.066075992176910404e+03 1.431605125847168654e-02
1.068605960166380783e+03 1.422902094651832920e-02
1.071138926607057556e+03 1.414246198157869359e-02
1.073674891498941179e+03 1.405637548341583803e-02
1.076213854842031424e+03 1.397076256686496584e-02
1.078755816636328063e+03 1.388562434190494452e-02
1.081300776881831325e+03 1.380096191373126994e-02
1.083848735578541437e+03 1.371677638283046695e-02
1.086399692726457943e+03 1.363306884505594181e-02
1.088953648325581071e+03 1.354984039170524165e-02
1.091510602375910821e+03 1.346709210959880221e-02
1.094070554877447194e+03 1.338482508116010765e-02
1.096633505830190188e+03 1.330304038449731802e-02
1.099199455234139805e+03 1.322173909348631042e-02
1.101768403089296044e+03 1.314092227785521733e-02
1.104340349395658905e+03 1.306059100327035781e-02
1.106915294153228388e+03 1.298074633142366589e-02
1.109493237362004493e+03 1.290138932012153093e-02
1.112074179021987220e+03 1.282252102337511773e-02
1.114658119133176342e+03 1.274414249149209873e-02
1.117245057695572314e+03 1.266625477116987628e-02
1.119834994709174680e+03 1.258885890559021531e-02
1.122427930173983896e+03 1.251195593451534874e-02
1.125023864089999506e+03 1.243554689438551228e-02
1.127622796457221966e+03 1.235963281841793819e-02
1.130224727275650821e+03 1.228421473670728015e-02
1.132829656545286298e+03 1.220929367632748314e-02
1.135437584266128624e+03 1.213487066143510359e-02
1.138048510438177345e+03 1.206094671337405028e-02
1.140662435061432689e+03 1.198752285078177361e-02
1.143279358135894654e+03 1.191460008969688796e-02
1.145899279661563241e+03 1.184217944366821630e-02
1.148522199638438451e+03 1.177026192386527309e-02
1.151148118066520283e+03 1.169884853919016081e-02
1.153777034945808737e+03 1.162794029639090815e-02
1.156408950276303813e+03 1.155753820017618901e-02
1.159043864058005283e+03 1.148764325333150385e-02
1.161681776290913604e+03 1.141825645683672806e-02
1.164322686975028546e+03 1.134937880998510180e-02
1.166966596110350338e+03 1.128101131050358689e-02
1.169613503696878524e+03 1.121315495467464958e-02
1.172263409734613106e+03 1.114581073745942418e-02
1.174916314223554537e+03 1.107897965262225753e-02
1.177572217163702362e+03 1.101266269285664651e-02
1.180231118555056810e+03 1.094686084991253541e-02
1.182893018397618107e+03 1.088157511472501171e-02
1.185557916691385799e+03 1.081680647754432872e-02
1.188225813436360113e+03 1.075255592806731095e-02
1.190896708632541049e+03 1.068882445557011070e-02
1.193570602279928607e+03 1.062561304904228662e-02
1.196247494378522788e+03 1.056292269732224225e-02
1.198927384928323590e+03 1.050075438923398982e-02
1.201610273929331015e+03 1.043910911372521177e-02
1.204296161381545062e+03 1.037798786000668563e-02
1.206985047284965503e+03 1.031739161769295102e-02
1.209676931639592794e+03 1.025732137694433145e-02
1.212371814445426708e+03 1.019777812861020518e-02
1.215069695702467016e+03 1.013876286437357700e-02
1.217770575410714173e+03 1.008027657689691825e-02
1.220474453570167725e+03 1.002232025996924701e-02
1.223181330180828127e+03 9.964894908654492109e-03
1.225891205242694923e+03 9.908001519441076571e-03
1.228604078755768342e+03 9.851641090392724079e-03
1.231319950720048610e+03 9.795814621300516153e-03
1.234038821135535272e+03 9.740523113836130689e-03
1.236760690002228557e+03 9.685767571706289589e-03
1.239485557320128464e+03 9.631549000808386010e-03
1.242213423089234993e+03 9.577868409387303369e-03
1.244944287309548145e+03 9.524726808193379260e-03
1.247678149981067918e+03 9.472125210641526433e-03
1.250415011103794313e+03 9.420064632971491755e-03
1.253154870677727331e+03 9.368546094409247946e-03
1.255897728702866743e+03 9.317570617329478180e-03
1.258643585179213005e+03 9.267139227419184805e-03
1.261392440106765889e+03 9.217252953842363164e-03
1.264144293485525168e+03 9.167912829405754430e-03
1.266899145315491296e+03 9.119119890725649671e-03
1.269656995596663819e+03 9.070875178395750374e-03
1.272417844329043191e+03 9.023179737156040298e-03
1.275181691512628959e+03 8.976034616062670418e-03
1.277948537147421348e+03 8.929440868658855210e-03
1.280718381233420587e+03 8.883399553146729966e-03
1.283491223770626220e+03 8.837911732560188235e-03
1.286267064759038476e+03 8.792978474938664690e-03
1.289045904198657354e+03 8.748600853501830449e-03
1.291827742089482854e+03 8.704779946825239034e-03
1.294612578431514976e+03 8.661516839016836222e-03
1.297400413224753720e+03 8.618812619894359803e-03
1.300191246469199086e+03 8.576668385163615377e-03
1.302985078164851075e+03 8.535085236597572678e-03
1.305781908311709685e+03 8.494064282216298029e-03
1.308581736909774691e+03 8.453606636467698651e-03
1.311384563959046545e+03 8.413713420409031987e-03
1.314190389459525022e+03 8.374385761889216462e-03
1.316999213411209894e+03 8.335624795731848280e-03
1.319811035814101615e+03 8.297431663918981501e-03
1.322625856668200186e+03 8.259807515775589859e-03
1.325443675973505151e+03 8.222753508154729413e-03
1.328264493730016511e+03 8.186270805623358654e-03
1.331088309937734493e+03 8.150360580648800465e-03
1.333915124596659325e+03 8.115024013785830312e-03
1.336744937706790552e+03 8.080262293864364648e-03
1.339577749268128400e+03 8.046076618177713108e-03
1.342413559280672871e+03 8.012468192671408362e-03
1.345252367744423964e+03 7.979438232132539041e-03
1.348094174659381679e+03 7.946987960379620422e-03
1.350938980025546016e+03 7.915118610452914413e-03
1.353786783842916975e+03 7.883831424805243931e-03
1.356637586111494556e+03 7.853127655493220144e-03
1.359491386831278533e+03 7.823008564368886045e-03
1.362348186002269358e+03 7.793475423271750344e-03
1.365207983624466806e+03 7.764529514221171769e-03
1.368070779697870648e+03 7.736172129609093784e-03
1.370936574222481340e+03 7.708404572393069872e-03
1.373805367198298427e+03 7.681228156289581985e-03
1.376677158625322363e+03 7.654644205967613135e-03
1.379551948503552694e+03 7.628654057242443762e-03
1.382429736832989647e+03 7.603259057269656264e-03
1.385310523613633222e+03 7.578460564739306071e-03
1.388194308845483647e+03 7.554259950070238427e-03
1.391081092528540466e+03 7.530658595604530076e-03
1.393970874662803908e+03 7.507657895802009873e-03
1.396863655248273972e+03 7.485259257434838387e-03
1.399759434284950657e+03 7.463464099782129990e-03
1.402658211772833965e+03 7.442273854824553274e-03
1.405559987711923895e+03 7.421689967438922786e-03
1.408464762102220220e+03 7.401713895592718778e-03
1.411372534943723394e+03 7.382347110538511545e-03
1.414283306236433191e+03 7.363591097008284278e-03
1.417197075980349382e+03 7.345447353407569442e-03
1.420113844175472423e+03 7.327917392009432491e-03
1.423033610821801858e+03 7.311002739148213594e-03
1.425956375919338143e+03 7.294704935413036904e-03
1.428882139468080823e+03 7.279025535841024061e-03
1.431810901468030352e+03 7.263966110110200644e-03
1.434742661919186276e+03 7.249528242732047878e-03
1.437677420821548822e+03 7.235713533243671829e-03
1.440615178175117990e+03 7.222523596399564941e-03
1.443555933979894007e+03 7.209960062362900934e-03
1.446499688235876420e+03 7.198024576896352653e-03
1.449446440943065454e+03 7.186718801552392094e-03
1.452396192101461111e+03 7.176044413863020589e-03
1.455348941711063389e+03 7.166003107528924783e-03
1.458304689771872290e+03 7.156596592607986432e-03
1.461263436283887586e+03 7.147826595703140815e-03
1.464225181247109731e+03 7.139694860149523037e-03
1.467189924661538498e+03 7.132203146200888355e-03
1.470157666527173660e+03 7.125353231215242333e-03
1.473128406844015672e+03 7.119146909839667824e-03
1.476102145612064305e+03 7.113585994194297595e-03
1.479078882831319333e+03 7.108672314055397047e-03
1.482058618501780984e+03 7.104407717037511047e-03
1.485041352623449484e+03 7.100794068774663598e-03
1.488027085196325061e+03 7.097833253100522752e-03
1.491015816220406577e+03 7.095527172227544636e-03
1.494007545695694716e+03 7.093877746925015063e-03
1.497002273622189477e+03 7.092886916695970503e-03
1.499999999999890861e+03 7.092556639952955939e-03
