0.000000000000000000e+00 9.134968854099104751e-01
2.078119897502626434e-05 9.124148617265209760e-01
4.352279595010249372e-05 9.112307651823844390e-01
6.822479092522875592e-05 9.099445957862632994e-01
9.488718390040502381e-05 9.085563535478784480e-01
1.235099748756312839e-04 9.070660384779769547e-01
1.540931638509075632e-04 9.054736505883694830e-01
1.866367508262337669e-04 9.037791898920126687e-01
2.211407358016100034e-04 9.019826564030574145e-01
2.576051187770363269e-04 9.000840501369214985e-01
2.960298997525126832e-04 8.980833711103697325e-01
3.364150787280388555e-04 8.959806193415815745e-01
3.787606557036150606e-04 8.937757948502413896e-01
4.230666306792412444e-04 8.914688976576126134e-01
4.693330036549174067e-04 8.890599277866386707e-01
5.175597746306437102e-04 8.865488852620299065e-01
5.677469436064200466e-04 8.839357701103650600e-01
6.198945105822462531e-04 8.812205823601922949e-01
6.740024755581224382e-04 8.784033220421296750e-01
7.300708385340486020e-04 8.754839891889882875e-01
7.880995995100251780e-04 8.724625838358721630e-01
8.480887584860512989e-04 8.693391060203093934e-01
9.100383154621275068e-04 8.661135557823647080e-01
9.739482704382536934e-04 8.627859331647739216e-01
1.039818623414429750e-03 8.593562382130713884e-01
1.107649374390655894e-03 8.558244709757243385e-01
1.177440523366932558e-03 8.521906315042746538e-01
1.249192070343258659e-03 8.484547198534820867e-01
1.322904015319634847e-03 8.446167360814674785e-01
1.398576358296060905e-03 8.406766802498738533e-01
1.476209099272537051e-03 8.366345524240114129e-01
1.555802238249063716e-03 8.324903526730241810e-01
1.637355775225640036e-03 8.282440810700518741e-01
1.720869710202266008e-03 8.238957376924004317e-01
1.806344043178942285e-03 8.194453226217092157e-01
1.893778774155669082e-03 8.148928359441357516e-01
1.983173903132445098e-03 8.102382777505261480e-01
2.074529430109271419e-03 8.054816481366101621e-01
2.167845355086147393e-03 8.006229472031812788e-01
2.263121678063073454e-03 7.956621750562943296e-01
2.360358399040050469e-03 7.905993318074651111e-01
2.459555518017076271e-03 7.854344175738623424e-01
2.560713034994152593e-03 7.801674324785246029e-01
2.663830949971278568e-03 7.747983766505583958e-01
2.768909262948454630e-03 7.693272502253635237e-01
2.875947973925680780e-03 7.637540533448387015e-01
2.984947082902957450e-03 7.580787861576124831e-01
3.095906589880283773e-03 7.523014488192654170e-01
3.208826494857659750e-03 7.464220414925577529e-01
3.323706797835085814e-03 7.404405643476693610e-01
3.440547498812561965e-03 7.343570175624317686e-01
3.559348597790088636e-03 7.281714013225735194e-01
3.680110094767664961e-03 7.218837158219656436e-01
3.802831989745290939e-03 7.154939612628739010e-01
3.927514282722965704e-03 7.090021378562090248e-01
4.054156973700691856e-03 7.024082458217879577e-01
4.182760062678468095e-03 6.957122853885971958e-01
4.313323549656295289e-03 6.889142567950564677e-01
4.445847434634171702e-03 6.820141602892922927e-01
4.580331717612097335e-03 6.750119961294106519e-01
4.716776398590073922e-03 6.679077645837756538e-01
4.855181477568099729e-03 6.607014659312933080e-01
4.995546954546175623e-03 6.533931004616985172e-01
5.137872829524301604e-03 6.459826684758434023e-01
5.282159102502477672e-03 6.384701702859959527e-01
5.428405773480703828e-03 6.308556062161337907e-01
5.576612842458980070e-03 6.231389766022522592e-01
5.726780309437305531e-03 6.153202817926655133e-01
5.878908174415681948e-03 6.073995221483236007e-01
6.032996437394107583e-03 5.993766980431212144e-01
6.189045098372585908e-03 5.912518098642199904e-01
6.347054157351111718e-03 5.830248580123693625e-01
6.507023614329687615e-03 5.746958429022328563e-01
6.668953469308313599e-03 5.662647649627221558e-01
6.832843722286989670e-03 5.577316246373249520e-01
6.998694373265715828e-03 5.490964223844487790e-01
7.166505422244492073e-03 5.403591586777615197e-01
7.336276869223317537e-03 5.315198340065357963e-01
7.508008714202193956e-03 5.225784488760009117e-01
7.681700957181119595e-03 5.135350038076967882e-01
7.857353598160098790e-03 5.043894993398287951e-01
8.034966637139125470e-03 4.951419360276336779e-01
8.214540074118200502e-03 4.857923144437398810e-01
8.396073909097327356e-03 4.763406351785410831e-01
8.579568142076502563e-03 4.667868988405656783e-01
8.765022773055727856e-03 4.571311060568559737e-01
8.952437802035004971e-03 4.473732574733465528e-01
9.141813229014330439e-03 4.375133537552506890e-01
9.333149053993705993e-03 4.275513955874453154e-01
9.526445276973131635e-03 4.174873836748660971e-01
9.721701897952607363e-03 4.073213187428996740e-01
9.918918916932136648e-03 3.970532015377845614e-01
1.011809633391171255e-02 3.866830328270132733e-01
1.031923414889133854e-02 3.762108133997386084e-01
1.052233236187101462e-02 3.656365440671829892e-01
1.072739097285074078e-02 3.549602256630536301e-01
1.093440998183051703e-02 3.441818590439577052e-01
1.114338938881034163e-02 3.333014450898239556e-01
1.135432919379021806e-02 3.223189847043277934e-01
1.156722939677014457e-02 3.112344788153166286e-01
1.178208999775011943e-02 3.000479283752442439e-01
1.199891099673014612e-02 2.887593343616027264e-01
1.221769239371022463e-02 2.773686977773617279e-01
1.243843418869035149e-02 2.658760196514106666e-01
1.266113638167052670e-02 2.542813010390026496e-01
1.288579897265075200e-02 2.425845430222031973e-01
1.311242196163102738e-02 2.307857467103420490e-01
1.334100534861135459e-02 2.188849132404681597e-01
1.357154913359173015e-02 2.068820437778077503e-01
1.380405331657215580e-02 1.947771395162258279e-01
1.403851789755263153e-02 1.825702016786915627e-01
1.427494287653315735e-02 1.702612315177452207e-01
1.451332825351373326e-02 1.578502303159705078e-01
1.475367402849436273e-02 1.453371993864677747e-01
1.499598020147503881e-02 1.327221400733321066e-01
1.524024677245576498e-02 1.200050537521333976e-01
1.548647374143653950e-02 1.078096287361682004e-01
1.573466110841736931e-02 1.044707670697023194e-01
1.598480887339824227e-02 1.034498536067965935e-01
1.623691703637917053e-02 1.029589524042759802e-01
1.649098559736014366e-02 1.026558393796868501e-01
1.674701455634117209e-02 1.024430467005118806e-01
1.700500391332224540e-02 1.022818577082427460e-01
1.726495366830337400e-02 1.021535061324869570e-01
1.752686382128455442e-02 1.020476417043626044e-01
1.779073437226577625e-02 1.019580168406149095e-01
1.805656532124705685e-02 1.018806009357018233e-01
1.832435666822837886e-02 1.018126573673358848e-01
1.859410841320975616e-02 1.017522513697154407e-01
1.886582055619118528e-02 1.016979694316614141e-01
1.913949309717265929e-02 1.016487504157671806e-01
1.941512603615418858e-02 1.016037792910537696e-01
1.969271937313575929e-02 1.015624177236290060e-01
1.997227310811738876e-02 1.015241572804808784e-01
2.025378724109906312e-02 1.014885870057364720e-01
2.053726177208079276e-02 1.014553704149592367e-01
2.082269670106256382e-02 1.014242288276613613e-01
2.111009202804439364e-02 1.013949290666847913e-01
2.139944775302626487e-02 1.013672742295756435e-01
2.169076387600819486e-02 1.013410966617142583e-01
2.198404039699017321e-02 1.013162525340578907e-01
2.227927731597219643e-02 1.012926176082521584e-01
2.257647463295427495e-02 1.012700838924029817e-01
2.287563234793639835e-02 1.012485569735134261e-01
2.317675046091857705e-02 1.012279538698458575e-01
2.347982897190080062e-02 1.012082012870909598e-01
2.378486788088307949e-02 1.011892341912192794e-01
2.409186718786539977e-02 1.011709946319042652e-01
2.440082689284778228e-02 1.011534307659561205e-01
2.471174699583020273e-02 1.011364960415709335e-01
2.502462749681268195e-02 1.011201485128947059e-01
2.533946839579521298e-02 1.011043502608742622e-01
2.565626969277778543e-02 1.010890669013553567e-01
2.597503138776041318e-02 1.010742671652522240e-01
2.629575348074308580e-02 1.010599225385469119e-01
2.661843597172581372e-02 1.010460069522879506e-01
2.694307886070858651e-02 1.010324965144868276e-01
2.726968214769141807e-02 1.010193692774188357e-01
2.759824583267428758e-02 1.010066050348266131e-01
2.792876991565721931e-02 1.009941851446377187e-01
2.826125439664019939e-02 1.009820923734153775e-01
2.859569927562322089e-02 1.009703107594716320e-01
2.893210455260630115e-02 1.009588254920428529e-01
2.927047022758941935e-02 1.009476228043062057e-01
2.961079630057259979e-02 1.009366898784398447e-01
2.995308277155582163e-02 1.009260147610849673e-01
3.029732964053910224e-02 1.009155862879546478e-01
3.064353690752242426e-02 1.009053940163658764e-01
3.099170457250580504e-02 1.008954281647764240e-01
3.134183263548922377e-02 1.008856795584516103e-01
3.169392109647270472e-02 1.008761395805395922e-01
3.204796995545623056e-02 1.008668001279368204e-01
3.240397921243980128e-02 1.008576535713818639e-01
3.276194886742343076e-02 1.008486927193154581e-01
3.312187892040710513e-02 1.008399107850853765e-01
3.348376937139083825e-02 1.008313013571387057e-01
3.384762022037460932e-02 1.008228583718782795e-01
3.421343146735843915e-02 1.008145760889083559e-01
3.458120311234230693e-02 1.008064490684266873e-01
3.495093515532624040e-02 1.007984721505306019e-01
3.532262759631021182e-02 1.007906404362741981e-01
3.569628043529424199e-02 1.007829492702717461e-01
3.607189367227831706e-02 1.007753942247229806e-01
3.644946730726244394e-02 1.007679710847187021e-01
3.682900134024662264e-02 1.007606758346917819e-01
3.721049577123083929e-02 1.007535046459383243e-01
3.759395060021512164e-02 1.007464538650768848e-01
3.797936582719944193e-02 1.007395200033894406e-01
3.836674145218382098e-02 1.007326997269515911e-01
3.875607747516824492e-02 1.007259898474817950e-01
3.914737389615272761e-02 1.007193873138619716e-01
3.954063071513724825e-02 1.007128892042564311e-01
3.993584793212182765e-02 1.007064927187878989e-01
4.033302554710645887e-02 1.007001951727210659e-01
4.073216356009112804e-02 1.006939939901160402e-01
4.113326197107585597e-02 1.006878866979098452e-01
4.153632078006062878e-02 1.006818709203934764e-01
4.194133998704546035e-02 1.006759443740553039e-01
4.234831959203032986e-02 1.006701048627567374e-01
4.275725959501525814e-02 1.006643502732251644e-01
4.316815999600023129e-02 1.006586785708263460e-01
4.358102079498526321e-02 1.006530877956076098e-01
4.399584199197033307e-02 1.006475760585851531e-01
4.441262358695546170e-02 1.006421415382605100e-01
4.483136557994064214e-02 1.006367824773424235e-01
4.525206797092586747e-02 1.006314971796801599e-01
4.567473075991114462e-02 1.006262840073592207e-01
4.609935394689646665e-02 1.006211413779802416e-01
4.652593753188184744e-02 1.006160677620986516e-01
4.695448151486726618e-02 1.006110616807962405e-01
4.738498589585275061e-02 1.006061217034040639e-01
4.781745067483826606e-02 1.006012464453523020e-01
4.825187585182384720e-02 1.005964345661289894e-01
4.868826142680946628e-02 1.005916847673624104e-01
4.912660739979515107e-02 1.005869957910035944e-01
4.956691377078088073e-02 1.005823664176069832e-01
5.000918053976664834e-02 1.005777954646966954e-01
5.045340770675248165e-02 1.005732817852331568e-01
5.089959527173835291e-02 1.005688242661448434e-01
5.134774323472428292e-02 1.005644218269434315e-01
5.179785159571025088e-02 1.005600734184102785e-01
5.224992035469628454e-02 1.005557780213473251e-01
5.270394951168235614e-02 1.005515346453892955e-01
5.315993906666848651e-02 1.005473423278789580e-01
5.361788901965465481e-02 1.005432001327946079e-01
5.407779937064088882e-02 1.005391071497281352e-01
5.453967011962716771e-02 1.005350624929221837e-01
5.500350126661349148e-02 1.005310653003385624e-01
5.546929281159986708e-02 1.005271147327805870e-01
5.593704475458628755e-02 1.005232099730583029e-01
5.640675709557277373e-02 1.005193502251844340e-01
5.687842983455929091e-02 1.005155347136100080e-01
5.735206297154587379e-02 1.005117626825049321e-01
5.782765650653248768e-02 1.005080333950507665e-01
5.830521043951917420e-02 1.005043461327888993e-01
5.878472477050590561e-02 1.005007001949763945e-01
5.926619949949267496e-02 1.004970948979861112e-01
5.974963462647950307e-02 1.004935295747231283e-01
6.023503015146637607e-02 1.004900035740702302e-01
6.072238607445330782e-02 1.004865162603590101e-01
6.121170239544027752e-02 1.004830670128580988e-01
6.170297911442730598e-02 1.004796552252884972e-01
6.219621623141437933e-02 1.004762803053566439e-01
6.269141374640151143e-02 1.004729416743039283e-01
6.318857165938866760e-02 1.004696387664829327e-01
6.368768997037589641e-02 1.004663710289406681e-01
6.418876867936318398e-02 1.004631379210272624e-01
6.469180778635051643e-02 1.004599389140129057e-01
6.519680729133789376e-02 1.004567734907303722e-01
6.570376719432530210e-02 1.004536411452165295e-01
6.621268749531278308e-02 1.004505413823824633e-01
6.672356819430030894e-02 1.004474737176895005e-01
6.723640929128789356e-02 1.004444376768350161e-01
6.775121078627552307e-02 1.004414327954585295e-01
6.826797267926318358e-02 1.004384586188492579e-01
6.878669497025091673e-02 1.004355147016736255e-01
6.930737765923869476e-02 1.004326006077043143e-01
6.983002074622653155e-02 1.004297159095676462e-01
7.035462423121441322e-02 1.004268601884930612e-01
7.088118811420231202e-02 1.004240330340775977e-01
7.140971239519029734e-02 1.004212340440520657e-01
7.194019707417832754e-02 1.004184628240643029e-01
7.247264215116641650e-02 1.004157189874610168e-01
7.300704762615452259e-02 1.004130021550844465e-01
7.354341349914270132e-02 1.004103119550725093e-01
7.408173977013092493e-02 1.004076480226648443e-01
7.462202643911922118e-02 1.004050100000199452e-01
7.516427350610754843e-02 1.004023975360354010e-01
7.570848097109590669e-02 1.003998102861707042e-01
7.625464883408433758e-02 1.003972479122864914e-01
7.680277709507281336e-02 1.003947100824768568e-01
7.735286575406134790e-02 1.003921964709159759e-01
7.790491481104989957e-02 1.003897067577048663e-01
7.845892426603853775e-02 1.003872406287278085e-01
7.901489411902722082e-02 1.003847977755062126e-01
7.957282437001594877e-02 1.003823778950640455e-01
8.013271501900470772e-02 1.003799806897980595e-01
8.069456606599353932e-02 1.003776058673401250e-01
8.125837751098241579e-02 1.003752531404419474e-01
8.182414935397135103e-02 1.003729222268499172e-01
8.239188159496033115e-02 1.003706128491870658e-01
8.296157423394934227e-02 1.003683247348428342e-01
8.353322727093842603e-02 1.003660576158605239e-01
8.410684070592755468e-02 1.003638112288301465e-01
8.468241453891674209e-02 1.003615853147893922e-01
8.525994876990593274e-02 1.003593796191148690e-01
8.583944339889522379e-02 1.003571938914334521e-01
8.642089842588455972e-02 1.003550278855231681e-01
8.700431385087394054e-02 1.003528813592197283e-01
8.758968967386336624e-02 1.003507540743314858e-01
8.817702589485282294e-02 1.003486457965499234e-01
8.876632251384235228e-02 1.003465562953667206e-01
8.935757953083194038e-02 1.003444853439894868e-01
8.995079694582157337e-02 1.003424327192672105e-01
9.054597475881122348e-02 1.003403982016073948e-01
9.114311296980096011e-02 1.003383815749031571e-01
9.174221157879074162e-02 1.003363826264633135e-01
9.234327058578056802e-02 1.003344011469324004e-01
9.294628999077042542e-02 1.003324369302340952e-01
9.355126979376035545e-02 1.003304897734922096e-01
9.415820999475034425e-02 1.003285594769711270e-01
9.476711059374037793e-02 1.003266458440107284e-01
9.537797159073045650e-02 1.003247486809662886e-01
9.599079298572055219e-02 1.003228677971431115e-01
9.660557477871074827e-02 1.003210030047419626e-01
9.722231696970097536e-02 1.003191541188003799e-01
9.784101955869126122e-02 1.003173209571372043e-01
9.846168254568156419e-02 1.003155033402938767e-01
9.908430593067193981e-02 1.003137010914913196e-01
9.970888971366237419e-02 1.003119140365662937e-01
1.003354338946528534e-01 1.003101420039284042e-01
1.009639384736433915e-01 1.003083848245083787e-01
1.015944034506339466e-01 1.003066423317116040e-01
1.022268288256245744e-01 1.003049143613695127e-01
1.028612145986152610e-01 1.003032007516934665e-01
1.034975607696059924e-01 1.003015013432338037e-01
1.041358673385967409e-01 1.002998159788314886e-01
1.047761343055875760e-01 1.002981445035784902e-01
1.054183616705784560e-01 1.002964867647775232e-01
1.060625494335693947e-01 1.002948426118968617e-01
1.067086975945603783e-01 1.002932118965365604e-01
1.073568061535513790e-01 1.002915944723846570e-01
1.080068751105424663e-01 1.002899901951838091e-01
1.086589044655335984e-01 1.002883989226917433e-01
1.093128942185247754e-01 1.002868205146447977e-01
1.099688443695159834e-01 1.002852548327264615e-01
1.106267549185072641e-01 1.002837017405288356e-01
1.112866258654986035e-01 1.002821611035202426e-01
1.119484572104899878e-01 1.002806327890136684e-01
1.126122489534813753e-01 1.002791166661346767e-01
1.132780010944728633e-01 1.002776126057868256e-01
1.139457136334643961e-01 1.002761204806243145e-01
1.146153865704559877e-01 1.002746401650221469e-01
1.152870199054476102e-01 1.002731715350439756e-01
1.159606136384392638e-01 1.002717144684143052e-01
1.166361677694310039e-01 1.002702688444916529e-01
1.173136822984227889e-01 1.002688345442415141e-01
1.179931572254146188e-01 1.002674114502056235e-01
1.186745925504064658e-01 1.002659994464798338e-01
1.193579882733983993e-01 1.002645984186862210e-01
1.200433443943903777e-01 1.002632082539474806e-01
1.207306609133824149e-01 1.002618288408627101e-01
1.214199378303744969e-01 1.002604600694864262e-01
1.221111751453665961e-01 1.002591018312960075e-01
1.228043728583587818e-01 1.002577540191791766e-01
1.234995309693510124e-01 1.002564165274037050e-01
1.241966494783433017e-01 1.002550892515988862e-01
1.248957283853355943e-01 1.002537720887308192e-01
1.255967676903279873e-01 1.002524649370826748e-01
1.262997673933204390e-01 1.002511676962363762e-01
1.270047274943129079e-01 1.002498802670457601e-01
1.277116479933054216e-01 1.002486025516208107e-01
1.284205288902980080e-01 1.002473344533088978e-01
1.291313701852906393e-01 1.002460758766700044e-01
1.298441718782833154e-01 1.002448267274643340e-01
1.305589339692760642e-01 1.002435869126290097e-01
1.312756564582688024e-01 1.002423563402608797e-01
1.319943393452616409e-01 1.002411349196003776e-01
1.327149826302545244e-01 1.002399225610120237e-01
1.334375863132474527e-01 1.002387191759664536e-01
1.341621503942403981e-01 1.002375246770274564e-01
1.348886748732334440e-01 1.002363389778297559e-01
1.356171597502265069e-01 1.002351619930678950e-01
1.363476050252196425e-01 1.002339936384775837e-01
1.370800106982128508e-01 1.002328338308196287e-01
1.378143767692060206e-01 1.002316824878663748e-01
1.385507032381993187e-01 1.002305395283850237e-01
1.392889901051926616e-01 1.002294048721237840e-01
1.400292373701860493e-01 1.002282784397970361e-01
1.407714450331794265e-01 1.002271601530707601e-01
1.415156130941729040e-01 1.002260499345484918e-01
1.422617415531664542e-01 1.002249477077580275e-01
1.430098304101600493e-01 1.002238533971388096e-01
1.437598796651536337e-01 1.002227669280247729e-01
1.445118893181473185e-01 1.002216882266362685e-01
1.452658593691410482e-01 1.002206172200648532e-01
1.460217898181348506e-01 1.002195538362593147e-01
1.467796806651286701e-01 1.002184980040166928e-01
1.475395319101225067e-01 1.002174496529670417e-01
1.483013435531164437e-01 1.002164087135633957e-01
1.490651155941104256e-01 1.002153751170687668e-01
1.498308480331044801e-01 1.002143487955454576e-01
1.505985408700985240e-01 1.002133296818447095e-01
1.513681941050926405e-01 1.002123177095920192e-01
1.521398077380868297e-01 1.002113128131806308e-01
1.529133817690810637e-01 1.002103149277583510e-01
1.536889161980753704e-01 1.002093239892162119e-01
1.544664110250696387e-01 1.002083399341803516e-01
1.552458662500640352e-01 1.002073627000007461e-01
1.560272818730584765e-01 1.002063922247403566e-01
1.568106578940529627e-01 1.002054284471668028e-01
1.575959943130474383e-01 1.002044713067416631e-01
1.583832911300420421e-01 1.002035207436105108e-01
1.591725483450366629e-01 1.002025766985944893e-01
1.599637659580313565e-01 1.002016391131819034e-01
1.607569439690260948e-01 1.002007079295168246e-01
1.615520823780208504e-01 1.001997830903913617e-01
1.623491811850156785e-01 1.001988645392374172e-01
1.631482403900105516e-01 1.001979522201164735e-01
1.639492599930054972e-01 1.001970460777140415e-01
1.647522399940004323e-01 1.001961460573274759e-01
1.655571803929954677e-01 1.001952521048609379e-01
1.663640811899905481e-01 1.001943641668150975e-01
1.671729423849857010e-01 1.001934821902811384e-01
1.679837639779808434e-01 1.001926061229307524e-01
1.687965459689760583e-01 1.001917359130107127e-01
1.696112883579713460e-01 1.001908715093334096e-01
1.704279911449667062e-01 1.001900128612700086e-01
1.712466543299620836e-01 1.001891599187449966e-01
1.720672779129574781e-01 1.001883126322235668e-01
1.728898618939529452e-01 1.001874709527126456e-01
1.737144062729484850e-01 1.001866348317456690e-01
1.745409110499440697e-01 1.001858042213811112e-01
1.753693762249396715e-01 1.001849790741945051e-01
1.761998017979353459e-01 1.001841593432690469e-01
1.770321877689310930e-01 1.001833449821935423e-01
1.778665341379268849e-01 1.001825359450519148e-01
1.787028409049227218e-01 1.001817321864204441e-01
1.795411080699185480e-01 1.001809336613566359e-01
1.803813356329145023e-01 1.001801403253988476e-01
1.812235235939104738e-01 1.001793521345553800e-01
1.820676719529065180e-01 1.001785690453009942e-01
1.829137807099025514e-01 1.001777910145714851e-01
1.837618498648986853e-01 1.001770179997536342e-01
1.846118794178948919e-01 1.001762499586871941e-01
1.854638693688911155e-01 1.001754868496505940e-01
1.863178197178873563e-01 1.001747286313613428e-01
1.871737304648836975e-01 1.001739752629691588e-01
1.880316016098800835e-01 1.001732267040481017e-01
1.888914331528765145e-01 1.001724829145958368e-01
1.897532250938729903e-01 1.001717438550231432e-01
1.906169774328694833e-01 1.001710094861535394e-01
1.914826901698660766e-01 1.001702797692150954e-01
1.923503633048627148e-01 1.001695546658368796e-01
1.932199968378593979e-01 1.001688341380423397e-01
1.940915907688560982e-01 1.001681181482473454e-01
1.949651450978528711e-01 1.001674066592529999e-01
1.958406598248497166e-01 1.001666996342407273e-01
1.967181349498466070e-01 1.001659970367704128e-01
1.975975704728435423e-01 1.001652988307720621e-01
1.984789663938404669e-01 1.001646049805439420e-01
1.993623227128375197e-01 1.001639154507483059e-01
2.002476394298345896e-01 1.001632302064035529e-01
2.011349165448317322e-01 1.001625492128850187e-01
2.020241540578288642e-01 1.001618724359159968e-01
2.029153519688260965e-01 1.001611998415669613e-01
2.038085102778234015e-01 1.001605313962498911e-01
2.047036289848207236e-01 1.001598670667135510e-01
2.056007080898180628e-01 1.001592068200405639e-01
2.064997475928155024e-01 1.001585506236437884e-01
2.074007474938129869e-01 1.001578984452610455e-01
2.083037077928105441e-01 1.001572502529523151e-01
2.092086284898081183e-01 1.001566060150952953e-01
2.101155095848057097e-01 1.001559657003819603e-01
2.110243510778034015e-01 1.001553292778155774e-01
2.119351529688011382e-01 1.001546967167046137e-01
2.128479152577989197e-01 1.001540679866625150e-01
2.137626379447967184e-01 1.001534430576025286e-01
2.146793210297945897e-01 1.001528218997317782e-01
2.155979645127925337e-01 1.001522044835537334e-01
2.165185683937905226e-01 1.001515907798572191e-01
2.174411326727885563e-01 1.001509807597216611e-01
2.183656573497865794e-01 1.001503743945052066e-01
2.192921424247847306e-01 1.001497716558468337e-01
2.202205878977829268e-01 1.001491725156627988e-01
2.211509937687811678e-01 1.001485769461415015e-01
2.220833600377793982e-01 1.001479849197399186e-01
2.230176867047777289e-01 1.001473964091853242e-01
2.239539737697761046e-01 1.001468113874650345e-01
2.248922212327745529e-01 1.001462298278290447e-01
2.258324290937730461e-01 1.001456517037849214e-01
2.267745973527715286e-01 1.001450769890955272e-01
2.277187260097701116e-01 1.001445056577740522e-01
2.286648150647687394e-01 1.001439376840846385e-01
2.296128645177674399e-01 1.001433730425361074e-01
2.305628743687661297e-01 1.001428117078830698e-01
2.315148446177649200e-01 1.001422536551183073e-01
2.324687752647637551e-01 1.001416988594732438e-01
2.334246663097626351e-01 1.001411472964173904e-01
2.343825177527615322e-01 1.001405989416496445e-01
2.353423295937605020e-01 1.001400537711002042e-01
2.363041018327595444e-01 1.001395117609272245e-01
2.372678344697586317e-01 1.001389728875144436e-01
2.382335275047577638e-01 1.001384371274665064e-01
2.392011809377569131e-01 1.001379044576095612e-01
2.401707947687561351e-01 1.001373748549874432e-01
2.411423689977554297e-01 1.001368482968585244e-01
2.421159036247547691e-01 1.001363247606945756e-01
2.430913986497540979e-01 1.001358042241773244e-01
2.440688540727535549e-01 1.001352866651979284e-01
2.450482698937530290e-01 1.001347720618526727e-01
2.460296461127525758e-01 1.001342603924409852e-01
2.470129827297521674e-01 1.001337516354659646e-01
2.479982797447517484e-01 1.001332457696271772e-01
2.489855371577514298e-01 1.001327427738240849e-01
2.499747549687511561e-01 1.001322426271486071e-01
2.509659331777509550e-01 1.001317453088882564e-01
2.519590717847506878e-01 1.001312507985182565e-01
2.529541707897505765e-01 1.001307590757060106e-01
2.539512301927505100e-01 1.001302701203027334e-01
2.549502499937504885e-01 1.001297839123460182e-01
2.559512301927505673e-01 1.001293004320559371e-01
2.569541707897506355e-01 1.001288196598327518e-01
2.579590717847507486e-01 1.001283415762563161e-01
2.589659331777509621e-01 1.001278661620833565e-01
2.599747549687512205e-01 1.001273933982450709e-01
2.609855371577514682e-01 1.001269232658462405e-01
2.619982797447518164e-01 1.001264557461637034e-01
2.630129827297520984e-01 1.001259908206424271e-01
2.640296461127525363e-01 1.001255284708967158e-01
2.650482698937530190e-01 1.001250686787055061e-01
2.660688540727535467e-01 1.001246114260132269e-01
2.670913986497541748e-01 1.001241566949259698e-01
2.681159036247547922e-01 1.001237044677109611e-01
2.691423689977554545e-01 1.001232547267947026e-01
2.701707947687562172e-01 1.001228074547607233e-01
2.712011809377570248e-01 1.001223626343495376e-01
2.722335275047577108e-01 1.001219202484544962e-01
2.732678344697586081e-01 1.001214802801222575e-01
2.743041018327595504e-01 1.001210427125509561e-01
2.753423295937605375e-01 1.001206075290869968e-01
2.763825177527615695e-01 1.001201747132262482e-01
2.774246663097627019e-01 1.001197442486099071e-01
2.784687752647638237e-01 1.001193161190246095e-01
2.795148446177649904e-01 1.001188903083996967e-01
2.805628743687662574e-01 1.001184668008076456e-01
2.816128645177674028e-01 1.001180455804603908e-01
2.826648150647687596e-01 1.001176266317100466e-01
2.837187260097701613e-01 1.001172099390445769e-01
2.847745973527716079e-01 1.001167954870903209e-01
2.858324290937730994e-01 1.001163832606069976e-01
2.868922212327746357e-01 1.001159732444880102e-01
2.879539737697762170e-01 1.001155654237607245e-01
2.890176867047778431e-01 1.001151597835795715e-01
2.900833600377795141e-01 1.001147563092321530e-01
2.911509937687811744e-01 1.001143549861331222e-01
2.922205878977829352e-01 1.001139557998227958e-01
2.932921424247847964e-01 1.001135587359687773e-01
2.943656573497866469e-01 1.001131637803620855e-01
2.954411326727885978e-01 1.001127709189171405e-01
2.965185683937905936e-01 1.001123801376706118e-01
2.975979645127926343e-01 1.001119914227793090e-01
2.986793210297947199e-01 1.001116047605198900e-01
2.997626379447967393e-01 1.001112201372869326e-01
3.008479152577989146e-01 1.001108375395928785e-01
3.019351529688011904e-01 1.001104569540654798e-01
3.030243510778034555e-01 1.001100783674473693e-01
3.041155095848058210e-01 1.001097017665955879e-01
3.052086284898081758e-01 1.001093271384789485e-01
3.063037077928106311e-01 1.001089544701778411e-01
3.074007474938131312e-01 1.001085837488839420e-01
3.084997475928156763e-01 1.001082149618966605e-01
3.096007080898180996e-01 1.001078480966255263e-01
3.107036289848207899e-01 1.001074831405854848e-01
3.118085102778234696e-01 1.001071200813989370e-01
3.129153519688261942e-01 1.001067589067925895e-01
3.140241540578289636e-01 1.001063996045979815e-01
3.151349165448318335e-01 1.001060421627490149e-01
3.162476394298346927e-01 1.001056865692821485e-01
3.173623227128376523e-01 1.001053328123347463e-01
3.184789663938406568e-01 1.001049808801445229e-01
3.195975704728435396e-01 1.001046307610482938e-01
3.207181349498466338e-01 1.001042824434805328e-01
3.218406598248497730e-01 1.001039359159746761e-01
3.229651450978529570e-01 1.001035911671579737e-01
3.240915907688562414e-01 1.001032481857555695e-01
3.252199968378595152e-01 1.001029069605856164e-01
3.263503633048628338e-01 1.001025674805607890e-01
3.274826901698662529e-01 1.001022297346854661e-01
3.286169774328696613e-01 1.001018937120570773e-01
3.297532250938730591e-01 1.001015594018638544e-01
3.308914331528765573e-01 1.001012267933824723e-01
3.320316016098801559e-01 1.001008958759820322e-01
3.331737304648837994e-01 1.001005666391169557e-01
3.343178197178874878e-01 1.001002390723316066e-01
3.354638693688912210e-01 1.000999131652554330e-01
3.366118794178950546e-01 1.000995889076051470e-01
3.377618498648988776e-01 1.000992662891821705e-01
3.389137807099027455e-01 1.000989452998721774e-01
3.400676719529066028e-01 1.000986259296445108e-01
3.412235235939105604e-01 1.000983081685521275e-01
3.423813356329146185e-01 1.000979920067284618e-01
3.435411080699187214e-01 1.000976774343896730e-01
3.447028409049228137e-01 1.000973644418317182e-01
3.458665341379270064e-01 1.000970530194312813e-01
3.470321877689312440e-01 1.000967431576427064e-01
3.481998017979355819e-01 1.000964348470004261e-01
3.493693762249399093e-01 1.000961280781142021e-01
3.505409110499441705e-01 1.000958228416732876e-01
3.517144062729485876e-01 1.000955191284420009e-01
3.528898618939531051e-01 1.000952169292593646e-01
3.540672779129576120e-01 1.000949162350407706e-01
3.552466543299622193e-01 1.000946170367743721e-01
3.564279911449668714e-01 1.000943193255238034e-01
3.576112883579715684e-01 1.000940230924228375e-01
3.587965459689763104e-01 1.000937283286795348e-01
3.599837639779809306e-01 1.000934350255727884e-01
3.611729423849858178e-01 1.000931431744525868e-01
3.623640811899906944e-01 1.000928527667384882e-01
3.635571803929956158e-01 1.000925637939199531e-01
3.647522399940006377e-01 1.000922762475559002e-01
3.659492599930056489e-01 1.000919901192738048e-01
3.671482403900107605e-01 1.000917054007680190e-01
3.683491811850159170e-01 1.000914220837997859e-01
3.695520823780210629e-01 1.000911401601989326e-01
3.707569439690261981e-01 1.000908596218585966e-01
3.719637659580314892e-01 1.000905804607401112e-01
3.731725483450368253e-01 1.000903026688664127e-01
3.743832911300422062e-01 1.000900262383278422e-01
3.755959943130476320e-01 1.000897511612763441e-01
3.768106578940531581e-01 1.000894774299279227e-01
3.780272818730586737e-01 1.000892050365605052e-01
3.792458662500642896e-01 1.000889339735147182e-01
3.804664110250698950e-01 1.000886642331918763e-01
3.816889161980754896e-01 1.000883958080554664e-01
3.829133817690812402e-01 1.000881286906279422e-01
3.841398077380869802e-01 1.000878628734925557e-01
3.853681941050928206e-01 1.000875983492918037e-01
3.865985408700987613e-01 1.000873351107269410e-01
3.878308480331046915e-01 1.000870731505568573e-01
3.890651155941106665e-01 1.000868124615999499e-01
3.903013435531166864e-01 1.000865530367305994e-01
3.915395319101228067e-01 1.000862948688801546e-01
3.927796806651288053e-01 1.000860379510369325e-01
3.940217898181350153e-01 1.000857822762447752e-01
3.952658593691412148e-01 1.000855278376026336e-01
3.965118893181475146e-01 1.000852746282654554e-01
3.977598796651538593e-01 1.000850226414406879e-01
3.990098304101602489e-01 1.000847718703927608e-01
4.002617415531666833e-01 1.000845223084360081e-01
4.015156130941732182e-01 1.000842739489410105e-01
4.027714450331797424e-01 1.000840267853295440e-01
4.040292373701862005e-01 1.000837808110753430e-01
4.052889901051928145e-01 1.000835360197049606e-01
4.065507032381995289e-01 1.000832924047948408e-01
4.078143767692062882e-01 1.000830499599740936e-01
4.090800106982130369e-01 1.000828086789209148e-01
4.103476050252198859e-01 1.000825685553639599e-01
4.116171597502267798e-01 1.000823295830815945e-01
4.128886748732337186e-01 1.000820917559017281e-01
4.141621503942407023e-01 1.000818550677003982e-01
4.154375863132476199e-01 1.000816195124025892e-01
4.167149826302546933e-01 1.000813850839808866e-01
4.179943393452618672e-01 1.000811517764561148e-01
4.192756564582690304e-01 1.000809195838957832e-01
4.205589339692762940e-01 1.000806885004145858e-01
4.218441718782836025e-01 1.000804585201729713e-01
4.231313701852909004e-01 1.000802296373786565e-01
4.244205288902982987e-01 1.000800018462841556e-01
4.257116479933056308e-01 1.000797751411875020e-01
4.270047274943131188e-01 1.000795495164318594e-01
4.282997673933206517e-01 1.000793249664047174e-01
4.295967676903282295e-01 1.000791014855383632e-01
4.308957283853359077e-01 1.000788790683081741e-01
4.321966494783435753e-01 1.000786577092338397e-01
4.334995309693513432e-01 1.000784374028779733e-01
4.348043728583591006e-01 1.000782181438450574e-01
4.361111751453669583e-01 1.000779999267838311e-01
4.374199378303746943e-01 1.000777827463840419e-01
4.387306609133826418e-01 1.000775665973774736e-01
4.400433443943906342e-01 1.000773514745370435e-01
4.413579882733986715e-01 1.000771373726779684e-01
4.426745925504067536e-01 1.000769242866546838e-01
4.439931572254149361e-01 1.000767122113638830e-01
4.453136822984231080e-01 1.000765011417409645e-01
4.466361677694313248e-01 1.000762910727618221e-01
4.479606136384396420e-01 1.000760819994418183e-01
4.492870199054478375e-01 1.000758739168359640e-01
4.506153865704562445e-01 1.000756668200379479e-01
4.519457136334646408e-01 1.000754607041793587e-01
4.532780010944731375e-01 1.000752555644315728e-01
4.546122489534816791e-01 1.000750513960027566e-01
4.559484572104903211e-01 1.000748481941396151e-01
4.572866258654989524e-01 1.000746459541258238e-01
4.586267549185076287e-01 1.000744446712827501e-01
4.599688443695163498e-01 1.000742443409679133e-01
4.613128942185250048e-01 1.000740449585762332e-01
4.626589044655338712e-01 1.000738465195381288e-01
4.640068751105427269e-01 1.000736490193210038e-01
4.653568061535516831e-01 1.000734524534273723e-01
4.667086975945606842e-01 1.000732568173955533e-01
4.680625494335697301e-01 1.000730621067986298e-01
4.694183616705788209e-01 1.000728683172453920e-01
4.707761343055879566e-01 1.000726754443787836e-01
4.721358673385971372e-01 1.000724834838765259e-01
4.734975607696062516e-01 1.000722924314500634e-01
4.748612145986155220e-01 1.000721022828455486e-01
4.762268288256248927e-01 1.000719130338418167e-01
4.775944034506342528e-01 1.000717246802519667e-01
4.789639384736437133e-01 1.000715372179220297e-01
4.803354338946532187e-01 1.000713506427309274e-01
4.817088897136627690e-01 1.000711649505900969e-01
4.830843059306723641e-01 1.000709801374435881e-01
4.844616825456818376e-01 1.000707961992682582e-01
4.858410195586915226e-01 1.000706131320714259e-01
4.872223169697012524e-01 1.000704309318936613e-01
4.886055747787110826e-01 1.000702495948067178e-01
4.899907929857209021e-01 1.000700691169128242e-01
4.913779715907308221e-01 1.000698894943461426e-01
4.927671105937407314e-01 1.000697107232719346e-01
4.941582099947507412e-01 1.000695327998843698e-01
4.955512697937607958e-01 1.000693557204102024e-01
4.969462899907707287e-01 1.000691794811048030e-01
4.983432705857808731e-01 1.000690040782541423e-01
4.997422115787910624e-01 1.000688295081739454e-01
5.011431129698012965e-01 1.000686557672093441e-01
5.025459747588115755e-01 1.000684828517349467e-01
5.039507969458218994e-01 1.000683107581538805e-01
5.053575795308323793e-01 1.000681394828993737e-01
5.067663225138427929e-01 1.000679690224319379e-01
5.081770258948532515e-01 1.000677993732419641e-01
5.095896896738636439e-01 1.000676305318471265e-01
5.110043138508743032e-01 1.000674624947940766e-01
5.124208984258848965e-01 1.000672952586562359e-01
5.138394433988955345e-01 1.000671288200362663e-01
5.152599487699063285e-01 1.000669631755628786e-01
5.166824145389171674e-01 1.000667983218933854e-01
5.181068407059279401e-01 1.000666342557112037e-01
5.195332272709388688e-01 1.000664709737278946e-01
5.209615742339498423e-01 1.000663084726801100e-01
5.223918815949606387e-01 1.000661467493334095e-01
5.238241493539717020e-01 1.000659858004776526e-01
5.252583775109828101e-01 1.000658256229305099e-01
5.266945660659939632e-01 1.000656662135341601e-01
5.281327150190051611e-01 1.000655075691583851e-01
5.295728243700164040e-01 1.000653496866980574e-01
5.310148941190276917e-01 1.000651925630727801e-01
5.324589242660390243e-01 1.000650361952289957e-01
5.339049148110504017e-01 1.000648805801369473e-01
5.353528657540617131e-01 1.000647257147933011e-01
5.368027770950731803e-01 1.000645715962185794e-01
5.382546488340846924e-01 1.000644182214583261e-01
5.397084809710962494e-01 1.000642655875831066e-01
5.411642735061079623e-01 1.000641136916872731e-01
5.426220264391196091e-01 1.000639625308903519e-01
5.440817397701314118e-01 1.000638121023343236e-01
5.455434134991431483e-01 1.000636624031869121e-01
5.470070476261550407e-01 1.000635134306391005e-01
5.484726421511667560e-01 1.000633651819043957e-01
5.499401970741787382e-01 1.000632176542213952e-01
5.514097123951906543e-01 1.000630708448512762e-01
5.528811881142027262e-01 1.000629247510785580e-01
5.543546242312148431e-01 1.000627793702106444e-01
5.558300207462270048e-01 1.000626346995776295e-01
5.573073776592392115e-01 1.000624907365337823e-01
5.587866949702514630e-01 1.000623474784541195e-01
5.602679726792635373e-01 1.000622049227372079e-01
5.617512107862758786e-01 1.000620630668042077e-01
5.632364092912882647e-01 1.000619219080972067e-01
5.647235681943006957e-01 1.000617814440818293e-01
5.662126874953131717e-01 1.000616416722454188e-01
5.677037671943258035e-01 1.000615025900963156e-01
5.691968072913383692e-01 1.000613641951648702e-01
5.706918077863509797e-01 1.000612264850037347e-01
5.721887686793637462e-01 1.000610894571862669e-01
5.736876899703762245e-01 1.000609531093068355e-01
5.751885716593890807e-01 1.000608174389823052e-01
5.766914137464018708e-01 1.000606824438490666e-01
5.781962162314148168e-01 1.000605481215656872e-01
5.797029791144278077e-01 1.000604144698109543e-01
5.812117023954407324e-01 1.000602814862838058e-01
5.827223860744538131e-01 1.000601491687052313e-01
5.842350301514669386e-01 1.000600175148157051e-01
5.857496346264799980e-01 1.000598865223755740e-01
5.872661994994931023e-01 1.000597561891671122e-01
5.887847247705062514e-01 1.000596265129904960e-01
5.903052104395195565e-01 1.000594974916681479e-01
5.918276565065329065e-01 1.000593691230407672e-01
5.933520629715463013e-01 1.000592414049693013e-01
5.948784298345597410e-01 1.000591143353346535e-01
5.964067570955732256e-01 1.000589879120375725e-01
5.979370447545868661e-01 1.000588621329971395e-01
5.994692928116004405e-01 1.000587369961529194e-01
6.010035012666138377e-01 1.000586124994634063e-01
6.025396701196276128e-01 1.000584886409058571e-01
6.040777993706413218e-01 1.000583654184771798e-01
6.056178890196550757e-01 1.000582428301929200e-01
6.071599390666689855e-01 1.000581208740877887e-01
6.087039495116828292e-01 1.000579995482148155e-01
6.102499203546968287e-01 1.000578788506454597e-01
6.117978515957107621e-01 1.000577587794713452e-01
6.133477432347248515e-01 1.000576393328005409e-01
6.148995952717387636e-01 1.000575205087607111e-01
6.164534077067529427e-01 1.000574023054972284e-01
6.180091805397671667e-01 1.000572847211745886e-01
6.195669137707813245e-01 1.000571677539745241e-01
6.211266073997956383e-01 1.000570514020964197e-01
6.226882614268099969e-01 1.000569356637592555e-01
6.242518758518244004e-01 1.000568205371982350e-01
6.258174506748388488e-01 1.000567060206668524e-01
6.273849858958533421e-01 1.000565921124369761e-01
6.289544815148676582e-01 1.000564788107968783e-01
6.305259375318823523e-01 1.000563661140531913e-01
6.320993539468969802e-01 1.000562540205298112e-01
6.336747307599116530e-01 1.000561425285678707e-01
6.352520679709263707e-01 1.000560316365255303e-01
6.368313655799411332e-01 1.000559213427792138e-01
6.384126235869560517e-01 1.000558116457212487e-01
6.399958419919709041e-01 1.000557025437613101e-01
6.415810207949856903e-01 1.000555940353264200e-01
6.431681599960007434e-01 1.000554861188606287e-01
6.447572595950157304e-01 1.000553787928241539e-01
6.463483195920308733e-01 1.000552720556942554e-01
6.479413399870459500e-01 1.000551659059652349e-01
6.495363207800611827e-01 1.000550603421474088e-01
6.511332619710764602e-01 1.000549553627683996e-01
6.527321635600916716e-01 1.000548509663712754e-01
6.543330255471070389e-01 1.000547471515167153e-01
6.559358479321222291e-01 1.000546439167806501e-01
6.575406307151376861e-01 1.000545412607564827e-01
6.591473738961531881e-01 1.000544391820519657e-01
6.607560774751687349e-01 1.000543376792932398e-01
6.623667414521843266e-01 1.000542367511211839e-01
6.639793658271999632e-01 1.000541363961928859e-01
6.655939506002157557e-01 1.000540366131817960e-01
6.672104957712314821e-01 1.000539374007768240e-01
6.688290013402472534e-01 1.000538387576828253e-01
6.704494673072629585e-01 1.000537406826209619e-01
6.720718936722788195e-01 1.000536431743272586e-01
6.736962804352947254e-01 1.000535462315544771e-01
6.753226275963107872e-01 1.000534498530699784e-01
6.769509351553267829e-01 1.000533540376574992e-01
6.785812031123429344e-01 1.000532587841158338e-01
6.802134314673590199e-01 1.000531640912595555e-01
6.818476202203752612e-01 1.000530699579183919e-01
6.834837693713914364e-01 1.000529763829377111e-01
6.851218789204075454e-01 1.000528833651777444e-01
6.867619488674239214e-01 1.000527909035148488e-01
6.884039792124403423e-01 1.000526989968398839e-01
6.900479699554568080e-01 1.000526076440592105e-01
6.916939210964733187e-01 1.000525168440939278e-01
6.933418326354898742e-01 1.000524265958810388e-01
6.949917045725064746e-01 1.000523368983720629e-01
6.966435369075231199e-01 1.000522477505329799e-01
6.982973296405398100e-01 1.000521591513462288e-01
6.999530827715563230e-01 1.000520710998077378e-01
7.016107963005731030e-01 1.000519835949290337e-01
7.032704702275899278e-01 1.000518966357367978e-01
7.049321045526069085e-01 1.000518102212714505e-01
7.065956992756238231e-01 1.000517243505890108e-01
7.082612543966407825e-01 1.000516390227606661e-01
7.099287699156578979e-01 1.000515542368710237e-01
7.115982458326749471e-01 1.000514699920204559e-01
7.132696821476921523e-01 1.000513862873235738e-01
7.149430788607090692e-01 1.000513031219090188e-01
7.166184359717263641e-01 1.000512204949219747e-01
7.182957534807437039e-01 1.000511384055193242e-01
7.199750313877609775e-01 1.000510568528750893e-01
7.216562696927784071e-01 1.000509758361760315e-01
7.233394683957958815e-01 1.000508953546241642e-01
7.250246274968132898e-01 1.000508154074358086e-01
7.267117469958308540e-01 1.000507359938418994e-01
7.284008268928482410e-01 1.000506571130869993e-01
7.300918671878658950e-01 1.000505787644309641e-01
7.317848678808835938e-01 1.000505009471476942e-01
7.334798289719013376e-01 1.000504236605249953e-01
7.351767504609192372e-01 1.000503469038651200e-01
7.368756323479370707e-01 1.000502706764853506e-01
7.385764746329549491e-01 1.000501949777164029e-01
7.402792773159728723e-01 1.000501198069028430e-01
7.419840403969908404e-01 1.000500451634050159e-01
7.436907638760087425e-01 1.000499710465959646e-01
7.453994477530268004e-01 1.000498974558636234e-01
7.471100920280450142e-01 1.000498243906099011e-01
7.488226967010631618e-01 1.000497518502510008e-01
7.505372617720814654e-01 1.000496798342170313e-01
7.522537872410997029e-01 1.000496083419527282e-01
7.539722731081180962e-01 1.000495373729161225e-01
7.556927193731364234e-01 1.000494669265804271e-01
7.574151260361549065e-01 1.000493970024319695e-01
7.591394930971732125e-01 1.000493275999717185e-01
7.608658205561917853e-01 1.000492587187146176e-01
7.625941084132104031e-01 1.000491903581895159e-01
7.643243566682289547e-01 1.000491225179398203e-01
7.660565653212476622e-01 1.000490551975222187e-01
7.677907343722664146e-01 1.000489883965086091e-01
7.695268638212852119e-01 1.000489221144836710e-01
7.712649536683040541e-01 1.000488563510470719e-01
7.730050039133229411e-01 1.000487911058118157e-01
7.747470145563417621e-01 1.000487263784061720e-01
7.764909855973607389e-01 1.000486621684708310e-01
7.782369170363797606e-01 1.000485984756618457e-01
7.799848088733989382e-01 1.000485352996491606e-01
7.817346611084180497e-01 1.000484726401158209e-01
7.834864737414372060e-01 1.000484104967602622e-01
7.852402467724565183e-01 1.000483488692941320e-01
7.869959802014757644e-01 1.000482877574436075e-01
7.887536740284951664e-01 1.000482271609486051e-01
7.905133282535142802e-01 1.000481670795636269e-01
7.922749428765337720e-01 1.000481075130568165e-01
7.940385178975533087e-01 1.000480484612108201e-01
7.958040533165727792e-01 1.000479899238219950e-01
7.975715491335924057e-01 1.000479319007015339e-01
7.993410053486120770e-01 1.000478743916741464e-01
8.011124219616317932e-01 1.000478173965790446e-01
8.028857989726515543e-01 1.000477609152697206e-01
8.046611363816711382e-01 1.000477049476134750e-01
8.064384341886909890e-01 1.000476494934925131e-01
8.082176923937108848e-01 1.000475945528025573e-01
8.099989109967308254e-01 1.000475401254544705e-01
8.117820899977508109e-01 1.000474862113724245e-01
8.135672293967708413e-01 1.000474328104956345e-01
8.153543291937909165e-01 1.000473799227777766e-01
8.171433893888111477e-01 1.000473275481860019e-01
8.189344099818313127e-01 1.000472756867031021e-01
8.207273909728513006e-01 1.000472243383253301e-01
8.225223323618716664e-01 1.000471735030637882e-01
8.243192341488919661e-01 1.000471231809439143e-01
8.261180963339124217e-01 1.000470733720062039e-01
8.279189189169328111e-01 1.000470240763046970e-01
8.297217018979533565e-01 1.000469752939089768e-01
8.315264452769738357e-01 1.000469270249030734e-01
8.333331490539944708e-01 1.000468792693849085e-01
8.351418132290151508e-01 1.000468320274684048e-01
8.369524378020356536e-01 1.000467852992809464e-01
8.387650227730564234e-01 1.000467390849654192e-01
8.405795681420771270e-01 1.000466933846795997e-01
8.423960739090979866e-01 1.000466481985956696e-01
8.442145400741188910e-01 1.000466035269008958e-01
8.460349666371398403e-01 1.000465593697976163e-01
8.478573535981608345e-01 1.000465157275031852e-01
8.496817009571818735e-01 1.000464726002496529e-01
8.515080087142030685e-01 1.000464299882848351e-01
8.533362768692239753e-01 1.000463878918705224e-01
8.551665054222451490e-01 1.000463463112853668e-01
8.569986943732663676e-01 1.000463052468216207e-01
8.588328437222877421e-01 1.000462646987878845e-01
8.606689534693090504e-01 1.000462246675075662e-01
8.625070236143304037e-01 1.000461851533200608e-01
8.643470541573519128e-01 1.000461461565794463e-01
8.661890450983733558e-01 1.000461076776558572e-01
8.680329964373949547e-01 1.000460697169354152e-01
8.698789081744163765e-01 1.000460322748187997e-01
8.717267803094379541e-01 1.000459953517230799e-01
8.735766128424596877e-01 1.000459589480814648e-01
8.754284057734814661e-01 1.000459230643422348e-01
8.772821591025032895e-01 1.000458877009701153e-01
8.791378728295250466e-01 1.000458528584454443e-01
8.809955469545469597e-01 1.000458185372651992e-01
8.828551814775689177e-01 1.000457847379418591e-01
8.847167763985909206e-01 1.000457514610045145e-01
8.865803317176127463e-01 1.000457187069983961e-01
8.884458474346348389e-01 1.000456864764851239e-01
8.903133235496569764e-01 1.000456547700429438e-01
8.921827600626792698e-01 1.000456235882659639e-01
8.940541569737014971e-01 1.000455929317660558e-01
8.959275142827237692e-01 1.000455628011706066e-01
8.978028319897460863e-01 1.000455331971245171e-01
8.996801100947685592e-01 1.000455041202895773e-01
9.015593485977907440e-01 1.000454755713441335e-01
9.034405474988133067e-01 1.000454475509833241e-01
9.053237067978358033e-01 1.000454200599208282e-01
9.072088264948584557e-01 1.000453930988859791e-01
9.090959065898810421e-01 1.000453666686261234e-01
9.109849470829037843e-01 1.000453407699063296e-01
9.128759479739264604e-01 1.000453154035086528e-01
9.147689092629492924e-01 1.000452905702332168e-01
9.166638309499721693e-01 1.000452662708977425e-01
9.185607130349948690e-01 1.000452425063376727e-01
9.204595555180178357e-01 1.000452192774065469e-01
9.223603583990407362e-01 1.000451965849764174e-01
9.242631216780637926e-01 1.000451744299364898e-01
9.261678453550868939e-01 1.000451528131953982e-01
9.280745294301100401e-01 1.000451317356794156e-01
9.299831739031333422e-01 1.000451111983335362e-01
9.318937787741565781e-01 1.000450912021222521e-01
9.338063440431798590e-01 1.000450717480272367e-01
9.357208697102029626e-01 1.000450528370504799e-01
9.376373557752263332e-01 1.000450344702124850e-01
9.395558022382498597e-01 1.000450166485530729e-01
9.414762090992733201e-01 1.000449993731310216e-01
9.433985763582968254e-01 1.000449826450249269e-01
9.453229040153204865e-01 1.000449664653331322e-01
9.472491920703440815e-01 1.000449508351730216e-01
9.491774405233678324e-01 1.000449357556826846e-01
9.511076493743915172e-01 1.000449212280194455e-01
9.530398186234151359e-01 1.000449072533615008e-01
9.549739482704390214e-01 1.000448938329066562e-01
9.569100383154629519e-01 1.000448809678741308e-01
9.588480887584868162e-01 1.000448686595025866e-01
9.607880995995108364e-01 1.000448569090525153e-01
9.627300708385349015e-01 1.000448457178046840e-01
9.646740024755590115e-01 1.000448350870613984e-01
9.666198945105831664e-01 1.000448250181458915e-01
9.685677469436073661e-01 1.000448155124030319e-01
9.705175597746313887e-01 1.000448065711993101e-01
9.724693330036556782e-01 1.000447981959230875e-01
9.744230666306800126e-01 1.000447903879843059e-01
9.763787606557043919e-01 1.000447831488155831e-01
9.783364150787289271e-01 1.000447764798714084e-01
9.802960298997533961e-01 1.000447703826294193e-01
9.822576051187779100e-01 1.000447648585891663e-01
9.842211407358025799e-01 1.000447599092734036e-01
9.861866367508271836e-01 1.000447555362289215e-01
9.881540931638517211e-01 1.000447517410239517e-01
9.901235099748764146e-01 1.000447485252520391e-01
9.920948871839012639e-01 1.000447458905293907e-01
9.940682247909260472e-01 1.000447438384963195e-01
9.960435227959509863e-01 1.000447423708177574e-01
9.980207811989759703e-01 1.000447414891826453e-01
1.000000000000000666e+00 1.000447411953042792e-01
