0.000000000000000000e+00 1.078387128679651578e-02
2.273622298366173664e-03 1.078168460941783188e-02
7.545695803342003863e-03 1.077665994795923635e-02
1.581622051492749537e-02 1.076890415566790840e-02
2.708519643312265121e-02 1.075857796386480575e-02
4.135262355792745231e-02 1.074588758305364093e-02
5.861850188934192296e-02 1.073107479581059988e-02
7.888283142736605968e-02 1.071440587382570427e-02
1.021456121719998417e-01 1.069616031767000111e-02
1.284068441232432967e-01 1.067662039949176904e-02
1.576665272810963692e-01 1.065606195521143912e-02
1.899246616455591841e-01 1.063474674729541526e-02
2.251812472166316026e-01 1.061291662619723644e-02
2.634362839943137358e-01 1.059078947485264134e-02
3.046897719786054171e-01 1.056855679426368759e-02
3.489417111695068408e-01 1.054638270779359628e-02
3.961921015670178958e-01 1.052440411734829016e-02
4.464409431711385823e-01 1.050273173488092127e-02
4.996882359818689001e-01 1.048145172962420581e-02
5.559339799992089048e-01 1.046062776365387463e-02
6.151781752231586520e-01 1.044030322836920349e-02
6.774208216537180860e-01 1.042050353614527337e-02
7.426619192908870959e-01 1.040123836067236018e-02
8.109014681346657927e-01 1.038250375400992347e-02
8.821394681850540653e-01 1.036428409712536990e-02
9.563759194420520249e-01 1.034655386355563117e-02
1.033610821905659893e+00 1.032927919327606033e-02
1.113844175575877005e+00 1.031241928662505677e-02
1.197075980452704025e+00 1.029592763703268861e-02
1.283306236536140510e+00 1.027975312711610495e-02
1.372534943826186904e+00 1.026384101608542043e-02
1.464762102322842541e+00 1.024813384784351196e-02
1.559987712026108309e+00 1.023257230897151211e-02
1.658211772935983985e+00 1.021709606410617192e-02
1.759434285052468461e+00 1.020164459300159331e-02
1.863655248375563289e+00 1.018615804865681020e-02
1.970874662905267360e+00 1.017057814900137851e-02
2.081092528641581119e+00 1.015484910543179402e-02
2.194308845584504564e+00 1.013891857966491526e-02
2.310523613734037696e+00 1.012273864571336390e-02
2.429736833090180514e+00 1.010626671630236034e-02
2.551948503652933020e+00 1.008946637308168019e-02
2.677158625422295657e+00 1.007230801831239010e-02
2.805367198398267092e+00 1.005476924356104793e-02
2.936574222580849103e+00 1.003683478993982678e-02
3.070779697970039912e+00 1.001849595635580931e-02
3.207983624565840852e+00 9.999749298515820187e-03
3.348186002368251035e+00 9.980594452465298486e-03
3.491386831377271349e+00 9.961031624010057567e-03
3.637586111592901794e+00 9.941061034931090307e-03
3.786783843015140594e+00 9.920682923704363110e-03
3.938980025643989968e+00 9.899897546241971311e-03
4.094174659479448586e+00 9.878705176647240016e-03
4.252367744521516890e+00 9.857106107983605592e-03
4.413559280770193993e+00 9.835100653057229220e-03
4.577749268225481671e+00 9.812689145213035480e-03
4.744937706887379925e+00 9.789871939144188101e-03
4.915124596755886976e+00 9.766649411714654200e-03
5.088309937831002827e+00 9.743021962794820579e-03
5.264493730112731029e+00 9.718990016109860242e-03
5.443675973601066254e+00 9.694554020100734637e-03
5.625856668296011165e+00 9.669714448797514170e-03
5.811035814197565763e+00 9.644471802704881677e-03
5.999213411305732713e+00 9.618826609699525701e-03
6.190389459620506685e+00 9.592779425939189364e-03
6.384563959141890344e+00 9.566330836783102504e-03
6.581736909869886354e+00 9.539481457723522975e-03
6.781908311804489387e+00 9.512231935328104362e-03
6.985078164945702106e+00 9.484582948192762236e-03
7.191246469293523624e+00 9.456535207904749260e-03
7.400413224847958382e+00 9.428089460015581791e-03
7.612578431609000162e+00 9.399246485023476233e-03
7.827742089576650741e+00 9.370007099364936060e-03
8.045904198750914560e+00 9.340372156415130411e-03
8.267064759131784513e+00 9.310342547496597634e-03
8.491223770719265929e+00 9.279919202895971914e-03
8.718381233513355255e+00 9.249103092888196972e-03
8.948537147514057821e+00 9.217895228767867752e-03
9.181691512721366522e+00 9.186296663887181385e-03
9.417844329135284909e+00 9.154308494700044707e-03
9.656995596755812983e+00 9.121931861811838696e-03
9.899145315582954296e+00 9.089167951034328105e-03
1.014429348561670174e+01 9.056017994445171582e-03
1.039244010685705888e+01 9.022483271451478895e-03
1.064358517930402925e+01 8.988565109856863633e-03
1.089772870295760576e+01 8.954264886931384212e-03
1.115487067781779196e+01 8.919584030483774725e-03
1.141501110388458784e+01 8.884524019935315098e-03
1.167814998115799696e+01 8.849086387394721268e-03
1.194428730963801222e+01 8.813272718733361488e-03
1.221342308932463716e+01 8.777084654660129159e-03
1.248555732021787534e+01 8.740523891795234923e-03
1.276069000231771966e+01 8.703592183742227609e-03
1.303882113562417366e+01 8.666291342157442582e-03
1.331995072013723735e+01 8.628623237816150648e-03
1.360407875585691251e+01 8.590589801674597403e-03
1.389120524278319557e+01 8.552193025927100345e-03
1.418133018091608832e+01 8.513434965057400591e-03
1.447445357025559431e+01 8.474317736883396623e-03
1.477057541080170644e+01 8.434843523594384024e-03
1.506969570255442648e+01 8.395014572779892215e-03
1.537181444551375797e+01 8.354833198449238690e-03
1.567693163967970271e+01 8.314301782040808483e-03
1.598504728505225359e+01 8.273422773420137724e-03
1.629616138163141770e+01 8.232198691865802095e-03
1.661027392941718617e+01 8.190632127042124858e-03
1.692738492840956610e+01 8.148725739957653202e-03
1.724749437860855394e+01 8.106482263908407204e-03
1.757060228001415325e+01 8.063904505404806758e-03
1.789670863262636047e+01 8.020995345081194036e-03
1.822581343644517915e+01 7.977757738586900224e-03
1.855791669147061285e+01 7.934194717457668244e-03
1.889301839770265090e+01 7.890309389966376763e-03
1.923111855514130042e+01 7.846104941951840758e-03
1.957221716378655429e+01 7.801584637624578433e-03
1.991631422363841963e+01 7.756751820348329295e-03
2.026340973469689644e+01 7.711609913396124706e-03
2.061350369696198115e+01 7.666162420679720028e-03
2.096659611043368443e+01 7.620412927451125466e-03
2.132268697511199207e+01 7.574365100975027389e-03
2.168177629099690407e+01 7.528022691170819895e-03
2.204386405808842753e+01 7.481389531223001099e-03
2.240895027638656245e+01 7.434469538158641755e-03
2.277703494589130528e+01 7.387266713390650344e-03
2.314811806660265958e+01 7.339785143225537045e-03
2.352219963852062889e+01 7.292028999334377280e-03
2.389927966164520257e+01 7.244002539185659915e-03
2.427935813597638415e+01 7.195710106438711270e-03
2.466243506151417719e+01 7.147156131296378279e-03
2.504851043825857815e+01 7.098345130815654144e-03
2.543758426620958701e+01 7.049281709174912494e-03
2.582965654536720734e+01 6.999970557896441174e-03
2.622472727573144979e+01 6.950416456022953833e-03
2.662279645730228950e+01 6.900624270246759166e-03
2.702386409007973711e+01 6.850598954990279842e-03
2.742793017406379619e+01 6.800345552436620929e-03
2.783499470925446673e+01 6.749869192508870311e-03
2.824505769565174518e+01 6.699175092796878610e-03
2.865811913325563154e+01 6.648268558430208905e-03
2.907417902206614002e+01 6.597154981896015055e-03
2.949323736208324576e+01 6.545839842800595283e-03
2.991529415330696295e+01 6.494328707573391105e-03
3.034034939573729162e+01 6.442627229112227703e-03
3.076840308937422819e+01 6.390741146368597927e-03
3.119945523421777267e+01 6.338676283871829374e-03
3.163350583026792862e+01 6.286438551190999188e-03
3.207055487752469958e+01 6.234033942333478545e-03
3.251060237598807845e+01 6.181468535079025217e-03
3.295364832565805813e+01 6.128748490248380788e-03
3.339969272653465282e+01 6.075880050905351631e-03
3.384873557861785542e+01 6.022869541491395265e-03
3.430077688190767304e+01 5.969723366891778807e-03
3.475581663640409147e+01 5.916448011432405736e-03
3.521385484210713912e+01 5.863050037806458344e-03
3.567489149901678047e+01 5.809536085930054432e-03
3.613892660713302973e+01 5.755912871726154116e-03
3.660596016645589401e+01 5.702187185836011564e-03
3.707599217698536620e+01 5.648365892257515945e-03
3.754902263872144630e+01 5.594455926909833524e-03
3.802505155166413431e+01 5.540464296123800113e-03
3.850407891581343733e+01 5.486398075057598127e-03
3.898610473116936248e+01 5.432264406037296683e-03
3.947112899773188133e+01 5.378070496821913023e-03
3.995915171550100808e+01 5.323823618792716816e-03
4.045017288447674986e+01 5.269531105066561395e-03
4.094419250465909244e+01 5.215200348533124801e-03
4.144121057604805713e+01 5.160838799815981731e-03
4.194122709864362264e+01 5.106453965157545412e-03
4.244424207244581027e+01 5.052053404227970466e-03
4.295025549745459870e+01 4.997644727858191124e-03
4.345926737366999504e+01 4.943235595697392272e-03
4.397127770109199929e+01 4.888833713795229935e-03
4.448628647972061856e+01 4.834446832109278239e-03
4.500429370955584574e+01 4.780082741938219797e-03
4.552529939059768083e+01 4.725749273281415301e-03
4.604930352284613804e+01 4.671454292125576564e-03
4.657630610630118895e+01 4.617205697659357462e-03
4.710630714096285487e+01 4.563011419416792593e-03
4.763930662683112871e+01 4.508879414350586319e-03
4.817530456390601046e+01 4.454817663836392778e-03
4.871430095218750722e+01 4.400834170609290753e-03
4.925629579167561189e+01 4.346936955633791747e-03
4.980128908237033158e+01 4.293134054908811538e-03
5.034928082427165918e+01 4.239433516209136985e-03
5.090027101737958759e+01 4.185843395765045591e-03
5.145425966169413101e+01 4.132371754881813443e-03
5.201124675721528234e+01 4.079026656500989341e-03
5.257123230394304159e+01 4.025816161705388432e-03
5.313421630187741584e+01 3.972748326169896552e-03
5.370019875101840512e+01 3.919831196560256276e-03
5.426917965136599520e+01 3.867072806882143610e-03
5.484115900292019319e+01 3.814481174782925754e-03
5.541613680568100619e+01 3.762064297808618337e-03
5.599411305964842711e+01 3.709830149618651568e-03
5.657508776482245594e+01 3.657786676161171435e-03
5.715906092120309268e+01 3.605941791811703104e-03
5.774603252879035153e+01 3.554303375478103447e-03
5.833600258758421120e+01 3.502879266674839738e-03
5.892897109758467877e+01 3.451677261569719227e-03
5.952493805879175426e+01 3.400705109006306112e-03
6.012390347120543765e+01 3.349970506505348371e-03
6.072586733482573607e+01 3.299481096248632270e-03
6.133082964965264239e+01 3.249244461048776070e-03
6.193879041568617083e+01 3.199268120308558158e-03
6.254974963292629297e+01 3.149559525973462826e-03
6.316370730137303013e+01 3.100126058481202877e-03
6.378066342102637520e+01 3.050975022712064909e-03
6.440061799188634950e+01 3.002113643943984337e-03
6.502357101395290329e+01 2.953549063816338256e-03
6.564952248722607919e+01 2.905288336306504574e-03
6.627847241170586301e+01 2.857338423723293063e-03
6.691042078739225474e+01 2.809706192721419474e-03
6.754536761428525438e+01 2.762398410341232891e-03
6.818331289238486193e+01 2.715421740077963737e-03
6.882425662169109160e+01 2.668782737984794554e-03
6.946819880220391497e+01 2.622487848814083426e-03
7.011513943392336046e+01 2.576543402201121515e-03
7.076507851684941386e+01 2.530955608894797093e-03
7.141801605098207517e+01 2.485730557039583094e-03
7.207395203632134439e+01 2.440874208513263074e-03
7.273288647286722153e+01 2.396392395324810441e-03
7.339481936061973499e+01 2.352290816076843191e-03
7.405975069957884216e+01 2.308575032497058206e-03
7.472768048974454302e+01 2.265250466043040433e-03
7.539860873111686601e+01 2.222322394584801564e-03
7.607253542369579691e+01 2.179795949169399758e-03
7.674946056748133572e+01 2.137676110871918229e-03
7.742938416247348243e+01 2.095967707737069700e-03
7.811230620867223706e+01 2.054675411815607387e-03
7.879822670607759960e+01 2.013803736299687227e-03
7.948714565468957005e+01 1.973357032761244474e-03
8.017906305450816262e+01 1.933339488497368489e-03
8.087397890553336310e+01 1.893755123986585760e-03
8.157189320776515729e+01 1.854607790459858897e-03
8.227280596120357359e+01 1.815901167590014539e-03
8.297671716584862622e+01 1.777638761303202775e-03
8.368362682170027256e+01 1.739823901715877030e-03
8.439353492875851259e+01 1.702459741200660877e-03
8.510644148702336054e+01 1.665549252584332899e-03
8.582234649649483060e+01 1.629095227481031083e-03
8.654124995717289437e+01 1.593100274763624685e-03
8.726315186905758026e+01 1.557566819176055576e-03
8.798805223214887405e+01 1.522497100089287379e-03
8.871595104644677576e+01 1.487893170403339340e-03
8.944684831195128538e+01 1.453756895597702612e-03
9.018074402866240291e+01 1.420089952932266112e-03
9.091763819658012835e+01 1.386893830800687514e-03
9.165753081570447591e+01 1.354169828237955552e-03
9.240042188603541717e+01 1.321919054583696896e-03
9.314631140757302319e+01 1.290142429302573073e-03
9.389519938031718027e+01 1.258840681962913009e-03
9.464708580426795947e+01 1.228014352374509708e-03
9.540197067942534659e+01 1.197663790886297278e-03
9.615985400578935582e+01 1.167789158844404233e-03
9.692073578335995876e+01 1.138390429210856935e-03
9.768461601213716961e+01 1.109467387342978704e-03
9.845149469212100257e+01 1.081019631933303332e-03
9.922137182331144345e+01 1.053046576109591646e-03
9.999424740570847803e+01 1.025547448694302767e-03
1.007701214393121347e+02 9.985212956226427287e-04
1.015489939241223993e+02 9.719669815180749300e-04
1.023308648601392861e+02 9.458831914239396437e-04
1.031157342473627665e+02 9.202684326896005311e-04
1.039036020857928548e+02 8.951210370092938743e-04
1.046944683754295937e+02 8.704391626116272668e-04
1.054883331162729121e+02 8.462207965974403133e-04
1.062851963083228384e+02 8.224637574235089520e-04
1.070850579515793726e+02 7.991656975293503704e-04
1.078879180460425147e+02 7.763241061041558462e-04
1.086937765917122647e+02 7.539363119906634199e-04
1.095026335885886226e+02 7.319994867225602551e-04
1.103144890366716027e+02 7.105106476917970315e-04
1.111293429359611764e+02 6.894666614419847498e-04
1.119471952864573723e+02 6.688642470838471145e-04
1.127680460881601618e+02 6.486999798285041172e-04
1.135918953410695735e+02 6.289702946341720578e-04
1.144187430451855931e+02 6.096714899616882980e-04
1.152485892005082206e+02 5.907997316340885246e-04
1.160814338070374987e+02 5.723510567953042682e-04
1.169172768647733562e+02 5.543213779628853623e-04
1.177561183737158075e+02 5.367064871695063086e-04
1.185979583338648808e+02 5.195020601878744607e-04
1.194427967452205621e+02 5.027036608335272916e-04
1.202906336077828513e+02 4.863067453398867493e-04
1.211414689215517342e+02 4.703066667998280601e-04
1.219953026865272534e+02 4.546986796679202141e-04
1.228521349027093663e+02 4.394779443174085779e-04
1.237119655700980871e+02 4.246395316459301720e-04
1.245747946886934301e+02 4.101784277238891053e-04
1.254406222584953667e+02 3.960895384793611663e-04
1.263094482795039255e+02 3.823676944133581348e-04
1.271812727517190922e+02 3.690076553392475215e-04
1.280560956751409094e+02 3.560041151401071810e-04
1.289339170497692919e+02 3.433517065377861624e-04
1.298147368756042681e+02 3.310450058674489684e-04
1.306985551526458949e+02 3.190785378513967042e-04
1.315853718808940869e+02 3.074467803659900996e-04
1.324751870603489294e+02 2.961441691955393361e-04
1.333680006910103373e+02 2.851651027670799865e-04
1.342638127728783957e+02 2.745039468600200209e-04
1.351626233059530477e+02 2.641550392847201922e-04
1.360644322902342935e+02 2.541126945241584762e-04
1.369692397257221614e+02 2.443712083329307224e-04
1.378770456124166515e+02 2.349248622879498267e-04
1.387878499503177352e+02 2.257679282853293642e-04
1.397016527394254410e+02 2.168946729780692412e-04
1.406184539797397974e+02 2.082993621493052874e-04
1.415382536712607191e+02 1.999762650160370671e-04
1.424610518139882345e+02 1.919196584584107108e-04
1.433868484079223720e+02 1.841238311698056287e-04
1.443156434530631316e+02 1.765830877231535972e-04
1.452474369494104849e+02 1.692917525491078982e-04
1.461822288969644603e+02 1.622441738218755405e-04
1.471200192957250295e+02 1.554347272487293394e-04
1.480608081456922207e+02 1.488578197594265877e-04
1.490045954468660057e+02 1.425078930919769146e-04
1.499513811992464127e+02 1.363794272714235947e-04
1.509011654028334419e+02 1.304669439785291138e-04
1.518539480576270648e+02 1.247650098054868962e-04
1.528097291636272814e+02 1.192682393960158932e-04
1.537685087208341486e+02 1.139712984674318510e-04
1.547302867292476378e+02 1.088689067125308917e-04
1.556950631888676924e+02 1.039558405793622090e-04
1.566628380996943690e+02 9.922693592721100507e-05
1.576336114617276678e+02 9.467709055735709276e-05
1.586073832749675603e+02 9.030126661741896712e-05
1.595841535394140465e+02 8.609449287833710834e-05
1.605639222550671548e+02 8.205186688329312657e-05
1.615466894219268852e+02 7.816855696810222798e-05
1.625324550399932093e+02 7.443980415285522277e-05
1.635212191092661556e+02 7.086092390482179792e-05
1.645129816297456955e+02 6.742730777285931205e-05
1.655077426014318576e+02 6.413442489379905190e-05
1.665055020243246418e+02 6.097782337150578475e-05
1.675062598984240196e+02 5.795313152952452803e-05
1.685100162237300481e+02 5.505605903844134767e-05
1.695167710002426418e+02 5.228239791929173338e-05
1.705265242279618576e+02 4.962802342455003283e-05
1.715392759068876671e+02 4.708889479842669949e-05
1.725550260370200988e+02 4.466105591838578497e-05
1.735737746183591526e+02 4.234063581997322094e-05
1.745955216509048000e+02 4.012384910721614059e-05
1.756202671346570412e+02 3.800699625101517770e-05
1.766480110696159045e+02 3.598646377810439152e-05
1.776787534557813899e+02 3.405872435329721735e-05
1.787124942931534690e+02 3.222033675787155444e-05
1.797492335817321703e+02 3.046794576707248465e-05
1.807889713215174652e+02 2.879828192982653479e-05
1.818317075125093822e+02 2.720816125386781042e-05
1.828774421547079498e+02 2.569448479957241283e-05
1.839261752481130827e+02 2.425423818588405648e-05
1.849779067927248377e+02 2.288449101179055589e-05
1.860326367885431864e+02 2.158239619687739357e-05
1.870903652355681572e+02 2.034518924454173516e-05
1.881510921337997218e+02 1.917018743149721057e-05
1.892148174832379084e+02 1.805478892723744248e-05
1.902815412838826887e+02 1.699647184715408278e-05
1.913512635357340912e+02 1.599279324302370142e-05
1.924239842387921158e+02 1.504138803458712015e-05
1.934997033930567341e+02 1.413996788594496987e-05
1.945784209985279460e+02 1.328632003048474106e-05
1.956601370552058086e+02 1.247830604803737485e-05
1.967448515630902364e+02 1.171386059793597722e-05
1.978325645221813716e+02 1.099099011161586719e-05
1.989232759324790152e+02 1.030777144835388400e-05
2.000169857939833093e+02 9.662350517696449955e-06
2.011136941066941972e+02 9.052940872070272605e-06
2.022134008706116788e+02 8.477822273007342262e-06
2.033161060857358109e+02 7.935339234347358773e-06
2.044218097520665083e+02 7.423899545706272716e-06
2.055305118696038562e+02 6.941972779419598337e-06
2.066422124383477694e+02 6.488088784084102485e-06
2.077569114582983332e+02 6.060836167731563794e-06
2.088746089294554906e+02 5.658860773574152014e-06
2.099953048518192418e+02 5.280864151162897773e-06
2.111189992253896150e+02 4.925602025699120608e-06
2.122456920501666104e+02 4.591882768134024531e-06
2.133753833261502564e+02 4.278565868584313247e-06
2.145080730533404676e+02 3.984560415482025291e-06
2.156437612317372725e+02 3.708823582765314342e-06
2.167824478613406995e+02 3.450359127303873173e-06
2.179241329421507203e+02 3.208215898638639033e-06
2.190688164741673631e+02 2.981486363000573799e-06
2.202164984573906281e+02 2.769305143458183015e-06
2.213671788918204868e+02 2.570847577928228381e-06
2.225208577774569392e+02 2.385328296669295364e-06
2.236775351143000421e+02 2.211999820763697972e-06
2.248372109023497387e+02 2.050151182980041284e-06
2.259998851416060290e+02 1.899106572296882794e-06
2.271655578320689415e+02 1.758224003257596370e-06
2.283342289737384476e+02 1.626894011218093854e-06
2.295058985666145759e+02 1.504538374442650765e-06
2.306805666106973831e+02 1.390608863899028635e-06
2.318582331059867272e+02 1.284586021502564509e-06
2.330388980524826934e+02 1.185977967460116734e-06
2.342225614501852533e+02 1.094319237268904644e-06
2.354092232990944353e+02 1.009169648832502332e-06
2.365988835992102111e+02 9.301132000667218668e-07
2.377915423505326089e+02 8.567569972819380557e-07
2.389871995530616289e+02 7.887302145457196950e-07
2.401858552067972425e+02 7.256830841504889961e-07
2.413875093117394499e+02 6.672859182354547287e-07
2.425921618678883078e+02 6.132281615402818634e-07
2.437998128752437310e+02 5.632174751999272339e-07
2.450104623338058047e+02 5.169788514258278433e-07
2.462241102435744722e+02 4.742537588581677530e-07
2.474407566045497902e+02 4.347993183172884471e-07
2.486604014167316734e+02 3.983875086294285112e-07
2.498830446801201788e+02 3.648044021528451543e-07
2.511086863947152779e+02 3.338494295849562235e-07
2.523373265605169991e+02 3.053346735893897238e-07
2.535689651775253139e+02 2.790841907436729451e-07
2.548036022457402510e+02 2.549333612736726227e-07
2.560412377651618385e+02 2.327282660097207122e-07
2.572818717357900482e+02 2.123250899715451980e-07
2.585255041576248232e+02 1.935895519645675178e-07
2.597721350306662202e+02 1.763963595487309905e-07
2.610217643549141826e+02 1.606286887226708371e-07
2.622743921303687671e+02 1.461776876506151421e-07
2.635300183570299737e+02 1.329420037467943117e-07
2.647886430348978024e+02 1.208273334222126162e-07
2.660502661639721964e+02 1.097459937912695489e-07
2.673148877442532125e+02 9.961651563078314503e-08
2.685825077757408508e+02 9.036325688133161626e-08
2.698531262584351111e+02 8.191603598035853878e-08
2.711267431923359936e+02 7.420978431805118186e-08
2.724033585774434414e+02 6.718421711046649760e-08
2.736829724137575113e+02 6.078352198961422135e-08
2.749655847012782033e+02 5.495606461708068075e-08
2.762511954400055174e+02 4.965411063616187600e-08
2.775398046299393968e+02 4.483356328724305292e-08
2.788314122710799552e+02 4.045371602219164938e-08
2.801260183634270788e+02 3.647701946569918334e-08
2.814236229069807678e+02 3.286886208469840814e-08
2.827242259017411357e+02 2.959736394108164599e-08
2.840278273477080688e+02 2.663318291784344194e-08
2.853344272448816241e+02 2.394933282436145351e-08
2.866440255932618015e+02 2.152101280271103025e-08
2.879566223928486011e+02 1.932544747358567926e-08
2.892722176436420227e+02 1.734173727747459278e-08
2.905908113456420097e+02 1.555071848414265254e-08
2.919124034988487324e+02 1.393483236108550634e-08
2.932369941032619636e+02 1.247800300941422388e-08
2.945645831588817600e+02 1.116552339348878409e-08
2.958951706657082354e+02 9.983949108498533605e-09
2.972287566237412761e+02 8.920999448018551643e-09
2.985653410329809390e+02 7.965465351294867667e-09
2.999049238934272239e+02 7.107123827575525829e-09
3.012475052050800741e+02 6.336658472159577421e-09
3.025930849679396033e+02 5.645585705938040121e-09
3.039416631820056978e+02 5.026186387009502863e-09
3.052932398472783575e+02 4.471442459433005137e-09
3.066478149637576962e+02 3.974978320300103009e-09
3.080053885314436570e+02 3.531006602039269811e-09
3.093659605503361831e+02 3.134278082184836892e-09
3.107295310204353314e+02 2.780035447729272219e-09
3.120960999417410449e+02 2.463970655614808860e-09
3.134656673142534373e+02 2.182185644894401116e-09
3.148382331379723951e+02 1.931156169592105946e-09
3.162137974128979749e+02 1.707698534311241234e-09
3.175923601390301769e+02 1.508939027169887957e-09
3.189739213163690010e+02 1.332285856684602327e-09
3.203584809449143904e+02 1.175403410774061747e-09
3.217460390246664588e+02 1.036188667116316642e-09
3.231365955556250924e+02 9.127495946697616150e-10
3.245301505377902913e+02 8.033853962640443838e-10
3.259267039711621692e+02 7.065684517895777446e-10
3.273262558557406123e+02 6.209278306712228386e-10
3.287288061915256776e+02 5.452342510123589496e-10
3.301343549785173650e+02 4.783863710503691414e-10
3.315429022167157882e+02 4.193983063848701415e-10
3.329544479061207198e+02 3.673882738379356041e-10
3.343689920467322167e+02 3.215682697938940989e-10
3.357865346385503358e+02 2.812346974583883773e-10
3.372070756815750769e+02 2.457598636860228273e-10
3.386306151758063834e+02 2.145842718672220614e-10
3.400571531212443688e+02 1.872096428522027283e-10
3.414866895178889195e+02 1.631926010377042911e-10
3.429192243657400923e+02 1.421389675648566355e-10
3.443547576647978872e+02 1.236986070887993643e-10
3.457932894150622474e+02 1.075607787968242324e-10
3.472348196165332297e+02 9.344994628616277645e-11
3.486793482692108341e+02 8.112200457914991797e-11
3.501268753730950607e+02 7.036088596616740580e-11
3.515774009281859094e+02 6.097550953902599504e-11
3.530309249344833233e+02 5.279704222245653820e-11
3.544874473919874163e+02 4.567644184196296156e-11
3.559469683006980176e+02 3.948225529486391475e-11
3.574094876606152980e+02 3.409864722992253963e-11
3.588750054717392004e+02 2.942363680111163966e-11
3.603435217340696681e+02 2.536752205391749316e-11
3.618150364476067580e+02 2.185147333882925854e-11
3.632895496123504699e+02 1.880627883651362130e-11
3.647670612283008040e+02 1.617122683239627799e-11
3.662475712954577034e+02 1.389311080426112320e-11
3.677310798138212249e+02 1.192534469387593970e-11
3.692175867833913685e+02 1.022717693094706620e-11
3.707070922041681342e+02 8.762992872836543487e-12
3.721995960761516358e+02 7.501696323947953218e-12
3.736950983993415889e+02 6.416161711579183365e-12
3.751935991737381642e+02 5.482749327014166063e-12
3.766950983993413615e+02 4.680876797941371935e-12
3.781995960761511810e+02 3.992640646816180824e-12
3.797070922041675658e+02 3.402482415024094421e-12
3.812175867833906295e+02 2.896894399789967517e-12
3.827310798138202586e+02 2.464160564508299001e-12
3.842475712954564528e+02 2.094128648005861931e-12
3.857670612282993261e+02 1.778009918342054118e-12
3.872895496123487646e+02 1.508203395958270440e-12
3.888150364476048253e+02 1.278141712877265671e-12
3.903435217340675081e+02 1.082156082532053275e-12
3.918750054717368130e+02 9.153581317249220136e-13
3.934094876606127400e+02 7.735365949972037893e-13
3.949469683006952323e+02 6.530670949234905011e-13
3.964874473919843467e+02 5.508334319153387152e-13
3.980309249344800833e+02 4.641589862191853752e-13
3.995774009281823851e+02 3.907469949289195865e-13
4.011268753730913659e+02 3.286286098431325675e-13
4.026793482692069119e+02 2.761177695602924897e-13
4.042348196165290801e+02 2.317720328549921561e-13
4.057932894150578136e+02 1.943586215121036918e-13
4.073547576647932260e+02 1.628250106844629784e-13
4.089192243657352037e+02 1.362734846387838543e-13
4.104866895178838035e+02 1.139391465120349036e-13
4.120571531212390255e+02 9.517093336616229964e-14
4.136306151758008696e+02 7.941524326201644725e-14
4.152070756815692789e+02 6.620183004989123340e-14
4.167865346385444809e+02 5.513166479452128934e-14
4.183689920467261345e+02 4.586650084761452404e-14
4.199544479061144102e+02 3.811991311860902605e-14
4.215429022167092512e+02 3.164961158423426462e-14
4.231343549785107143e+02 2.625085497706544617e-14
4.247288061915187996e+02 2.175081331238926317e-14
4.263262558557335069e+02 1.800374781796619937e-14
4.279267039711548364e+02 1.488689425020910102e-14
4.295301505377827311e+02 1.229695080510299942e-14
4.311365955556173049e+02 1.014708512319799228e-14
4.327460390246584439e+02 8.364386476827448416e-15
4.343584809449061481e+02 6.887699320120737928e-15
4.359739213163605314e+02 5.665783160972700759e-15
4.375923601390214799e+02 4.655751340675539978e-15
4.392137974128890505e+02 3.821747924554693350e-15
4.408382331379632433e+02 3.133827642162597401e-15
4.424656673142440582e+02 2.567008779985100092e-15
4.440960999417314383e+02 2.100473221559186146e-15
4.457295310204254974e+02 1.716891535942137465e-15
4.473659605503261218e+02 1.401854211677394309e-15
4.490053885314333115e+02 1.143392886529770605e-15
4.506478149637471802e+02 9.315777918223318461e-16
4.522932398472676141e+02 7.581796654105930165e-16
4.539416631819946701e+02 6.163861339391526234e-16
4.555930849679283483e+02 5.005640621140404846e-16
4.572475052050686486e+02 4.060606483507865525e-16
4.589049238934155710e+02 3.290371419735098832e-16
4.605653410329690587e+02 2.663299929204058004e-16
4.622287566237293390e+02 2.153350430340654590e-16
4.638951706656960141e+02 1.739110478829334543e-16
4.655645831588693682e+02 1.402993964714851900e-16
4.672369941032492875e+02 1.130573876763056142e-16
4.689124034988358858e+02 9.100283933517655728e-17
4.705908113456289925e+02 7.316815943163780926e-17
4.722722176436287782e+02 5.876230807162242535e-17
4.739566223928351860e+02 4.713933195093369580e-17
4.756440255932481591e+02 3.777236664093078916e-17
4.773344272448677543e+02 3.023218217404451217e-17
4.790278273476939717e+02 2.416949914319452420e-17
4.807242259017267543e+02 1.930043016133696351e-17
4.824236229069662159e+02 1.539450875045155583e-17
4.841260183634122427e+02 1.226485769183884656e-17
4.858314122710648917e+02 9.760124253660256320e-18
4.875398046299241628e+02 7.757872798710171761e-18
4.892511954399899992e+02 6.159178003591174762e-18
4.909655847012625145e+02 4.884205933966812443e-18
4.926829724137415951e+02 3.868606912319312953e-18
4.944033585774272979e+02 3.060574663087828425e-18
4.961267431923195659e+02 2.418451620826378655e-18
4.978531262584185129e+02 1.908781380104798504e-18
4.995825077757240251e+02 1.504726759018414843e-18
5.013148877442361595e+02 1.184786436850194146e-18
5.030502661639549160e+02 9.317551109754933861e-19
5.047886430348802378e+02 7.318820183248305861e-19
5.065300183570122385e+02 5.741908343849061139e-19
5.082743921303508046e+02 4.499306921561022840e-19
5.100217643548959927e+02 3.521336006367174801e-19
5.117721350306479167e+02 2.752580924896612233e-19
5.135255041576062922e+02 2.149026645687175370e-19
5.152818717357713467e+02 1.675756352312005647e-19
5.170412377651429097e+02 1.305105470794312062e-19
5.188036022457212084e+02 1.015182910670716847e-19
5.205689651775060156e+02 7.886879907643476598e-20
5.223373265604974449e+02 6.119651439131882901e-20
5.241086863946954963e+02 4.742495854399302903e-20
5.258830446801001699e+02 3.670661467235798589e-20
5.276604014167114656e+02 2.837507957838197475e-20
5.294407566045293834e+02 2.190703022979842991e-20
5.312241102435538096e+02 1.689203104595470449e-20
5.330104623337849716e+02 1.300859692125257096e-20
5.347998128752226421e+02 1.000524074378657946e-20
5.365921618678670484e+02 7.685487217181975687e-21
5.383875093117179631e+02 5.896038573075138052e-21
5.401858552067754999e+02 4.517441638425194583e-21
5.419871995530396589e+02 3.456737328090493612e-21
5.437915423505104400e+02 2.641679177806769020e-21
5.455988835991878432e+02 2.016192059759458609e-21
5.474092232990717548e+02 1.536809823917134002e-21
5.492225614501624023e+02 1.169884597463416921e-21
5.510388980524595581e+02 8.894035328168865415e-22
5.528582331059634498e+02 6.752830871151121341e-22
5.546805666106738499e+02 5.120381889923094780e-22
5.565058985665908722e+02 3.877453084229640023e-22
5.583342289737145165e+02 2.932356233665013708e-22
5.601655578320447830e+02 2.214680811714412660e-22
5.619998851415817853e+02 1.670429114551021718e-22
5.638372109023252960e+02 1.258246435816198541e-22
5.656775351142753152e+02 9.465038212289340471e-23
5.675208577774320702e+02 7.110436999446025584e-23
5.693671788917953336e+02 5.334401800899284337e-23
5.712164984573652191e+02 3.996583755378442082e-23
5.730688164741417268e+02 2.990226768784076675e-23
5.749241329421248565e+02 2.234238814656128079e-23
5.767824478613146084e+02 1.667107359808561192e-23
5.786437612317109824e+02 1.242236543625251319e-23
5.805080730533139786e+02 9.243789234756380075e-24
5.823753833261234831e+02 6.869086960682143044e-24
5.842456920501397235e+02 5.097409028969995058e-24
5.861189992253624723e+02 3.777458357978694241e-24
5.879953048517918432e+02 2.795425102133840817e-24
5.898746089294278363e+02 2.065818917350527357e-24
5.917569114582704515e+02 1.524512863176519714e-24
5.936422124383196888e+02 1.123472970641140911e-24
5.955305118695755482e+02 8.267707304393178102e-25
5.974218097520380297e+02 6.075705636983663293e-25
5.993161060857070197e+02 4.458571727768746592e-25
6.012134008705827455e+02 3.267235414938126855e-25
6.031136941066649797e+02 2.390831497892276547e-25
6.050169857939538360e+02 1.747026985534815268e-25
6.069232759324493145e+02 1.274766358773234374e-25
6.088325645221514151e+02 9.288383569757585099e-26
6.107448515630601378e+02 6.758129149106427608e-26
6.126601370551754826e+02 4.910071990911274577e-26
6.145784209984974495e+02 3.562234363483250736e-26
6.164997033930261523e+02 2.580646997950227591e-26
6.184239842387612498e+02 1.866828521578677982e-26
6.203512635357030831e+02 1.348491430936084580e-26
6.222815412838514249e+02 9.726534217036036638e-27
6.242148174832063887e+02 7.005391907298611024e-27
6.261510921337679747e+02 5.038129979508861955e-27
6.280903652355361828e+02 3.617988124589333097e-27
6.300326367885110130e+02 2.594322531073098198e-27
6.319779067926924654e+02 1.857539601807250535e-27
6.339261752480804262e+02 1.328029435455602610e-27
6.358774421546751228e+02 9.480495750619975742e-28
6.378317075124763278e+02 6.757815684386553952e-28
6.397889713214841549e+02 4.809853017308412937e-28
6.417492335816987179e+02 3.418264428090419088e-28
6.437124942931197893e+02 2.425638700440915641e-28
6.456787534557474828e+02 1.718665646899939583e-28
6.476480110695816848e+02 1.215905221433324703e-28
6.496202671346226225e+02 8.589132696446844423e-29
6.515955216508701824e+02 6.058127096112311608e-29
6.535737746183242507e+02 4.266435106935308310e-29
6.555550260369850548e+02 3.000045357641805832e-29
6.575392759068523674e+02 2.106321331601586393e-29
6.595265242279263020e+02 1.476569099925389723e-29
6.615167710002068588e+02 1.033507149552087568e-29
6.635100162236940378e+02 7.222739805601111784e-30
6.655062598983878388e+02 5.039848070271100117e-30
6.675055020242882620e+02 3.511220662745232927e-30
6.695077426013951936e+02 2.442430538205105416e-30
6.715129816297089747e+02 1.696320662244303820e-30
6.735212191092292642e+02 1.176287628891256512e-30
6.755324550399560621e+02 8.143988793706080934e-31
6.775466894218894822e+02 5.629594052301707945e-31
6.795639222550295244e+02 3.885361909957945210e-31
6.815841535393761887e+02 2.677309492926702809e-31
6.836073832749294752e+02 1.841944715857735025e-31
6.856336114616893838e+02 1.265213249047419386e-31
6.876628380996559144e+02 8.676772502403514898e-32
6.896950631888289536e+02 5.940982089154646968e-32
6.917302867292086148e+02 4.061271663340788277e-32
6.937685087207950119e+02 2.771837827481673340e-32
6.958097291635879174e+02 1.888746989741960658e-32
6.978539480575874450e+02 1.284926119904416773e-32
6.999011654027935947e+02 8.727284775647729226e-33
7.019513811992063665e+02 5.918000099588110483e-33
7.040045954468257605e+02 4.006487876275878896e-33
7.060608081456516629e+02 2.707970663602862667e-33
7.081200192956843011e+02 1.827315544157147225e-33
7.101822288969234478e+02 1.231036208210561708e-33
7.122474369493693303e+02 8.279688619013368149e-34
7.143156434530217211e+02 5.559571177187777706e-34
7.163868484078807342e+02 3.726927229005964777e-34
7.184610518139463693e+02 2.494256275779571840e-34
7.205382536712186266e+02 1.666517935129443112e-34
7.226184539796975059e+02 1.111618800435159832e-34
7.247016527393828937e+02 7.402475239398233585e-35
7.267878499502750174e+02 4.921204908561376493e-35
7.288770456123738768e+02 3.266160747561272063e-35
7.309692397256791310e+02 2.164080941912703750e-35
7.330644322901910073e+02 1.431454346654474211e-35
7.351626233059096194e+02 9.452523740272063665e-36
7.372638127728347399e+02 6.231355725774406370e-36
7.393680006909663689e+02 4.100907968653905027e-36
7.414751870603047337e+02 2.694253357428830085e-36
7.435853718808497206e+02 1.767079111957803266e-36
7.456985551526012159e+02 1.156993516813684501e-36
7.478147368755594471e+02 7.562431440464150541e-37
7.499339170497241867e+02 4.934529962784293261e-37
7.520560956750956620e+02 3.214268615775603326e-37
7.541812727516736459e+02 2.090108378526214231e-37
7.563094482794582518e+02 1.356762806285763130e-37
7.584406222584494799e+02 8.791961196229651642e-38
7.605747946886472164e+02 5.687383729145340675e-38
7.627119655700516887e+02 3.672674686004079796e-38
7.648521349026627831e+02 2.367520679679403322e-38
7.669953026864803860e+02 1.523507925838687832e-38
7.691414689215046110e+02 9.786637471558841635e-39
7.712906336077355718e+02 6.275644879807924935e-39
7.734427967451730410e+02 4.017145170424043619e-39
7.755979583338171324e+02 2.566901664226915106e-39
7.777561183736678458e+02 1.637312993568143710e-39
7.799172768647251814e+02 1.042517108249008053e-39
7.820814338069890255e+02 6.626159923824441896e-40
7.842485892004596053e+02 4.204032963170163417e-40
7.864187430451366936e+02 2.662527028484083312e-40
7.885918953410205177e+02 1.683231652899525137e-40
7.907680460881110776e+02 1.062218704409665302e-40
7.929471952864080322e+02 6.691175658231216972e-41
7.951293429359116089e+02 4.207339824063720488e-41
7.973144890366218078e+02 2.640752302902273844e-41
7.995026335885386288e+02 1.654477646044097025e-41
8.016937765916619583e+02 1.034678789128295181e-41
8.038879180459920235e+02 6.458919048082571861e-42
8.060850579515285972e+02 4.024593650137770637e-42
8.082851963082719067e+02 2.503170225887156858e-42
8.104883331162217246e+02 1.554043362356742705e-42
8.126944683753781646e+02 9.630271585249075022e-43
8.149036020857412268e+02 5.956825045770578918e-43
8.171157342473109111e+02 3.677818711054729823e-43
8.193308648600872175e+02 2.266539076655765392e-43
8.215489939240701460e+02 1.394221521669376784e-43
8.237701214392595830e+02 8.560404607004054509e-44
8.259942474056557558e+02 5.246250234654515035e-44
8.282213718232584370e+02 3.209180719249264971e-44
8.304514946920678540e+02 1.959422428424872518e-44
8.326846160120837794e+02 1.194122742974941616e-44
8.349207357833063270e+02 7.263653648106132174e-45
8.371598540057354967e+02 4.410063247181021688e-45
8.394019706793712885e+02 2.672491378022108251e-45
8.416470858042135887e+02 1.616470880453626724e-45
8.438951993802626248e+02 9.758831325813192077e-46
8.461463114075182830e+02 5.880366140867060306e-46
8.484004218859804496e+02 3.536599120325629505e-46
8.506575308156492383e+02 2.122953548120253509e-46
8.529176381965248765e+02 1.271939991133015276e-46
8.551807440286069095e+02 7.606108415328191169e-47
8.574468483118955646e+02 4.539692600418272380e-47
8.597159510463908418e+02 2.704311502053687722e-47
8.619880522320927412e+02 1.607872509448968506e-47
8.642631518690012626e+02 9.541341123829309201e-48
8.665412499571162925e+02 5.651040892989365037e-48
8.688223464964380582e+02 3.340465479003884220e-48
8.711064414869663324e+02 1.970803553416133743e-48
8.733935349287012286e+02 1.160475023131579307e-48
8.756836268216427470e+02 6.819973305864409628e-49
8.779767171657908875e+02 4.000205240294484889e-49
8.802728059611456501e+02 2.341708891869081560e-49
8.825718932077070349e+02 1.368147361918980081e-49
8.848739789054749281e+02 7.977751505438555100e-50
8.871790630544495571e+02 4.642737209325102165e-50
8.894871456546306945e+02 2.696571797730766727e-50
8.917982267060185677e+02 1.563120585928723871e-50
8.941123062086129494e+02 9.043028690227784567e-51
8.964293841624139532e+02 5.221251240650446936e-51
8.987494605674215791e+02 3.008658244819664811e-51
9.010725354236358271e+02 1.730242761391696064e-51
9.033986087310566973e+02 9.930599588512880960e-52
9.057276804896840758e+02 5.688221302907852949e-52
9.080597506995181902e+02 3.251684639124462734e-52
9.103948193605588131e+02 1.855109787258557882e-52
9.127328864728061717e+02 1.056229808535046860e-52
9.150739520362600388e+02 6.001684687862689734e-53
9.174180160509205280e+02 3.403394019025850524e-53
9.197650785167878666e+02 1.926078309154393753e-53
9.221151394338616001e+02 1.087819042173377036e-53
9.244681988021419556e+02 6.131387131164377244e-54
9.268242566216288196e+02 3.448883655984741325e-54
9.291833128923224194e+02 1.936040502020305991e-54
9.315453676142225277e+02 1.084587979970361695e-54
9.339104207873293717e+02 6.063563900518384968e-55
9.362784724116427242e+02 3.383002553354365291e-55
9.386495224871626988e+02 1.883589507635397652e-55
9.410235710138892955e+02 1.046593776089975541e-55
9.434006179918225143e+02 5.803317909158496516e-56
9.457806634209623553e+02 3.211288247470631533e-56
9.481637073013087047e+02 1.773312675240592302e-56
9.505497496328617899e+02 9.772211049615891403e-57
9.529387904156213835e+02 5.374031924011362969e-57
9.553308296495877130e+02 2.949211560637227250e-57
9.577258673347605509e+02 1.615133015307722056e-57
9.601239034711400109e+02 8.826850003657592052e-58
9.625249380587260930e+02 4.813895847992536782e-58
9.649289710975187973e+02 2.619868747109430900e-58
9.673360025875181236e+02 1.422828949266193600e-58
9.697460325287240721e+02 7.711068881131560303e-59
9.721590609211365290e+02 4.170264712829642112e-59
9.745750877647557218e+02 2.250599604516234518e-59
9.769941130595814229e+02 1.212039725440058176e-59
9.794161368056137462e+02 6.513552260609299335e-60
9.818411590028528053e+02 3.493009887185667537e-60
9.842691796512983728e+02 1.869222631308595432e-60
9.867001987509506762e+02 9.981596038099003499e-61
9.891342163018094880e+02 5.318818086799413797e-61
9.915712323038749219e+02 2.828166152337638962e-61
9.940112467571469779e+02 1.500609845727431350e-61
9.964542596616255423e+02 7.945151927192398892e-62
9.989002710173108426e+02 4.197653855880416470e-62
1.001349280824202651e+03 2.212990275267914610e-62
1.003801289082301082e+03 1.164177816518229279e-62
1.006256295791606135e+03 6.111172401087202652e-63
1.008714300952117810e+03 3.201058625868881212e-63
1.011175304563836107e+03 1.673112233651380117e-63
1.013639306626761027e+03 8.726043173284156274e-64
1.016106307140892454e+03 4.541182564139118373e-64
1.018576306106230618e+03 2.358187740650926556e-64
1.021049303522775290e+03 1.221923726286120267e-64
1.023525299390526584e+03 6.317781768222436400e-65
1.026004293709484500e+03 3.259405893257974334e-65
1.028486286479649152e+03 1.677892302814810460e-65
1.030971277701020199e+03 8.618665699310805592e-66
1.033459267373598095e+03 4.417380620636949037e-66
1.035950255497382386e+03 2.259107810926653008e-66
1.038444242072373299e+03 1.152802644624793147e-66
1.040941227098571062e+03 5.869719775939806756e-67
1.043441210575975219e+03 2.982103411423010900e-67
1.045944192504585999e+03 1.511713502498946154e-67
1.048450172884403401e+03 7.646387169939965728e-68
1.050959151715427424e+03 3.859060782353254357e-68
1.053471128997658070e+03 1.943318757478681067e-68
1.055986104731095338e+03 9.764322306631522773e-69
1.058504078915739228e+03 4.895244248516024039e-69
1.061025051551589740e+03 2.448721421824188241e-69
1.063549022638646875e+03 1.222181525425323277e-69
1.066075992176910404e+03 6.086420258988971348e-70
1.068605960166380783e+03 3.024242546872462886e-70
1.071138926607057556e+03 1.499333827151293260e-70
1.073674891498941179e+03 7.416614047200343226e-71
1.076213854842031424e+03 3.660473145087151732e-71
1.078755816636328063e+03 1.802567626325401303e-71
1.081300776881831325e+03 8.856605501248679583e-72
1.083848735578541437e+03 4.341732124168817585e-72
1.086399692726457943e+03 2.123622630044229048e-72
1.088953648325581071e+03 1.036355767258181910e-72
1.091510602375910821e+03 5.046104149250422415e-73
1.094070554877447194e+03 2.451421477273293137e-73
1.096633505830190188e+03 1.188208956153225718e-73
1.099199455234139805e+03 5.746181529065028859e-74
1.101768403089296044e+03 2.772529522629939576e-74
1.104340349395658905e+03 1.334694807462045313e-74
1.106915294153228388e+03 6.410550973392092852e-75
1.109493237362004493e+03 3.071955967074571427e-75
1.112074179021987220e+03 1.468721685436897523e-75
1.114658119133176342e+03 7.005958754963480957e-76
1.117245057695572314e+03 3.334247651052070473e-76
1.119834994709174680e+03 1.583175299610743357e-76
1.122427930173983896e+03 7.499973021338999232e-77
1.125023864089999506e+03 3.544774525584660712e-77
1.127622796457221966e+03 1.671530978822235175e-77
1.130224727275650821e+03 7.863860986186089713e-78
1.132829656545286298e+03 3.691063349347014599e-78
1.135437584266128624e+03 1.728463204463704880e-78
1.138048510438177345e+03 8.075333114310655952e-79
1.140662435061432689e+03 3.764013103684445455e-79
1.143279358135894654e+03 1.750374143061604830e-79
1.145899279661563241e+03 8.120793153742680703e-80
1.148522199638438451e+03 3.758828617565696801e-80
1.151148118066520283e+03 1.735768657206915464e-80
1.153777034945808737e+03 7.996779674354896527e-81
1.156408950276303813e+03 3.675539761230221782e-81
1.159043864058005283e+03 1.685421640788892578e-81
1.161681776290913604e+03 7.710387376867350239e-82
1.164322686975028546e+03 3.519028397623421796e-82
1.166966596110350338e+03 1.602311840709109452e-82
1.169613503696878524e+03 7.278598610670745260e-83
1.172263409734613106e+03 3.298554938967389524e-83
1.174916314223554537e+03 1.491329703503718972e-83
1.177572217163702362e+03 6.726612111011503090e-84
1.180231118555056810e+03 3.026848290071919846e-84
1.182893018397618107e+03 1.358799136602286283e-84
1.185557916691385799e+03 6.085398197409700867e-85
1.188225813436360113e+03 2.718883938566661302e-85
1.190896708632541049e+03 1.211878464285024720e-85
1.193570602279928607e+03 5.388811665387010158e-86
1.196247494378522788e+03 2.390514022881765578e-86
1.198927384928323590e+03 1.057919827127938761e-86
1.201610273929331015e+03 4.670638044107755244e-87
1.204296161381545062e+03 2.057124102853121766e-87
1.206985047284965503e+03 9.038667948765406358e-88
1.209676931639592794e+03 3.961930663495155465e-88
1.212371814445426708e+03 1.732473715833669431e-88
1.215069695702467016e+03 7.557577929391255636e-89
1.217770575410714173e+03 3.288922698865544740e-89
1.220474453570167725e+03 1.427836937330145859e-89
1.223181330180828127e+03 6.183812903361500836e-90
1.225891205242694923e+03 2.671687905150785939e-90
1.228604078755768342e+03 1.151504503631660225e-90
1.231319950720048610e+03 4.951023349516910577e-91
1.234038821135535272e+03 2.123599501855331241e-91
1.236760690002228557e+03 9.086517277569320651e-92
1.239485557320128464e+03 3.878541125884055357e-92
1.242213423089234993e+03 1.651521961608373780e-92
1.244944287309548145e+03 7.015267335249628032e-93
1.247678149981067918e+03 2.972671608352145660e-93
1.250415011103794313e+03 1.256583651142468967e-93
1.253154870677727331e+03 5.298788234487614709e-94
1.255897728702866743e+03 2.228955223995247112e-94
1.258643585179213005e+03 9.353296197322339997e-95
1.261392440106765889e+03 3.915304456688296301e-95
1.264144293485525168e+03 1.634943874584814417e-95
1.266899145315491296e+03 6.810446311643740404e-96
1.269656995596663819e+03 2.829975504654619088e-96
1.272417844329043191e+03 1.173067829833888742e-96
1.275181691512628959e+03 4.850604805154025685e-97
1.277948537147421348e+03 2.000782863870914022e-97
1.280718381233420587e+03 8.232548716881894525e-98
1.283491223770626220e+03 3.379075800788402780e-98
1.286267064759038476e+03 1.383533979905008079e-98
1.289045904198657354e+03 5.650787802828633454e-99
1.291827742089482854e+03 2.302260431318209575e-99
1.294612578431514976e+03 9.356753636509768625e-100
1.297400413224753720e+03 3.793326755807229391e-100
1.300191246469199086e+03 1.534046957004634403e-100
1.302985078164851075e+03 6.188414903054106635e-101
1.305781908311709685e+03 2.490242268798021768e-101
1.308581736909774691e+03 9.995953506198326030e-102
1.311384563959046545e+03 4.002454030260028992e-102
1.314190389459525022e+03 1.598626581355631506e-102
1.316999213411209894e+03 6.369206351752937947e-103
1.319811035814101615e+03 2.531280578399617907e-103
1.322625856668200186e+03 1.003485274215571554e-103
1.325443675973505151e+03 3.968227361001552986e-104
1.328264493730016511e+03 1.565294288563530907e-104
1.331088309937734493e+03 6.158975163224083674e-105
1.333915124596659325e+03 2.417313617222160125e-105
1.336744937706790552e+03 9.463869401723514558e-106
1.339577749268128400e+03 3.695853767169324971e-106
1.342413559280672871e+03 1.439694127086609485e-106
1.345252367744423964e+03 5.594151426791847181e-107
1.348094174659381679e+03 2.168232541611145203e-107
1.350938980025546016e+03 8.382706939278851781e-108
1.353786783842916975e+03 3.232724014788834985e-108
1.356637586111494556e+03 1.243535070524236842e-108
1.359491386831278533e+03 4.771464050850258860e-109
1.362348186002269358e+03 1.826201257517665730e-109
1.365207983624466806e+03 6.971851710570109753e-110
1.368070779697870648e+03 2.654907120567504243e-110
1.370936574222481340e+03 1.008443060344399022e-110
1.373805367198298427e+03 3.820792619631432424e-111
1.376677158625322363e+03 1.443958689293116827e-111
1.379551948503552694e+03 5.443202322152537033e-112
1.382429736832989647e+03 2.046688676004561947e-112
1.385310523613633222e+03 7.676193208126562873e-113
1.388194308845483647e+03 2.871679813059978578e-113
1.391081092528540466e+03 1.071571989089326621e-113
1.393970874662803908e+03 3.988422222727230966e-114
1.396863655248273972e+03 1.480725526857225372e-114
1.399759434284950657e+03 5.483285897268941002e-115
1.402658211772833965e+03 2.025346548379871422e-115
1.405559987711923895e+03 7.461895557513854510e-116
1.408464762102220220e+03 2.742139870521949988e-116
1.411372534943723394e+03 1.005124617058659276e-116
1.414283306236433191e+03 3.674847691262094380e-117
1.417197075980349382e+03 1.340130746245090669e-117
1.420113844175472423e+03 4.874641286413768189e-118
1.423033610821801858e+03 1.768581568133664026e-118
1.425956375919338143e+03 6.400203015747558172e-119
1.428882139468080823e+03 2.310191160155606369e-119
1.431810901468030352e+03 8.317386665638051764e-120
1.434742661919186276e+03 2.986826340574005112e-120
1.437677420821548822e+03 1.069834173937032862e-120
1.440615178175117990e+03 3.822132033324465778e-121
1.443555933979894007e+03 1.361999497222855298e-121
1.446499688235876420e+03 4.840938616756758083e-122
1.449446440943065454e+03 1.716180253803532893e-122
1.452396192101461111e+03 6.068428753610829954e-123
1.455348941711063389e+03 2.140272086416025453e-123
1.458304689771872290e+03 7.529054446536705025e-124
1.461263436283887586e+03 2.641739327270254182e-124
1.464225181247109731e+03 9.245212921524280533e-125
1.467189924661538498e+03 3.227161284153688566e-125
1.470157666527173660e+03 1.123571181436581936e-125
1.473128406844015672e+03 3.901719607414962701e-126
1.476102145612064305e+03 1.351407880962829976e-126
1.479078882831319333e+03 4.668648266240065561e-127
1.482058618501780984e+03 1.608679776849626485e-127
1.485041352623449484e+03 5.528679992150236467e-128
1.488027085196325061e+03 1.895172261835621670e-128
1.491015816220406577e+03 6.480006266065215394e-129
1.494007545695694716e+03 2.211239712394819060e-129
1.497002273622189477e+03 7.569005698893869271e-130
1.499999999999890861e+03 2.721208557209094959e-130
