0.000000000000000000e+00 1.078827675681359038e-02
2.273622298366173664e-03 1.078607716643169463e-02
7.545695803342003863e-03 1.078102373227995438e-02
1.581622051492749537e-02 1.077322598451665829e-02
2.708519643312265121e-02 1.076284888291972885e-02
4.135262355792745231e-02 1.075010421218673511e-02
5.861850188934192296e-02 1.073523987421495796e-02
7.888283142736605968e-02 1.071852805881782708e-02
1.021456121719998417e-01 1.070025350681772132e-02
1.284068441232432967e-01 1.068070367910093146e-02
1.576665272810963692e-01 1.066016526515170190e-02
1.899246616455591841e-01 1.063894154754155448e-02
2.251812472166316026e-01 1.061721343357033102e-02
2.634362839943137358e-01 1.059523346773946252e-02
3.046897719786054171e-01 1.057320834810209463e-02
3.489417111695068408e-01 1.055131075988299805e-02
3.961921015670178958e-01 1.052968569785579615e-02
4.464409431711385823e-01 1.050842837967797677e-02
4.996882359818689001e-01 1.048766496256645434e-02
5.559339799992089048e-01 1.046745107962445374e-02
6.151781752231586520e-01 1.044784665278724982e-02
6.774208216537180860e-01 1.042888588228420635e-02
7.426619192908870959e-01 1.041059348144938654e-02
8.109014681346657927e-01 1.039298087818164851e-02
8.821394681850540653e-01 1.037604691734818861e-02
9.563759194420520249e-01 1.035978359849827439e-02
1.033610821905659893e+00 1.034417566859941774e-02
1.113844175575877005e+00 1.032920229135373888e-02
1.197075980452704025e+00 1.031483816859432752e-02
1.283306236536140510e+00 1.030105454852262709e-02
1.372534943826186904e+00 1.028782005780413435e-02
1.464762102322842541e+00 1.027510136842452182e-02
1.559987712026108309e+00 1.026286374187652603e-02
1.658211772935983985e+00 1.025107147171499221e-02
1.759434285052468461e+00 1.023968823903415905e-02
1.863655248375563289e+00 1.022867739811172266e-02
1.970874662905267360e+00 1.021800220504844557e-02
2.081092528641581119e+00 1.020762600340331151e-02
2.194308845584504564e+00 1.019751237862642768e-02
2.310523613734037696e+00 1.018762529182495359e-02
2.429736833090180514e+00 1.017792920214004825e-02
2.551948503652933020e+00 1.016838918581089955e-02
2.677158625422295657e+00 1.015897105892533438e-02
2.805367198398267092e+00 1.014964150968654562e-02
2.936574222580849103e+00 1.014036824478449852e-02
3.070779697970039912e+00 1.013112015303169536e-02
3.207983624565840852e+00 1.012186748777832955e-02
3.348186002368251035e+00 1.011258206767167225e-02
3.491386831377271349e+00 1.010323749302542533e-02
3.637586111592901794e+00 1.009380937237707582e-02
3.786783843015140594e+00 1.008427555073162368e-02
3.938980025643989968e+00 1.007461632755298625e-02
4.094174659479448586e+00 1.006481464885358550e-02
4.252367744521516890e+00 1.005485625388633300e-02
4.413559280770193993e+00 1.004472975314833587e-02
4.577749268225481671e+00 1.003442661089314590e-02
4.744937706887379925e+00 1.002394100235291623e-02
4.915124596755886976e+00 1.001326951360079036e-02
5.088309937831002827e+00 1.000241065054045288e-02
5.264493730112731029e+00 9.991364122817531293e-03
5.443675973601066254e+00 9.980129966823897761e-03
5.625856668296011165e+00 9.968708223436895458e-03
5.811035814197565763e+00 9.957098936062535807e-03
5.999213411305732713e+00 9.945302150726961776e-03
6.190389459620506685e+00 9.933317916169184456e-03
6.384563959141890344e+00 9.921146283935368751e-03
6.581736909869886354e+00 9.908787308474470423e-03
6.781908311804489387e+00 9.896241047235375399e-03
6.985078164945702106e+00 9.883507560765409511e-03
7.191246469293523624e+00 9.870586912810275920e-03
7.400413224847958382e+00 9.857479170415388986e-03
7.612578431609000162e+00 9.844184404028649693e-03
7.827742089576650741e+00 9.830702687604501305e-03
8.045904198750914560e+00 9.817034098709561882e-03
8.267064759131784513e+00 9.803178718629415589e-03
8.491223770719265929e+00 9.789136632476921895e-03
8.718381233513355255e+00 9.774907929301818871e-03
8.948537147514057821e+00 9.760492702201686507e-03
9.181691512721366522e+00 9.745891048434254453e-03
9.417844329135284909e+00 9.731103069531038541e-03
9.656995596755812983e+00 9.716128871412257548e-03
9.899145315582954296e+00 9.700968564503146402e-03
1.014429348561670174e+01 9.685622263851440331e-03
1.039244010685705888e+01 9.670090089246232909e-03
1.064358517930402925e+01 9.654372165338121273e-03
1.089772870295760576e+01 9.638468621760468494e-03
1.115487067781779196e+01 9.622379593252104041e-03
1.141501110388458784e+01 9.606105219781091095e-03
1.167814998115799696e+01 9.589645646669807053e-03
1.194428730963801222e+01 9.573001024721177615e-03
1.221342308932463716e+01 9.556171510346119988e-03
1.248555732021787534e+01 9.539157265692125784e-03
1.276069000231771966e+01 9.521958458773028752e-03
1.303882113562417366e+01 9.504575263599912213e-03
1.331995072013723735e+01 9.487007860313069474e-03
1.360407875585691251e+01 9.469256435315145590e-03
1.389120524278319557e+01 9.451321181405313021e-03
1.418133018091608832e+01 9.433202297914519349e-03
1.447445357025559431e+01 9.414899990841751540e-03
1.477057541080170644e+01 9.396414472991387878e-03
1.506969570255442648e+01 9.377745964111453697e-03
1.537181444551375797e+01 9.358894691032921404e-03
1.567693163967970271e+01 9.339860887809955936e-03
1.598504728505225359e+01 9.320644795861048396e-03
1.629616138163141770e+01 9.301246664111117654e-03
1.661027392941718617e+01 9.281666749134434222e-03
1.692738492840956610e+01 9.261905315298427088e-03
1.724749437860855394e+01 9.241962634908344049e-03
1.757060228001415325e+01 9.221838988352640612e-03
1.789670863262636047e+01 9.201534664249239742e-03
1.822581343644517915e+01 9.181049959592459467e-03
1.855791669147061285e+01 9.160385179900689887e-03
1.889301839770265090e+01 9.139540639364757135e-03
1.923111855514130042e+01 9.118516660996934392e-03
1.957221716378655429e+01 9.097313576780587802e-03
1.991631422363841963e+01 9.075931727820406997e-03
2.026340973469689644e+01 9.054371464493195937e-03
2.061350369696198115e+01 9.032633146599172019e-03
2.096659611043368443e+01 9.010717143513802957e-03
2.132268697511199207e+01 8.988623834340046109e-03
2.168177629099690407e+01 8.966353608061012823e-03
2.204386405808842753e+01 8.943906863693071654e-03
2.240895027638656245e+01 8.921284010439190990e-03
2.277703494589130528e+01 8.898485467842687582e-03
2.314811806660265958e+01 8.875511665941169387e-03
2.352219963852062889e+01 8.852363045420714310e-03
2.389927966164520257e+01 8.829040057770288358e-03
2.427935813597638415e+01 8.805543165436175920e-03
2.466243506151417719e+01 8.781872841976649455e-03
2.504851043825857815e+01 8.758029572216573244e-03
2.543758426620958701e+01 8.734013852402080016e-03
2.582965654536720734e+01 8.709826190355183378e-03
2.622472727573144979e+01 8.685467105628280962e-03
2.662279645730228950e+01 8.660937129658562161e-03
2.702386409007973711e+01 8.636236805922199028e-03
2.742793017406379619e+01 8.611366690088292572e-03
2.783499470925446673e+01 8.586327350172581405e-03
2.824505769565174518e+01 8.561119366690734048e-03
2.865811913325563154e+01 8.535743332811328993e-03
2.907417902206614002e+01 8.510199854508314343e-03
2.949323736208324576e+01 8.484489550713045919e-03
2.991529415330696295e+01 8.458613053465678308e-03
3.034034939573729162e+01 8.432571008066014687e-03
3.076840308937422819e+01 8.406364073223659278e-03
3.119945523421777267e+01 8.379992921207429085e-03
3.163350583026792862e+01 8.353458237993995408e-03
3.207055487752469958e+01 8.326760723415659732e-03
3.251060237598807845e+01 8.299901091307234496e-03
3.295364832565805813e+01 8.272880069651926405e-03
3.339969272653465282e+01 8.245698400726211852e-03
3.384873557861785542e+01 8.218356841243583052e-03
3.430077688190767304e+01 8.190856162497159657e-03
3.475581663640409147e+01 8.163197150501018406e-03
3.521385484210713912e+01 8.135380606130278996e-03
3.567489149901678047e+01 8.107407345259788276e-03
3.613892660713302973e+01 8.079278198901366365e-03
3.660596016645589401e+01 8.050994013339567851e-03
3.707599217698536620e+01 8.022555650265855709e-03
3.754902263872144630e+01 7.993963986911108155e-03
3.802505155166413431e+01 7.965219916176439346e-03
3.850407891581343733e+01 7.936324346762203830e-03
3.898610473116936248e+01 7.907278203295127483e-03
3.947112899773188133e+01 7.878082426453530268e-03
3.995915171550100808e+01 7.848737973090474246e-03
4.045017288447674986e+01 7.819245816354881973e-03
4.094419250465909244e+01 7.789606945810417966e-03
4.144121057604805713e+01 7.759822367552182687e-03
4.194122709864362264e+01 7.729893104321023008e-03
4.244424207244581027e+01 7.699820195615472186e-03
4.295025549745459870e+01 7.669604697801186630e-03
4.345926737366999504e+01 7.639247684217809198e-03
4.397127770109199929e+01 7.608750245283193991e-03
4.448628647972061856e+01 7.578113488594899819e-03
4.500429370955584574e+01 7.547338539028836980e-03
4.552529939059768083e+01 7.516426538835076047e-03
4.604930352284613804e+01 7.485378647730606995e-03
4.657630610630118895e+01 7.454196042989084253e-03
4.710630714096285487e+01 7.422879919527387675e-03
4.763930662683112871e+01 7.391431489988971662e-03
4.817530456390601046e+01 7.359851984823865406e-03
4.871430095218750722e+01 7.328142652365288688e-03
4.925629579167561189e+01 7.296304758902762665e-03
4.980128908237033158e+01 7.264339588751634984e-03
5.034928082427165918e+01 7.232248444318940296e-03
5.090027101737958759e+01 7.200032646165514631e-03
5.145425966169413101e+01 7.167693533064241340e-03
5.201124675721528234e+01 7.135232462054383502e-03
5.257123230394304159e+01 7.102650808491908253e-03
5.313421630187741584e+01 7.069949966095666859e-03
5.370019875101840512e+01 7.037131346989410584e-03
5.426917965136599520e+01 7.004196381739514858e-03
5.484115900292019319e+01 6.971146519388324997e-03
5.541613680568100619e+01 6.937983227483042817e-03
5.599411305964842711e+01 6.904707992100076949e-03
5.657508776482245594e+01 6.871322317864735421e-03
5.715906092120309268e+01 6.837827727966219737e-03
5.774603252879035153e+01 6.804225764167792963e-03
5.833600258758421120e+01 6.770517986812040270e-03
5.892897109758467877e+01 6.736705974821181192e-03
5.952493805879175426e+01 6.702791325692264435e-03
6.012390347120543765e+01 6.668775655487246996e-03
6.072586733482573607e+01 6.634660598817804060e-03
6.133082964965264239e+01 6.600447808824826297e-03
6.193879041568617083e+01 6.566138957152504833e-03
6.254974963292629297e+01 6.531735733916918876e-03
6.316370730137303013e+01 6.497239847669052278e-03
6.378066342102637520e+01 6.462653025352148826e-03
6.440061799188634950e+01 6.427977012253326475e-03
6.502357101395290329e+01 6.393213571949386310e-03
6.564952248722607919e+01 6.358364486246705256e-03
6.627847241170586301e+01 6.323431555115168259e-03
6.691042078739225474e+01 6.288416596616041090e-03
6.754536761428525438e+01 6.253321446823721305e-03
6.818331289238486193e+01 6.218147959741286701e-03
6.882425662169109160e+01 6.182898007209763208e-03
6.946819880220391497e+01 6.147573478811058437e-03
7.011513943392336046e+01 6.112176281764469810e-03
7.076507851684941386e+01 6.076708340816720441e-03
7.141801605098207517e+01 6.041171598125427353e-03
7.207395203632134439e+01 6.005568013135976872e-03
7.273288647286722153e+01 5.969899562451698796e-03
7.339481936061973499e+01 5.934168239697318499e-03
7.405975069957884216e+01 5.898376055375601119e-03
7.472768048974454302e+01 5.862525036717136651e-03
7.539860873111686601e+01 5.826617227523219963e-03
7.607253542369579691e+01 5.790654688001759844e-03
7.674946056748133572e+01 5.754639494596178011e-03
7.742938416247348243e+01 5.718573739807223527e-03
7.811230620867223706e+01 5.682459532007714739e-03
7.879822670607759960e+01 5.646298995250076912e-03
7.948714565468957005e+01 5.610094269066713719e-03
8.017906305450816262e+01 5.573847508263152749e-03
8.087397890553336310e+01 5.537560882703871333e-03
8.157189320776515729e+01 5.501236577090879917e-03
8.227280596120357359e+01 5.464876790734913767e-03
8.297671716584862622e+01 5.428483737319304142e-03
8.368362682170027256e+01 5.392059644656426592e-03
8.439353492875851259e+01 5.355606754436765399e-03
8.510644148702336054e+01 5.319127321970543859e-03
8.582234649649483060e+01 5.282623615921897865e-03
8.654124995717289437e+01 5.246097918035612720e-03
8.726315186905758026e+01 5.209552522856385898e-03
8.798805223214887405e+01 5.172989737440623556e-03
8.871595104644677576e+01 5.136411881060763858e-03
8.944684831195128538e+01 5.099821284902143585e-03
9.018074402866240291e+01 5.063220291752378553e-03
9.091763819658012835e+01 5.026611255683319408e-03
9.165753081570447591e+01 4.989996541725542911e-03
9.240042188603541717e+01 4.953378525535435950e-03
9.314631140757302319e+01 4.916759593054865346e-03
9.389519938031718027e+01 4.880142140163479421e-03
9.464708580426795947e+01 4.843528572323656071e-03
9.540197067942534659e+01 4.806921304218137250e-03
9.615985400578935582e+01 4.770322759380381944e-03
9.692073578335995876e+01 4.733735369817687090e-03
9.768461601213716961e+01 4.697161575627118932e-03
9.845149469212100257e+01 4.660603824604289507e-03
9.922137182331144345e+01 4.624064571845070207e-03
9.999424740570847803e+01 4.587546279340255426e-03
1.007701214393121347e+02 4.551051415563279502e-03
1.015489939241223993e+02 4.514582455051024262e-03
1.023308648601392861e+02 4.478141877977816036e-03
1.031157342473627665e+02 4.441732169722666795e-03
1.039036020857928548e+02 4.405355820429859154e-03
1.046944683754295937e+02 4.369015324562948097e-03
1.054883331162729121e+02 4.332713180452281779e-03
1.062851963083228384e+02 4.296451889836132472e-03
1.070850579515793726e+02 4.260233957395533934e-03
1.078879180460425147e+02 4.224061890282944029e-03
1.086937765917122647e+02 4.187938197644834083e-03
1.095026335885886226e+02 4.151865390138312524e-03
1.103144890366716027e+02 4.115845979441931125e-03
1.111293429359611764e+02 4.079882477760765798e-03
1.119471952864573723e+02 4.043977397325922846e-03
1.127680460881601618e+02 4.008133249888605996e-03
1.135918953410695735e+02 3.972352546208869108e-03
1.144187430451855931e+02 3.936637795539221947e-03
1.152485892005082206e+02 3.900991505103218720e-03
1.160814338070374987e+02 3.865416179569197610e-03
1.169172768647733562e+02 3.829914320519323557e-03
1.177561183737158075e+02 3.794488425914105140e-03
1.185979583338648808e+02 3.759140989552549935e-03
1.194427967452205621e+02 3.723874500528141351e-03
1.202906336077828513e+02 3.688691442680800021e-03
1.211414689215517342e+02 3.653594294045036175e-03
1.219953026865272534e+02 3.618585526294458218e-03
1.228521349027093663e+02 3.583667604182856539e-03
1.237119655700980871e+02 3.548842984982034272e-03
1.245747946886934301e+02 3.514114117916610977e-03
1.254406222584953667e+02 3.479483443595990464e-03
1.263094482795039255e+02 3.444953393443714405e-03
1.271812727517190922e+02 3.410526389124414644e-03
1.280560956751409094e+02 3.376204841968582365e-03
1.289339170497692919e+02 3.341991152395386560e-03
1.298147368756042681e+02 3.307887709333762107e-03
1.306985551526458949e+02 3.273896889642006428e-03
1.315853718808940869e+02 3.240021057526123235e-03
1.324751870603489294e+02 3.206262563957147996e-03
1.333680006910103373e+02 3.172623746087708824e-03
1.342638127728783957e+02 3.139106926668065213e-03
1.351626233059530477e+02 3.105714413461880055e-03
1.360644322902342935e+02 3.072448498661979523e-03
1.369692397257221614e+02 3.039311458306365350e-03
1.378770456124166515e+02 3.006305551694731914e-03
1.387878499503177352e+02 2.973433020805763948e-03
1.397016527394254410e+02 2.940696089715482461e-03
1.406184539797397974e+02 2.908096964016902968e-03
1.415382536712607191e+02 2.875637830241290112e-03
1.424610518139882345e+02 2.843320855281281003e-03
1.433868484079223720e+02 2.811148185816155290e-03
1.443156434530631316e+02 2.779121947739537739e-03
1.452474369494104849e+02 2.747244245589819129e-03
1.461822288969644603e+02 2.715517161983569110e-03
1.471200192957250295e+02 2.683942757052247205e-03
1.480608081456922207e+02 2.652523067882484303e-03
1.490045954468660057e+02 2.621260107960237794e-03
1.499513811992464127e+02 2.590155866619101802e-03
1.509011654028334419e+02 2.559212308493078250e-03
1.518539480576270648e+02 2.528431372974087200e-03
1.528097291636272814e+02 2.497814973674526966e-03
1.537685087208341486e+02 2.467364997895165040e-03
1.547302867292476378e+02 2.437083306098665123e-03
1.556950631888676924e+02 2.406971731389043450e-03
1.566628380996943690e+02 2.377032078997342365e-03
1.576336114617276678e+02 2.347266125773828181e-03
1.586073832749675603e+02 2.317675619687000876e-03
1.595841535394140465e+02 2.288262279329704007e-03
1.605639222550671548e+02 2.259027793432641460e-03
1.615466894219268852e+02 2.229973820385577291e-03
1.625324550399932093e+02 2.201101987766520066e-03
1.635212191092661556e+02 2.172413891879172720e-03
1.645129816297456955e+02 2.143911097298937651e-03
1.655077426014318576e+02 2.115595136427757608e-03
1.665055020243246418e+02 2.087467509058081681e-03
1.675062598984240196e+02 2.059529681946226098e-03
1.685100162237300481e+02 2.031783088395410462e-03
1.695167710002426418e+02 2.004229127848745646e-03
1.705265242279618576e+02 1.976869165492435750e-03
1.715392759068876671e+02 1.949704531869468193e-03
1.725550260370200988e+02 1.922736522504048034e-03
1.735737746183591526e+02 1.895966397537038458e-03
1.745955216509048000e+02 1.869395381372661357e-03
1.756202671346570412e+02 1.843024662336703243e-03
1.766480110696159045e+02 1.816855392346479773e-03
1.776787534557813899e+02 1.790888686592787861e-03
1.787124942931534690e+02 1.765125623234090405e-03
1.797492335817321703e+02 1.739567243103152866e-03
1.807889713215174652e+02 1.714214549426363492e-03
1.818317075125093822e+02 1.689068507555948609e-03
1.828774421547079498e+02 1.664130044715295912e-03
1.839261752481130827e+02 1.639400049757593287e-03
1.849779067927248377e+02 1.614879372937974176e-03
1.860326367885431864e+02 1.590568825699370309e-03
1.870903652355681572e+02 1.566469180472246977e-03
1.881510921337997218e+02 1.542581170488403460e-03
1.892148174832379084e+02 1.518905489609005764e-03
1.902815412838826887e+02 1.495442792167014099e-03
1.913512635357340912e+02 1.472193692824158399e-03
1.924239842387921158e+02 1.449158766442606300e-03
1.934997033930567341e+02 1.426338547971465814e-03
1.945784209985279460e+02 1.403733532348244804e-03
1.956601370552058086e+02 1.381344174415392347e-03
1.967448515630902364e+02 1.359170888852032598e-03
1.978325645221813716e+02 1.337214050120991539e-03
1.989232759324790152e+02 1.315473992431213761e-03
2.000169857939833093e+02 1.293951009715647122e-03
2.011136941066941972e+02 1.272645355624677475e-03
2.022134008706116788e+02 1.251557243535171343e-03
2.033161060857358109e+02 1.230686846575186188e-03
2.044218097520665083e+02 1.210034297664391205e-03
2.055305118696038562e+02 1.189599689570235283e-03
2.066422124383477694e+02 1.169383074979886200e-03
2.077569114582983332e+02 1.149384466587955811e-03
2.088746089294554906e+02 1.129603837200019020e-03
2.099953048518192418e+02 1.110041119851914613e-03
2.111189992253896150e+02 1.090696207944818422e-03
2.122456920501666104e+02 1.071568955396057796e-03
2.133753833261502564e+02 1.052659176805631610e-03
2.145080730533404676e+02 1.033966647638387025e-03
2.156437612317372725e+02 1.015491104421796823e-03
2.167824478613406995e+02 9.972322449592633999e-04
2.179241329421507203e+02 9.791897285588743553e-04
2.190688164741673631e+02 9.613631762775157142e-04
2.202164984573906281e+02 9.437521711802421406e-04
2.213671788918204868e+02 9.263562586147925911e-04
2.225208577774569392e+02 9.091749465011270473e-04
2.236775351143000421e+02 8.922077056358524881e-04
2.248372109023497387e+02 8.754539700113927103e-04
2.259998851416060290e+02 8.589131371497474993e-04
2.271655578320689415e+02 8.425845684506759166e-04
2.283342289737384476e+02 8.264675895541286066e-04
2.295058985666145759e+02 8.105614907167424214e-04
2.306805666106973831e+02 7.948655272022011253e-04
2.318582331059867272e+02 7.793789196852568286e-04
2.330388980524826934e+02 7.641008546691937945e-04
2.342225614501852533e+02 7.490304849165112721e-04
2.354092232990944353e+02 7.341669298925863982e-04
2.365988835992102111e+02 7.195092762220734383e-04
2.377915423505326089e+02 7.050565781577846887e-04
2.389871995530616289e+02 6.908078580617863255e-04
2.401858552067972425e+02 6.767621068984397761e-04
2.413875093117394499e+02 6.629182847391024928e-04
2.425921618678883078e+02 6.492753212782002717e-04
2.437998128752437310e+02 6.358321163603700360e-04
2.450104623338058047e+02 6.225875405183670108e-04
2.462241102435744722e+02 6.095404355214191624e-04
2.474407566045497902e+02 5.966896149337067847e-04
2.486604014167316734e+02 5.840338646826363344e-04
2.498830446801201788e+02 5.715719436365704603e-04
2.511086863947152779e+02 5.593025841916681503e-04
2.523373265605169991e+02 5.472244928674854488e-04
2.535689651775253139e+02 5.353363509109772224e-04
2.548036022457402510e+02 5.236368149085347075e-04
2.560412377651618385e+02 5.121245174056922702e-04
2.572818717357900482e+02 5.007980675341240162e-04
2.585255041576248232e+02 4.896560516455518647e-04
2.597721350306662202e+02 4.786970339521792717e-04
2.610217643549141826e+02 4.679195571732591534e-04
2.622743921303687671e+02 4.573221431874038520e-04
2.635300183570299737e+02 4.469032936902368573e-04
2.647886430348978024e+02 4.366614908569861056e-04
2.660502661639721964e+02 4.265951980096134165e-04
2.673148877442532125e+02 4.167028602880726274e-04
2.685825077757408508e+02 4.069829053252858354e-04
2.698531262584351111e+02 3.974337439254267820e-04
2.711267431923359936e+02 3.880537707450959668e-04
2.724033585774434414e+02 3.788413649769739231e-04
2.736829724137575113e+02 3.697948910355350728e-04
2.749655847012782033e+02 3.609126992444061546e-04
2.762511954400055174e+02 3.521931265249524014e-04
2.775398046299393968e+02 3.436344970856738349e-04
2.788314122710799552e+02 3.352351231119963170e-04
2.801260183634270788e+02 3.269933054560414062e-04
2.814236229069807678e+02 3.189073343259609598e-04
2.827242259017411357e+02 3.109754899744244876e-04
2.840278273477080688e+02 3.031960433858480711e-04
2.853344272448816241e+02 2.955672569619578944e-04
2.866440255932618015e+02 2.880873852052824070e-04
2.879566223928486011e+02 2.807546754001711501e-04
2.892722176436420227e+02 2.735673682909422360e-04
2.905908113456420097e+02 2.665236987567633437e-04
2.919124034988487324e+02 2.596218964828758084e-04
2.932369941032619636e+02 2.528601866277763719e-04
2.945645831588817600e+02 2.462367904859752801e-04
2.958951706657082354e+02 2.397499261459551856e-04
2.972287566237412761e+02 2.333978091429610906e-04
2.985653410329809390e+02 2.271786531062569277e-04
2.999049238934272239e+02 2.210906704004908844e-04
3.012475052050800741e+02 2.151320727608189488e-04
3.025930849679396033e+02 2.093010719214410866e-04
3.039416631820056978e+02 2.035958802372141640e-04
3.052932398472783575e+02 1.980147112980108531e-04
3.066478149637576962e+02 1.925557805355034068e-04
3.080053885314436570e+02 1.872173058220575042e-04
3.093659605503361831e+02 1.819975080614315884e-04
3.107295310204353314e+02 1.768946117709835938e-04
3.120960999417410449e+02 1.719068456550973433e-04
3.134656673142534373e+02 1.670324431695494071e-04
3.148382331379723951e+02 1.622696430765459134e-04
3.162137974128979749e+02 1.576166899901692924e-04
3.175923601390301769e+02 1.530718349119834472e-04
3.189739213163690010e+02 1.486333357565571174e-04
3.203584809449143904e+02 1.442994578666732548e-04
3.217460390246664588e+02 1.400684745180046434e-04
3.231365955556250924e+02 1.359386674130443984e-04
3.245301505377902913e+02 1.319083271640919043e-04
3.259267039711621692e+02 1.279757537651039973e-04
3.273262558557406123e+02 1.241392570522335825e-04
3.287288061915256776e+02 1.203971571528868065e-04
3.301343549785173650e+02 1.167477849231423644e-04
3.315429022167157882e+02 1.131894823733867617e-04
3.329544479061207198e+02 1.097206030820302241e-04
3.343689920467322167e+02 1.063395125971797358e-04
3.357865346385503358e+02 1.030445888261561531e-04
3.372070756815750769e+02 9.983422241275369409e-05
3.386306151758063834e+02 9.670681710215158421e-05
3.400571531212443688e+02 9.366079009339804945e-05
3.414866895178889195e+02 9.069457237939898694e-05
3.429192243657400923e+02 8.780660907435366188e-05
3.443547576647978872e+02 8.499535972859173115e-05
3.457932894150622474e+02 8.225929863077647913e-05
3.472348196165332297e+02 7.959691509744992548e-05
3.486793482692108341e+02 7.700671374990698402e-05
3.501268753730950607e+02 7.448721477839570482e-05
3.515774009281859094e+02 7.203695419365204269e-05
3.530309249344833233e+02 6.965448406578800364e-05
3.544874473919874163e+02 6.733837275056171095e-05
3.559469683006980176e+02 6.508720510306956046e-05
3.574094876606152980e+02 6.289958267890930854e-05
3.588750054717392004e+02 6.077412392287401510e-05
3.603435217340696681e+02 5.870946434524584433e-05
3.618150364476067580e+02 5.670425668576875491e-05
3.632895496123504699e+02 5.475717106538824537e-05
3.647670612283008040e+02 5.286689512585573313e-05
3.662475712954577034e+02 5.103213415730398808e-05
3.677310798138212249e+02 4.925161121390895982e-05
3.692175867833913685e+02 4.752406721776175321e-05
3.707070922041681342e+02 4.584826105108293694e-05
3.721995960761516358e+02 4.422296963691932500e-05
3.736950983993415889e+02 4.264698800847133977e-05
3.751935991737381642e+02 4.111912936720643147e-05
3.766950983993413615e+02 3.963822512992151617e-05
3.781995960761511810e+02 3.820312496492428629e-05
3.797070922041675658e+02 3.681269681751000333e-05
3.812175867833906295e+02 3.546582692491698940e-05
3.827310798138202586e+02 3.416141982094995667e-05
3.842475712954564528e+02 3.289839833046649372e-05
3.857670612282993261e+02 3.167570355392740821e-05
3.872895496123487646e+02 3.049229484221701914e-05
3.888150364476048253e+02 2.934714976194444531e-05
3.903435217340675081e+02 2.823926405144171764e-05
3.918750054717368130e+02 2.716765156767885891e-05
3.934094876606127400e+02 2.613134422432012374e-05
3.949469683006952323e+02 2.512939192114953534e-05
3.964874473919843467e+02 2.416086246509715203e-05
3.980309249344800833e+02 2.322484148310078315e-05
3.995774009281823851e+02 2.232043232704065573e-05
4.011268753730913659e+02 2.144675597098720965e-05
4.026793482692069119e+02 2.060295090100424577e-05
4.042348196165290801e+02 1.978817299775187716e-05
4.057932894150578136e+02 1.900159541213511296e-05
4.073547576647932260e+02 1.824240843424545228e-05
4.089192243657352037e+02 1.750981935584384859e-05
4.104866895178838035e+02 1.680305232663412631e-05
4.120571531212390255e+02 1.612134820457653814e-05
4.136306151758008696e+02 1.546396440049121909e-05
4.152070756815692789e+02 1.483017471720128847e-05
4.167865346385444809e+02 1.421926918346496781e-05
4.183689920467261345e+02 1.363055388294547489e-05
4.199544479061144102e+02 1.306335077846655263e-05
4.215429022167092512e+02 1.251699753180033794e-05
4.231343549785107143e+02 1.199084731923292543e-05
4.247288061915187996e+02 1.148426864315127687e-05
4.263262558557335069e+02 1.099664513989330915e-05
4.279267039711548364e+02 1.052737538410083743e-05
4.295301505377827311e+02 1.007587268981274409e-05
4.311365955556173049e+02 9.641564908533191479e-06
4.327460390246584439e+02 9.223894224506919693e-06
4.343584809449061481e+02 8.822316947430736548e-06
4.359739213163605314e+02 8.436303302827117011e-06
4.375923601390214799e+02 8.065337220302541121e-06
4.392137974128890505e+02 7.708916119909628393e-06
4.408382331379632433e+02 7.366550696828473391e-06
4.424656673142440582e+02 7.037764704578751838e-06
4.440960999417314383e+02 6.722094736970122025e-06
4.457295310204254974e+02 6.419090008994361039e-06
4.473659605503261218e+02 6.128312136858368182e-06
4.490053885314333115e+02 5.849334917352771836e-06
4.506478149637471802e+02 5.581744106746357970e-06
4.522932398472676141e+02 5.325137199391931463e-06
4.539416631819946701e+02 5.079123206224452618e-06
4.555930849679283483e+02 4.843322433327521620e-06
4.572475052050686486e+02 4.617366260739359011e-06
4.589049238934155710e+02 4.400896921664444648e-06
4.605653410329690587e+02 4.193567282251977555e-06
4.622287566237293390e+02 3.995040622097186917e-06
4.638951706656960141e+02 3.804990415616399061e-06
4.655645831588693682e+02 3.623100114441572120e-06
4.672369941032492875e+02 3.449062930974808009e-06
4.689124034988358858e+02 3.282581623238095523e-06
4.705908113456289925e+02 3.123368281148283765e-06
4.722722176436287782e+02 2.971144114342033131e-06
4.739566223928351860e+02 2.825639241670208085e-06
4.756440255932481591e+02 2.686592482475925660e-06
4.773344272448677543e+02 2.553751149765223693e-06
4.790278273476939717e+02 2.426870845374085345e-06
4.807242259017267543e+02 2.305715257230361174e-06
4.824236229069662159e+02 2.190055958803957629e-06
4.841260183634122427e+02 2.079672210833540516e-06
4.858314122710648917e+02 1.974350765412919790e-06
4.875398046299241628e+02 1.873885672515255095e-06
4.892511954399899992e+02 1.778078089028247702e-06
4.909655847012625145e+02 1.686736090368581867e-06
4.926829724137415951e+02 1.599674484739036131e-06
4.944033585774272979e+02 1.516714630086916745e-06
4.961267431923195659e+02 1.437684253817782533e-06
4.978531262584185129e+02 1.362417275313816768e-06
4.995825077757240251e+02 1.290753631301682461e-06
5.013148877442361595e+02 1.222539104110271957e-06
5.030502661639549160e+02 1.157625152854416229e-06
5.047886430348802378e+02 1.095868747576383037e-06
5.065300183570122385e+02 1.037132206372855359e-06
5.082743921303508046e+02 9.812830355310382082e-07
5.100217643548959927e+02 9.281937726936167781e-07
5.117721350306479167e+02 8.777418330684573108e-07
5.135255041576062922e+02 8.298093586952375932e-07
5.152818717357713467e+02 7.842830707775834966e-07
5.170412377651429097e+02 7.410541250858031833e-07
5.188036022457212084e+02 7.000179704319384551e-07
5.205689651775060156e+02 6.610742102155909036e-07
5.223373265604974449e+02 6.241264670358421592e-07
5.241086863946954963e+02 5.890822503615645772e-07
5.258830446801001699e+02 5.558528272495101004e-07
5.276604014167114656e+02 5.243530960967829518e-07
5.294407566045293834e+02 4.945014634116277317e-07
5.312241102435538096e+02 4.662197235839166705e-07
5.330104623337849716e+02 4.394329416342872678e-07
5.347998128752226421e+02 4.140693389185636443e-07
5.365921618678670484e+02 3.900601817618973033e-07
5.383875093117179631e+02 3.673396729949787729e-07
5.401858552067754999e+02 3.458448463627034071e-07
5.419871995530396589e+02 3.255154637738164505e-07
5.437915423505104400e+02 3.062939153583221863e-07
5.455988835991878432e+02 2.881251222978047803e-07
5.474092232990717548e+02 2.709564423922866300e-07
5.492225614501624023e+02 2.547375783258306707e-07
5.510388980524595581e+02 2.394204885917804479e-07
5.528582331059634498e+02 2.249593010373227627e-07
5.546805666106738499e+02 2.113102289859485848e-07
5.565058985665908722e+02 1.984314898953767561e-07
5.583342289737145165e+02 1.862832265075931232e-07
5.601655578320447830e+02 1.748274304468361964e-07
5.619998851415817853e+02 1.640278682206328019e-07
5.638372109023252960e+02 1.538500095783476882e-07
5.656775351142753152e+02 1.442609581811581429e-07
5.675208577774320702e+02 1.352293845368947613e-07
5.693671788917953336e+02 1.267254611528018547e-07
5.712164984573652191e+02 1.187207998589604089e-07
5.730688164741417268e+02 1.111883912548822905e-07
5.749241329421248565e+02 1.041025462316222547e-07
5.767824478613146084e+02 9.743883952166280476e-08
5.786437612317109824e+02 9.117405522880192344e-08
5.805080730533139786e+02 8.528613429031336592e-08
5.823753833261234831e+02 7.975412382375015244e-08
5.842456920501397235e+02 7.455812831092177305e-08
5.861189992253624723e+02 6.967926257179100280e-08
5.879953048517918432e+02 6.509960648130482735e-08
5.898746089294278363e+02 6.080216138249341644e-08
5.917569114582704515e+02 5.677080814953696099e-08
5.936422124383196888e+02 5.299026685491232446e-08
5.955305118695755482e+02 4.944605799518476012e-08
5.974218097520380297e+02 4.612446523050329029e-08
5.993161060857070197e+02 4.301249959338883710e-08
6.012134008705827455e+02 4.009786512296862298e-08
6.031136941066649797e+02 3.736892588140753070e-08
6.050169857939538360e+02 3.481467430991294385e-08
6.069232759324493145e+02 3.242470088234350536e-08
6.088325645221514151e+02 3.018916501513022150e-08
6.107448515630601378e+02 2.809876719291932164e-08
6.126601370551754826e+02 2.614472227006767479e-08
6.145784209984974495e+02 2.431873390886099410e-08
6.164997033930261523e+02 2.261297011608073600e-08
6.184239842387612498e+02 2.102003984031559695e-08
6.203512635357030831e+02 1.953297059319566936e-08
6.222815412838514249e+02 1.814518705851970778e-08
6.242148174832063887e+02 1.685049065404721647e-08
6.261510921337679747e+02 1.564304001153502970e-08
6.280903652355361828e+02 1.451733234141117802e-08
6.300326367885110130e+02 1.346818564929579039e-08
6.319779067926924654e+02 1.249072177239764782e-08
6.339261752480804262e+02 1.158035020463468397e-08
6.358774421546751228e+02 1.073275268014567491e-08
6.378317075124763278e+02 9.943868485677345203e-09
6.397889713214841549e+02 9.209880473144839639e-09
6.417492335816987179e+02 8.527201744472909656e-09
6.437124942931197893e+02 7.892462981629073794e-09
6.456787534557474828e+02 7.302500395557383830e-09
6.476480110695816848e+02 6.754344268511416379e-09
6.496202671346226225e+02 6.245208065066686214e-09
6.515955216508701824e+02 5.772478087865045057e-09
6.535737746183242507e+02 5.333703654906118871e-09
6.555550260369850548e+02 4.926587775952550337e-09
6.575392759068523674e+02 4.548978306356244028e-09
6.595265242279263020e+02 4.198859557341323865e-09
6.615167710002068588e+02 3.874344342495527374e-09
6.635100162236940378e+02 3.573666440924802802e-09
6.655062598983878388e+02 3.295173458215576631e-09
6.675055020242882620e+02 3.037320067025009889e-09
6.695077426013951936e+02 2.798661609781326810e-09
6.715129816297089747e+02 2.577848046623628180e-09
6.735212191092292642e+02 2.373618232343287380e-09
6.755324550399560621e+02 2.184794506706799067e-09
6.775466894218894822e+02 2.010277583142731893e-09
6.795639222550295244e+02 1.849041721363010498e-09
6.815841535393761887e+02 1.700130170061088460e-09
6.836073832749294752e+02 1.562650866386608034e-09
6.856336114616893838e+02 1.435772379437811401e-09
6.876628380996559144e+02 1.318720085539339376e-09
6.896950631888289536e+02 1.210772563584127661e-09
6.917302867292086148e+02 1.111258199213955898e-09
6.937685087207950119e+02 1.019551987093931115e-09
6.958097291635879174e+02 9.350725210018919268e-10
6.978539480575874450e+02 8.572791619045534184e-10
6.999011654027935947e+02 7.856693746283258764e-10
7.019513811992063665e+02 7.197762241543227049e-10
7.040045954468257605e+02 6.591660229743063179e-10
7.060608081456516629e+02 6.034361213374336120e-10
7.081200192956843011e+02 5.522128325968681768e-10
7.101822288969234478e+02 5.051494862308765350e-10
7.122474369493693303e+02 4.619246014651671948e-10
7.143156434530217211e+02 4.222401747622280039e-10
7.163868484078807342e+02 3.858200747695447833e-10
7.184610518139463693e+02 3.524085386321220121e-10
7.205382536712186266e+02 3.217687638759629760e-10
7.226184539796975059e+02 2.936815903583948326e-10
7.247016527393828937e+02 2.679442670586483158e-10
7.267878499502750174e+02 2.443692987482165559e-10
7.288770456123738768e+02 2.227833678355377641e-10
7.309692397256791310e+02 2.030263269237751014e-10
7.330644322901910073e+02 1.849502578542136293e-10
7.351626233059096194e+02 1.684185932313737205e-10
7.372638127728347399e+02 1.533052966396539956e-10
7.393680006909663689e+02 1.394940979654827369e-10
7.414751870603047337e+02 1.268777804338744715e-10
7.435853718808497206e+02 1.153575161542671069e-10
7.456985551526012159e+02 1.048422471478553500e-10
7.478147368755594471e+02 9.524810899763776077e-11
7.499339170497241867e+02 8.649789442335094480e-11
7.520560956750956620e+02 7.852055423666900126e-11
7.541812727516736459e+02 7.125073327778282656e-11
7.563094482794582518e+02 6.462833907302549961e-11
7.584406222584494799e+02 5.859814108485257773e-11
7.605747946886472164e+02 5.310939855048950496e-11
7.627119655700516887e+02 4.811551502418905533e-11
7.648521349026627831e+02 4.357371785055711606e-11
7.669953026864803860e+02 3.944476090305897868e-11
7.691414689215046110e+02 3.569264902285684130e-11
7.712906336077355718e+02 3.228438268879224286e-11
7.734427967451730410e+02 2.918972153984884016e-11
7.755979583338171324e+02 2.638096545703697433e-11
7.777561183736678458e+02 2.383275199255361243e-11
7.799172768647251814e+02 2.152186901050152972e-11
7.820814338069890255e+02 1.942708147560785547e-11
7.842485892004596053e+02 1.752897139446380999e-11
7.864187430451366936e+02 1.580978997800825294e-11
7.885918953410205177e+02 1.425332115448423855e-11
7.907680460881110776e+02 1.284475561909022809e-11
7.929471952864080322e+02 1.157057466019955448e-11
7.951293429359116089e+02 1.041844305250046756e-11
7.973144890366218078e+02 9.377110354875187674e-12
7.995026335885386288e+02 8.436319995444686219e-12
8.016937765916619583e+02 7.586725568104637556e-12
8.038879180459920235e+02 6.819813804209625909e-12
8.060850579515285972e+02 6.127833719963726069e-12
8.082851963082719067e+02 5.503731474676818817e-12
8.104883331162217246e+02 4.941090507472445709e-12
8.126944683753781646e+02 4.434076550404464311e-12
8.149036020857412268e+02 3.977387144370370562e-12
8.171157342473109111e+02 3.566205310808180709e-12
8.193308648600872175e+02 3.196157057035182316e-12
8.215489939240701460e+02 2.863272416329947569e-12
8.237701214392595830e+02 2.563949745568218766e-12
8.259942474056557558e+02 2.294923023488500509e-12
8.282213718232584370e+02 2.053231911569973958e-12
8.304514946920678540e+02 1.836194357134863500e-12
8.326846160120837794e+02 1.641381534716805324e-12
8.349207357833063270e+02 1.466594937039217320e-12
8.371598540057354967e+02 1.309845441192553752e-12
8.394019706793712885e+02 1.169334188852324202e-12
8.416470858042135887e+02 1.043435131703104196e-12
8.438951993802626248e+02 9.306791046862507137e-13
8.461463114075182830e+02 8.297393003263404791e-13
8.484004218859804496e+02 7.394180272659434155e-13
8.506575308156492383e+02 6.586346452998642884e-13
8.529176381965248765e+02 5.864145776951581389e-13
8.551807440286069095e+02 5.218793094561660867e-13
8.574468483118955646e+02 4.642372874860227461e-13
8.597159510463908418e+02 4.127756453466416925e-13
8.619880522320927412e+02 3.668526815648494877e-13
8.642631518690012626e+02 3.258910262076498415e-13
8.665412499571162925e+02 2.893714357870150548e-13
8.688223464964380582e+02 2.568271614845690087e-13
8.711064414869663324e+02 2.278388402376185093e-13
8.733935349287012286e+02 2.020298624269786370e-13
8.756836268216427470e+02 1.790621737790089819e-13
8.779767171657908875e+02 1.586324726627040840e-13
8.802728059611456501e+02 1.404687672495272888e-13
8.825718932077070349e+02 1.243272600294714142e-13
8.848739789054749281e+02 1.099895299607486064e-13
8.871790630544495571e+02 9.725998509046187634e-14
8.894871456546306945e+02 8.596356083629026165e-14
8.917982267060185677e+02 7.594364128020594019e-14
8.941123062086129494e+02 6.706018280903739139e-14
8.964293841624139532e+02 5.918802125681046917e-14
8.987494605674215791e+02 5.221534537280499451e-14
9.010725354236358271e+02 4.604232096884687677e-14
9.033986087310566973e+02 4.057985150037437507e-14
9.057276804896840758e+02 3.574846211835627726e-14
9.080597506995181902e+02 3.147729540256030464e-14
9.103948193605588131e+02 2.770320805964988886e-14
9.127328864728061717e+02 2.436995885017265710e-14
9.150739520362600388e+02 2.142747890414495865e-14
9.174180160509205280e+02 1.883121640253035241e-14
9.197650785167878666e+02 1.654154834783615321e-14
9.221151394338616001e+02 1.452325282720819656e-14
9.244681988021419556e+02 1.274503579123794846e-14
9.268242566216288196e+02 1.117910693623848489e-14
9.291833128923224194e+02 9.800799791636870072e-15
9.315453676142225277e+02 8.588231581649545266e-15
9.339104207873293717e+02 7.521998855497114665e-15
9.362784724116427242e+02 6.584905266706482853e-15
9.386495224871626988e+02 5.761718232882633035e-15
9.410235710138892955e+02 5.038951525782912980e-15
9.434006179918225143e+02 4.404671130417308637e-15
9.457806634209623553e+02 3.848321973823493460e-15
9.481637073013087047e+02 3.360573361506312822e-15
9.505497496328617899e+02 2.933181174472391538e-15
9.529387904156213835e+02 2.558865074334178721e-15
9.553308296495877130e+02 2.231199139938637078e-15
9.577258673347605509e+02 1.944514518073679857e-15
9.601239034711400109e+02 1.693812814557354262e-15
9.625249380587260930e+02 1.474689081826106968e-15
9.649289710975187973e+02 1.283263376293525257e-15
9.673360025875181236e+02 1.116119964422720353e-15
9.697460325287240721e+02 9.702533517144242335e-16
9.721590609211365290e+02 8.430203946353315613e-16
9.745750877647557218e+02 7.320978327872157752e-16
9.769941130595814229e+02 6.354446481575766803e-16
9.794161368056137462e+02 5.512687208350976364e-16
9.818411590028528053e+02 4.779973067894415944e-16
9.842691796512983728e+02 4.142509138153709897e-16
9.867001987509506762e+02 3.588201970805446557e-16
9.891342163018094880e+02 3.106455363982939129e-16
9.915712323038749219e+02 2.687989938282989643e-16
9.940112467571469779e+02 2.324683829038855956e-16
9.964542596616255423e+02 2.009432100703266846e-16
9.989002710173108426e+02 1.736022751343290447e-16
1.001349280824202651e+03 1.499027409788127982e-16
1.003801289082301082e+03 1.293705037677566948e-16
1.006256295791606135e+03 1.115917136051517192e-16
1.008714300952117810e+03 9.620531234752337593e-17
1.011175304563836107e+03 8.289647020648478135e-17
1.013639306626761027e+03 7.139081610173577543e-17
1.016106307140892454e+03 6.144936860296829121e-17
1.018576306106230618e+03 5.286408488189515509e-17
1.021049303522775290e+03 4.545395451872870118e-17
1.023525299390526584e+03 3.906157339296960346e-17
1.026004293709484500e+03 3.355014034612168047e-17
1.028486286479649152e+03 2.880082593260872962e-17
1.030971277701020199e+03 2.471046846338293371e-17
1.033459267373598095e+03 2.118955777405529055e-17
1.035950255497382386e+03 1.816047178723584412e-17
1.038444242072373299e+03 1.555593505114630720e-17
1.040941227098571062e+03 1.331767208080354889e-17
1.043441210575975219e+03 1.139523155551260573e-17
1.045944192504585999e+03 9.744960282995664960e-18
1.048450172884403401e+03 8.329108367302469578e-18
1.050959151715427424e+03 7.115049251412463652e-18
1.053471128997658070e+03 6.074600278939188484e-18
1.055986104731095338e+03 5.183431161847686060e-18
1.058504078915739228e+03 4.420549278698016251e-18
1.061025051551589740e+03 3.767852083898966588e-18
1.063549022638646875e+03 3.209738103520712718e-18
1.066075992176910404e+03 2.732769045823326385e-18
1.068605960166380783e+03 2.325376481223068084e-18
1.071138926607057556e+03 1.977607361532646203e-18
1.073674891498941179e+03 1.680903364940177201e-18
1.076213854842031424e+03 1.427909682845984429e-18
1.078755816636328063e+03 1.212309417571267538e-18
1.081300776881831325e+03 1.028680245145702219e-18
1.083848735578541437e+03 8.723704228989378395e-19
1.086399692726457943e+03 7.393915945320967523e-19
1.088953648325581071e+03 6.263261720207552429e-19
1.091510602375910821e+03 5.302473596645488759e-19
1.094070554877447194e+03 4.486501357682725566e-19
1.096633505830190188e+03 3.793917261589660005e-19
1.099199455234139805e+03 3.206402948472813342e-19
1.101768403089296044e+03 2.708307440117378946e-19
1.104340349395658905e+03 2.286266611029616125e-19
1.106915294153228388e+03 1.928875778584300359e-19
1.109493237362004493e+03 1.626408166991563741e-19
1.112074179021987220e+03 1.370572963827550326e-19
1.114658119133176342e+03 1.154307527013087999e-19
1.117245057695572314e+03 9.715990300920032151e-20
1.119834994709174680e+03 8.173314682570848782e-20
1.122427930173983896e+03 6.871544989075537539e-20
1.125023864089999506e+03 5.773710692168770063e-20
1.127622796457221966e+03 4.848411985502049913e-20
1.130224727275650821e+03 4.068996437464508344e-20
1.132829656545286298e+03 3.412854874035117533e-20
1.135437584266128624e+03 2.860819596141756922e-20
1.138048510438177345e+03 2.396650375466836807e-20
1.140662435061432689e+03 2.006595696093791034e-20
1.143279358135894654e+03 1.679018458394614056e-20
1.145899279661563241e+03 1.404076872366823553e-20
1.148522199638438451e+03 1.173452571837221838e-20
1.151148118066520283e+03 9.801191060841143030e-21
1.153777034945808737e+03 8.181449354489056287e-21
1.156408950276303813e+03 6.825258932547643136e-21
1.159043864058005283e+03 5.690427959430153870e-21
1.161681776290913604e+03 4.741405025173460882e-21
1.164322686975028546e+03 3.948252568164780406e-21
1.166966596110350338e+03 3.285776036726143986e-21
1.169613503696878524e+03 2.732785629334650511e-21
1.172263409734613106e+03 2.271470825344753963e-21
1.174916314223554537e+03 1.886870810144090932e-21
1.177572217163702362e+03 1.566426377418516018e-21
1.180231118555056810e+03 1.299601014296172182e-21
1.182893018397618107e+03 1.077560692413824957e-21
1.185557916691385799e+03 8.929034424254387714e-22
1.188225813436360113e+03 7.394311182761451532e-22
1.190896708632541049e+03 6.119568927037221304e-22
1.193570602279928607e+03 5.061429944856911697e-22
1.196247494378522788e+03 4.183640246724657544e-22
1.198927384928323590e+03 3.455918938713465871e-22
1.201610273929331015e+03 2.852990231448999505e-22
1.204296161381545062e+03 2.353769623601197540e-22
1.206985047284965503e+03 1.940680148378456397e-22
1.209676931639592794e+03 1.599078270314589604e-22
1.212371814445426708e+03 1.316772162507447794e-22
1.215069695702467016e+03 1.083617763166958355e-22
1.217770575410714173e+03 8.911802748693101746e-23
1.220474453570167725e+03 7.324506902022405322e-23
1.223181330180828127e+03 6.016085547537230359e-23
1.225891205242694923e+03 4.938235564202852425e-23
1.228604078755768342e+03 4.050896961747090875e-23
1.231319950720048610e+03 3.320867816362075300e-23
1.234038821135535272e+03 2.720648182318541430e-23
1.236760690002228557e+03 2.227475766063570836e-23
1.239485557320128464e+03 1.822522089671685800e-23
1.242213423089234993e+03 1.490222880400562779e-23
1.244944287309548145e+03 1.217720645395026641e-23
1.247678149981067918e+03 9.944009466535473370e-24
1.250415011103794313e+03 8.115068842777738794e-24
1.253154870677727331e+03 6.618188132157491789e-24
1.255897728702866743e+03 5.393884343337894097e-24
1.258643585179213005e+03 4.393181775405260571e-24
1.261392440106765889e+03 3.575782860393962574e-24
1.264144293485525168e+03 2.908552616168679595e-24
1.266899145315491296e+03 2.364263792432479915e-24
1.269656995596663819e+03 1.920558573288951634e-24
1.272417844329043191e+03 1.559090048923662322e-24
1.275181691512628959e+03 1.264812815662406685e-24
1.277948537147421348e+03 1.025397201046935172e-24
1.280718381233420587e+03 8.307459013593932710e-25
1.283491223770626220e+03 6.725954002135504080e-25
1.286267064759038476e+03 5.441875236603004815e-25
1.289045904198657354e+03 4.399989766114548485e-25
1.291827742089482854e+03 3.555187786587931095e-25
1.294612578431514976e+03 2.870652428775083846e-25
1.297400413224753720e+03 2.316355762669126900e-25
1.300191246469199086e+03 1.867823731379195935e-25
1.302985078164851075e+03 1.505122632470930417e-25
1.305781908311709685e+03 1.212027984830595201e-25
1.308581736909774691e+03 9.753434360468606634e-26
1.311384563959046545e+03 7.843430145745418030e-26
1.314190389459525022e+03 6.303147091991429348e-26
1.316999213411209894e+03 5.061872296774847202e-26
1.319811035814101615e+03 4.062250037544430766e-26
1.322625856668200186e+03 3.257791111051523914e-26
1.325443675973505151e+03 2.610840391033674106e-26
1.328264493730016511e+03 2.090919477017402337e-26
1.331088309937734493e+03 1.673376168429679391e-26
1.333915124596659325e+03 1.338284743027732572e-26
1.336744937706790552e+03 1.069551100293672448e-26
1.339577749268128400e+03 8.541851249956422019e-27
1.342413559280672871e+03 6.817094453892289879e-27
1.345252367744423964e+03 5.436793628183402353e-27
1.348094174659381679e+03 4.332933285890339122e-27
1.350938980025546016e+03 3.450771167948333641e-27
1.353786783842916975e+03 2.746279344533085438e-27
1.356637586111494556e+03 2.184072436103019261e-27
1.359491386831278533e+03 1.735731436273693473e-27
1.362348186002269358e+03 1.378448578678101413e-27
1.365207983624466806e+03 1.093932551572875653e-27
1.368070779697870648e+03 8.675246848037033622e-28
1.370936574222481340e+03 6.874859726810849343e-28
1.373805367198298427e+03 5.444223305956487756e-28
1.376677158625322363e+03 4.308216227644018516e-28
1.379551948503552694e+03 3.406809977941004310e-28
1.382429736832989647e+03 2.692071365060636959e-28
1.385310523613633222e+03 2.125753237847878402e-28
1.388194308845483647e+03 1.677359432314422754e-28
1.391081092528540466e+03 1.322591748206491580e-28
1.393970874662803908e+03 1.042104453771828852e-28
1.396863655248273972e+03 8.205061616298836851e-29
1.399759434284950657e+03 6.455605378768183144e-29
1.402658211772833965e+03 5.075467109976904445e-29
1.405559987711923895e+03 3.987478532081238867e-29
1.408464762102220220e+03 3.130425537357473029e-29
1.411372534943723394e+03 2.455785674259428431e-29
1.414283306236433191e+03 1.925125275407140185e-29
1.417197075980349382e+03 1.508024412846768061e-29
1.420113844175472423e+03 1.180423887140132571e-29
1.423033610821801858e+03 9.233094059166341266e-30
1.425956375919338143e+03 7.216649601852209480e-30
1.428882139468080823e+03 5.636409535541225450e-30
1.431810901468030352e+03 4.398935206243766849e-30
1.434742661919186276e+03 3.430602040294831734e-30
1.437677420821548822e+03 2.673441634695744852e-30
1.440615178175117990e+03 2.081847027309498722e-30
1.443555933979894007e+03 1.619963949635558383e-30
1.446499688235876420e+03 1.259626824686787265e-30
1.449446440943065454e+03 9.787270225407372651e-31
1.452396192101461111e+03 7.599238542571972302e-31
1.455348941711063389e+03 5.896271198079967073e-31
1.458304689771872290e+03 4.571946509892205477e-31
1.461263436283887586e+03 3.542999478807765614e-31
1.464225181247109731e+03 2.744342928302515337e-31
1.467189924661538498e+03 2.125151168922509306e-31
1.470157666527173660e+03 1.645782731131704105e-31
1.473128406844015672e+03 1.275365458375606820e-31
1.476102145612064305e+03 9.899044104347284435e-32
1.479078882831319333e+03 7.708025633480689850e-32
1.482058618501780984e+03 6.037077819042561998e-32
1.485041352623449484e+03 4.776182467600857626e-32
1.488027085196325061e+03 3.841934545978237209e-32
1.491015816220406577e+03 3.172298932041957765e-32
1.494007545695694716e+03 2.722701857973061449e-32
1.497002273622189477e+03 2.463224417563764831e-32
1.499999999999890861e+03 2.376731937427332260e-32
