-2.000000000000000042e-02 1.000000000000000000e+00
-1.980000000000000163e-02 9.993142951170548294e-01
-1.959999999999999937e-02 9.986285902350146015e-01
-1.940000000000000058e-02 9.979428853547783751e-01
-1.920000000000000179e-02 9.972571804772488724e-01
-1.899999999999999953e-02 9.965714756033325905e-01
-1.880000000000000074e-02 9.958857707339285881e-01
-1.860000000000000195e-02 9.952000658699401425e-01
-1.839999999999999969e-02 9.945143610122719746e-01
-1.820000000000000090e-02 9.938286561618258075e-01
-1.800000000000000211e-02 9.931429513195023651e-01
-1.779999999999999985e-02 9.924572464862068122e-01
-1.760000000000000106e-02 9.917715416628412051e-01
-1.739999999999999880e-02 9.910858368503057125e-01
-1.720000000000000001e-02 9.904001320495094962e-01
-1.700000000000000122e-02 9.897144272613471738e-01
-1.679999999999999896e-02 9.890287224867271298e-01
-1.660000000000000017e-02 9.883430177265497552e-01
-1.640000000000000138e-02 9.876573129817192154e-01
-1.619999999999999912e-02 9.869716082531357904e-01
-1.600000000000000033e-02 9.862859035417034237e-01
-1.580000000000000154e-02 9.856001988483260590e-01
-1.559999999999999928e-02 9.849144941739043091e-01
-1.540000000000000049e-02 9.842287895193416736e-01
-1.519999999999999997e-02 9.835430848855416519e-01
-1.499999999999999944e-02 9.828573802734046350e-01
-1.480000000000000066e-02 9.821716756838361206e-01
-1.460000000000000013e-02 9.814859711177382762e-01
-1.439999999999999961e-02 9.808002665760096050e-01
-1.420000000000000082e-02 9.801145620595583807e-01
-1.400000000000000029e-02 9.794288575692837728e-01
-1.379999999999999977e-02 9.787431531060908352e-01
-1.360000000000000098e-02 9.780574486708790705e-01
-1.340000000000000045e-02 9.773717442645534215e-01
-1.319999999999999993e-02 9.766860398880164995e-01
-1.300000000000000114e-02 9.760003355421684734e-01
-1.279999999999999888e-02 9.753146312279166175e-01
-1.260000000000000009e-02 9.746289269461575477e-01
-1.240000000000000130e-02 9.739432226977998708e-01
-1.219999999999999904e-02 9.732575184837395366e-01
-1.200000000000000025e-02 9.725718143048864839e-01
-1.179999999999999973e-02 9.718861101621376619e-01
-1.159999999999999920e-02 9.712004060563975694e-01
-1.140000000000000041e-02 9.705147019885700388e-01
-1.119999999999999989e-02 9.698289979595542398e-01
-1.099999999999999936e-02 9.691432939702560034e-01
-1.080000000000000057e-02 9.684575900215764976e-01
-1.060000000000000005e-02 9.677718861144173346e-01
-1.039999999999999952e-02 9.670861822496833460e-01
-1.020000000000000073e-02 9.664004784282754779e-01
-1.000000000000000021e-02 9.657147746510954534e-01
-9.799999999999999684e-03 9.650290709190481042e-01
-9.599999999999999159e-03 9.643433672330323780e-01
-9.400000000000000369e-03 9.636576635939548829e-01
-9.199999999999999845e-03 9.629719600027144555e-01
-8.999999999999999320e-03 9.622862564602164825e-01
-8.800000000000000530e-03 9.616005529673610219e-01
-8.600000000000000006e-03 9.609148495250525723e-01
-8.399999999999999481e-03 9.602291461341910805e-01
-8.200000000000000691e-03 9.595434427956796020e-01
-8.000000000000000167e-03 9.588577395104237455e-01
-7.799999999999999642e-03 9.581720362793215706e-01
-7.599999999999999117e-03 9.574863331032773539e-01
-7.400000000000000328e-03 9.568006299831944839e-01
-7.199999999999999803e-03 9.561149269199723522e-01
-6.999999999999999278e-03 9.554292239145163457e-01
-6.800000000000000488e-03 9.547435209677268553e-01
-6.599999999999999964e-03 9.540578180805067143e-01
-6.399999999999999439e-03 9.533721152537587562e-01
-6.199999999999998915e-03 9.526864124883841489e-01
-6.000000000000000125e-03 9.520007097852857259e-01
-5.799999999999999600e-03 9.513150071453662093e-01
-5.599999999999999076e-03 9.506293045695279886e-01
-5.400000000000000286e-03 9.499436020586722318e-01
-5.199999999999999761e-03 9.492578996137019942e-01
-4.999999999999999237e-03 9.485721972355173337e-01
-4.800000000000000447e-03 9.478864949250244143e-01
-4.599999999999999922e-03 9.472007926831222946e-01
-4.399999999999999398e-03 9.465150905107142520e-01
-4.199999999999998873e-03 9.458293884087020098e-01
-4.000000000000000083e-03 9.451436863779879571e-01
-3.800000000000001293e-03 9.444579844194723739e-01
-3.599999999999999034e-03 9.437722825340624233e-01
-3.400000000000000244e-03 9.430865807226560538e-01
-3.199999999999997985e-03 9.424008789861539892e-01
-2.999999999999999195e-03 9.417151773254627267e-01
-2.800000000000000405e-03 9.410294757414797706e-01
-2.599999999999998146e-03 9.403437742351115070e-01
-2.399999999999999356e-03 9.396580728072574384e-01
-2.200000000000000566e-03 9.389723714588192882e-01
-1.999999999999998307e-03 9.382866701906993345e-01
-1.799999999999999517e-03 9.376009690038007438e-01
-1.600000000000000727e-03 9.369152678990242400e-01
-1.399999999999998468e-03 9.362295668772707691e-01
-1.199999999999999678e-03 9.355438659394459400e-01
-1.000000000000000888e-03 9.348581650864481452e-01
-7.999999999999986289e-04 9.341724643191793298e-01
-5.999999999999998390e-04 9.334867636385436596e-01
-4.000000000000010492e-04 9.328010630454410812e-01
-1.999999999999987899e-04 9.321153625407724297e-01
0.000000000000000000e+00 9.314296621254444242e-01
