-2.000000000000000042e-02 1.000000000000000000e+00
-1.980000000000000163e-02 9.987150986478235959e-01
-1.959999999999999937e-02 9.974301973041758140e-01
-1.940000000000000058e-02 9.961452959775829452e-01
-1.920000000000000179e-02 9.948603946765750550e-01
-1.899999999999999953e-02 9.935754934096776569e-01
-1.880000000000000074e-02 9.922905921854203726e-01
-1.860000000000000195e-02 9.910056910123298257e-01
-1.839999999999999969e-02 9.897207898989357489e-01
-1.820000000000000090e-02 9.884358888537642107e-01
-1.800000000000000211e-02 9.871509878853442777e-01
-1.779999999999999985e-02 9.858660870022039058e-01
-1.760000000000000106e-02 9.845811862128689418e-01
-1.739999999999999880e-02 9.832962855258696733e-01
-1.720000000000000001e-02 9.820113849497328351e-01
-1.700000000000000122e-02 9.807264844929857173e-01
-1.679999999999999896e-02 9.794415841641582743e-01
-1.660000000000000017e-02 9.781566839717760198e-01
-1.640000000000000138e-02 9.768717839243673540e-01
-1.619999999999999912e-02 9.755868840304610101e-01
-1.600000000000000033e-02 9.743019842985832790e-01
-1.580000000000000154e-02 9.730170847372635601e-01
-1.559999999999999928e-02 9.717321853550283661e-01
-1.540000000000000049e-02 9.704472861604058753e-01
-1.519999999999999997e-02 9.691623871619221564e-01
-1.499999999999999944e-02 9.678774883681086072e-01
-1.480000000000000066e-02 9.665925897874897421e-01
-1.460000000000000013e-02 9.653076914285938503e-01
-1.439999999999999961e-02 9.640227932999485549e-01
-1.420000000000000082e-02 9.627378954100825892e-01
-1.400000000000000029e-02 9.614529977675203565e-01
-1.379999999999999977e-02 9.601681003807926995e-01
-1.360000000000000098e-02 9.588832032584273524e-01
-1.340000000000000045e-02 9.575983064089492736e-01
-1.319999999999999993e-02 9.563134098408859751e-01
-1.300000000000000114e-02 9.550285135627674116e-01
-1.279999999999999888e-02 9.537436175831182084e-01
-1.260000000000000009e-02 9.524587219104682090e-01
-1.240000000000000130e-02 9.511738265533410397e-01
-1.219999999999999904e-02 9.498889315202694306e-01
-1.200000000000000025e-02 9.486040368197761197e-01
-1.179999999999999973e-02 9.473191424603883970e-01
-1.159999999999999920e-02 9.460342484506365501e-01
-1.140000000000000041e-02 9.447493547990465368e-01
-1.119999999999999989e-02 9.434644615141418722e-01
-1.099999999999999936e-02 9.421795686044556195e-01
-1.080000000000000057e-02 9.408946760785090735e-01
-1.060000000000000005e-02 9.396097839448339650e-01
-1.039999999999999952e-02 9.383248922119543645e-01
-1.020000000000000073e-02 9.370400008883978948e-01
-1.000000000000000021e-02 9.357551099826902918e-01
-9.799999999999999684e-03 9.344702195033618430e-01
-9.599999999999999159e-03 9.331853294589340653e-01
-9.400000000000000369e-03 9.319004398579382453e-01
-9.199999999999999845e-03 9.306155507088992307e-01
-8.999999999999999320e-03 9.293306620203434232e-01
-8.800000000000000530e-03 9.280457738007967805e-01
-8.600000000000000006e-03 9.267608860587882580e-01
-8.399999999999999481e-03 9.254759988028407047e-01
-8.200000000000000691e-03 9.241911120414838532e-01
-8.000000000000000167e-03 9.229062257832422178e-01
-7.799999999999999642e-03 9.216213400366425335e-01
-7.599999999999999117e-03 9.203364548102108689e-01
-7.400000000000000328e-03 9.190515701124741810e-01
-7.199999999999999803e-03 9.177666859519570952e-01
-6.999999999999999278e-03 9.164818023371880118e-01
-6.800000000000000488e-03 9.151969192766896688e-01
-6.599999999999999964e-03 9.139120367789905774e-01
-6.399999999999999439e-03 9.126271548526169175e-01
-6.199999999999998915e-03 9.113422735060917601e-01
-6.000000000000000125e-03 9.100573927479438385e-01
-5.799999999999999600e-03 9.087725125866971121e-01
-5.599999999999999076e-03 9.074876330308768724e-01
-5.400000000000000286e-03 9.062027540890102983e-01
-5.199999999999999761e-03 9.049178757696216824e-01
-4.999999999999999237e-03 9.036329980812380924e-01
-4.800000000000000447e-03 9.023481210323811563e-01
-4.599999999999999922e-03 9.010632446315802735e-01
-4.399999999999999398e-03 8.997783688873601804e-01
-4.199999999999998873e-03 8.984934938082421718e-01
-4.000000000000000083e-03 8.972086194027554251e-01
-3.800000000000001293e-03 8.959237456794236776e-01
-3.599999999999999034e-03 8.946388726467711106e-01
-3.400000000000000244e-03 8.933540003133232377e-01
-3.199999999999997985e-03 8.920691286876061277e-01
-2.999999999999999195e-03 8.907842577781407423e-01
-2.800000000000000405e-03 8.894993875934562588e-01
-2.599999999999998146e-03 8.882145181420744162e-01
-2.399999999999999356e-03 8.869296494325196178e-01
-2.200000000000000566e-03 8.856447814733171553e-01
-1.999999999999998307e-03 8.843599142729915430e-01
-1.799999999999999517e-03 8.830750478400665182e-01
-1.600000000000000727e-03 8.817901821830663733e-01
-1.399999999999998468e-03 8.805053173105150677e-01
-1.199999999999999678e-03 8.792204532309364495e-01
-1.000000000000000888e-03 8.779355899528539231e-01
-7.999999999999986289e-04 8.766507274847926690e-01
-5.999999999999998390e-04 8.753658658352750921e-01
-4.000000000000010492e-04 8.740810050128254849e-01
-1.999999999999987899e-04 8.727961450259675846e-01
0.000000000000000000e+00 8.715112858832232412e-01
