0.000000000000000000e+00 9.299391873937623565e-01
2.078119897502626434e-05 9.290628296347980264e-01
4.352279595010249372e-05 9.281038005305920491e-01
6.822479092522875592e-05 9.270621000855926441e-01
9.488718390040502381e-05 9.259377283047354190e-01
1.235099748756312839e-04 9.247306851934826710e-01
1.540931638509075632e-04 9.234409707578388193e-01
1.866367508262337669e-04 9.220685850043754961e-01
2.211407358016100034e-04 9.206135279402950511e-01
2.576051187770363269e-04 9.190757995734163410e-01
2.960298997525126832e-04 9.174553999122694314e-01
3.364150787280388555e-04 9.157523289660849386e-01
3.787606557036150606e-04 9.139665867448637515e-01
4.230666306792412444e-04 9.120981732594080071e-01
4.693330036549174067e-04 9.101470885213793771e-01
5.175597746306437102e-04 9.081133325433343728e-01
5.677469436064200466e-04 9.059969053387728621e-01
6.198945105822462531e-04 9.037978069222056821e-01
6.740024755581224382e-04 9.015160373091909429e-01
7.300708385340486020e-04 8.991515965163999757e-01
7.880995995100251780e-04 8.967044845616736204e-01
8.480887584860512989e-04 8.941747014640821778e-01
9.100383154621275068e-04 8.915622472439874713e-01
9.739482704382536934e-04 8.888671219231070175e-01
1.039818623414429750e-03 8.860893255245825273e-01
1.107649374390655894e-03 8.832288580730485172e-01
1.177440523366932558e-03 8.802857195946960367e-01
1.249192070343258659e-03 8.772599101173633729e-01
1.322904015319634847e-03 8.741514296705861220e-01
1.398576358296060905e-03 8.709602782856989966e-01
1.476209099272537051e-03 8.676864559958966661e-01
1.555802238249063716e-03 8.643299628363264597e-01
1.637355775225640036e-03 8.608907988441645287e-01
1.720869710202266008e-03 8.573689640587096594e-01
1.806344043178942285e-03 8.537644585214614334e-01
1.893778774155669082e-03 8.500772822762153735e-01
1.983173903132445098e-03 8.463074353691577567e-01
2.074529430109271419e-03 8.424549178489536549e-01
2.167845355086147393e-03 8.385197297668430805e-01
2.263121678063073454e-03 8.345018711767484554e-01
2.360358399040050469e-03 8.304013421353614310e-01
2.459555518017076271e-03 8.262181427022572411e-01
2.560713034994152593e-03 8.219522729399910688e-01
2.663830949971278568e-03 8.176037329142087362e-01
2.768909262948454630e-03 8.131725226937583928e-01
2.875947973925680780e-03 8.086586423507901022e-01
2.984947082902957450e-03 8.040620919608836292e-01
3.095906589880283773e-03 7.993828716031539106e-01
3.208826494857659750e-03 7.946209813603687389e-01
3.323706797835085814e-03 7.897764213190733296e-01
3.440547498812561965e-03 7.848491915697065613e-01
3.559348597790088636e-03 7.798392922067265420e-01
3.680110094767664961e-03 7.747467233287375077e-01
3.802831989745290939e-03 7.695714850386137229e-01
3.927514282722965704e-03 7.643135774436342622e-01
4.054156973700691856e-03 7.589730006556103525e-01
4.182760062678468095e-03 7.535497547910224858e-01
4.313323549656295289e-03 7.480438399711555331e-01
4.445847434634171702e-03 7.424552563222370782e-01
4.580331717612097335e-03 7.367840039755764181e-01
4.716776398590073922e-03 7.310300830677100015e-01
4.855181477568099729e-03 7.251934937405410952e-01
4.995546954546175623e-03 7.192742361414935504e-01
5.137872829524301604e-03 7.132723104236533551e-01
5.282159102502477672e-03 7.071877167459231783e-01
5.428405773480703828e-03 7.010204552731746919e-01
5.576612842458980070e-03 6.947705261764028917e-01
5.726780309437305531e-03 6.884379296328849707e-01
5.878908174415681948e-03 6.820226658263367492e-01
6.032996437394107583e-03 6.755247349470766549e-01
6.189045098372585908e-03 6.689441371921863722e-01
6.347054157351111718e-03 6.622808727656801508e-01
6.507023614329687615e-03 6.555349418786667881e-01
6.668953469308313599e-03 6.487063447495258206e-01
6.832843722286989670e-03 6.417950816040727258e-01
6.998694373265715828e-03 6.348011526757375567e-01
7.166505422244492073e-03 6.277245582057402462e-01
7.336276869223317537e-03 6.205652984432643571e-01
7.508008714202193956e-03 6.133233736456423779e-01
7.681700957181119595e-03 6.059987840785359126e-01
7.857353598160098790e-03 5.985915300161175345e-01
8.034966637139125470e-03 5.911016117412625226e-01
8.214540074118200502e-03 5.835290295457301601e-01
8.396073909097327356e-03 5.758737837303609108e-01
8.579568142076502563e-03 5.681358746052649344e-01
8.765022773055727856e-03 5.603153024900155987e-01
8.952437802035004971e-03 5.524120677138532054e-01
9.141813229014330439e-03 5.444261706158731728e-01
9.333149053993705993e-03 5.363576115452359794e-01
9.526445276973131635e-03 5.282063908613651160e-01
9.721701897952607363e-03 5.199725089341538098e-01
9.918918916932136648e-03 5.116559661441704154e-01
1.011809633391171255e-02 5.032567628828705786e-01
1.031923414889133854e-02 4.947748995528044036e-01
1.052233236187101462e-02 4.862103765678326139e-01
1.072739097285074078e-02 4.775631943533403256e-01
1.093440998183051703e-02 4.688333533464548175e-01
1.114338938881034163e-02 4.600208539962649668e-01
1.135432919379021806e-02 4.511256967640419058e-01
1.156722939677014457e-02 4.421478821234634538e-01
1.178208999775011943e-02 4.330874105608379931e-01
1.199891099673014612e-02 4.239442825753352850e-01
1.221769239371022463e-02 4.147184986792109562e-01
1.243843418869035149e-02 4.054100593980429212e-01
1.266113638167052670e-02 3.960189652709623642e-01
1.288579897265075200e-02 3.865452168508893838e-01
1.311242196163102738e-02 3.769888147047721350e-01
1.334100534861135459e-02 3.673497594138254718e-01
1.357154913359173015e-02 3.576280515737722543e-01
1.380405331657215580e-02 3.478236917950883744e-01
1.403851789755263153e-02 3.379366807032476716e-01
1.427494287653315735e-02 3.279670189389694013e-01
1.451332825351373326e-02 3.179147071584693673e-01
1.475367402849436273e-02 3.077797460337101665e-01
1.499598020147503881e-02 2.975621362526555402e-01
1.524024677245576498e-02 2.872618785195268920e-01
1.548647374143653950e-02 2.768789735550598596e-01
1.573466110841736931e-02 2.664134220967655509e-01
1.598480887339824227e-02 2.558652248991903355e-01
1.623691703637917053e-02 2.452343827341819105e-01
1.649098559736014366e-02 2.345208963911530886e-01
1.674701455634117209e-02 2.237247666773508337e-01
1.700500391332224540e-02 2.128459944181252395e-01
1.726495366830337400e-02 2.018845804572014235e-01
1.752686382128455442e-02 1.908405256569535580e-01
1.779073437226577625e-02 1.797138308986793165e-01
1.805656532124705685e-02 1.685044970828791511e-01
1.832435666822837886e-02 1.572125251295341808e-01
1.859410841320975616e-02 1.458379159783884937e-01
1.886582055619118528e-02 1.343806705892327258e-01
1.913949309717265929e-02 1.228407899832634764e-01
1.941512603615418858e-02 1.121522812783076056e-01
1.969271937313575929e-02 1.078377746712381874e-01
1.997227310811738876e-02 1.062252351636726044e-01
2.025378724109906312e-02 1.053953234794276356e-01
2.053726177208079276e-02 1.048709024183310246e-01
2.082269670106256382e-02 1.044994236591224035e-01
2.111009202804439364e-02 1.042170872838818763e-01
2.139944775302626487e-02 1.039921079680809074e-01
2.169076387600819486e-02 1.038066640768593174e-01
2.198404039699017321e-02 1.036498833011267329e-01
2.227927731597219643e-02 1.035147007366381544e-01
2.257647463295427495e-02 1.033962953910994437e-01
2.287563234793639835e-02 1.032912466270776708e-01
2.317675046091857705e-02 1.031970489425310111e-01
2.347982897190080062e-02 1.031118179535410462e-01
2.378486788088307949e-02 1.030341044484609919e-01
2.409186718786539977e-02 1.029627723907199782e-01
2.440082689284778228e-02 1.028969164282139692e-01
2.471174699583020273e-02 1.028358045559294026e-01
2.502462749681268195e-02 1.027788373632248092e-01
2.533946839579521298e-02 1.027255184465942495e-01
2.565626969277778543e-02 1.026754325406232515e-01
2.597503138776041318e-02 1.026282291000453900e-01
2.629575348074308580e-02 1.025836097707883143e-01
2.661843597172581372e-02 1.025413187342944787e-01
2.694307886070858651e-02 1.025011351406408672e-01
2.726968214769141807e-02 1.024628671457283313e-01
2.759824583267428758e-02 1.024263471457896590e-01
2.792876991565721931e-02 1.023914279383670300e-01
2.826125439664019939e-02 1.023579796118550822e-01
2.859569927562322089e-02 1.023258869892147427e-01
2.893210455260630115e-02 1.022950475305085677e-01
2.927047022758941935e-02 1.022653695833961457e-01
2.961079630057259979e-02 1.022367709287591575e-01
2.995308277155582163e-02 1.022091775525234419e-01
3.029732964053910224e-02 1.021825226141656884e-01
3.064353690752242426e-02 1.021567455648858536e-01
3.099170457250580504e-02 1.021317914002227850e-01
3.134183263548922377e-02 1.021076100147800397e-01
3.169392109647270472e-02 1.020841556512423892e-01
3.204796995545623056e-02 1.020613864195005493e-01
3.240397921243980128e-02 1.020392638828140908e-01
3.276194886742343076e-02 1.020177526960126813e-01
3.312187892040710513e-02 1.019968202880656288e-01
3.348376937139083825e-02 1.019764365865111766e-01
3.384762022037460932e-02 1.019565737722605420e-01
3.421343146735843915e-02 1.019372060643847777e-01
3.458120311234230693e-02 1.019183095306416542e-01
3.495093515532624040e-02 1.018998619167420239e-01
3.532262759631021182e-02 1.018818424977287057e-01
3.569628043529424199e-02 1.018642319421693976e-01
3.607189367227831706e-02 1.018470121935926703e-01
3.644946730726244394e-02 1.018301663618528946e-01
3.682900134024662264e-02 1.018136786274261851e-01
3.721049577123083929e-02 1.017975341540114237e-01
3.759395060021512164e-02 1.017817190102063285e-01
3.797936582719944193e-02 1.017662200990956528e-01
3.836674145218382098e-02 1.017510250933668092e-01
3.875607747516824492e-02 1.017361223779640889e-01
3.914737389615272761e-02 1.017215009966735279e-01
3.954063071513724825e-02 1.017071506041832690e-01
3.993584793212182765e-02 1.016930614224084845e-01
4.033302554710645887e-02 1.016792242000873620e-01
4.073216356009112804e-02 1.016656301765851561e-01
4.113326197107585597e-02 1.016522710479341590e-01
4.153632078006062878e-02 1.016391389364973002e-01
4.194133998704546035e-02 1.016262263622887130e-01
4.234831959203032986e-02 1.016135262174276410e-01
4.275725959501525814e-02 1.016010317418181708e-01
4.316815999600023129e-02 1.015887365013991017e-01
4.358102079498526321e-02 1.015766343676219041e-01
4.399584199197033307e-02 1.015647194986286084e-01
4.441262358695546170e-02 1.015529863219839096e-01
4.483136557994064214e-02 1.015414295183076493e-01
4.525206797092586747e-02 1.015300440066117527e-01
4.567473075991114462e-02 1.015188249301040013e-01
4.609935394689646665e-02 1.015077676435672260e-01
4.652593753188184744e-02 1.014968677011711257e-01
4.695448151486726618e-02 1.014861208453447100e-01
4.738498589585275061e-02 1.014755229964637295e-01
4.781745067483826606e-02 1.014650702429375356e-01
4.825187585182384720e-02 1.014547588323591459e-01
4.868826142680946628e-02 1.014445851628655859e-01
4.912660739979515107e-02 1.014345457752938440e-01
4.956691377078088073e-02 1.014246373457428768e-01
5.000918053976664834e-02 1.014148566786340910e-01
5.045340770675248165e-02 1.014052007001529643e-01
5.089959527173835291e-02 1.013956664522225604e-01
5.134774323472428292e-02 1.013862510866572336e-01
5.179785159571025088e-02 1.013769518598559571e-01
5.224992035469628454e-02 1.013677661277058023e-01
5.270394951168235614e-02 1.013586913407628354e-01
5.315993906666848651e-02 1.013497250398616017e-01
5.361788901965465481e-02 1.013408648517606092e-01
5.407779937064088882e-02 1.013321084852566306e-01
5.453967011962716771e-02 1.013234537273523805e-01
5.500350126661349148e-02 1.013148984397343327e-01
5.546929281159986708e-02 1.013064405553925351e-01
5.593704475458628755e-02 1.012980780754831611e-01
5.640675709557277373e-02 1.012898090662767564e-01
5.687842983455929091e-02 1.012816316563679570e-01
5.735206297154587379e-02 1.012735440339512655e-01
5.782765650653248768e-02 1.012655444442950720e-01
5.830521043951917420e-02 1.012576311873158719e-01
5.878472477050590561e-02 1.012498026153001718e-01
5.926619949949267496e-02 1.012420571307127981e-01
5.974963462647950307e-02 1.012343931841653416e-01
6.023503015146637607e-02 1.012268092724258883e-01
6.072238607445330782e-02 1.012193039365802960e-01
6.121170239544027752e-02 1.012118757602566005e-01
6.170297911442730598e-02 1.012045233679431111e-01
6.219621623141437933e-02 1.011972454233774216e-01
6.269141374640151143e-02 1.011900406280516335e-01
6.318857165938866760e-02 1.011829077197189120e-01
6.368768997037589641e-02 1.011758454710521837e-01
6.418876867936318398e-02 1.011688526882940364e-01
6.469180778635051643e-02 1.011619282100225253e-01
6.519680729133789376e-02 1.011550709059357983e-01
6.570376719432530210e-02 1.011482796757190716e-01
6.621268749531278308e-02 1.011415534479433581e-01
6.672356819430030894e-02 1.011348911790332511e-01
6.723640929128789356e-02 1.011282918522537488e-01
6.775121078627552307e-02 1.011217544767730042e-01
6.826797267926318358e-02 1.011152780867407147e-01
6.878669497025091673e-02 1.011088617404232587e-01
6.930737765923869476e-02 1.011025045193603283e-01
6.983002074622653155e-02 1.010962055275816535e-01
7.035462423121441322e-02 1.010899638908225318e-01
7.088118811420231202e-02 1.010837787558113154e-01
7.140971239519029734e-02 1.010776492895529427e-01
7.194019707417832754e-02 1.010715746786618741e-01
7.247264215116641650e-02 1.010655541287239501e-01
7.300704762615452259e-02 1.010595868636601780e-01
7.354341349914270132e-02 1.010536721251538983e-01
7.408173977013092493e-02 1.010478091720648092e-01
7.462202643911922118e-02 1.010419972798910493e-01
7.516427350610754843e-02 1.010362357402423417e-01
7.570848097109590669e-02 1.010305238603348421e-01
7.625464883408433758e-02 1.010248609625025162e-01
7.680277709507281336e-02 1.010192463837409488e-01
7.735286575406134790e-02 1.010136794752494183e-01
7.790491481104989957e-02 1.010081596020029754e-01
7.845892426603853775e-02 1.010026861423458794e-01
7.901489411902722082e-02 1.009972584875774015e-01
7.957282437001594877e-02 1.009918760415836614e-01
8.013271501900470772e-02 1.009865382204563761e-01
8.069456606599353932e-02 1.009812444521448471e-01
8.125837751098241579e-02 1.009759941761072810e-01
8.182414935397135103e-02 1.009707868429869371e-01
8.239188159496033115e-02 1.009656219142854583e-01
8.296157423394934227e-02 1.009604988620637911e-01
8.353322727093842603e-02 1.009554171686416896e-01
8.410684070592755468e-02 1.009503763263146225e-01
8.468241453891674209e-02 1.009453758370771753e-01
8.525994876990593274e-02 1.009404152123558329e-01
8.583944339889522379e-02 1.009354939727578615e-01
8.642089842588455972e-02 1.009306116478162069e-01
8.700431385087394054e-02 1.009257677757578187e-01
8.758968967386336624e-02 1.009209619032684357e-01
8.817702589485282294e-02 1.009161935852694175e-01
8.876632251384235228e-02 1.009114623847066211e-01
8.935757953083194038e-02 1.009067678723331030e-01
8.995079694582157337e-02 1.009021096265185352e-01
9.054597475881122348e-02 1.008974872330472006e-01
9.114311296980096011e-02 1.008929002849333761e-01
9.174221157879074162e-02 1.008883483822349408e-01
9.234327058578056802e-02 1.008838311318819708e-01
9.294628999077042542e-02 1.008793481475045301e-01
9.355126979376035545e-02 1.008748990492646380e-01
9.415820999475034425e-02 1.008704834636997838e-01
9.476711059374037793e-02 1.008661010235700206e-01
9.537797159073045650e-02 1.008617513677007443e-01
9.599079298572055219e-02 1.008574341408454006e-01
9.660557477871074827e-02 1.008531489935382136e-01
9.722231696970097536e-02 1.008488955819650118e-01
9.784101955869126122e-02 1.008446735678230066e-01
9.846168254568156419e-02 1.008404826181993896e-01
9.908430593067193981e-02 1.008363224054439344e-01
9.970888971366237419e-02 1.008321926070454427e-01
1.003354338946528534e-01 1.008280929055230396e-01
1.009639384736433915e-01 1.008240229883071715e-01
1.015944034506339466e-01 1.008199825476265993e-01
1.022268288256245744e-01 1.008159712804085339e-01
1.028612145986152610e-01 1.008119888881711113e-01
1.034975607696059924e-01 1.008080350769249289e-01
1.041358673385967409e-01 1.008041095570689355e-01
1.047761343055875760e-01 1.008002120433061782e-01
1.054183616705784560e-01 1.007963422545388593e-01
1.060625494335693947e-01 1.007924999137929517e-01
1.067086975945603783e-01 1.007886847481167802e-01
1.073568061535513790e-01 1.007848964885065118e-01
1.080068751105424663e-01 1.007811348698204601e-01
1.086589044655335984e-01 1.007773996306983028e-01
1.093128942185247754e-01 1.007736905134828803e-01
1.099688443695159834e-01 1.007700072641486838e-01
1.106267549185072641e-01 1.007663496322207808e-01
1.112866258654986035e-01 1.007627173707121016e-01
1.119484572104899878e-01 1.007591102360459318e-01
1.126122489534813753e-01 1.007555279879920884e-01
1.132780010944728633e-01 1.007519703896008062e-01
1.139457136334643961e-01 1.007484372071376783e-01
1.146153865704559877e-01 1.007449282100195825e-01
1.152870199054476102e-01 1.007414431707562286e-01
1.159606136384392638e-01 1.007379818648917735e-01
1.166361677694310039e-01 1.007345440709405127e-01
1.173136822984227889e-01 1.007311295703383208e-01
1.179931572254146188e-01 1.007277381473838662e-01
1.186745925504064658e-01 1.007243695891846119e-01
1.193579882733983993e-01 1.007210236856040525e-01
1.200433443943903777e-01 1.007177002292177770e-01
1.207306609133824149e-01 1.007143990152512270e-01
1.214199378303744969e-01 1.007111198415445719e-01
1.221111751453665961e-01 1.007078625084942142e-01
1.228043728583587818e-01 1.007046268190178590e-01
1.234995309693510124e-01 1.007014125784956721e-01
1.241966494783433017e-01 1.006982195947436765e-01
1.248957283853355943e-01 1.006950476779543274e-01
1.255967676903279873e-01 1.006918966406650379e-01
1.262997673933204390e-01 1.006887662977150738e-01
1.270047274943129079e-01 1.006856564662046843e-01
1.277116479933054216e-01 1.006825669654553140e-01
1.284205288902980080e-01 1.006794976169751721e-01
1.291313701852906393e-01 1.006764482444194586e-01
1.298441718782833154e-01 1.006734186735530195e-01
1.305589339692760642e-01 1.006704087322185248e-01
1.312756564582688024e-01 1.006674182503011356e-01
1.319943393452616409e-01 1.006644470596898405e-01
1.327149826302545244e-01 1.006614949942519627e-01
1.334375863132474527e-01 1.006585618897941348e-01
1.341621503942403981e-01 1.006556475840355014e-01
1.348886748732334440e-01 1.006527519165746065e-01
1.356171597502265069e-01 1.006498747288596812e-01
1.363476050252196425e-01 1.006470158641580015e-01
1.370800106982128508e-01 1.006441751675279106e-01
1.378143767692060206e-01 1.006413524857939917e-01
1.385507032381993187e-01 1.006385476675110691e-01
1.392889901051926616e-01 1.006357605629460000e-01
1.400292373701860493e-01 1.006329910240455761e-01
1.407714450331794265e-01 1.006302389044120144e-01
1.415156130941729040e-01 1.006275040592782971e-01
1.422617415531664542e-01 1.006247863454848984e-01
1.430098304101600493e-01 1.006220856214493919e-01
1.437598796651536337e-01 1.006194017471506580e-01
1.445118893181473185e-01 1.006167345840985466e-01
1.452658593691410482e-01 1.006140839953160587e-01
1.460217898181348506e-01 1.006114498453138384e-01
1.467796806651286701e-01 1.006088320000692593e-01
1.475395319101225067e-01 1.006062303270063574e-01
1.483013435531164437e-01 1.006036446949706287e-01
1.490651155941104256e-01 1.006010749742141663e-01
1.498308480331044801e-01 1.005985210363696675e-01
1.505985408700985240e-01 1.005959827544348067e-01
1.513681941050926405e-01 1.005934600027514059e-01
1.521398077380868297e-01 1.005909526569847695e-01
1.529133817690810637e-01 1.005884605941070598e-01
1.536889161980753704e-01 1.005859836923779088e-01
1.544664110250696387e-01 1.005835218313283069e-01
1.552458662500640352e-01 1.005810748917387309e-01
1.560272818730584765e-01 1.005786427556262380e-01
1.568106578940529627e-01 1.005762253062246203e-01
1.575959943130474383e-01 1.005738224279696114e-01
1.583832911300420421e-01 1.005714340064803591e-01
1.591725483450366629e-01 1.005690599285479353e-01
1.599637659580313565e-01 1.005667000821100082e-01
1.607569439690260948e-01 1.005643543562472209e-01
1.615520823780208504e-01 1.005620226411618606e-01
1.623491811850156785e-01 1.005597048281582639e-01
1.631482403900105516e-01 1.005574008096405958e-01
1.639492599930054972e-01 1.005551104790850941e-01
1.647522399940004323e-01 1.005528337310336306e-01
1.655571803929954677e-01 1.005505704610819839e-01
1.663640811899905481e-01 1.005483205658553036e-01
1.671729423849857010e-01 1.005460839430080827e-01
1.679837639779808434e-01 1.005438604912006068e-01
1.687965459689760583e-01 1.005416501100921955e-01
1.696112883579713460e-01 1.005394527003244803e-01
1.704279911449667062e-01 1.005372681635119531e-01
1.712466543299620836e-01 1.005350964022289489e-01
1.720672779129574781e-01 1.005329373199943810e-01
1.728898618939529452e-01 1.005307908212657586e-01
1.737144062729484850e-01 1.005286568114221873e-01
1.745409110499440697e-01 1.005265351967545434e-01
1.753693762249396715e-01 1.005244258844555788e-01
1.761998017979353459e-01 1.005223287826089995e-01
1.770321877689310930e-01 1.005202438001741583e-01
1.778665341379268849e-01 1.005181708469799345e-01
1.787028409049227218e-01 1.005161098337128411e-01
1.795411080699185480e-01 1.005140606719082674e-01
1.803813356329145023e-01 1.005120232739333958e-01
1.812235235939104738e-01 1.005099975529873957e-01
1.820676719529065180e-01 1.005079834230834385e-01
1.829137807099025514e-01 1.005059807990419246e-01
1.837618498648986853e-01 1.005039895964816160e-01
1.846118794178948919e-01 1.005020097318084088e-01
1.854638693688911155e-01 1.005000411222069373e-01
1.863178197178873563e-01 1.004980836856322751e-01
1.871737304648836975e-01 1.004961373407995129e-01
1.880316016098800835e-01 1.004942020071744185e-01
1.888914331528765145e-01 1.004922776049667066e-01
1.897532250938729903e-01 1.004903640551207122e-01
1.906169774328694833e-01 1.004884612793056492e-01
1.914826901698660766e-01 1.004865691999083932e-01
1.923503633048627148e-01 1.004846877400249611e-01
1.932199968378593979e-01 1.004828168234529195e-01
1.940915907688560982e-01 1.004809563746828505e-01
1.949651450978528711e-01 1.004791063188913564e-01
1.958406598248497166e-01 1.004772665819302635e-01
1.967181349498466070e-01 1.004754370903230692e-01
1.975975704728435423e-01 1.004736177712569067e-01
1.984789663938404669e-01 1.004718085525709986e-01
1.993623227128375197e-01 1.004700093627540342e-01
2.002476394298345896e-01 1.004682201309343992e-01
2.011349165448317322e-01 1.004664407868752218e-01
2.020241540578288642e-01 1.004646712609646858e-01
2.029153519688260965e-01 1.004629114842103821e-01
2.038085102778234015e-01 1.004611613882342158e-01
2.047036289848207236e-01 1.004594209052617620e-01
2.056007080898180628e-01 1.004576899681204755e-01
2.064997475928155024e-01 1.004559685102286298e-01
2.074007474938129869e-01 1.004542564655932640e-01
2.083037077928105441e-01 1.004525537687989273e-01
2.092086284898081183e-01 1.004508603550051948e-01
2.101155095848057097e-01 1.004491761599416444e-01
2.110243510778034015e-01 1.004475011198954632e-01
2.119351529688011382e-01 1.004458351717119891e-01
2.128479152577989197e-01 1.004441782527870086e-01
2.137626379447967184e-01 1.004425303010583331e-01
2.146793210297945897e-01 1.004408912550033978e-01
2.155979645127925337e-01 1.004392610536317815e-01
2.165185683937905226e-01 1.004376396364797391e-01
2.174411326727885563e-01 1.004360269436050529e-01
2.183656573497865794e-01 1.004344229155823276e-01
2.192921424247847306e-01 1.004328274934959409e-01
2.202205878977829268e-01 1.004312406189354911e-01
2.211509937687811678e-01 1.004296622339914541e-01
2.220833600377793982e-01 1.004280922812488402e-01
2.230176867047777289e-01 1.004265307037824212e-01
2.239539737697761046e-01 1.004249774451501931e-01
2.248922212327745529e-01 1.004234324493953889e-01
2.258324290937730461e-01 1.004218956610285207e-01
2.267745973527715286e-01 1.004203670250362751e-01
2.277187260097701116e-01 1.004188464868683295e-01
2.286648150647687394e-01 1.004173339924339659e-01
2.296128645177674399e-01 1.004158294881010299e-01
2.305628743687661297e-01 1.004143329206868412e-01
2.315148446177649200e-01 1.004128442374555147e-01
2.324687752647637551e-01 1.004113633861157262e-01
2.334246663097626351e-01 1.004098903148092220e-01
2.343825177527615322e-01 1.004084249721184235e-01
2.353423295937605020e-01 1.004069673070481089e-01
2.363041018327595444e-01 1.004055172690321296e-01
2.372678344697586317e-01 1.004040748079245982e-01
2.382335275047577638e-01 1.004026398739936293e-01
2.392011809377569131e-01 1.004012124179246152e-01
2.401707947687561351e-01 1.003997923908066109e-01
2.411423689977554297e-01 1.003983797441363318e-01
2.421159036247547691e-01 1.003969744298091188e-01
2.430913986497540979e-01 1.003955764001183137e-01
2.440688540727535549e-01 1.003941856077491118e-01
2.450482698937530290e-01 1.003928020057758691e-01
2.460296461127525758e-01 1.003914255476586609e-01
2.470129827297521674e-01 1.003900561872380914e-01
2.479982797447517484e-01 1.003886938787328931e-01
2.489855371577514298e-01 1.003873385767358600e-01
2.499747549687511561e-01 1.003859902362111284e-01
2.509659331777509550e-01 1.003846488124883751e-01
2.519590717847506878e-01 1.003833142612618051e-01
2.529541707897505765e-01 1.003819865385864041e-01
2.539512301927505100e-01 1.003806656008708886e-01
2.549502499937504885e-01 1.003793514048805652e-01
2.559512301927505673e-01 1.003780439077287395e-01
2.569541707897506355e-01 1.003767430668754540e-01
2.579590717847507486e-01 1.003754488401240597e-01
2.589659331777509621e-01 1.003741611856190513e-01
2.599747549687512205e-01 1.003728800618401418e-01
2.609855371577514682e-01 1.003716054276027059e-01
2.619982797447518164e-01 1.003703372420500090e-01
2.630129827297520984e-01 1.003690754646555106e-01
2.640296461127525363e-01 1.003678200552160088e-01
2.650482698937530190e-01 1.003665709738500167e-01
2.660688540727535467e-01 1.003653281809937653e-01
2.670913986497541748e-01 1.003640916374010650e-01
2.681159036247547922e-01 1.003628613041349510e-01
2.691423689977554545e-01 1.003616371425717219e-01
2.701707947687562172e-01 1.003604191143931679e-01
2.712011809377570248e-01 1.003592071815847669e-01
2.722335275047577108e-01 1.003580013064330062e-01
2.732678344697586081e-01 1.003568014515252294e-01
2.743041018327595504e-01 1.003556075797410602e-01
2.753423295937605375e-01 1.003544196542573430e-01
2.763825177527615695e-01 1.003532376385378178e-01
2.774246663097627019e-01 1.003520614963360896e-01
2.784687752647638237e-01 1.003508911916902030e-01
2.795148446177649904e-01 1.003497266889227107e-01
2.805628743687662574e-01 1.003485679526328750e-01
2.816128645177674028e-01 1.003474149477006638e-01
2.826648150647687596e-01 1.003462676392797986e-01
2.837187260097701613e-01 1.003451259927972961e-01
2.847745973527716079e-01 1.003439899739499014e-01
2.858324290937730994e-01 1.003428595487016184e-01
2.868922212327746357e-01 1.003417346832843060e-01
2.879539737697762170e-01 1.003406153441898929e-01
2.890176867047778431e-01 1.003395014981732503e-01
2.900833600377795141e-01 1.003383931122464878e-01
2.911509937687811744e-01 1.003372901536785655e-01
2.922205878977829352e-01 1.003361925899920321e-01
2.932921424247847964e-01 1.003351003889612486e-01
2.943656573497866469e-01 1.003340135186095994e-01
2.954411326727885978e-01 1.003329319472092140e-01
2.965185683937905936e-01 1.003318556432751807e-01
2.975979645127926343e-01 1.003307845755674332e-01
2.986793210297947199e-01 1.003297187130860746e-01
2.997626379447967393e-01 1.003286580250693089e-01
3.008479152577989146e-01 1.003276024809929418e-01
3.019351529688011904e-01 1.003265520505679381e-01
3.030243510778034555e-01 1.003255067037361892e-01
3.041155095848058210e-01 1.003244664106716644e-01
3.052086284898081758e-01 1.003234311417764424e-01
3.063037077928106311e-01 1.003224008676788098e-01
3.074007474938131312e-01 1.003213755592319290e-01
3.084997475928156763e-01 1.003203551875139071e-01
3.096007080898180996e-01 1.003193397238199003e-01
3.107036289848207899e-01 1.003183291396663596e-01
3.118085102778234696e-01 1.003173234067878117e-01
3.129153519688261942e-01 1.003163224971315437e-01
3.140241540578289636e-01 1.003153263828598513e-01
3.151349165448318335e-01 1.003143350363469993e-01
3.162476394298346927e-01 1.003133484301750450e-01
3.173623227128376523e-01 1.003123665371378481e-01
3.184789663938406568e-01 1.003113893302313014e-01
3.195975704728435396e-01 1.003104167826585624e-01
3.207181349498466338e-01 1.003094488678258484e-01
3.218406598248497730e-01 1.003084855593386754e-01
3.229651450978529570e-01 1.003075268310037182e-01
3.240915907688562414e-01 1.003065726568246330e-01
3.252199968378595152e-01 1.003056230110015157e-01
3.263503633048628338e-01 1.003046778679291262e-01
3.274826901698662529e-01 1.003037372021950702e-01
3.286169774328696613e-01 1.003028009885783139e-01
3.297532250938730591e-01 1.003018692020471031e-01
3.308914331528765573e-01 1.003009418177583378e-01
3.320316016098801559e-01 1.003000188110556162e-01
3.331737304648837994e-01 1.002991001574673052e-01
3.343178197178874878e-01 1.002981858327051112e-01
3.354638693688912210e-01 1.002972758126643854e-01
3.366118794178950546e-01 1.002963700734186697e-01
3.377618498648988776e-01 1.002954685912216537e-01
3.389137807099027455e-01 1.002945713425057866e-01
3.400676719529066028e-01 1.002936783038776147e-01
3.412235235939105604e-01 1.002927894521198349e-01
3.423813356329146185e-01 1.002919047641884220e-01
3.435411080699187214e-01 1.002910242172104227e-01
3.447028409049228137e-01 1.002901477884837189e-01
3.458665341379270064e-01 1.002892754554766813e-01
3.470321877689312440e-01 1.002884071958234091e-01
3.481998017979355819e-01 1.002875429873257840e-01
3.493693762249399093e-01 1.002866828079500700e-01
3.505409110499441705e-01 1.002858266358268580e-01
3.517144062729485876e-01 1.002849744492488454e-01
3.528898618939531051e-01 1.002841262266702255e-01
3.540672779129576120e-01 1.002832819467049663e-01
3.552466543299622193e-01 1.002824415881247155e-01
3.564279911449668714e-01 1.002816051298603683e-01
3.576112883579715684e-01 1.002807725509977099e-01
3.587965459689763104e-01 1.002799438307765689e-01
3.599837639779809306e-01 1.002791189485926493e-01
3.611729423849858178e-01 1.002782978839917988e-01
3.623640811899906944e-01 1.002774806166733396e-01
3.635571803929956158e-01 1.002766671264833515e-01
3.647522399940006377e-01 1.002758573934207642e-01
3.659492599930056489e-01 1.002750513976298080e-01
3.671482403900107605e-01 1.002742491194006658e-01
3.683491811850159170e-01 1.002734505391715270e-01
3.695520823780210629e-01 1.002726556375223843e-01
3.707569439690261981e-01 1.002718643951763661e-01
3.719637659580314892e-01 1.002710767930017621e-01
3.731725483450368253e-01 1.002702928120025455e-01
3.743832911300422062e-01 1.002695124333287113e-01
3.755959943130476320e-01 1.002687356382633427e-01
3.768106578940531581e-01 1.002679624082306875e-01
3.780272818730586737e-01 1.002671927247908157e-01
3.792458662500642896e-01 1.002664265696383561e-01
3.804664110250698950e-01 1.002656639246038012e-01
3.816889161980754896e-01 1.002649047716508007e-01
3.829133817690812402e-01 1.002641490928743717e-01
3.841398077380869802e-01 1.002633968705033407e-01
3.853681941050928206e-01 1.002626480868946818e-01
3.865985408700987613e-01 1.002619027245359173e-01
3.878308480331046915e-01 1.002611607660426479e-01
3.890651155941106665e-01 1.002604221941592322e-01
3.903013435531166864e-01 1.002596869917547068e-01
3.915395319101228067e-01 1.002589551418252567e-01
3.927796806651288053e-01 1.002582266274908290e-01
3.940217898181350153e-01 1.002575014319956603e-01
3.952658593691412148e-01 1.002567795387063199e-01
3.965118893181475146e-01 1.002560609311117651e-01
3.977598796651538593e-01 1.002553455928218845e-01
3.990098304101602489e-01 1.002546335075652356e-01
4.002617415531666833e-01 1.002539246591920979e-01
4.015156130941732182e-01 1.002532190316693106e-01
4.027714450331797424e-01 1.002525166090809383e-01
4.040292373701862005e-01 1.002518173756289932e-01
4.052889901051928145e-01 1.002511213156295072e-01
4.065507032381995289e-01 1.002504284135150858e-01
4.078143767692062882e-01 1.002497386538302587e-01
4.090800106982130369e-01 1.002490520212355463e-01
4.103476050252198859e-01 1.002483685005004649e-01
4.116171597502267798e-01 1.002476880765087452e-01
4.128886748732337186e-01 1.002470107342528227e-01
4.141621503942407023e-01 1.002463364588369737e-01
4.154375863132476199e-01 1.002456652354734995e-01
4.167149826302546933e-01 1.002449970494822401e-01
4.179943393452618672e-01 1.002443318862915878e-01
4.192756564582690304e-01 1.002436697314371544e-01
4.205589339692762940e-01 1.002430105705589269e-01
4.218441718782836025e-01 1.002423543894035290e-01
4.231313701852909004e-01 1.002417011738212516e-01
4.244205288902982987e-01 1.002410509097662883e-01
4.257116479933056308e-01 1.002404035832958479e-01
4.270047274943131188e-01 1.002397591805693905e-01
4.282997673933206517e-01 1.002391176878482809e-01
4.295967676903282295e-01 1.002384790914931517e-01
4.308957283853359077e-01 1.002378433779666789e-01
4.321966494783435753e-01 1.002372105338290714e-01
4.334995309693513432e-01 1.002365805457415548e-01
4.348043728583591006e-01 1.002359534004599873e-01
4.361111751453669583e-01 1.002353290848412432e-01
4.374199378303746943e-01 1.002347075858352893e-01
4.387306609133826418e-01 1.002340888904905691e-01
4.400433443943906342e-01 1.002334729859496038e-01
4.413579882733986715e-01 1.002328598594495745e-01
4.426745925504067536e-01 1.002322494983214768e-01
4.439931572254149361e-01 1.002316418899907163e-01
4.453136822984231080e-01 1.002310370219738761e-01
4.466361677694313248e-01 1.002304348818795765e-01
4.479606136384396420e-01 1.002298354574095579e-01
4.492870199054478375e-01 1.002292387363536708e-01
4.506153865704562445e-01 1.002286447065941083e-01
4.519457136334646408e-01 1.002280533561016318e-01
4.532780010944731375e-01 1.002274646729356955e-01
4.546122489534816791e-01 1.002268786452440302e-01
4.559484572104903211e-01 1.002262952612629765e-01
4.572866258654989524e-01 1.002257145093148200e-01
4.586267549185076287e-01 1.002251363778085547e-01
4.599688443695163498e-01 1.002245608552396472e-01
4.613128942185250048e-01 1.002239879301886766e-01
4.626589044655338712e-01 1.002234175913199882e-01
4.640068751105427269e-01 1.002228498273844137e-01
4.653568061535516831e-01 1.002222846272142476e-01
4.667086975945606842e-01 1.002217219797249675e-01
4.680625494335697301e-01 1.002211618739159843e-01
4.694183616705788209e-01 1.002206042988681017e-01
4.707761343055879566e-01 1.002200492437424068e-01
4.721358673385971372e-01 1.002194966977831281e-01
4.734975607696062516e-01 1.002189466503124599e-01
4.748612145986155220e-01 1.002183990907340588e-01
4.762268288256248927e-01 1.002178540085303521e-01
4.775944034506342528e-01 1.002173113932624260e-01
4.789639384736437133e-01 1.002167712345702483e-01
4.803354338946532187e-01 1.002162335221705725e-01
4.817088897136627690e-01 1.002156982458584644e-01
4.830843059306723641e-01 1.002151653955051513e-01
4.844616825456818376e-01 1.002146349610581189e-01
4.858410195586915226e-01 1.002141069325412776e-01
4.872223169697012524e-01 1.002135813000534226e-01
4.886055747787110826e-01 1.002130580537670401e-01
4.899907929857209021e-01 1.002125371839317769e-01
4.913779715907308221e-01 1.002120186808683616e-01
4.927671105937407314e-01 1.002115025349727406e-01
4.941582099947507412e-01 1.002109887367121782e-01
4.955512697937607958e-01 1.002104772766288232e-01
4.969462899907707287e-01 1.002099681453340468e-01
4.983432705857808731e-01 1.002094613335125645e-01
4.997422115787910624e-01 1.002089568319210061e-01
5.011431129698012965e-01 1.002084546313839475e-01
5.025459747588115755e-01 1.002079547227991280e-01
5.039507969458218994e-01 1.002074570971319689e-01
5.053575795308323793e-01 1.002069617454187100e-01
5.067663225138427929e-01 1.002064686587638975e-01
5.081770258948532515e-01 1.002059778283408142e-01
5.095896896738636439e-01 1.002054892453907581e-01
5.110043138508743032e-01 1.002050029012231253e-01
5.124208984258848965e-01 1.002045187872141613e-01
5.138394433988955345e-01 1.002040368948070720e-01
5.152599487699063285e-01 1.002035572155121068e-01
5.166824145389171674e-01 1.002030797409046298e-01
5.181068407059279401e-01 1.002026044626274370e-01
5.195332272709388688e-01 1.002021313723864548e-01
5.209615742339498423e-01 1.002016604619539175e-01
5.223918815949606387e-01 1.002011917231666327e-01
5.238241493539717020e-01 1.002007251479253291e-01
5.252583775109828101e-01 1.002002607281938656e-01
5.266945660659939632e-01 1.001997984560009519e-01
5.281327150190051611e-01 1.001993383234376644e-01
5.295728243700164040e-01 1.001988803226562391e-01
5.310148941190276917e-01 1.001984244458747897e-01
5.324589242660390243e-01 1.001979706853695640e-01
5.339049148110504017e-01 1.001975190334813276e-01
5.353528657540617131e-01 1.001970694826104652e-01
5.368027770950731803e-01 1.001966220252184514e-01
5.382546488340846924e-01 1.001961766538283921e-01
5.397084809710962494e-01 1.001957333610223599e-01
5.411642735061079623e-01 1.001952921394431706e-01
5.426220264391196091e-01 1.001948529817926481e-01
5.440817397701314118e-01 1.001944158808322632e-01
5.455434134991431483e-01 1.001939808293822454e-01
5.470070476261550407e-01 1.001935478203211799e-01
5.484726421511667560e-01 1.001931168465862165e-01
5.499401970741787382e-01 1.001926879011725141e-01
5.514097123951906543e-01 1.001922609771323108e-01
5.528811881142027262e-01 1.001918360675757985e-01
5.543546242312148431e-01 1.001914131656696794e-01
5.558300207462270048e-01 1.001909922646373879e-01
5.573073776592392115e-01 1.001905733577596463e-01
5.587866949702514630e-01 1.001901564383716470e-01
5.602679726792635373e-01 1.001897414998658559e-01
5.617512107862758786e-01 1.001893285356892926e-01
5.632364092912882647e-01 1.001889175393448767e-01
5.647235681943006957e-01 1.001885085043897616e-01
5.662126874953131717e-01 1.001881014244364876e-01
5.677037671943258035e-01 1.001876962931508991e-01
5.691968072913383692e-01 1.001872931042543380e-01
5.706918077863509797e-01 1.001868918515205487e-01
5.721887686793637462e-01 1.001864925287779817e-01
5.736876899703762245e-01 1.001860951299072267e-01
5.751885716593890807e-01 1.001856996488429685e-01
5.766914137464018708e-01 1.001853060795719202e-01
5.781962162314148168e-01 1.001849144161326005e-01
5.797029791144278077e-01 1.001845246526179428e-01
5.812117023954407324e-01 1.001841367831704799e-01
5.827223860744538131e-01 1.001837508019858686e-01
5.842350301514669386e-01 1.001833667033099756e-01
5.857496346264799980e-01 1.001829844814414588e-01
5.872661994994931023e-01 1.001826041307285198e-01
5.887847247705062514e-01 1.001822256455708327e-01
5.903052104395195565e-01 1.001818490204182954e-01
5.918276565065329065e-01 1.001814742497712796e-01
5.933520629715463013e-01 1.001811013281794921e-01
5.948784298345597410e-01 1.001807302502428498e-01
5.964067570955732256e-01 1.001803610106112991e-01
5.979370447545868661e-01 1.001799936039831779e-01
5.994692928116004405e-01 1.001796280251063265e-01
6.010035012666138377e-01 1.001792642687776846e-01
6.025396701196276128e-01 1.001789023298418901e-01
6.040777993706413218e-01 1.001785422031938738e-01
6.056178890196550757e-01 1.001781838837743771e-01
6.071599390666689855e-01 1.001778273665738933e-01
6.087039495116828292e-01 1.001774726466305027e-01
6.102499203546968287e-01 1.001771197190286927e-01
6.117978515957107621e-01 1.001767685789019119e-01
6.133477432347248515e-01 1.001764192214297938e-01
6.148995952717387636e-01 1.001760716418389624e-01
6.164534077067529427e-01 1.001757258354032537e-01
6.180091805397671667e-01 1.001753817974429805e-01
6.195669137707813245e-01 1.001750395233245994e-01
6.211266073997956383e-01 1.001746990084611266e-01
6.226882614268099969e-01 1.001743602483111811e-01
6.242518758518244004e-01 1.001740232383795809e-01
6.258174506748388488e-01 1.001736879742162745e-01
6.273849858958533421e-01 1.001733544514181312e-01
6.289544815148676582e-01 1.001730226656247502e-01
6.305259375318823523e-01 1.001726926125236089e-01
6.320993539468969802e-01 1.001723642878453863e-01
6.336747307599116530e-01 1.001720376873660862e-01
6.352520679709263707e-01 1.001717128069062740e-01
6.368313655799411332e-01 1.001713896423305078e-01
6.384126235869560517e-01 1.001710681895490312e-01
6.399958419919709041e-01 1.001707484445145263e-01
6.415810207949856903e-01 1.001704304032248333e-01
6.431681599960007434e-01 1.001701140617207164e-01
6.447572595950157304e-01 1.001697994160869881e-01
6.463483195920308733e-01 1.001694864624526476e-01
6.479413399870459500e-01 1.001691751969887162e-01
6.495363207800611827e-01 1.001688656159104712e-01
6.511332619710764602e-01 1.001685577154758644e-01
6.527321635600916716e-01 1.001682514919849387e-01
6.543330255471070389e-01 1.001679469417830898e-01
6.559358479321222291e-01 1.001676440612548485e-01
6.575406307151376861e-01 1.001673428468300708e-01
6.591473738961531881e-01 1.001670432949798156e-01
6.607560774751687349e-01 1.001667454022171083e-01
6.623667414521843266e-01 1.001664491650978289e-01
6.639793658271999632e-01 1.001661545802192410e-01
6.655939506002157557e-01 1.001658616442212130e-01
6.672104957712314821e-01 1.001655703537840253e-01
6.688290013402472534e-01 1.001652807056314792e-01
6.704494673072629585e-01 1.001649926965267334e-01
6.720718936722788195e-01 1.001647063232763563e-01
6.736962804352947254e-01 1.001644215827265649e-01
6.753226275963107872e-01 1.001641384717658345e-01
6.769509351553267829e-01 1.001638569873228995e-01
6.785812031123429344e-01 1.001635771263684332e-01
6.802134314673590199e-01 1.001632988859126328e-01
6.818476202203752612e-01 1.001630222630075923e-01
6.834837693713914364e-01 1.001627472547453740e-01
6.851218789204075454e-01 1.001624738582591462e-01
6.867619488674239214e-01 1.001622020707214761e-01
6.884039792124403423e-01 1.001619318893467447e-01
6.900479699554568080e-01 1.001616633113885518e-01
6.916939210964733187e-01 1.001613963341408536e-01
6.933418326354898742e-01 1.001611309549378659e-01
6.949917045725064746e-01 1.001608671711536891e-01
6.966435369075231199e-01 1.001606049802026416e-01
6.982973296405398100e-01 1.001603443795381632e-01
6.999530827715563230e-01 1.001600853666544666e-01
7.016107963005731030e-01 1.001598279390843865e-01
7.032704702275899278e-01 1.001595720944012530e-01
7.049321045526069085e-01 1.001593178302175174e-01
7.065956992756238231e-01 1.001590651441850444e-01
7.082612543966407825e-01 1.001588140339952498e-01
7.099287699156578979e-01 1.001585644973791017e-01
7.115982458326749471e-01 1.001583165321060370e-01
7.132696821476921523e-01 1.001580701359859743e-01
7.149430788607090692e-01 1.001578253068667601e-01
7.166184359717263641e-01 1.001575820426360425e-01
7.182957534807437039e-01 1.001573403412207020e-01
7.199750313877609775e-01 1.001571002005858663e-01
7.216562696927784071e-01 1.001568616187361177e-01
7.233394683957958815e-01 1.001566245937147576e-01
7.250246274968132898e-01 1.001563891236046111e-01
7.267117469958308540e-01 1.001561552065263205e-01
7.284008268928482410e-01 1.001559228406393859e-01
7.300918671878658950e-01 1.001556920241429699e-01
7.317848678808835938e-01 1.001554627552744686e-01
7.334798289719013376e-01 1.001552350323094281e-01
7.351767504609192372e-01 1.001550088535625993e-01
7.368756323479370707e-01 1.001547842173874658e-01
7.385764746329549491e-01 1.001545611221754950e-01
7.402792773159728723e-01 1.001543395663575253e-01
7.419840403969908404e-01 1.001541195484020180e-01
7.436907638760087425e-01 1.001539010668167640e-01
7.453994477530268004e-01 1.001536841201477873e-01
7.471100920280450142e-01 1.001534687069789986e-01
7.488226967010631618e-01 1.001532548259342764e-01
7.505372617720814654e-01 1.001530424756739840e-01
7.522537872410997029e-01 1.001528316548989106e-01
7.539722731081180962e-01 1.001526223623468853e-01
7.556927193731364234e-01 1.001524145967948587e-01
7.574151260361549065e-01 1.001522083570579036e-01
7.591394930971732125e-01 1.001520036419902976e-01
7.608658205561917853e-01 1.001518004504834691e-01
7.625941084132104031e-01 1.001515987814687036e-01
7.643243566682289547e-01 1.001513986339145068e-01
7.660565653212476622e-01 1.001512000068294356e-01
7.677907343722664146e-01 1.001510028992586288e-01
7.695268638212852119e-01 1.001508073102873875e-01
7.712649536683040541e-01 1.001506132390385384e-01
7.730050039133229411e-01 1.001504206846743628e-01
7.747470145563417621e-01 1.001502296463947506e-01
7.764909855973607389e-01 1.001500401234387133e-01
7.782369170363797606e-01 1.001498521150846477e-01
7.799848088733989382e-01 1.001496656206479069e-01
7.817346611084180497e-01 1.001494806394837428e-01
7.834864737414372060e-01 1.001492971709867369e-01
7.852402467724565183e-01 1.001491152145883440e-01
7.869959802014757644e-01 1.001489347697609722e-01
7.887536740284951664e-01 1.001487558360143609e-01
7.905133282535142802e-01 1.001485784128981482e-01
7.922749428765337720e-01 1.001484025000004274e-01
7.940385178975533087e-01 1.001482280969482747e-01
7.958040533165727792e-01 1.001480552034084287e-01
7.975715491335924057e-01 1.001478838190862364e-01
7.993410053486120770e-01 1.001477139437266656e-01
8.011124219616317932e-01 1.001475455771133755e-01
8.028857989726515543e-01 1.001473787190702569e-01
8.046611363816711382e-01 1.001472133694595174e-01
8.064384341886909890e-01 1.001470495281843315e-01
8.082176923937108848e-01 1.001468871951856493e-01
8.099989109967308254e-01 1.001467263704456240e-01
8.117820899977508109e-01 1.001465670539852387e-01
8.135672293967708413e-01 1.001464092458657362e-01
8.153543291937909165e-01 1.001462529461881051e-01
8.171433893888111477e-01 1.001460981550933022e-01
8.189344099818313127e-01 1.001459448727625018e-01
8.207273909728513006e-01 1.001457930994168050e-01
8.225223323618716664e-01 1.001456428353179884e-01
8.243192341488919661e-01 1.001454940807678801e-01
8.261180963339124217e-01 1.001453468361091642e-01
8.279189189169328111e-01 1.001452011017245625e-01
8.297217018979533565e-01 1.001450568780382216e-01
8.315264452769738357e-01 1.001449141655148395e-01
8.333331490539944708e-01 1.001447729646593870e-01
8.351418132290151508e-01 1.001446332760198843e-01
8.369524378020356536e-01 1.001444951001826400e-01
8.387650227730564234e-01 1.001443584377781776e-01
8.405795681420771270e-01 1.001442232894768358e-01
8.423960739090979866e-01 1.001440896559902677e-01
8.442145400741188910e-01 1.001439575380738550e-01
8.460349666371398403e-01 1.001438269365226286e-01
8.478573535981608345e-01 1.001436978521749871e-01
8.496817009571818735e-01 1.001435702859110738e-01
8.515080087142030685e-01 1.001434442386534701e-01
8.533362768692239753e-01 1.001433197113670848e-01
8.551665054222451490e-01 1.001431967050600280e-01
8.569986943732663676e-01 1.001430752207828206e-01
8.588328437222877421e-01 1.001429552596287409e-01
8.606689534693090504e-01 1.001428368227347682e-01
8.625070236143304037e-01 1.001427199112808197e-01
8.643470541573519128e-01 1.001426045264905279e-01
8.661890450983733558e-01 1.001424906696318645e-01
8.680329964373949547e-01 1.001423783420152813e-01
8.698789081744163765e-01 1.001422675449964023e-01
8.717267803094379541e-01 1.001421582799750382e-01
8.735766128424596877e-01 1.001420505483950618e-01
8.754284057734814661e-01 1.001419443517453517e-01
8.772821591025032895e-01 1.001418396915600695e-01
8.791378728295250466e-01 1.001417365694176470e-01
8.809955469545469597e-01 1.001416349869421740e-01
8.828551814775689177e-01 1.001415349458038423e-01
8.847167763985909206e-01 1.001414364477177105e-01
8.865803317176127463e-01 1.001413394944458968e-01
8.884458474346348389e-01 1.001412440877955529e-01
8.903133235496569764e-01 1.001411502296216949e-01
8.921827600626792698e-01 1.001410579218248165e-01
8.940541569737014971e-01 1.001409671663532064e-01
8.959275142827237692e-01 1.001408779652021158e-01
8.978028319897460863e-01 1.001407903204140082e-01
8.996801100947685592e-01 1.001407042340797804e-01
9.015593485977907440e-01 1.001406197083378191e-01
9.034405474988133067e-01 1.001405367453749723e-01
9.053237067978358033e-01 1.001404553474264797e-01
9.072088264948584557e-01 1.001403755167770693e-01
9.090959065898810421e-01 1.001402972557597776e-01
9.109849470829037843e-01 1.001402205667573930e-01
9.128759479739264604e-01 1.001401454522030249e-01
9.147689092629492924e-01 1.001400719145791179e-01
9.166638309499721693e-01 1.001399999564183130e-01
9.185607130349948690e-01 1.001399295803045153e-01
9.204595555180178357e-01 1.001398607888729086e-01
9.223603583990407362e-01 1.001397935848091086e-01
9.242631216780637926e-01 1.001397279708499538e-01
9.261678453550868939e-01 1.001396639497866420e-01
9.280745294301100401e-01 1.001396015244598314e-01
9.299831739031333422e-01 1.001395406977651781e-01
9.318937787741565781e-01 1.001394814726492555e-01
9.338063440431798590e-01 1.001394238521138846e-01
9.357208697102029626e-01 1.001393678392139414e-01
9.376373557752263332e-01 1.001393134370576476e-01
9.395558022382498597e-01 1.001392606488096526e-01
9.414762090992733201e-01 1.001392094776869940e-01
9.433985763582968254e-01 1.001391599269646632e-01
9.453229040153204865e-01 1.001391119999708590e-01
9.472491920703440815e-01 1.001390657000920253e-01
9.491774405233678324e-01 1.001390210307695622e-01
9.511076493743915172e-01 1.001389779955026010e-01
9.530398186234151359e-01 1.001389365978475054e-01
9.549739482704390214e-01 1.001388968414181485e-01
9.569100383154629519e-01 1.001388587298871480e-01
9.588480887584868162e-01 1.001388222669851585e-01
9.607880995995108364e-01 1.001387874565029118e-01
9.627300708385349015e-01 1.001387543022894816e-01
9.646740024755590115e-01 1.001387228082553232e-01
9.666198945105831664e-01 1.001386929783703861e-01
9.685677469436073661e-01 1.001386648166663618e-01
9.705175597746313887e-01 1.001386383272361985e-01
9.724693330036556782e-01 1.001386135142349476e-01
9.744230666306800126e-01 1.001385903818800271e-01
9.763787606557043919e-01 1.001385689344520963e-01
9.783364150787289271e-01 1.001385491762959573e-01
9.802960298997533961e-01 1.001385311118190291e-01
9.822576051187779100e-01 1.001385147454949831e-01
9.842211407358025799e-01 1.001385000818622584e-01
9.861866367508271836e-01 1.001384871255245612e-01
9.881540931638517211e-01 1.001384758811523779e-01
9.901235099748764146e-01 1.001384663534834601e-01
9.920948871839012639e-01 1.001384585473224925e-01
9.940682247909260472e-01 1.001384524675422993e-01
9.960435227959509863e-01 1.001384481190849829e-01
9.980207811989759703e-01 1.001384455069624230e-01
1.000000000000000666e+00 1.001384446362549030e-01
