0.000000000000000000e+00 1.193961459642413070e-01
1.123251499374938370e-05 1.193862353969118995e-01
3.494005497499878376e-05 1.193653514823221212e-01
7.112261994374817985e-05 1.193335656971337144e-01
1.197802098999976330e-04 1.192909863758237349e-01
1.809128248437470482e-04 1.192377577824164370e-01
2.545204647749965340e-04 1.191740588851044613e-01
3.406031296937460633e-04 1.191001018532339972e-01
4.391608195999954735e-04 1.190161303001818355e-01
5.501935344937448728e-04 1.189224172991179967e-01
6.737012743749944783e-04 1.188192632014445499e-01
8.096840392437440730e-04 1.187069932898463936e-01
9.581418290999935486e-04 1.185859552992602761e-01
1.119074643943743013e-03 1.184565168367572030e-01
1.292482483774992901e-03 1.183190627427462005e-01
1.478365348593742561e-03 1.181739924156249427e-01
1.676723238399991994e-03 1.180217171379439323e-01
1.887556153193741416e-03 1.178626574321554044e-01
2.110864092974990610e-03 1.176972404789589366e-01
2.346647057743740661e-03 1.175258976084089108e-01
2.594905047499990267e-03 1.173490619040031130e-01
2.855638062243739863e-03 1.171671659285638406e-01
3.128846101974989882e-03 1.169806395813063338e-01
3.414529166693739456e-03 1.167899081204191308e-01
3.712687256399989019e-03 1.165953903333276503e-01
4.023320371093738572e-03 1.163974968856767989e-01
4.346428510774987680e-03 1.161966288288925758e-01
4.682011675443737211e-03 1.159931762918873371e-01
5.030069865099988900e-03 1.157875173299844629e-01
5.390603079743738410e-03 1.155800169560186608e-01
5.763611319374988343e-03 1.153710263164990646e-01
6.149094583993737831e-03 1.151608820452565407e-01
6.547052873599986875e-03 1.149499057398278984e-01
6.957486188193736341e-03 1.147384035867818342e-01
7.380394527774986231e-03 1.145266661212227116e-01
7.815777892343736544e-03 1.143149681001421752e-01
8.263636281899985545e-03 1.141035684806449707e-01
8.723969696443737570e-03 1.138927104979511190e-01
9.196778135974987417e-03 1.136826218332761818e-01
9.682061600493736819e-03 1.134735148587125708e-01
1.017982008999998751e-02 1.132655869473064153e-01
1.069005360449373603e-02 1.130590208395842039e-01
1.121276214397498583e-02 1.128539850615371820e-01
1.174794570844373519e-02 1.126506343877297367e-01
1.229560429789998757e-02 1.124491103334396835e-01
1.285573791234373778e-02 1.122495416583293576e-01
1.342834655177498754e-02 1.120520449211412084e-01
1.401343021619373685e-02 1.118567250227053000e-01
1.461098890559998746e-02 1.116636757550791420e-01
1.522102261999373589e-02 1.114729803741401210e-01
1.584353135937498561e-02 1.112847121579767506e-01
1.647851512374373661e-02 1.110989349496735862e-01
1.712597391309998371e-02 1.109157037214822394e-01
1.778590772744373730e-02 1.107350651007040221e-01
1.845831656677498350e-02 1.105570578905420015e-01
1.914320043109373620e-02 1.103817135933356786e-01
1.984055932039998846e-02 1.102090568835795564e-01
2.055039323469373680e-02 1.100391060994557746e-01
2.127270217397498817e-02 1.098718736888524561e-01
2.200748613824373562e-02 1.097073666519667728e-01
2.275474512749998957e-02 1.095455869566792084e-01
2.351447914174373266e-02 1.093865319382019696e-01
2.428668818097498919e-02 1.092301946762752329e-01
2.507137224519373486e-02 1.090765643554963554e-01
2.586853133439998703e-02 1.089256266021945557e-01
2.667816544859374223e-02 1.087773638081944577e-01
2.750027458777498657e-02 1.086317554287495463e-01
2.833485875194374087e-02 1.084887782687048996e-01
2.918191794109998433e-02 1.083484067475766061e-01
3.004145215524374121e-02 1.082106131481092859e-01
3.091346139437498378e-02 1.080753678495708775e-01
3.179794565849373977e-02 1.079426395447380810e-01
3.269490494759998145e-02 1.078123954416595892e-01
3.360433926169374003e-02 1.076846014516878725e-01
3.452624860077499469e-02 1.075592223640152445e-01
3.546063296484373850e-02 1.074362220064577350e-01
3.640749235389999228e-02 1.073155633953276067e-01
3.736682676794373520e-02 1.071972088726234340e-01
3.833863620697499502e-02 1.070811202330597539e-01
3.932292067099373706e-02 1.069672588406369446e-01
4.031968015999999599e-02 1.068555857353975930e-01
4.132891467399375102e-02 1.067460617315826449e-01
4.235062421297499519e-02 1.066386475068076961e-01
4.338480877694374932e-02 1.065333036837375902e-01
4.443146836589999260e-02 1.064299909040988118e-01
4.549060297984374585e-02 1.063286698958877813e-01
4.656221261877498824e-02 1.062293015341152502e-01
4.764629728269374753e-02 1.061318468955625149e-01
4.874285697160000291e-02 1.060362673079592866e-01
4.985189168549374744e-02 1.059425243940063238e-01
5.097340142437500193e-02 1.058505801105952548e-01
5.210738618824374557e-02 1.057603967835987202e-01
5.325384597710000611e-02 1.056719371385559658e-01
5.441278079094374887e-02 1.055851643275734913e-01
5.558419062977500158e-02 1.055000419527308692e-01
5.676807549359374344e-02 1.054165340862733141e-01
5.796443538240000221e-02 1.053346052878426919e-01
5.917327029619375706e-02 1.052542206189966550e-01
6.039458023497500105e-02 1.051753456552330102e-01
6.162836519874376195e-02 1.050979464957364079e-01
6.287462518750000506e-02 1.050219897710398809e-01
6.413336020124375814e-02 1.049474426487838619e-01
6.540457023997502117e-02 1.048742728377447114e-01
6.668825530369373866e-02 1.048024485902860764e-01
6.798441539240000775e-02 1.047319387033850135e-01
6.929305050609375904e-02 1.046627125183629270e-01
7.061416064477502030e-02 1.045947399194520067e-01
7.194774580844377765e-02 1.045279913313094666e-01
7.329380599710000332e-02 1.044624377155908695e-01
7.465234121074375284e-02 1.043980505666796121e-01
7.602335144937501232e-02 1.043348019066660803e-01
7.740683671299376789e-02 1.042726642796599074e-01
7.880279700160003342e-02 1.042116107455160062e-01
8.021123231519375341e-02 1.041516148730436825e-01
8.163214265377501111e-02 1.040926507327667866e-01
8.306552801734377878e-02 1.040346928892973005e-01
8.451138840590002865e-02 1.039777163933747611e-01
8.596972381944376074e-02 1.039216967736274616e-01
8.744053425797501666e-02 1.038666100280990490e-01
8.892381972149376868e-02 1.038124326155873550e-01
9.041958021000003065e-02 1.037591414468317375e-01
9.192781572349378871e-02 1.037067138755880247e-01
9.344852626197501511e-02 1.036551276896232887e-01
9.498171182544377922e-02 1.036043611016607274e-01
9.652737241390002554e-02 1.035543927403028142e-01
9.808550802734379570e-02 1.035052016409576670e-01
9.965611866577502032e-02 1.034567672367926877e-01
1.012392043291937688e-01 1.034090693497345809e-01
1.028347650176000272e-01 1.033620881815374148e-01
1.044428007309937956e-01 1.033158043049338809e-01
1.060633114693750462e-01 1.032701986548869993e-01
1.076962972327437651e-01 1.032252525199558735e-01
1.093417580211000356e-01 1.031809475337890358e-01
1.109996938344437883e-01 1.031372656667566834e-01
1.126701046727750510e-01 1.030941892177327929e-01
1.143529905360937682e-01 1.030517008060367889e-01
1.160483514244000369e-01 1.030097833635434390e-01
1.177561873376937879e-01 1.029684201269689681e-01
1.194764982759750488e-01 1.029275946303401246e-01
1.212092842392438058e-01 1.028872906976533996e-01
1.229545452275000311e-01 1.028474924357298814e-01
1.247122812407437942e-01 1.028081842272702690e-01
1.264824922789750394e-01 1.027693507241159709e-01
1.282651783421938085e-01 1.027309768407204116e-01
1.300603394304000182e-01 1.026930477478325276e-01
1.318679755435937795e-01 1.026555488663994098e-01
1.336880866817750646e-01 1.026184658616869638e-01
1.355206728449438180e-01 1.025817846376255310e-01
1.373657340331000676e-01 1.025454913313796346e-01
1.392232702462437854e-01 1.025095723081455718e-01
1.410932814843750549e-01 1.024740141561799461e-01
1.429757677474938204e-01 1.024388036820572251e-01
1.448707290356000821e-01 1.024039279061626923e-01
1.467781653486938398e-01 1.023693740584180889e-01
1.486980766867750381e-01 1.023351295742429140e-01
1.506304630498438157e-01 1.023011820907523545e-01
1.525753244379000617e-01 1.022675194431920259e-01
1.545326608509438315e-01 1.022341296616099127e-01
1.565024722889750419e-01 1.022010009677671583e-01
1.584847587519938039e-01 1.021681217722855833e-01
1.604795202400000620e-01 1.021354806720345815e-01
1.624867567529938439e-01 1.021030664477546729e-01
1.645064682909750942e-01 1.020708680619191594e-01
1.665386548539438127e-01 1.020388746568315214e-01
1.685833164419000829e-01 1.020070755529590839e-01
1.706404530548438492e-01 1.019754602475002880e-01
1.727100646927751115e-01 1.019440184131853167e-01
1.747921513556938145e-01 1.019127398973068699e-01
1.768867130436000690e-01 1.018816147209802431e-01
1.789937497564938473e-01 1.018506330786287800e-01
1.811132614943750940e-01 1.018197853376931056e-01
1.832452482572438646e-01 1.017890620385590306e-01
1.853897100451000757e-01 1.017584538947024220e-01
1.875466468579438384e-01 1.017279517930447519e-01
1.897160586957750972e-01 1.016975467945153977e-01
1.918979455585938521e-01 1.016672301348153784e-01
1.940923074464001308e-01 1.016369932253764902e-01
1.962991443591938501e-01 1.016068276545085275e-01
1.985184562969750932e-01 1.015767251887285672e-01
2.007502432597438602e-01 1.015466777742635718e-01
2.029945052475001233e-01 1.015166775387176534e-01
2.052512422602438269e-01 1.014867167928951569e-01
2.075204542979751099e-01 1.014567880327686827e-01
2.098021413606938612e-01 1.014268839415820300e-01
2.120963034484001364e-01 1.013969973920746254e-01
2.144029405610938799e-01 1.013671214488165856e-01
2.167220526987750917e-01 1.013372493706394817e-01
2.190536398614438551e-01 1.013073746131486069e-01
2.213977020491001424e-01 1.012774908313010397e-01
2.237542392617438980e-01 1.012475918820338328e-01
2.261232514993750942e-01 1.012176718269234971e-01
2.285047387619938697e-01 1.011877249348594882e-01
2.308987010496001413e-01 1.011577456847114476e-01
2.333051383621938812e-01 1.011277287679699377e-01
2.357240506997751450e-01 1.010976690913396869e-01
2.381554380623438771e-01 1.010675617792612391e-01
2.405993004499001331e-01 1.010374021763398300e-01
2.430556378624438851e-01 1.010071858496545821e-01
2.455244502999751610e-01 1.009769085909246328e-01
2.480057377624938775e-01 1.009465664185043715e-01
2.504995002500001733e-01 1.009161555791816128e-01
2.530057377624939097e-01 1.008856725497496998e-01
2.555244502999751699e-01 1.008551140383261713e-01
2.580556378624439540e-01 1.008244769853864214e-01
2.605993004499002064e-01 1.007937585644848033e-01
2.631554380623439826e-01 1.007629561826293568e-01
2.657240506997751162e-01 1.007320674802826138e-01
2.683051383621938846e-01 1.007010903309534383e-01
2.708987010496001768e-01 1.006700228403503011e-01
2.735047387619939374e-01 1.006388633450630843e-01
2.761232514993751663e-01 1.006076104107418018e-01
2.787542392617439746e-01 1.005762628297390826e-01
2.813977020491001957e-01 1.005448196181858572e-01
2.840536398614439961e-01 1.005132800124680231e-01
2.867220526987752649e-01 1.004816434650719487e-01
2.894029405610938910e-01 1.004499096397697411e-01
2.920963034484001519e-01 1.004180784061130954e-01
2.948021413606939367e-01 1.003861498332068170e-01
2.975204542979751898e-01 1.003541241827318742e-01
3.002512422602439668e-01 1.003220019011955150e-01
3.029945052475002121e-01 1.002897836113743751e-01
3.057502432597439812e-01 1.002574701029334964e-01
3.085184562969752742e-01 1.002250623221903475e-01
3.112991443591940355e-01 1.001925613610069599e-01
3.140923074464002651e-01 1.001599684447871952e-01
3.168979455585939076e-01 1.001272849195543602e-01
3.197160586957751849e-01 1.000945122381023539e-01
3.225466468579439860e-01 1.000616519451923009e-01
3.253897100451002555e-01 1.000287056617852610e-01
3.282452482572439934e-01 9.999567506829734609e-02
3.311132614943752550e-01 9.996256188686894473e-02
3.339937497564940405e-01 9.992936786732040111e-02
3.368867130436002943e-01 9.989609478521663255e-02
3.397921513556940720e-01 9.986274444201037603e-02
3.427100646927752070e-01 9.982931866518320041e-02
3.456404530548439769e-01 9.979581930838433979e-02
3.485833164419002150e-01 9.976224825156708442e-02
3.515386548539439771e-01 9.972860740112311773e-02
3.545064682909752629e-01 9.969489869001428584e-02
3.574867567529940171e-01 9.966112407790204963e-02
3.604795202400002951e-01 9.962728555127428609e-02
3.634847587519940970e-01 9.959338512356959161e-02
3.665024722889753117e-01 9.955942483529919840e-02
3.695326608509439947e-01 9.952540675416580995e-02
3.725753244379002571e-01 9.949133297517996632e-02
3.756304630498439878e-01 9.945720562077360605e-02
3.786980766867752979e-01 9.942302684091079701e-02
3.817781653486940208e-01 9.938879881319508114e-02
3.848707290356003230e-01 9.935452374297473743e-02
3.879757677474940936e-01 9.932020386344420082e-02
3.910932814843753325e-01 9.928584143574251120e-02
3.942232702462440952e-01 9.925143874904919505e-02
3.973657340331002152e-01 9.921699812067592827e-02
4.005206728449440257e-01 9.918252189615571479e-02
4.036880866817753044e-01 9.914801244932837376e-02
4.068679755435940515e-01 9.911347218242246015e-02
4.100603394304003224e-01 9.907890352613403506e-02
4.132651783421940617e-01 9.904430893970143923e-02
4.164824922789753248e-01 9.900969091097688857e-02
4.197122812407441117e-01 9.897505195649403120e-02
4.229545452275003670e-01 9.894039462153179920e-02
4.262092842392440351e-01 9.890572148017452714e-02
4.294764982759752825e-01 9.887103513536805999e-02
4.327561873376940538e-01 9.883633821897203076e-02
4.360483514244002934e-01 9.880163339180776660e-02
4.393529905360941124e-01 9.876692334370260062e-02
4.426701046727753441e-01 9.873221079352928475e-02
4.459996938344440998e-01 9.869749848924194713e-02
4.493417580211003792e-01 9.866278920790712281e-02
4.526962972327441825e-01 9.862808575573044079e-02
4.560633114693752876e-01 9.859339096807939740e-02
4.594428007309940276e-01 9.855870770950063420e-02
4.628347650176003469e-01 9.852403887373349656e-02
4.662392043291940791e-01 9.848938738371844359e-02
4.696561186657753351e-01 9.845475619160064251e-02
4.730855080273441149e-01 9.842014827872909433e-02
4.765273724139004186e-01 9.838556665565025006e-02
4.799817118254441906e-01 9.835101436209735259e-02
4.834485262619754309e-01 9.831649446697422745e-02
4.869278157234940840e-01 9.828201006833398035e-02
4.904195802100003165e-01 9.824756429335269881e-02
4.939238197214940729e-01 9.821316029829757488e-02
4.974405342579753531e-01 9.817880126849000411e-02
5.009697238194440461e-01 9.814449041826307785e-02
5.045113884059003739e-01 9.811023099091330246e-02
5.080655280173441701e-01 9.807602625864712820e-02
5.116321426537754347e-01 9.804187952252185756e-02
5.152112323151941675e-01 9.800779411238012828e-02
5.188027970016002577e-01 9.797377338677959457e-02
5.224068367129940382e-01 9.793982073291568335e-02
5.260233514493752871e-01 9.790593956653921570e-02
5.296523412107441153e-01 9.787213333186742248e-02
5.332938059971004119e-01 9.783840550148913129e-02
5.369477458084441768e-01 9.780475957626351413e-02
5.406141606447754100e-01 9.777119908521275660e-02
5.442930505060942226e-01 9.773772758540846817e-02
5.479844153924003924e-01 9.770434866185098710e-02
5.516882553036942527e-01 9.767106592734324522e-02
5.554045702399753592e-01 9.763788302235690275e-02
5.591333602012440451e-01 9.760480361489272394e-02
5.628746251875003104e-01 9.757183140033365287e-02
5.666283651987441550e-01 9.753897010129132517e-02
5.703945802349753569e-01 9.750622346744546032e-02
5.741732702961941381e-01 9.747359527537646784e-02
5.779644353824004988e-01 9.744108932839107284e-02
5.817680754935942167e-01 9.740870945634030886e-02
5.855841906297755139e-01 9.737645951543101586e-02
5.894127807909440575e-01 9.734434338802934461e-02
5.932538459771004025e-01 9.731236498245750266e-02
5.971073861882441047e-01 9.728052823278249273e-02
6.009734014243753863e-01 9.724883709859794001e-02
6.048518916854941363e-01 9.721729556479767609e-02
6.087428569716004656e-01 9.718590764134214799e-02
6.126462972826942632e-01 9.715467736301687529e-02
6.165622126187755292e-01 9.712360878918299689e-02
6.204906029798442635e-01 9.709270600352022662e-02
6.244314683659003551e-01 9.706197311376156545e-02
6.283848087769441371e-01 9.703141425141972864e-02
6.323506242129753874e-01 9.700103357150641203e-02
6.363289146739942170e-01 9.697083525224203804e-02
6.403196801600005150e-01 9.694082349475838245e-02
6.443229206709942813e-01 9.691100252279211125e-02
6.483386362069755160e-01 9.688137658237030991e-02
6.523668267679443300e-01 9.685194994148742242e-02
6.564074923539006123e-01 9.682272688977350272e-02
6.604606329648441410e-01 9.679371173815404239e-02
6.645262486007754710e-01 9.676490881850098591e-02
6.686043392616941583e-01 9.673632248327496130e-02
6.726949049476004250e-01 9.670795710515882326e-02
6.767979456584942710e-01 9.667981707668214797e-02
6.809134613943754744e-01 9.665190680983670735e-02
6.850414521552442570e-01 9.662423073568324194e-02
6.891819179411006191e-01 9.659679330394860264e-02
6.933348587519443385e-01 9.656959898261435749e-02
6.975002745877754151e-01 9.654265225749551760e-02
7.016781654485941822e-01 9.651595763181052001e-02
7.058685313344005285e-01 9.648951962574145447e-02
7.100713722451942322e-01 9.646334277598520024e-02
7.142866881809755153e-01 9.643743163529483464e-02
7.185144791417442667e-01 9.641179077201156300e-02
7.227547451275005974e-01 9.638642476958710070e-02
7.270074861382443965e-01 9.636133822609660449e-02
7.312727021739756639e-01 9.633653575374123701e-02
7.355503932346941776e-01 9.631202197834172474e-02
7.398405593204004926e-01 9.628780153882188220e-02
7.441432004310942760e-01 9.626387908668163074e-02
7.484583165667755278e-01 9.624025928546121877e-02
7.527859077274443589e-01 9.621694681019442308e-02
7.571259739131005473e-01 9.619394634685236867e-02
7.614785151237443150e-01 9.617126259177705139e-02
7.658435313593756621e-01 9.614890025110460481e-02
7.702210226199943666e-01 9.612686404017876940e-02
7.746109889056006503e-01 9.610515868295359254e-02
7.790134302161942914e-01 9.608378891138662226e-02
7.834283465517755118e-01 9.606275946482104033e-02
7.878557379123443116e-01 9.604207508935797000e-02
7.922956042979005797e-01 9.602174053721809766e-02
7.967479457084444272e-01 9.600176056609328878e-02
8.012127621439756320e-01 9.598213993848711545e-02
8.056900536044944161e-01 9.596288342104565550e-02
8.101798200900006686e-01 9.594399578387705074e-02
8.146820616004945004e-01 9.592548179986123968e-02
8.191967781359755785e-01 9.590734624394833818e-02
8.237239696964443469e-01 9.588959389244713916e-02
8.282636362819005837e-01 9.587222952230257944e-02
8.328157778923443999e-01 9.585525791036260401e-02
8.373803945277756844e-01 9.583868383263442758e-02
8.419574861881944372e-01 9.582251206353022133e-02
8.465470528736007694e-01 9.580674737510172512e-02
8.511490945839944589e-01 9.579139453626468736e-02
8.557636113193757277e-01 9.577645831201181403e-02
8.603906030797443538e-01 9.576194346261601709e-02
8.650300698651006703e-01 9.574785474282176967e-02
8.696820116754443442e-01 9.573419690102645541e-02
8.743464285107757084e-01 9.572097467845087915e-02
8.790233203710944299e-01 9.570819280829853670e-02
8.837126872564007307e-01 9.569585601490475379e-02
8.884145291666944999e-01 9.568396901287458400e-02
8.931288461019757374e-01 9.567253650621010408e-02
8.978556380622445543e-01 9.566156318742705111e-02
9.025949050475006175e-01 9.565105373666051014e-02
9.073466470577443710e-01 9.564101282076009625e-02
9.121108640929757039e-01 9.563144509237415936e-02
9.168875561531945051e-01 9.562235518902359455e-02
9.216767232384007746e-01 9.561374773216459177e-02
9.264783653485945125e-01 9.560562732624118543e-02
9.312924824837758297e-01 9.559799855772663224e-02
9.361190746439446153e-01 9.559086599415478336e-02
9.409581418291008692e-01 9.558423418314020148e-02
9.458096840392443694e-01 9.557810765138845255e-02
9.506737012743756710e-01 9.557249090369526745e-02
9.555501935344944409e-01 9.556738842193568395e-02
9.604391608196007901e-01 9.556280466404233620e-02
9.653406031296944967e-01 9.555874406297396040e-02
9.702545204647757826e-01 9.555521102567281211e-02
9.751809128248445369e-01 9.555220993201252178e-02
9.801197802099008705e-01 9.554974513373529210e-02
9.850711226199446724e-01 9.554782095337895076e-02
9.900349400549757206e-01 9.554644168319401110e-02
9.950112325149944592e-01 9.554561158405085186e-02
1.000000000000001110e+00 9.554533488433646082e-02
