-2.000000000000000042e-02 1.000000000000000000e+00
-1.980000000000000163e-02 9.988018545274657267e-01
-1.959999999999999937e-02 9.976037090575239352e-01
-1.940000000000000058e-02 9.964055635927540067e-01
-1.920000000000000179e-02 9.952074181357509763e-01
-1.899999999999999953e-02 9.940092726891009978e-01
-1.880000000000000074e-02 9.928111272553935551e-01
-1.860000000000000195e-02 9.916129818372166893e-01
-1.839999999999999969e-02 9.904148364371541113e-01
-1.820000000000000090e-02 9.892166910578040762e-01
-1.800000000000000211e-02 9.880185457017428563e-01
-1.779999999999999985e-02 9.868204003715691508e-01
-1.760000000000000106e-02 9.856222550698668927e-01
-1.739999999999999880e-02 9.844241097992233458e-01
-1.720000000000000001e-02 9.832259645622267730e-01
-1.700000000000000122e-02 9.820278193614707662e-01
-1.679999999999999896e-02 9.808296741995351509e-01
-1.660000000000000017e-02 9.796315290790149621e-01
-1.640000000000000138e-02 9.784333840024979079e-01
-1.619999999999999912e-02 9.772352389725675881e-01
-1.600000000000000033e-02 9.760370939918183719e-01
-1.580000000000000154e-02 9.748389490628324161e-01
-1.559999999999999928e-02 9.736408041882059772e-01
-1.540000000000000049e-02 9.724426593705169930e-01
-1.519999999999999997e-02 9.712445146123658279e-01
-1.499999999999999944e-02 9.700463699163293096e-01
-1.480000000000000066e-02 9.688482252850053600e-01
-1.460000000000000013e-02 9.676500807209714727e-01
-1.439999999999999961e-02 9.664519362268290115e-01
-1.420000000000000082e-02 9.652537918051578014e-01
-1.400000000000000029e-02 9.640556474585458835e-01
-1.379999999999999977e-02 9.628575031895860725e-01
-1.360000000000000098e-02 9.616593590008648551e-01
-1.340000000000000045e-02 9.604612148949681627e-01
-1.319999999999999993e-02 9.592630708744870338e-01
-1.300000000000000114e-02 9.580649269420093983e-01
-1.279999999999999888e-02 9.568667831001216317e-01
-1.260000000000000009e-02 9.556686393514149946e-01
-1.240000000000000130e-02 9.544704956984781941e-01
-1.219999999999999904e-02 9.532723521438909442e-01
-1.200000000000000025e-02 9.520742086902571621e-01
-1.179999999999999973e-02 9.508760653401522323e-01
-1.159999999999999920e-02 9.496779220961665269e-01
-1.140000000000000041e-02 9.484797789608938601e-01
-1.119999999999999989e-02 9.472816359369178318e-01
-1.099999999999999936e-02 9.460834930268258169e-01
-1.080000000000000057e-02 9.448853502332149601e-01
-1.060000000000000005e-02 9.436872075586583142e-01
-1.039999999999999952e-02 9.424890650057589081e-01
-1.020000000000000073e-02 9.412909225770983435e-01
-1.000000000000000021e-02 9.400927802752622187e-01
-9.799999999999999684e-03 9.388946381028461241e-01
-9.599999999999999159e-03 9.376964960624335488e-01
-9.400000000000000369e-03 9.364983541566122005e-01
-9.199999999999999845e-03 9.353002123879713414e-01
-8.999999999999999320e-03 9.341020707591027872e-01
-8.800000000000000530e-03 9.329039292725891386e-01
-8.600000000000000006e-03 9.317057879310233215e-01
-8.399999999999999481e-03 9.305076467369898241e-01
-8.200000000000000691e-03 9.293095056930800180e-01
-8.000000000000000167e-03 9.281113648018818330e-01
-7.799999999999999642e-03 9.269132240659823108e-01
-7.599999999999999117e-03 9.257150834879682710e-01
-7.400000000000000328e-03 9.245169430704333058e-01
-7.199999999999999803e-03 9.233188028159584615e-01
-6.999999999999999278e-03 9.221206627271385514e-01
-6.800000000000000488e-03 9.209225228065591740e-01
-6.599999999999999964e-03 9.197243830568107015e-01
-6.399999999999999439e-03 9.185262434804752907e-01
-6.199999999999998915e-03 9.173281040801464226e-01
-6.000000000000000125e-03 9.161299648584116939e-01
-5.799999999999999600e-03 9.149318258178624763e-01
-5.599999999999999076e-03 9.137336869610772627e-01
-5.400000000000000286e-03 9.125355482906564175e-01
-5.199999999999999761e-03 9.113374098091788778e-01
-4.999999999999999237e-03 9.101392715192373473e-01
-4.800000000000000447e-03 9.089411334234211992e-01
-4.599999999999999922e-03 9.077429955243148108e-01
-4.399999999999999398e-03 9.065448578245076661e-01
-4.199999999999998873e-03 9.053467203265919139e-01
-4.000000000000000083e-03 9.041485830331518203e-01
-3.800000000000001293e-03 9.029504459467738720e-01
-3.599999999999999034e-03 9.017523090700524380e-01
-3.400000000000000244e-03 9.005541724055696751e-01
-3.199999999999997985e-03 8.993560359559178430e-01
-2.999999999999999195e-03 8.981578997236846496e-01
-2.800000000000000405e-03 8.969597637114601341e-01
-2.599999999999998146e-03 8.957616279218235666e-01
-2.399999999999999356e-03 8.945634923573727582e-01
-2.200000000000000566e-03 8.933653570206950834e-01
-1.999999999999998307e-03 8.921672219143745863e-01
-1.799999999999999517e-03 8.909690870410030827e-01
-1.600000000000000727e-03 8.897709524031638395e-01
-1.399999999999998468e-03 8.885728180034540014e-01
-1.199999999999999678e-03 8.873746838444529494e-01
-1.000000000000000888e-03 8.861765499287520553e-01
-7.999999999999986289e-04 8.849784162589425796e-01
-5.999999999999998390e-04 8.837802828376054576e-01
-4.000000000000010492e-04 8.825821496673398325e-01
-1.999999999999987899e-04 8.813840167506988843e-01
0.000000000000000000e+00 8.801858840906312542e-01
