0.000000000000000000e+00 3.977073365221153040e-02
2.078119897502626434e-05 3.976693687674479755e-02
4.352279595010249372e-05 3.976278194522998161e-02
6.822479092522875592e-05 3.975826886125458093e-02
9.488718390040502381e-05 3.975339763313469332e-02
1.235099748756312839e-04 3.974816826827613087e-02
1.540931638509075632e-04 3.974258077008020057e-02
1.866367508262337669e-04 3.973663514369972505e-02
2.211407358016100034e-04 3.973033139856835955e-02
2.576051187770363269e-04 3.972366954519879895e-02
2.960298997525126832e-04 3.971664959060257349e-02
3.364150787280388555e-04 3.970927154326183567e-02
3.787606557036150606e-04 3.970153541154015919e-02
4.230666306792412444e-04 3.969344120343441806e-02
4.693330036549174067e-04 3.968498892697230190e-02
5.175597746306437102e-04 3.967617859057082780e-02
5.677469436064200466e-04 3.966701020328456534e-02
6.198945105822462531e-04 3.965748377493088367e-02
6.740024755581224382e-04 3.964759931612748395e-02
7.300708385340486020e-04 3.963735683839070961e-02
7.880995995100251780e-04 3.962675635418615866e-02
8.480887584860512989e-04 3.961579787709183786e-02
9.100383154621275068e-04 3.960448142185902382e-02
9.739482704382536934e-04 3.959280700461951380e-02
1.039818623414429750e-03 3.958077464301112958e-02
1.107649374390655894e-03 3.956838435637739099e-02
1.177440523366932558e-03 3.955563616597327498e-02
1.249192070343258659e-03 3.954253009521885992e-02
1.322904015319634847e-03 3.952906616996920003e-02
1.398576358296060905e-03 3.951524441884490813e-02
1.476209099272537051e-03 3.950106487359978519e-02
1.555802238249063716e-03 3.948652756955300241e-02
1.637355775225640036e-03 3.947163254608976324e-02
1.720869710202266008e-03 3.945637984724310876e-02
1.806344043178942285e-03 3.944076952236971745e-02
1.893778774155669082e-03 3.942480162695759932e-02
1.983173903132445098e-03 3.940847622355365953e-02
2.074529430109271419e-03 3.939179338288159582e-02
2.167845355086147393e-03 3.937475318515194084e-02
2.263121678063073454e-03 3.935735572163471391e-02
2.360358399040050469e-03 3.933960109653119458e-02
2.459555518017076271e-03 3.932148942924389157e-02
2.560713034994152593e-03 3.930302085709248827e-02
2.663830949971278568e-03 3.928419553865313690e-02
2.768909262948454630e-03 3.926501365781257663e-02
2.875947973925680780e-03 3.924547542878010359e-02
2.984947082902957450e-03 3.922558110229063671e-02
3.095906589880283773e-03 3.920533097335243689e-02
3.208826494857659750e-03 3.918472539099954882e-02
3.323706797835085814e-03 3.916376477066394607e-02
3.440547498812561965e-03 3.914244961002195933e-02
3.559348597790088636e-03 3.912078050948087499e-02
3.680110094767664961e-03 3.909875819896142107e-02
3.802831989745290939e-03 3.907638357329672185e-02
3.927514282722965704e-03 3.905365773964238757e-02
4.054156973700691856e-03 3.903058208182182826e-02
4.182760062678468095e-03 3.900715834903721591e-02
4.313323549656295289e-03 3.898338878021536530e-02
4.445847434634171702e-03 3.895927628163722151e-02
4.580331717612097335e-03 3.893482468605596880e-02
4.716776398590073922e-03 3.891003913976066181e-02
4.855181477568099729e-03 3.888492669647208161e-02
4.995546954546175623e-03 3.885949725679232331e-02
5.137872829524301604e-03 3.883376510690227101e-02
5.282159102502477672e-03 3.880775154142059730e-02
5.428405773480703828e-03 3.878148954492509348e-02
5.576612842458980070e-03 3.875503260411567591e-02
5.726780309437305531e-03 3.872847233941065226e-02
5.878908174415681948e-03 3.870197627683780173e-02
6.032996437394107583e-03 3.867587462243115420e-02
6.189045098372585908e-03 3.865086938159953411e-02
6.347054157351111718e-03 3.862850513421380028e-02
6.507023614329687615e-03 3.861167498296760869e-02
6.668953469308313599e-03 3.860242453391626166e-02
6.832843722286989670e-03 3.859625293535306340e-02
6.998694373265715828e-03 3.858985219500404157e-02
7.166505422244492073e-03 3.858337580564235453e-02
7.336276869223317537e-03 3.857682376807050617e-02
7.508008714202193956e-03 3.857019608312789449e-02
7.681700957181119595e-03 3.856349275169173446e-02
7.857353598160098790e-03 3.855671377467810579e-02
8.034966637139125470e-03 3.854985915304284111e-02
8.214540074118200502e-03 3.854292888778259457e-02
8.396073909097327356e-03 3.853592297993582716e-02
8.579568142076502563e-03 3.852884143058377120e-02
8.765022773055727856e-03 3.852168424085156834e-02
8.952437802035004971e-03 3.851445141190915078e-02
9.141813229014330439e-03 3.850714294497247642e-02
9.333149053993705993e-03 3.849975884130439618e-02
9.526445276973131635e-03 3.849229910221588918e-02
9.721701897952607363e-03 3.848476372906703413e-02
9.918918916932136648e-03 3.847715272326814734e-02
1.011809633391171255e-02 3.846946608628093456e-02
1.031923414889133854e-02 3.846170381961946244e-02
1.052233236187101462e-02 3.845386592485146304e-02
1.072739097285074078e-02 3.844595240359934690e-02
1.093440998183051703e-02 3.843796325754141041e-02
1.114338938881034163e-02 3.842989848841294603e-02
1.135432919379021806e-02 3.842175809800750519e-02
1.156722939677014457e-02 3.841354208817795990e-02
1.178208999775011943e-02 3.840525046083780036e-02
1.199891099673014612e-02 3.839688321796228682e-02
1.221769239371022463e-02 3.838844036158966383e-02
1.243843418869035149e-02 3.837992189382243707e-02
1.266113638167052670e-02 3.837132781682852517e-02
1.288579897265075200e-02 3.836265813284261278e-02
1.311242196163102738e-02 3.835391284416731633e-02
1.334100534861135459e-02 3.834509195317452324e-02
1.357154913359173015e-02 3.833619546230665476e-02
1.380405331657215580e-02 3.832722337407792890e-02
1.403851789755263153e-02 3.831817569107572041e-02
1.427494287653315735e-02 3.830905241596182370e-02
1.451332825351373326e-02 3.829985355147383363e-02
1.475367402849436273e-02 3.829057910042644314e-02
1.499598020147503881e-02 3.828122906571281014e-02
1.524024677245576498e-02 3.827180345030591763e-02
1.548647374143653950e-02 3.826230225725994055e-02
1.573466110841736931e-02 3.825272548971163367e-02
1.598480887339824227e-02 3.824307315088174009e-02
1.623691703637917053e-02 3.823334524407637214e-02
1.649098559736014366e-02 3.822354177268841302e-02
1.674701455634117209e-02 3.821366274019904336e-02
1.700500391332224540e-02 3.820370815017903876e-02
1.726495366830337400e-02 3.819367800629031723e-02
1.752686382128455442e-02 3.818357231228738241e-02
1.779073437226577625e-02 3.817339107201877385e-02
1.805656532124705685e-02 3.816313428942857272e-02
1.832435666822837886e-02 3.815280196855789369e-02
1.859410841320975616e-02 3.814239411354636289e-02
1.886582055619118528e-02 3.813191072863370001e-02
1.913949309717265929e-02 3.812135181816117546e-02
1.941512603615418858e-02 3.811071738657319935e-02
1.969271937313575929e-02 3.810000743841882725e-02
1.997227310811738876e-02 3.808922197835339085e-02
2.025378724109906312e-02 3.807836101113998284e-02
2.053726177208079276e-02 3.806742454165113615e-02
2.082269670106256382e-02 3.805641257487034357e-02
2.111009202804439364e-02 3.804532511589366756e-02
2.139944775302626487e-02 3.803416216993146109e-02
2.169076387600819486e-02 3.802292374230981792e-02
2.198404039699017321e-02 3.801160983847239744e-02
2.227927731597219643e-02 3.800022046398193742e-02
2.257647463295427495e-02 3.798875562452200955e-02
2.287563234793639835e-02 3.797721532589860838e-02
2.317675046091857705e-02 3.796559957404193469e-02
2.347982897190080062e-02 3.795390837500797754e-02
2.378486788088307949e-02 3.794214173498033915e-02
2.409186718786539977e-02 3.793029966027185867e-02
2.440082689284778228e-02 3.791838215732638157e-02
2.471174699583020273e-02 3.790638923272050126e-02
2.502462749681268195e-02 3.789432089316530777e-02
2.533946839579521298e-02 3.788217714550812937e-02
2.565626969277778543e-02 3.786995799673435054e-02
2.597503138776041318e-02 3.785766345396913979e-02
2.629575348074308580e-02 3.784529352447930234e-02
2.661843597172581372e-02 3.783284821567502870e-02
2.694307886070858651e-02 3.782032753511177514e-02
2.726968214769141807e-02 3.780773149049204002e-02
2.759824583267428758e-02 3.779506008966721647e-02
2.792876991565721931e-02 3.778231334063947289e-02
2.826125439664019939e-02 3.776949125156359166e-02
2.859569927562322089e-02 3.775659383074880804e-02
2.893210455260630115e-02 3.774362108666078075e-02
2.927047022758941935e-02 3.773057302792338918e-02
2.961079630057259979e-02 3.771744966332071791e-02
2.995308277155582163e-02 3.770425100179893713e-02
3.029732964053910224e-02 3.769097705246821778e-02
3.064353690752242426e-02 3.767762782460472304e-02
3.099170457250580504e-02 3.766420332765248180e-02
3.134183263548922377e-02 3.765070357122543565e-02
3.169392109647270472e-02 3.763712856510934013e-02
3.204796995545623056e-02 3.762347831926379088e-02
3.240397921243980128e-02 3.760975284382419431e-02
3.276194886742343076e-02 3.759595214910378680e-02
3.312187892040710513e-02 3.758207624559566085e-02
3.348376937139083825e-02 3.756812514397474267e-02
3.384762022037460932e-02 3.755409885509991552e-02
3.421343146735843915e-02 3.753999739001595559e-02
3.458120311234230693e-02 3.752582075995573169e-02
3.495093515532624040e-02 3.751156897634213422e-02
3.532262759631021182e-02 3.749724205079026790e-02
3.569628043529424199e-02 3.748283999510946402e-02
3.607189367227831706e-02 3.746836282130545231e-02
3.644946730726244394e-02 3.745381054158244266e-02
3.682900134024662264e-02 3.743918316834521365e-02
3.721049577123083929e-02 3.742448071420133998e-02
3.759395060021512164e-02 3.740970319196325333e-02
3.797936582719944193e-02 3.739485061465044197e-02
3.836674145218382098e-02 3.737992299549162262e-02
3.875607747516824492e-02 3.736492034792689848e-02
3.914737389615272761e-02 3.734984268560997273e-02
3.954063071513724825e-02 3.733469002241032730e-02
3.993584793212182765e-02 3.731946237241547115e-02
4.033302554710645887e-02 3.730415974993311901e-02
4.073216356009112804e-02 3.728878216949344654e-02
4.113326197107585597e-02 3.727332964585134550e-02
4.153632078006062878e-02 3.725780219398867887e-02
4.194133998704546035e-02 3.724219982911652210e-02
4.234831959203032986e-02 3.722652256667745296e-02
4.275725959501525814e-02 3.721077042234785526e-02
4.316815999600023129e-02 3.719494341204020865e-02
4.358102079498526321e-02 3.717904155190538545e-02
4.399584199197033307e-02 3.716306485833498208e-02
4.441262358695546170e-02 3.714701334796365745e-02
4.483136557994064214e-02 3.713088703767143672e-02
4.525206797092586747e-02 3.711468594458613296e-02
4.567473075991114462e-02 3.709841008608563695e-02
4.609935394689646665e-02 3.708205947980033196e-02
4.652593753188184744e-02 3.706563414361548070e-02
4.695448151486726618e-02 3.704913409567357763e-02
4.738498589585275061e-02 3.703255935437683305e-02
4.781745067483826606e-02 3.701590993838948379e-02
4.825187585182384720e-02 3.699918586664032588e-02
4.868826142680946628e-02 3.698238715832506684e-02
4.912660739979515107e-02 3.696551383290883064e-02
4.956691377078088073e-02 3.694856591012857933e-02
5.000918053976664834e-02 3.693154340999560414e-02
5.045340770675248165e-02 3.691444635279799574e-02
5.089959527173835291e-02 3.689727475910313526e-02
5.134774323472428292e-02 3.688002864976018536e-02
5.179785159571025088e-02 3.686270804590262296e-02
5.224992035469628454e-02 3.684531296895073027e-02
5.270394951168235614e-02 3.682784344061416221e-02
5.315993906666848651e-02 3.681029948289444437e-02
5.361788901965465481e-02 3.679268111808756125e-02
5.407779937064088882e-02 3.677498836878651672e-02
5.453967011962716771e-02 3.675722125788386668e-02
5.500350126661349148e-02 3.673937980857436281e-02
5.546929281159986708e-02 3.672146404435750605e-02
5.593704475458628755e-02 3.670347398904013486e-02
5.640675709557277373e-02 3.668540966673908971e-02
5.687842983455929091e-02 3.666727110188381517e-02
5.735206297154587379e-02 3.664905831921896201e-02
5.782765650653248768e-02 3.663077134380708644e-02
5.830521043951917420e-02 3.661241020103125909e-02
5.878472477050590561e-02 3.659397491659775736e-02
5.926619949949267496e-02 3.657546551653874378e-02
5.974963462647950307e-02 3.655688202721490976e-02
6.023503015146637607e-02 3.653822447531823031e-02
6.072238607445330782e-02 3.651949288787462167e-02
6.121170239544027752e-02 3.650068729224666825e-02
6.170297911442730598e-02 3.648180771613638435e-02
6.219621623141437933e-02 3.646285418758787866e-02
6.269141374640151143e-02 3.644382673499018538e-02
6.318857165938866760e-02 3.642472538707993562e-02
6.368768997037589641e-02 3.640555017294417467e-02
6.418876867936318398e-02 3.638630112202313749e-02
6.469180778635051643e-02 3.636697826411300349e-02
6.519680729133789376e-02 3.634758162936869985e-02
6.570376719432530210e-02 3.632811124830674643e-02
6.621268749531278308e-02 3.630856715180801747e-02
6.672356819430030894e-02 3.628894937112058655e-02
6.723640929128789356e-02 3.626925793786256458e-02
6.775121078627552307e-02 3.624949288402493086e-02
6.826797267926318358e-02 3.622965424197441969e-02
6.878669497025091673e-02 3.620974204445633754e-02
6.930737765923869476e-02 3.618975632459745656e-02
6.983002074622653155e-02 3.616969711590892200e-02
7.035462423121441322e-02 3.614956445228909715e-02
7.088118811420231202e-02 3.612935836802649847e-02
7.140971239519029734e-02 3.610907889780268915e-02
7.194019707417832754e-02 3.608872607669522808e-02
7.247264215116641650e-02 3.606829994018054958e-02
7.300704762615452259e-02 3.604780052413695396e-02
7.354341349914270132e-02 3.602722786484752193e-02
7.408173977013092493e-02 3.600658199900310524e-02
7.462202643911922118e-02 3.598586296370525489e-02
7.516427350610754843e-02 3.596507079646922567e-02
7.570848097109590669e-02 3.594420553522696682e-02
7.625464883408433758e-02 3.592326721833007802e-02
7.680277709507281336e-02 3.590225588455288330e-02
7.735286575406134790e-02 3.588117157309536620e-02
7.790491481104989957e-02 3.586001432358625063e-02
7.845892426603853775e-02 3.583878417608601236e-02
7.901489411902722082e-02 3.581748117108991825e-02
7.957282437001594877e-02 3.579610534953107936e-02
8.013271501900470772e-02 3.577465675278351798e-02
8.069456606599353932e-02 3.575313542266522066e-02
8.125837751098241579e-02 3.573154140144123303e-02
8.182414935397135103e-02 3.570987473182673372e-02
8.239188159496033115e-02 3.568813545699012907e-02
8.296157423394934227e-02 3.566632362055616179e-02
8.353322727093842603e-02 3.564443926660905426e-02
8.410684070592755468e-02 3.562248243969554778e-02
8.468241453891674209e-02 3.560045318482812915e-02
8.525994876990593274e-02 3.557835154748809764e-02
8.583944339889522379e-02 3.555617757362877079e-02
8.642089842588455972e-02 3.553393130967858610e-02
8.700431385087394054e-02 3.551161280254429287e-02
8.758968967386336624e-02 3.548922209961415108e-02
8.817702589485282294e-02 3.546675924876105390e-02
8.876632251384235228e-02 3.544422429834576810e-02
8.935757953083194038e-02 3.542161729722012597e-02
8.995079694582157337e-02 3.539893829473020337e-02
9.054597475881122348e-02 3.537618734071957399e-02
9.114311296980096011e-02 3.535336448553250133e-02
9.174221157879074162e-02 3.533046978001718602e-02
9.234327058578056802e-02 3.530750327552902718e-02
9.294628999077042542e-02 3.528446502393382117e-02
9.355126979376035545e-02 3.526135507761106458e-02
9.415820999475034425e-02 3.523817348945720851e-02
9.476711059374037793e-02 3.521492031288889213e-02
9.537797159073045650e-02 3.519159560184630803e-02
9.599079298572055219e-02 3.516819941079639411e-02
9.660557477871074827e-02 3.514473179473620590e-02
9.722231696970097536e-02 3.512119280919617781e-02
9.784101955869126122e-02 3.509758251024346770e-02
9.846168254568156419e-02 3.507390095448523898e-02
9.908430593067193981e-02 3.505014819907203982e-02
9.970888971366237419e-02 3.502632430170107836e-02
1.003354338946528534e-01 3.500242932061962270e-02
1.009639384736433915e-01 3.497846331462831776e-02
1.015944034506339466e-01 3.495442634308455754e-02
1.022268288256245744e-01 3.493031846590586437e-02
1.028612145986152610e-01 3.490613974357321264e-02
1.034975607696059924e-01 3.488189023713447745e-02
1.041358673385967409e-01 3.485757000820777912e-02
1.047761343055875760e-01 3.483317911898488328e-02
1.054183616705784560e-01 3.480871763223463561e-02
1.060625494335693947e-01 3.478418561130632025e-02
1.067086975945603783e-01 3.475958312013313622e-02
1.073568061535513790e-01 3.473491022323555583e-02
1.080068751105424663e-01 3.471016698572483572e-02
1.086589044655335984e-01 3.468535347330637536e-02
1.093128942185247754e-01 3.466046975228322807e-02
1.099688443695159834e-01 3.463551588955952193e-02
1.106267549185072641e-01 3.461049195264390144e-02
1.112866258654986035e-01 3.458539800965305250e-02
1.119484572104899878e-01 3.456023412931511635e-02
1.126122489534813753e-01 3.453500038097320063e-02
1.132780010944728633e-01 3.450969683458886272e-02
1.139457136334643961e-01 3.448432356074559307e-02
1.146153865704559877e-01 3.445888063065232626e-02
1.152870199054476102e-01 3.443336811614693821e-02
1.159606136384392638e-01 3.440778608969976421e-02
1.166361677694310039e-01 3.438213462441712387e-02
1.173136822984227889e-01 3.435641379404482526e-02
1.179931572254146188e-01 3.433062367297172457e-02
1.186745925504064658e-01 3.430476433623324412e-02
1.193579882733983993e-01 3.427883585951492507e-02
1.200433443943903777e-01 3.425283831915596627e-02
1.207306609133824149e-01 3.422677179215281168e-02
1.214199378303744969e-01 3.420063635616265446e-02
1.221111751453665961e-01 3.417443208950707995e-02
1.228043728583587818e-01 3.414815907117556976e-02
1.234995309693510124e-01 3.412181738082912391e-02
1.241966494783433017e-01 3.409540709880382742e-02
1.248957283853355943e-01 3.406892830611447237e-02
1.255967676903279873e-01 3.404238108445808986e-02
1.262997673933204390e-01 3.401576551621762756e-02
1.270047274943129079e-01 3.398908168446551636e-02
1.277116479933054216e-01 3.396232967296726468e-02
1.284205288902980080e-01 3.393550956618512915e-02
1.291313701852906393e-01 3.390862144928170202e-02
1.298441718782833154e-01 3.388166540812355410e-02
1.305589339692760642e-01 3.385464152928485682e-02
1.312756564582688024e-01 3.382754990005103213e-02
1.319943393452616409e-01 3.380039060842238846e-02
1.327149826302545244e-01 3.377316374311779140e-02
1.334375863132474527e-01 3.374586939357827886e-02
1.341621503942403981e-01 3.371850764997076644e-02
1.348886748732334440e-01 3.369107860319166953e-02
1.356171597502265069e-01 3.366358234487060869e-02
1.363476050252196425e-01 3.363601896737403868e-02
1.370800106982128508e-01 3.360838856380897466e-02
1.378143767692060206e-01 3.358069122802664203e-02
1.385507032381993187e-01 3.355292705462618180e-02
1.392889901051926616e-01 3.352509613895831436e-02
1.400292373701860493e-01 3.349719857712907950e-02
1.407714450331794265e-01 3.346923446600348628e-02
1.415156130941729040e-01 3.344120390320925312e-02
1.422617415531664542e-01 3.341310698714049232e-02
1.430098304101600493e-01 3.338494381696145707e-02
1.437598796651536337e-01 3.335671449261019827e-02
1.445118893181473185e-01 3.332841911480235314e-02
1.452658593691410482e-01 3.330005778503480895e-02
1.460217898181348506e-01 3.327163060558946395e-02
1.467796806651286701e-01 3.324313767953696042e-02
1.475395319101225067e-01 3.321457911074039704e-02
1.483013435531164437e-01 3.318595500385907587e-02
1.490651155941104256e-01 3.315726546435227018e-02
1.498308480331044801e-01 3.312851059848291591e-02
1.505985408700985240e-01 3.309969051332140727e-02
1.513681941050926405e-01 3.307080531674933682e-02
1.521398077380868297e-01 3.304185511746322162e-02
1.529133817690810637e-01 3.301284002497829884e-02
1.536889161980753704e-01 3.298376014963227965e-02
1.544664110250696387e-01 3.295461560258908240e-02
1.552458662500640352e-01 3.292540649584262819e-02
1.560272818730584765e-01 3.289613294222060863e-02
1.568106578940529627e-01 3.286679505538825374e-02
1.575959943130474383e-01 3.283739294985208584e-02
1.583832911300420421e-01 3.280792674096372208e-02
1.591725483450366629e-01 3.277839654492366306e-02
1.599637659580313565e-01 3.274880247878502598e-02
1.607569439690260948e-01 3.271914466045738185e-02
1.615520823780208504e-01 3.268942320871052326e-02
1.623491811850156785e-01 3.265963824317822534e-02
1.631482403900105516e-01 3.262978988436207595e-02
1.639492599930054972e-01 3.259987825363525743e-02
1.647522399940004323e-01 3.256990347324632135e-02
1.655571803929954677e-01 3.253986566632301181e-02
1.663640811899905481e-01 3.250976495687602635e-02
1.671729423849857010e-01 3.247960146980286705e-02
1.679837639779808434e-01 3.244937533089158749e-02
1.687965459689760583e-01 3.241908666682464385e-02
1.696112883579713460e-01 3.238873560518265582e-02
1.704279911449667062e-01 3.235832227444824377e-02
1.712466543299620836e-01 3.232784680400981048e-02
1.720672779129574781e-01 3.229730932416536443e-02
1.728898618939529452e-01 3.226670996612632236e-02
1.737144062729484850e-01 3.223604886202132563e-02
1.745409110499440697e-01 3.220532614490004275e-02
1.753693762249396715e-01 3.217454194873696494e-02
1.761998017979353459e-01 3.214369640843525722e-02
1.770321877689310930e-01 3.211278965983054012e-02
1.778665341379268849e-01 3.208182183969470608e-02
1.787028409049227218e-01 3.205079308573973579e-02
1.795411080699185480e-01 3.201970353662151464e-02
1.803813356329145023e-01 3.198855333194364908e-02
1.812235235939104738e-01 3.195734261226127609e-02
1.820676719529065180e-01 3.192607151908485874e-02
1.829137807099025514e-01 3.189474019488404422e-02
1.837618498648986853e-01 3.186334878309142471e-02
1.846118794178948919e-01 3.183189742810639544e-02
1.854638693688911155e-01 3.180038627529894329e-02
1.863178197178873563e-01 3.176881547101346320e-02
1.871737304648836975e-01 3.173718516257258149e-02
1.880316016098800835e-01 3.170549549828094449e-02
1.888914331528765145e-01 3.167374662742906272e-02
1.897532250938729903e-01 3.164193870029707867e-02
1.906169774328694833e-01 3.161007186815863179e-02
1.914826901698660766e-01 3.157814628328459855e-02
1.923503633048627148e-01 3.154616209894696433e-02
1.932199968378593979e-01 3.151411946942259124e-02
1.940915907688560982e-01 3.148201854999702759e-02
1.949651450978528711e-01 3.144985949696832428e-02
1.958406598248497166e-01 3.141764246765083035e-02
1.967181349498466070e-01 3.138536762037898165e-02
1.975975704728435423e-01 3.135303511451113107e-02
1.984789663938404669e-01 3.132064511043329558e-02
1.993623227128375197e-01 3.128819776956300730e-02
2.002476394298345896e-01 3.125569325435306745e-02
2.011349165448317322e-01 3.122313172829535577e-02
2.020241540578288642e-01 3.119051335592460880e-02
2.029153519688260965e-01 3.115783830282221542e-02
2.038085102778234015e-01 3.112510673561999855e-02
2.047036289848207236e-01 3.109231882200399685e-02
2.056007080898180628e-01 3.105947473071823950e-02
2.064997475928155024e-01 3.102657463156853479e-02
2.074007474938129869e-01 3.099361869542622758e-02
2.083037077928105441e-01 3.096060709423198443e-02
2.092086284898081183e-01 3.092754000099956144e-02
2.101155095848057097e-01 3.089441758981955471e-02
2.110243510778034015e-01 3.086124003586318207e-02
2.119351529688011382e-01 3.082800751538601960e-02
2.128479152577989197e-01 3.079472020573178342e-02
2.137626379447967184e-01 3.076137828533605581e-02
2.146793210297945897e-01 3.072798193373004610e-02
2.155979645127925337e-01 3.069453133154433772e-02
2.165185683937905226e-01 3.066102666051261430e-02
2.174411326727885563e-01 3.062746810347542065e-02
2.183656573497865794e-01 3.059385584438386457e-02
2.192921424247847306e-01 3.056019006830337087e-02
2.202205878977829268e-01 3.052647096141739361e-02
2.211509937687811678e-01 3.049269871103113538e-02
2.220833600377793982e-01 3.045887350557527004e-02
2.230176867047777289e-01 3.042499553460963763e-02
2.239539737697761046e-01 3.039106498882697058e-02
2.248922212327745529e-01 3.035708206005657828e-02
2.258324290937730461e-01 3.032304694126805242e-02
2.267745973527715286e-01 3.028895982657495156e-02
2.277187260097701116e-01 3.025482091123849956e-02
2.286648150647687394e-01 3.022063039167124238e-02
2.296128645177674399e-01 3.018638846544075341e-02
2.305628743687661297e-01 3.015209533127327299e-02
2.315148446177649200e-01 3.011775118905739290e-02
2.324687752647637551e-01 3.008335623984770973e-02
2.334246663097626351e-01 3.004891068586847125e-02
2.343825177527615322e-01 3.001441473051723319e-02
2.353423295937605020e-01 2.997986857836849178e-02
2.363041018327595444e-01 2.994527243517731280e-02
2.372678344697586317e-01 2.991062650788297445e-02
2.382335275047577638e-01 2.987593100461257214e-02
2.392011809377569131e-01 2.984118613468465103e-02
2.401707947687561351e-01 2.980639210861279337e-02
2.411423689977554297e-01 2.977154913810923717e-02
2.421159036247547691e-01 2.973665743608845669e-02
2.430913986497540979e-01 2.970171721667076367e-02
2.440688540727535549e-01 2.966672869518587399e-02
2.450482698937530290e-01 2.963169208817648462e-02
2.460296461127525758e-01 2.959660761340184021e-02
2.470129827297521674e-01 2.956147548984129625e-02
2.479982797447517484e-01 2.952629593769785787e-02
2.489855371577514298e-01 2.949106917840172218e-02
2.499747549687511561e-01 2.945579543461382399e-02
2.509659331777509550e-01 2.942047493022935042e-02
2.519590717847506878e-01 2.938510789038126236e-02
2.529541707897505765e-01 2.934969454144381248e-02
2.539512301927505100e-01 2.931423511103602511e-02
2.549502499937504885e-01 2.927872982802521076e-02
2.559512301927505673e-01 2.924317892253043560e-02
2.569541707897506355e-01 2.920758262592600477e-02
2.579590717847507486e-01 2.917194117084492833e-02
2.589659331777509621e-01 2.913625479118236300e-02
2.599747549687512205e-01 2.910052372209908159e-02
2.609855371577514682e-01 2.906474820002489731e-02
2.619982797447518164e-01 2.902892846266209859e-02
2.630129827297520984e-01 2.899306474898885599e-02
2.640296461127525363e-01 2.895715729926265705e-02
2.650482698937530190e-01 2.892120635502367157e-02
2.660688540727535467e-01 2.888521215909817252e-02
2.670913986497541748e-01 2.884917495560189449e-02
2.681159036247547922e-01 2.881309498994341634e-02
2.691423689977554545e-01 2.877697250882750579e-02
2.701707947687562172e-01 2.874080776025848133e-02
2.712011809377570248e-01 2.870460099354353242e-02
2.722335275047577108e-01 2.866835245929607104e-02
2.732678344697586081e-01 2.863206240943901026e-02
2.743041018327595504e-01 2.859573109720811232e-02
2.753423295937605375e-01 2.855935877715524637e-02
2.763825177527615695e-01 2.852294570515168104e-02
2.774246663097627019e-01 2.848649213839136649e-02
2.784687752647638237e-01 2.844999833539416795e-02
2.795148446177649904e-01 2.841346455600914089e-02
2.805628743687662574e-01 2.837689106141774026e-02
2.816128645177674028e-01 2.834027811413705397e-02
2.826648150647687596e-01 2.830362597802302260e-02
2.837187260097701613e-01 2.826693491827361043e-02
2.847745973527716079e-01 2.823020520143202511e-02
2.858324290937730994e-01 2.819343709538985054e-02
2.868922212327746357e-01 2.815663086939024923e-02
2.879539737697762170e-01 2.811978679403107431e-02
2.890176867047778431e-01 2.808290514126801987e-02
2.900833600377795141e-01 2.804598618441773647e-02
2.911509937687811744e-01 2.800903019816093978e-02
2.922205878977829352e-01 2.797203745854549839e-02
2.932921424247847964e-01 2.793500824298952162e-02
2.943656573497866469e-01 2.789794283028441957e-02
2.954411326727885978e-01 2.786084150059796316e-02
2.965185683937905936e-01 2.782370453547729910e-02
2.975979645127926343e-01 2.778653221785200647e-02
2.986793210297947199e-01 2.774932483203707695e-02
2.997626379447967393e-01 2.771208266373591939e-02
3.008479152577989146e-01 2.767480600004333657e-02
3.019351529688011904e-01 2.763749512944850550e-02
3.030243510778034555e-01 2.760015034183790211e-02
3.041155095848058210e-01 2.756277192849824337e-02
3.052086284898081758e-01 2.752536018211942243e-02
3.063037077928106311e-01 2.748791539679738133e-02
3.074007474938131312e-01 2.745043786803703229e-02
3.084997475928156763e-01 2.741292789275509914e-02
3.096007080898180996e-01 2.737538576928299355e-02
3.107036289848207899e-01 2.733781179736964259e-02
3.118085102778234696e-01 2.730020627818432327e-02
3.129153519688261942e-01 2.726256951431945894e-02
3.140241540578289636e-01 2.722490180979340868e-02
3.151349165448318335e-01 2.718720347005325680e-02
3.162476394298346927e-01 2.714947480197754323e-02
3.173623227128376523e-01 2.711171611387902525e-02
3.184789663938406568e-01 2.707392771550739055e-02
3.195975704728435396e-01 2.703610991805195998e-02
3.207181349498466338e-01 2.699826303414437634e-02
3.218406598248497730e-01 2.696038737786127931e-02
3.229651450978529570e-01 2.692248326472694575e-02
3.240915907688562414e-01 2.688455101171593684e-02
3.252199968378595152e-01 2.684659093725570017e-02
3.263503633048628338e-01 2.680860336122916840e-02
3.274826901698662529e-01 2.677058860497735435e-02
3.286169774328696613e-01 2.673254699130188025e-02
3.297532250938730591e-01 2.669447884446754862e-02
3.308914331528765573e-01 2.665638449020484718e-02
3.320316016098801559e-01 2.661826425571245033e-02
3.331737304648837994e-01 2.658011846965971023e-02
3.343178197178874878e-01 2.654194746218912007e-02
3.354638693688912210e-01 2.650375156491874620e-02
3.366118794178950546e-01 2.646553111094467406e-02
3.377618498648988776e-01 2.642728643484338474e-02
3.389137807099027455e-01 2.638901787267415935e-02
3.400676719529066028e-01 2.635072576198144167e-02
3.412235235939105604e-01 2.631241044179716618e-02
3.423813356329146185e-01 2.627407225264309643e-02
3.435411080699187214e-01 2.623571153653311838e-02
3.447028409049228137e-01 2.619732863697551983e-02
3.458665341379270064e-01 2.615892389897526288e-02
3.470321877689312440e-01 2.612049766903619744e-02
3.481998017979355819e-01 2.608205029516329904e-02
3.493693762249399093e-01 2.604358212686486151e-02
3.505409110499441705e-01 2.600509351515465153e-02
3.517144062729485876e-01 2.596658481255408740e-02
3.528898618939531051e-01 2.592805637309433808e-02
3.540672779129576120e-01 2.588950855231846385e-02
3.552466543299622193e-01 2.585094170728345978e-02
3.564279911449668714e-01 2.581235619656235825e-02
3.576112883579715684e-01 2.577375238024623080e-02
3.587965459689763104e-01 2.573513061994622819e-02
3.599837639779809306e-01 2.569649127879556488e-02
3.611729423849858178e-01 2.565783472145148278e-02
3.623640811899906944e-01 2.561916131409720451e-02
3.635571803929956158e-01 2.558047142444384511e-02
3.647522399940006377e-01 2.554176542173232020e-02
3.659492599930056489e-01 2.550304367673520908e-02
3.671482403900107605e-01 2.546430656175861784e-02
3.683491811850159170e-01 2.542555445064398692e-02
3.695520823780210629e-01 2.538678771876990564e-02
3.707569439690261981e-01 2.534800674305388163e-02
3.719637659580314892e-01 2.530921190195408940e-02
3.731725483450368253e-01 2.527040357547110164e-02
3.743832911300422062e-01 2.523158214514958225e-02
3.755959943130476320e-01 2.519274799407997256e-02
3.768106578940531581e-01 2.515390150690012191e-02
3.780272818730586737e-01 2.511504306979693221e-02
3.792458662500642896e-01 2.507617307050793998e-02
3.804664110250698950e-01 2.503729189832289842e-02
3.816889161980754896e-01 2.499839994408531094e-02
3.829133817690812402e-01 2.495949760019395766e-02
3.841398077380869802e-01 2.492058526060439080e-02
3.853681941050928206e-01 2.488166332083039181e-02
3.865985408700987613e-01 2.484273217794540425e-02
3.878308480331046915e-01 2.480379223058396670e-02
3.890651155941106665e-01 2.476484387894307276e-02
3.903013435531166864e-01 2.472588752478354149e-02
3.915395319101228067e-01 2.468692357143133578e-02
3.927796806651288053e-01 2.464795242377887385e-02
3.940217898181350153e-01 2.460897448828629555e-02
3.952658593691412148e-01 2.456999017298270097e-02
3.965118893181475146e-01 2.453099988746738208e-02
3.977598796651538593e-01 2.449200404291099198e-02
3.990098304101602489e-01 2.445300305205671751e-02
4.002617415531666833e-01 2.441399732922140339e-02
4.015156130941732182e-01 2.437498729029665204e-02
4.027714450331797424e-01 2.433597335274989212e-02
4.040292373701862005e-01 2.429695593562542985e-02
4.052889901051928145e-01 2.425793545954545855e-02
4.065507032381995289e-01 2.421891234671102663e-02
4.078143767692062882e-01 2.417988702090301603e-02
4.090800106982130369e-01 2.414085990748304766e-02
4.103476050252198859e-01 2.410183143339436965e-02
4.116171597502267798e-01 2.406280202716273159e-02
4.128886748732337186e-01 2.402377211889721725e-02
4.141621503942407023e-01 2.398474214029102866e-02
4.154375863132476199e-01 2.394571252462227018e-02
4.167149826302546933e-01 2.390668370675468057e-02
4.179943393452618672e-01 2.386765612313834078e-02
4.192756564582690304e-01 2.382863021181035740e-02
4.205589339692762940e-01 2.378960641239548715e-02
4.218441718782836025e-01 2.375058516610676837e-02
4.231313701852909004e-01 2.371156691574608996e-02
4.244205288902982987e-01 2.367255210570474305e-02
4.257116479933056308e-01 2.363354118196393447e-02
4.270047274943131188e-01 2.359453459209527593e-02
4.282997673933206517e-01 2.355553278526122465e-02
4.295967676903282295e-01 2.351653621221550666e-02
4.308957283853359077e-01 2.347754532530349839e-02
4.321966494783435753e-01 2.343856057846257709e-02
4.334995309693513432e-01 2.339958242722244355e-02
4.348043728583591006e-01 2.336061132870539958e-02
4.361111751453669583e-01 2.332164774162660478e-02
4.374199378303746943e-01 2.328269212629429166e-02
4.387306609133826418e-01 2.324374494460993562e-02
4.400433443943906342e-01 2.320480666006842843e-02
4.413579882733986715e-01 2.316587773775816497e-02
4.426745925504067536e-01 2.312695864436114385e-02
4.439931572254149361e-01 2.308804984815299513e-02
4.453136822984231080e-01 2.304915181900300120e-02
4.466361677694313248e-01 2.301026502837406548e-02
4.479606136384396420e-01 2.297138994932266046e-02
4.492870199054478375e-01 2.293252705649872006e-02
4.506153865704562445e-01 2.289367682614550786e-02
4.519457136334646408e-01 2.285483973609946096e-02
4.532780010944731375e-01 2.281601626578997830e-02
4.546122489534816791e-01 2.277720689623918479e-02
4.559484572104903211e-01 2.273841211006165028e-02
4.572866258654989524e-01 2.269963239146407727e-02
4.586267549185076287e-01 2.266086822624496788e-02
4.599688443695163498e-01 2.262212010179421098e-02
4.613128942185250048e-01 2.258338850709268320e-02
4.626589044655338712e-01 2.254467393271178399e-02
4.640068751105427269e-01 2.250597687081292569e-02
4.653568061535516831e-01 2.246729781514701652e-02
4.667086975945606842e-01 2.242863726105388464e-02
4.680625494335697301e-01 2.238999570546165371e-02
4.694183616705788209e-01 2.235137364688611836e-02
4.707761343055879566e-01 2.231277158543005026e-02
4.721358673385971372e-01 2.227419002278245921e-02
4.734975607696062516e-01 2.223562946221785408e-02
4.748612145986155220e-01 2.219709040859542751e-02
4.762268288256248927e-01 2.215857336835822325e-02
4.775944034506342528e-01 2.212007884953225492e-02
4.789639384736437133e-01 2.208160736172559355e-02
4.803354338946532187e-01 2.204315941612739610e-02
4.817088897136627690e-01 2.200473552550693060e-02
4.830843059306723641e-01 2.196633620421252486e-02
4.844616825456818376e-01 2.192796196817049792e-02
4.858410195586915226e-01 2.188961333488404631e-02
4.872223169697012524e-01 2.185129082343208878e-02
4.886055747787110826e-01 2.181299495446806236e-02
4.899907929857209021e-01 2.177472625021869418e-02
4.913779715907308221e-01 2.173648523448273168e-02
4.927671105937407314e-01 2.169827243262961378e-02
4.941582099947507412e-01 2.166008837159812128e-02
4.955512697937607958e-01 2.162193357989497522e-02
4.969462899907707287e-01 2.158380858759340049e-02
4.983432705857808731e-01 2.154571392633164093e-02
4.997422115787910624e-01 2.150765012931143624e-02
5.011431129698012965e-01 2.146961773129646422e-02
5.025459747588115755e-01 2.143161726861073091e-02
5.039507969458218994e-01 2.139364927913692607e-02
5.053575795308323793e-01 2.135571430231472320e-02
5.067663225138427929e-01 2.131781287913906905e-02
5.081770258948532515e-01 2.127994555215838302e-02
5.095896896738636439e-01 2.124211286547276339e-02
5.110043138508743032e-01 2.120431536473211392e-02
5.124208984258848965e-01 2.116655359713423903e-02
5.138394433988955345e-01 2.112882811142292178e-02
5.152599487699063285e-01 2.109113945788590808e-02
5.166824145389171674e-01 2.105348818835288405e-02
5.181068407059279401e-01 2.101587485619340473e-02
5.195332272709388688e-01 2.097830001631477426e-02
5.209615742339498423e-01 2.094076422515988786e-02
5.223918815949606387e-01 2.090326804070500796e-02
5.238241493539717020e-01 2.086581202245753330e-02
5.252583775109828101e-01 2.082839673145369525e-02
5.266945660659939632e-01 2.079102273025621589e-02
5.281327150190051611e-01 2.075369058295193497e-02
5.295728243700164040e-01 2.071640085514936738e-02
5.310148941190276917e-01 2.067915411397624331e-02
5.324589242660390243e-01 2.064195092807697904e-02
5.339049148110504017e-01 2.060479186761012341e-02
5.353528657540617131e-01 2.056767750424573840e-02
5.368027770950731803e-01 2.053060841116275889e-02
5.382546488340846924e-01 2.049358516304627953e-02
5.397084809710962494e-01 2.045660833608482082e-02
5.411642735061079623e-01 2.041967850796752582e-02
5.426220264391196091e-01 2.038279625788133251e-02
5.440817397701314118e-01 2.034596216650809419e-02
5.455434134991431483e-01 2.030917681602163391e-02
5.470070476261550407e-01 2.027244079008478153e-02
5.484726421511667560e-01 2.023575467384634494e-02
5.499401970741787382e-01 2.019911905393804649e-02
5.514097123951906543e-01 2.016253451847140749e-02
5.528811881142027262e-01 2.012600165703456664e-02
5.543546242312148431e-01 2.008952106068909518e-02
5.558300207462270048e-01 2.005309332196672165e-02
5.573073776592392115e-01 2.001671903486603246e-02
5.587866949702514630e-01 1.998039879484911699e-02
5.602679726792635373e-01 1.994413319883817093e-02
5.617512107862758786e-01 1.990792284521204075e-02
5.632364092912882647e-01 1.987176833380273344e-02
5.647235681943006957e-01 1.983567026589186724e-02
5.662126874953131717e-01 1.979962924420707038e-02
5.677037671943258035e-01 1.976364587291836589e-02
5.691968072913383692e-01 1.972772075763444891e-02
5.706918077863509797e-01 1.969185450539896742e-02
5.721887686793637462e-01 1.965604772468672670e-02
5.736876899703762245e-01 1.962030102539985207e-02
5.751885716593890807e-01 1.958461501886390316e-02
5.766914137464018708e-01 1.954899031782394644e-02
5.781962162314148168e-01 1.951342753644055503e-02
5.797029791144278077e-01 1.947792729028577710e-02
5.812117023954407324e-01 1.944249019633905937e-02
5.827223860744538131e-01 1.940711687298311144e-02
5.842350301514669386e-01 1.937180793999970785e-02
5.857496346264799980e-01 1.933656401856546567e-02
5.872661994994931023e-01 1.930138573124755980e-02
5.887847247705062514e-01 1.926627370199937572e-02
5.903052104395195565e-01 1.923122855615613455e-02
5.918276565065329065e-01 1.919625092043044517e-02
5.933520629715463013e-01 1.916134142290783215e-02
5.948784298345597410e-01 1.912650069304217687e-02
5.964067570955732256e-01 1.909172936165114132e-02
5.979370447545868661e-01 1.905702806091151905e-02
5.994692928116004405e-01 1.902239742435454795e-02
6.010035012666138377e-01 1.898783808686115709e-02
6.025396701196276128e-01 1.895335068465717546e-02
6.040777993706413218e-01 1.891893585530848854e-02
6.056178890196550757e-01 1.888459423771612564e-02
6.071599390666689855e-01 1.885032647211131590e-02
6.087039495116828292e-01 1.881613320005048537e-02
6.102499203546968287e-01 1.878201506441018118e-02
6.117978515957107621e-01 1.874797270938198882e-02
6.133477432347248515e-01 1.871400678046735225e-02
6.148995952717387636e-01 1.868011792447236280e-02
6.164534077067529427e-01 1.864630678950248560e-02
6.180091805397671667e-01 1.861257402495723745e-02
6.195669137707813245e-01 1.857892028152483346e-02
6.211266073997956383e-01 1.854534621117672269e-02
6.226882614268099969e-01 1.851185246716213761e-02
6.242518758518244004e-01 1.847843970400253610e-02
6.258174506748388488e-01 1.844510857748602600e-02
6.273849858958533421e-01 1.841185974466171688e-02
6.289544815148676582e-01 1.837869386383402318e-02
6.305259375318823523e-01 1.834561159455690496e-02
6.320993539468969802e-01 1.831261359762807045e-02
6.336747307599116530e-01 1.827970053508311959e-02
6.352520679709263707e-01 1.824687307018961133e-02
6.368313655799411332e-01 1.821413186744111345e-02
6.384126235869560517e-01 1.818147759255116236e-02
6.399958419919709041e-01 1.814891091244718799e-02
6.415810207949856903e-01 1.811643249526437641e-02
6.431681599960007434e-01 1.808404301033949418e-02
6.447572595950157304e-01 1.805174312820461216e-02
6.463483195920308733e-01 1.801953352058082922e-02
6.479413399870459500e-01 1.798741486037190238e-02
6.495363207800611827e-01 1.795538782165784220e-02
6.511332619710764602e-01 1.792345307968843185e-02
6.527321635600916716e-01 1.789161131087670803e-02
6.543330255471070389e-01 1.785986319279237941e-02
6.559358479321222291e-01 1.782820940415518959e-02
6.575406307151376861e-01 1.779665062482820720e-02
6.591473738961531881e-01 1.776518753581109514e-02
6.607560774751687349e-01 1.773382081923329315e-02
6.623667414521843266e-01 1.770255115834714829e-02
6.639793658271999632e-01 1.767137923752099340e-02
6.655939506002157557e-01 1.764030574223217004e-02
6.672104957712314821e-01 1.760933135905999244e-02
6.688290013402472534e-01 1.757845677567864209e-02
6.704494673072629585e-01 1.754768268085002414e-02
6.720718936722788195e-01 1.751700976441656482e-02
6.736962804352947254e-01 1.748643871729391869e-02
6.753226275963107872e-01 1.745597023146366195e-02
6.769509351553267829e-01 1.742560499996590254e-02
6.785812031123429344e-01 1.739534371689183123e-02
6.802134314673590199e-01 1.736518707737622763e-02
6.818476202203752612e-01 1.733513577758988983e-02
6.834837693713914364e-01 1.730519051473202244e-02
6.851218789204075454e-01 1.727535198702256566e-02
6.867619488674239214e-01 1.724562089369443413e-02
6.884039792124403423e-01 1.721599793498574185e-02
6.900479699554568080e-01 1.718648381213194742e-02
6.916939210964733187e-01 1.715707922735790897e-02
6.933418326354898742e-01 1.712778488386994605e-02
6.949917045725064746e-01 1.709860148584778361e-02
6.966435369075231199e-01 1.706952973843646124e-02
6.982973296405398100e-01 1.704057034773817994e-02
6.999530827715563230e-01 1.701172402080408305e-02
7.016107963005731030e-01 1.698299146562597811e-02
7.032704702275899278e-01 1.695437339112801714e-02
7.049321045526069085e-01 1.692587050715827629e-02
7.065956992756238231e-01 1.689748352448031121e-02
7.082612543966407825e-01 1.686921315476464303e-02
7.099287699156578979e-01 1.684106011058016800e-02
7.115982458326749471e-01 1.681302510538551856e-02
7.132696821476921523e-01 1.678510885352037241e-02
7.149430788607090692e-01 1.675731207019666436e-02
7.166184359717263641e-01 1.672963547148979477e-02
7.182957534807437039e-01 1.670207977432970961e-02
7.199750313877609775e-01 1.667464569649196315e-02
7.216562696927784071e-01 1.664733395658872517e-02
7.233394683957958815e-01 1.662014527405967015e-02
7.250246274968132898e-01 1.659308036916288046e-02
7.267117469958308540e-01 1.656613996296561753e-02
7.284008268928482410e-01 1.653932477733507586e-02
7.300918671878658950e-01 1.651263553492905364e-02
7.317848678808835938e-01 1.648607295918656790e-02
7.334798289719013376e-01 1.645963777431840719e-02
7.351767504609192372e-01 1.643333070529761492e-02
7.368756323479370707e-01 1.640715247784990324e-02
7.385764746329549491e-01 1.638110381844403232e-02
7.402792773159728723e-01 1.635518545428208889e-02
7.419840403969908404e-01 1.632939811328972673e-02
7.436907638760087425e-01 1.630374252410633426e-02
7.453994477530268004e-01 1.627821941607513270e-02
7.471100920280450142e-01 1.625282951923321881e-02
7.488226967010631618e-01 1.622757356430154507e-02
7.505372617720814654e-01 1.620245228267482018e-02
7.522537872410997029e-01 1.617746640641136088e-02
7.539722731081180962e-01 1.615261666822287098e-02
7.556927193731364234e-01 1.612790380146415445e-02
7.574151260361549065e-01 1.610332854012276951e-02
7.591394930971732125e-01 1.607889161880860993e-02
7.608658205561917853e-01 1.605459377274342375e-02
7.625941084132104031e-01 1.603043573775027320e-02
7.643243566682289547e-01 1.600641825024291462e-02
7.660565653212476622e-01 1.598254204721511612e-02
7.677907343722664146e-01 1.595880786622993347e-02
7.695268638212852119e-01 1.593521644540887156e-02
7.712649536683040541e-01 1.591176852342102155e-02
7.730050039133229411e-01 1.588846483947212868e-02
7.747470145563417621e-01 1.586530613329355244e-02
7.764909855973607389e-01 1.584229314513120601e-02
7.782369170363797606e-01 1.581942661573441239e-02
7.799848088733989382e-01 1.579670728634468765e-02
7.817346611084180497e-01 1.577413589868445834e-02
7.834864737414372060e-01 1.575171319494571634e-02
7.852402467724565183e-01 1.572943991777860789e-02
7.869959802014757644e-01 1.570731681027994278e-02
7.887536740284951664e-01 1.568534461598164800e-02
7.905133282535142802e-01 1.566352407883914166e-02
7.922749428765337720e-01 1.564185594321964440e-02
7.940385178975533087e-01 1.562034095389043878e-02
7.958040533165727792e-01 1.559897985600702114e-02
7.975715491335924057e-01 1.557777339510122046e-02
7.993410053486120770e-01 1.555672231706922704e-02
8.011124219616317932e-01 1.553582736815956912e-02
8.028857989726515543e-01 1.551508929496100107e-02
8.046611363816711382e-01 1.549450884439033081e-02
8.064384341886909890e-01 1.547408676368018654e-02
8.082176923937108848e-01 1.545382380036669327e-02
8.099989109967308254e-01 1.543372070227710079e-02
8.117820899977508109e-01 1.541377821751732484e-02
8.135672293967708413e-01 1.539399709445942073e-02
8.153543291937909165e-01 1.537437808172900655e-02
8.171433893888111477e-01 1.535492192819257716e-02
8.189344099818313127e-01 1.533562938294477825e-02
8.207273909728513006e-01 1.531650119529560580e-02
8.225223323618716664e-01 1.529753811475751367e-02
8.243192341488919661e-01 1.527874089103247769e-02
8.261180963339124217e-01 1.526011027399896622e-02
8.279189189169328111e-01 1.524164701369884641e-02
8.297217018979533565e-01 1.522335186032422634e-02
8.315264452769738357e-01 1.520522556420421043e-02
8.333331490539944708e-01 1.518726887579159059e-02
8.351418132290151508e-01 1.516948254564946114e-02
8.369524378020356536e-01 1.515186732443777294e-02
8.387650227730564234e-01 1.513442396289979390e-02
8.405795681420771270e-01 1.511715321184851565e-02
8.423960739090979866e-01 1.510005582215297182e-02
8.442145400741188910e-01 1.508313254472449724e-02
8.460349666371398403e-01 1.506638413050289359e-02
8.478573535981608345e-01 1.504981133044254980e-02
8.496817009571818735e-01 1.503341489549845679e-02
8.515080087142030685e-01 1.501719557661217695e-02
8.533362768692239753e-01 1.500115412469771141e-02
8.551665054222451490e-01 1.498529129062731689e-02
8.569986943732663676e-01 1.496960782521723245e-02
8.588328437222877421e-01 1.495410447921334193e-02
8.606689534693090504e-01 1.493878200327674807e-02
8.625070236143304037e-01 1.492364114796928230e-02
8.643470541573519128e-01 1.490868266373894004e-02
8.661890450983733558e-01 1.489390730090522572e-02
8.680329964373949547e-01 1.487931580964444063e-02
8.698789081744163765e-01 1.486490893997488398e-02
8.717267803094379541e-01 1.485068744174197417e-02
8.735766128424596877e-01 1.483665206460330760e-02
8.754284057734814661e-01 1.482280355801362560e-02
8.772821591025032895e-01 1.480914267120971364e-02
8.791378728295250466e-01 1.479567015319522075e-02
8.809955469545469597e-01 1.478238675272539743e-02
8.828551814775689177e-01 1.476929321829176939e-02
8.847167763985909206e-01 1.475639029810671757e-02
8.865803317176127463e-01 1.474367874008798880e-02
8.884458474346348389e-01 1.473115929184313014e-02
8.903133235496569764e-01 1.471883270065383643e-02
8.921827600626792698e-01 1.470669971346022856e-02
8.940541569737014971e-01 1.469476107684505178e-02
8.959275142827237692e-01 1.468301753701778400e-02
8.978028319897460863e-01 1.467146983979869014e-02
8.996801100947685592e-01 1.466011873060276034e-02
9.015593485977907440e-01 1.464896495442360655e-02
9.034405474988133067e-01 1.463800925581725497e-02
9.053237067978358033e-01 1.462725237888586743e-02
9.072088264948584557e-01 1.461669506726138122e-02
9.090959065898810421e-01 1.460633806408907082e-02
9.109849470829037843e-01 1.459618211201102467e-02
9.128759479739264604e-01 1.458622795314954909e-02
9.147689092629492924e-01 1.457647632909048196e-02
9.166638309499721693e-01 1.456692798086643356e-02
9.185607130349948690e-01 1.455758364893994065e-02
9.204595555180178357e-01 1.454844407318653908e-02
9.223603583990407362e-01 1.453950999287776345e-02
9.242631216780637926e-01 1.453078214666405840e-02
9.261678453550868939e-01 1.452226127255760134e-02
9.280745294301100401e-01 1.451394810791505237e-02
9.299831739031333422e-01 1.450584338942022614e-02
9.318937787741565781e-01 1.449794785306666653e-02
9.338063440431798590e-01 1.449026223414015373e-02
9.357208697102029626e-01 1.448278726720111410e-02
9.376373557752263332e-01 1.447552368606696074e-02
9.395558022382498597e-01 1.446847222379434028e-02
9.414762090992733201e-01 1.446163361266129821e-02
9.433985763582968254e-01 1.445500858414937133e-02
9.453229040153204865e-01 1.444859786892557785e-02
9.472491920703440815e-01 1.444240219682433636e-02
9.491774405233678324e-01 1.443642229682930329e-02
9.511076493743915172e-01 1.443065889705510453e-02
9.530398186234151359e-01 1.442511272472901673e-02
9.549739482704390214e-01 1.441978450617253070e-02
9.569100383154629519e-01 1.441467496678284707e-02
9.588480887584868162e-01 1.440978483101429050e-02
9.607880995995108364e-01 1.440511482235962148e-02
9.627300708385349015e-01 1.440066566333127705e-02
9.646740024755590115e-01 1.439643807544252647e-02
9.666198945105831664e-01 1.439243277918852287e-02
9.685677469436073661e-01 1.438865049402729759e-02
9.705175597746313887e-01 1.438509193836063835e-02
9.724693330036556782e-01 1.438175782951490143e-02
9.744230666306800126e-01 1.437864888372173203e-02
9.763787606557043919e-01 1.437576581609869078e-02
9.783364150787289271e-01 1.437310934062980064e-02
9.802960298997533961e-01 1.437068017014600692e-02
9.822576051187779100e-01 1.436847901630554716e-02
9.842211407358025799e-01 1.436650658957423082e-02
9.861866367508271836e-01 1.436476359920563564e-02
9.881540931638517211e-01 1.436325075322121732e-02
9.901235099748764146e-01 1.436196875839032203e-02
9.920948871839012639e-01 1.436091832021012434e-02
9.940682247909260472e-01 1.436010014288546452e-02
9.960435227959509863e-01 1.435951492930860260e-02
9.980207811989759703e-01 1.435916338103888218e-02
1.000000000000000666e+00 1.435904619828230755e-02
