0.000000000000000000e+00 6.618676601737127907e-02
2.078119897502626434e-05 6.270050482550934556e-02
4.352279595010249372e-05 5.924035658640463414e-02
6.822479092522875592e-05 5.589959657073303306e-02
9.488718390040502381e-05 5.276802368453099856e-02
1.235099748756312839e-04 4.992340383045150431e-02
1.540931638509075632e-04 4.742339872596281619e-02
1.866367508262337669e-04 4.530015081663905235e-02
2.211407358016100034e-04 4.355822831828518038e-02
2.576051187770363269e-04 4.217692717917684991e-02
2.960298997525126832e-04 4.111655871958075359e-02
3.364150787280388555e-04 4.032676367242545717e-02
3.787606557036150606e-04 3.975408307429268567e-02
4.230666306792412444e-04 3.934767100675793522e-02
4.693330036549174067e-04 3.906252166388285429e-02
5.175597746306437102e-04 3.886034385738579983e-02
5.677469436064200466e-04 3.870849106014102176e-02
6.198945105822462531e-04 3.857720838700447186e-02
6.740024755581224382e-04 3.844094344164347699e-02
7.300708385340486020e-04 3.829975385880154265e-02
7.880995995100251780e-04 3.815364400786153826e-02
8.480887584860512989e-04 3.800261894231474202e-02
9.100383154621275068e-04 3.784668445406107196e-02
9.739482704382536934e-04 3.768584712938716219e-02
1.039818623414429750e-03 3.752011440658895719e-02
1.107649374390655894e-03 3.734949463520181173e-02
1.177440523366932558e-03 3.717399713679669232e-02
1.249192070343258659e-03 3.699363226729660004e-02
1.322904015319634847e-03 3.680841148076300501e-02
1.398576358296060905e-03 3.661834739459664256e-02
1.476209099272537051e-03 3.642345385609207370e-02
1.555802238249063716e-03 3.622374601028002794e-02
1.637355775225640036e-03 3.601924036898530856e-02
1.720869710202266008e-03 3.580995488102268337e-02
1.806344043178942285e-03 3.559590900344633546e-02
1.893778774155669082e-03 3.537712377376221046e-02
1.983173903132445098e-03 3.515362188300572011e-02
2.074529430109271419e-03 3.492542774958042745e-02
2.167845355086147393e-03 3.469256759374561572e-02
2.263121678063073454e-03 3.445506951263384993e-02
2.360358399040050469e-03 3.421296355567137598e-02
2.459555518017076271e-03 3.396628180026668026e-02
2.560713034994152593e-03 3.371505842762437949e-02
2.663830949971278568e-03 3.345932979853342287e-02
2.768909262948454630e-03 3.319913452897038653e-02
2.875947973925680780e-03 3.293451356534996682e-02
2.984947082902957450e-03 3.266551025924668838e-02
3.095906589880283773e-03 3.239217044140275947e-02
3.208826494857659750e-03 3.211454249482902784e-02
3.323706797835085814e-03 3.183267742679685153e-02
3.440547498812561965e-03 3.154662893951074021e-02
3.559348597790088636e-03 3.125645349924281724e-02
3.680110094767664961e-03 3.096221040370202016e-02
3.802831989745290939e-03 3.066396184740298805e-02
3.927514282722965704e-03 3.036177298479151784e-02
4.054156973700691856e-03 3.005571199087598080e-02
4.182760062678468095e-03 2.974585011910689872e-02
4.313323549656295289e-03 2.943226175623989138e-02
4.445847434634171702e-03 2.911502447391090334e-02
4.580331717612097335e-03 2.879421907664660163e-02
4.716776398590073922e-03 2.846992964602761134e-02
4.855181477568099729e-03 2.814224358071745064e-02
4.995546954546175623e-03 2.781125163206605092e-02
5.137872829524301604e-03 2.747704793499352802e-02
5.282159102502477672e-03 2.713973003385744542e-02
5.428405773480703828e-03 2.679939890300533575e-02
5.576612842458980070e-03 2.645615896171370218e-02
5.726780309437305531e-03 2.611011808321531125e-02
5.878908174415681948e-03 2.576138759751818094e-02
6.032996437394107583e-03 2.541008228772257890e-02
6.189045098372585908e-03 2.505632037954642899e-02
6.347054157351111718e-03 2.470022352377497510e-02
6.507023614329687615e-03 2.434191677135739279e-02
6.668953469308313599e-03 2.398152854088133126e-02
6.832843722286989670e-03 2.361919057816622494e-02
6.998694373265715828e-03 2.325503790772754167e-02
7.166505422244492073e-03 2.288920877587726291e-02
7.336276869223317537e-03 2.252184458524047680e-02
7.508008714202193956e-03 2.215308982048449019e-02
7.681700957181119595e-03 2.178309196507493065e-02
7.857353598160098790e-03 2.141200140889337050e-02
8.034966637139125470e-03 2.103997134657257725e-02
8.214540074118200502e-03 2.066715766642926097e-02
8.396073909097327356e-03 2.029371882989926615e-02
8.579568142076502563e-03 1.991981574140752262e-02
8.765022773055727856e-03 1.954561160863389421e-02
8.952437802035004971e-03 1.917127179316660546e-02
9.141813229014330439e-03 1.879696365156748733e-02
9.333149053993705993e-03 1.842285636690705469e-02
9.526445276973131635e-03 1.804912077086308006e-02
9.721701897952607363e-03 1.767592915651326410e-02
9.918918916932136648e-03 1.730345508199107943e-02
1.011809633391171255e-02 1.693187316521341246e-02
1.031923414889133854e-02 1.656135886992941147e-02
1.052233236187101462e-02 1.619208828338182179e-02
1.072739097285074078e-02 1.582423788591443350e-02
1.093440998183051703e-02 1.545798431290272036e-02
1.114338938881034163e-02 1.509350410942823274e-02
1.135432919379021806e-02 1.473097347816132094e-02
1.156722939677014457e-02 1.437056802096065011e-02
1.178208999775011943e-02 1.401246247474170932e-02
1.199891099673014612e-02 1.365683044220976881e-02
1.221769239371022463e-02 1.330384411809531001e-02
1.243843418869035149e-02 1.295367401157149906e-02
1.266113638167052670e-02 1.260648866557355537e-02
1.288579897265075200e-02 1.226245437377865982e-02
1.311242196163102738e-02 1.192173489604188112e-02
1.334100534861135459e-02 1.158449117311841255e-02
1.357154913359173015e-02 1.125088104153465496e-02
1.380405331657215580e-02 1.092105894950030735e-02
1.403851789755263153e-02 1.059517567478007044e-02
1.427494287653315735e-02 1.027337804546679841e-02
1.451332825351373326e-02 9.955808664617434023e-03
1.475367402849436273e-02 9.642605639728692168e-03
1.499598020147503881e-02 9.333902318040935425e-03
1.524024677245576498e-02 9.029827028665653871e-03
1.548647374143653950e-02 8.730502832534353316e-03
1.573466110841736931e-02 8.436047281164104489e-03
1.598480887339824227e-02 8.146572185227374599e-03
1.623691703637917053e-02 7.862183393900979561e-03
1.649098559736014366e-02 7.582980585950695532e-03
1.674701455634117209e-02 7.309057073484408543e-03
1.700500391332224540e-02 7.040499619277415348e-03
1.726495366830337400e-02 6.777388268538624139e-03
1.752686382128455442e-02 6.519796195945958689e-03
1.779073437226577625e-02 6.267789568733333171e-03
1.805656532124705685e-02 6.021427426560046169e-03
1.832435666822837886e-02 5.780761578836760353e-03
1.859410841320975616e-02 5.545836520120213560e-03
1.886582055619118528e-02 5.316689364122001091e-03
1.913949309717265929e-02 5.093349796805179616e-03
1.941512603615418858e-02 4.875840048966514212e-03
1.969271937313575929e-02 4.664174888622245330e-03
1.997227310811738876e-02 4.458361633431670058e-03
2.025378724109906312e-02 4.258400183306047283e-03
2.053726177208079276e-02 4.064283073260833296e-03
2.082269670106256382e-02 3.875995546477562989e-03
2.111009202804439364e-02 3.693515647448293842e-03
2.139944775302626487e-02 3.516814334981098467e-03
2.169076387600819486e-02 3.345855614750113671e-03
2.198404039699017321e-02 3.180596690978858276e-03
2.227927731597219643e-02 3.020988136751500807e-03
2.257647463295427495e-02 2.866974082354142601e-03
2.287563234793639835e-02 2.718492420957686114e-03
2.317675046091857705e-02 2.575475030866086409e-03
2.347982897190080062e-02 2.437848013469445015e-03
2.378486788088307949e-02 2.305531945961091130e-03
2.409186718786539977e-02 2.178442147802198484e-03
2.440082689284778228e-02 2.056488959847121902e-03
2.471174699583020273e-02 1.939578034978183289e-03
2.502462749681268195e-02 1.827610639040524619e-03
2.533946839579521298e-02 1.720483960816462064e-03
2.565626969277778543e-02 1.618091429734894691e-03
2.597503138776041318e-02 1.520323039975190332e-03
2.629575348074308580e-02 1.427065679596885425e-03
2.661843597172581372e-02 1.338203463306803778e-03
2.694307886070858651e-02 1.253618067463994207e-03
2.726968214769141807e-02 1.173189065920371421e-03
2.759824583267428758e-02 1.096794265301164611e-03
2.792876991565721931e-02 1.024310038344243209e-03
2.826125439664019939e-02 9.556116539409898825e-04
2.859569927562322089e-02 8.905736025534914495e-04
2.893210455260630115e-02 8.290699157231642752e-04
2.927047022758941935e-02 7.709744784342299588e-04
2.961079630057259979e-02 7.161613331513121909e-04
2.995308277155582163e-02 6.645049744134080404e-04
3.029732964053910224e-02 6.158806329360697312e-04
3.064353690752242426e-02 5.701645482492519439e-04
3.099170457250580504e-02 5.272342289793159912e-04
3.134183263548922377e-02 4.869686999694472084e-04
3.169392109647270472e-02 4.492487355225427393e-04
3.204796995545623056e-02 4.139570781437017493e-04
3.240397921243980128e-02 3.809786422550347695e-04
3.276194886742343076e-02 3.502007024528076200e-04
3.312187892040710513e-02 3.215130659751566492e-04
3.348376937139083825e-02 2.948082291469450444e-04
3.384762022037460932e-02 2.699815176659907780e-04
3.421343146735843915e-02 2.469312106911035996e-04
3.458120311234230693e-02 2.255586487863695422e-04
3.495093515532624040e-02 2.057683258671947181e-04
3.532262759631021182e-02 1.874679653810881926e-04
3.569628043529424199e-02 1.705685810393834745e-04
3.607189367227831706e-02 1.549845224944973400e-04
3.644946730726244394e-02 1.406335064303687035e-04
3.682900134024662264e-02 1.274366336009565362e-04
3.721049577123083929e-02 1.153183924127051230e-04
3.759395060021512164e-02 1.042066497013845140e-04
3.797936582719944193e-02 9.403262940143502016e-05
3.836674145218382098e-02 8.473087984670544506e-05
3.875607747516824492e-02 7.623923047517448099e-05
3.914737389615272761e-02 6.849873873685175451e-05
3.954063071513724825e-02 6.145362802361009527e-05
3.993584793212182765e-02 5.505121745231513869e-05
4.033302554710645887e-02 4.924184433846745437e-05
4.073216356009112804e-02 4.397878019689532776e-05
4.113326197107585597e-02 3.921814109912713617e-05
4.153632078006062878e-02 3.491879320427916899e-05
4.194133998704546035e-02 3.104225426200929320e-05
4.234831959203032986e-02 2.755259186274250800e-05
4.275725959501525814e-02 2.441631918243572543e-05
4.316815999600023129e-02 2.160228893710759504e-05
4.358102079498526321e-02 1.908158622672572109e-05
4.399584199197033307e-02 1.682742090934037803e-05
4.441262358695546170e-02 1.481502010510986442e-05
4.483136557994064214e-02 1.302152138660434789e-05
4.525206797092586747e-02 1.142586716702269134e-05
4.567473075991114462e-02 1.000870075221634976e-05
4.609935394689646665e-02 8.752264476173707327e-06
4.652593753188184744e-02 7.640300293340949013e-06
4.695448151486726618e-02 6.657953155277463471e-06
4.738498589585275061e-02 5.791677454068781319e-06
4.781745067483826606e-02 5.029146771017017942e-06
4.825187585182384720e-02 4.359167126729404728e-06
4.868826142680946628e-02 3.771593888121991678e-06
4.912660739979515107e-02 3.257252449300131636e-06
4.956691377078088073e-02 2.807862766981206010e-06
5.000918053976664834e-02 2.415967797258769204e-06
5.045340770675248165e-02 2.074865849201503977e-06
5.089959527173835291e-02 1.778546842126944067e-06
5.134774323472428292e-02 1.521632427443525473e-06
5.179785159571025088e-02 1.299319912734914388e-06
5.224992035469628454e-02 1.107329905254951970e-06
5.270394951168235614e-02 9.418575741672985152e-07
5.315993906666848651e-02 7.995274156315517424e-07
5.361788901965465481e-02 6.773513921141109361e-07
5.407779937064088882e-02 5.726903069737564082e-07
5.453967011962716771e-02 4.832182673080261471e-07
5.500350126661349148e-02 4.068900821022375043e-07
5.546929281159986708e-02 3.419114387429058082e-07
5.593704475458628755e-02 2.867116987781320809e-07
5.640675709557277373e-02 2.399191532612216704e-07
5.687842983455929091e-02 2.003385789302356000e-07
5.735206297154587379e-02 1.669309386856279218e-07
5.782765650653248768e-02 1.387950731634932604e-07
5.830521043951917420e-02 1.151512345007724810e-07
5.878472477050590561e-02 9.532631849492909832e-08
5.926619949949267496e-02 7.874065712579221777e-08
5.974963462647950307e-02 6.489623969212774151e-08
6.023503015146637607e-02 5.336623749059803767e-08
6.072238607445330782e-02 4.378571391121886429e-08
6.121170239544027752e-02 3.584340893332361789e-08
6.170297911442730598e-02 2.927449418270292877e-08
6.219621623141437933e-02 2.385420186852064874e-08
6.269141374640151143e-02 1.939223798337717922e-08
6.318857165938866760e-02 1.572789705779228098e-08
6.368768997037589641e-02 1.272580245798187270e-08
6.418876867936318398e-02 1.027220265940086648e-08
6.469180778635051643e-02 8.271760083489187955e-09
6.519680729133789376e-02 6.644774925137713079e-09
6.570376719432530210e-02 5.324791904958800906e-09
6.621268749531278308e-02 4.256543041729438374e-09
6.672356819430030894e-02 3.394184350675201167e-09
6.723640929128789356e-02 2.699788832184261604e-09
6.775121078627552307e-02 2.142062227236346303e-09
6.826797267926318358e-02 1.695251788286412876e-09
6.878669497025091673e-02 1.338221758690683043e-09
6.930737765923869476e-02 1.053672383653563290e-09
6.983002074622653155e-02 8.274821066919104576e-10
7.035462423121441322e-02 6.481551547488293880e-10
7.088118811420231202e-02 5.063590002697659198e-10
7.140971239519029734e-02 3.945382282282482891e-10
7.194019707417832754e-02 3.065931488705415811e-10
7.247264215116641650e-02 2.376131013108769833e-10
7.300704762615452259e-02 1.836558071317112761e-10
7.354341349914270132e-02 1.415653743080561615e-10
7.408173977013092493e-02 1.088226368028305885e-10
7.462202643911922118e-02 8.342245991161596435e-11
7.516427350610754843e-02 6.377346074304847025e-11
7.570848097109590669e-02 4.861630095629394104e-11
7.625464883408433758e-02 3.695731784083334142e-11
7.680277709507281336e-02 2.801478176274589813e-11
7.735286575406134790e-02 2.117551362188826506e-11
7.790491481104989957e-02 1.595997496078991751e-11
7.845892426603853775e-02 1.199426446399736289e-11
7.901489411902722082e-02 8.987725592100719185e-12
7.957282437001594877e-02 6.715097951581339474e-12
8.013271501900470772e-02 5.002335852490019526e-12
8.069456606599353932e-02 3.715376755292045094e-12
8.125837751098241579e-02 2.751274686127963160e-12
8.182414935397135103e-02 2.031223324897166065e-12
8.239188159496033115e-02 1.495083911174141523e-12
8.296157423394934227e-02 1.097107445059154174e-12
8.353322727093842603e-02 8.026015225435131975e-13
8.410684070592755468e-02 5.853417908810527202e-13
8.468241453891674209e-02 4.255683533401421160e-13
8.525994876990593274e-02 3.084401138707510740e-13
8.583944339889522379e-02 2.228463939465425291e-13
8.642089842588455972e-02 1.604963186412730489e-13
8.700431385087394054e-02 1.152234100248942209e-13
8.758968967386336624e-02 8.245633483024635341e-14
8.817702589485282294e-02 5.881748456737036586e-14
8.876632251384235228e-02 4.181955862529787559e-14
8.935757953083194038e-02 2.963701594811038435e-14
8.995079694582157337e-02 2.093451888346831791e-14
9.054597475881122348e-02 1.473860646691429694e-14
9.114311296980096011e-02 1.034204047032899309e-14
9.174221157879074162e-02 7.232756675362187556e-15
9.234327058578056802e-02 5.041278927102447573e-15
9.294628999077042542e-02 3.501936657094635219e-15
9.355126979376035545e-02 2.424364791236814919e-15
9.415820999475034425e-02 1.672635104975417115e-15
9.476711059374037793e-02 1.150030712728300826e-15
9.537797159073045650e-02 7.879780088329132260e-16
9.599079298572055219e-02 5.380301567131544957e-16
9.660557477871074827e-02 3.660820547579647040e-16
9.722231696970097536e-02 2.482109871148953268e-16
9.784101955869126122e-02 1.676971741300380892e-16
9.846168254568156419e-02 1.128974448948936392e-16
9.908430593067193981e-02 7.573341769720971755e-17
9.970888971366237419e-02 5.062062768017259651e-17
1.003354338946528534e-01 3.371285089294318386e-17
1.009639384736433915e-01 2.237087029176833874e-17
1.015944034506339466e-01 1.479044340806240055e-17
1.022268288256245744e-01 9.742757594038547952e-18
1.028612145986152610e-01 6.394056512967601576e-18
1.034975607696059924e-01 4.180771218817820536e-18
1.041358673385967409e-01 2.723411021880630027e-18
1.047761343055875760e-01 1.767414201563122193e-18
1.054183616705784560e-01 1.142676684732429823e-18
1.060625494335693947e-01 7.359694591864748692e-19
1.067086975945603783e-01 4.722143220143478811e-19
1.073568061535513790e-01 3.018234637198339812e-19
1.080068751105424663e-01 1.921732264855397784e-19
1.086589044655335984e-01 1.218850314127894848e-19
1.093128942185247754e-01 7.700466868399033776e-20
1.099688443695159834e-01 4.846012462426217782e-20
1.106267549185072641e-01 3.037696588628510589e-20
1.112866258654986035e-01 1.896654742671692216e-20
1.119484572104899878e-01 1.179526845748388151e-20
1.126122489534813753e-01 7.306252785041290240e-21
1.132780010944728633e-01 4.507549927546076483e-21
1.139457136334643961e-01 2.769727696447787926e-21
1.146153865704559877e-01 1.695024517337835148e-21
1.152870199054476102e-01 1.033115796165869771e-21
1.159606136384392638e-01 6.271159834039573177e-22
1.166361677694310039e-01 3.791092238662853246e-22
1.173136822984227889e-01 2.282391958884895306e-22
1.179931572254146188e-01 1.368413361121989794e-22
1.186745925504064658e-01 8.170288802930316947e-23
1.193579882733983993e-01 4.857830779805371948e-23
1.200433443943903777e-01 2.876233217907675532e-23
1.207306609133824149e-01 1.695799282188931044e-23
1.214199378303744969e-01 9.956010524772636808e-24
1.221111751453665961e-01 5.820345138305317859e-24
1.228043728583587818e-01 3.388102865473233200e-24
1.234995309693510124e-01 1.963816413259602115e-24
1.241966494783433017e-01 1.133375057357577717e-24
1.248957283853355943e-01 6.512787797417967805e-25
1.255967676903279873e-01 3.726256870885519062e-25
1.262997673933204390e-01 2.122674177741205900e-25
1.270047274943129079e-01 1.203900786459221983e-25
1.277116479933054216e-01 6.798091923527314117e-26
1.284205288902980080e-01 3.821769845557486939e-26
1.291313701852906393e-01 2.139022768999407973e-26
1.298441718782833154e-01 1.191878312814738120e-26
1.305589339692760642e-01 6.611596513517058206e-27
1.312756564582688024e-01 3.651161100430392596e-27
1.319943393452616409e-01 2.007235026343368682e-27
1.327149826302545244e-01 1.098500899105503963e-27
1.334375863132474527e-01 5.984529074825240752e-28
1.341621503942403981e-01 3.245483243028367858e-28
1.348886748732334440e-01 1.752028120532080003e-28
1.356171597502265069e-01 9.414724312622151884e-29
1.363476050252196425e-01 5.035835492454616052e-29
1.370800106982128508e-01 2.681176780980780706e-29
1.378143767692060206e-01 1.420895003186974733e-29
1.385507032381993187e-01 7.495037639668966527e-30
1.392889901051926616e-01 3.935080800438783142e-30
1.400292373701860493e-01 2.056336791083661268e-30
1.407714450331794265e-01 1.069518701815056923e-30
1.415156130941729040e-01 5.536418324630592241e-31
1.422617415531664542e-01 2.852388395403107247e-31
1.430098304101600493e-01 1.462583223436428613e-31
1.437598796651536337e-01 7.463759440853050937e-32
1.445118893181473185e-01 3.790642240860672687e-32
1.452658593691410482e-01 1.915927728166815268e-32
1.460217898181348506e-01 9.637173871007953611e-33
1.467796806651286701e-01 4.824114902149576108e-33
1.475395319101225067e-01 2.403123801909615871e-33
1.483013435531164437e-01 1.191292533662242025e-33
1.490651155941104256e-01 5.876757020394436583e-34
1.498308480331044801e-01 2.884877674147040185e-34
1.505985408700985240e-01 1.409226442311107968e-34
1.513681941050926405e-01 6.850011246138457782e-35
1.521398077380868297e-01 3.313235916699822266e-35
1.529133817690810637e-01 1.594621132663345950e-35
1.536889161980753704e-01 7.636604525978630046e-36
1.544664110250696387e-01 3.638935164316115447e-36
1.552458662500640352e-01 1.725334147313413572e-36
1.560272818730584765e-01 8.139368327489669178e-37
1.568106578940529627e-01 3.820502792371850634e-37
1.575959943130474383e-01 1.784253178343005691e-37
1.583832911300420421e-01 8.290723445589523439e-38
1.591725483450366629e-01 3.832853992490324658e-38
1.599637659580313565e-01 1.762949930920651225e-38
1.607569439690260948e-01 8.067510632362846830e-39
1.615520823780208504e-01 3.672950232076528142e-39
1.623491811850156785e-01 1.663644722885285898e-39
1.631482403900105516e-01 7.496703693473559993e-40
1.639492599930054972e-01 3.360768090203806306e-40
1.647522399940004323e-01 1.498854455693528602e-40
1.655571803929954677e-01 6.650088638303638940e-41
1.663640811899905481e-01 2.935194234000591111e-41
1.671729423849857010e-01 1.288789953374170718e-41
1.679837639779808434e-01 5.629344440494399091e-42
1.687965459689760583e-01 2.446011208209058048e-42
1.696112883579713460e-01 1.057252241271381894e-42
1.704279911449667062e-01 4.545828069573245610e-43
1.712466543299620836e-01 1.944268958391280334e-43
1.720672779129574781e-01 8.271864390696889097e-44
1.728898618939529452e-01 3.500652778167615884e-44
1.737144062729484850e-01 1.473628900783339501e-44
1.745409110499440697e-01 6.170433031709880813e-45
1.753693762249396715e-01 2.569961326596605244e-45
1.761998017979353459e-01 1.064672498379021933e-45
1.770321877689310930e-01 4.387115989580199161e-46
1.778665341379268849e-01 1.798088315424894183e-46
1.787028409049227218e-01 7.330050885862899112e-47
1.795411080699185480e-01 2.972092591505998668e-47
1.803813356329145023e-01 1.198594888047243542e-47
1.812235235939104738e-01 4.807648107750280985e-48
1.820676719529065180e-01 1.917955705240070349e-48
1.829137807099025514e-01 7.610017706299785004e-49
1.837618498648986853e-01 3.003098373183161690e-49
1.846118794178948919e-01 1.178652850946312296e-49
1.854638693688911155e-01 4.600769205610108541e-50
1.863178197178873563e-01 1.786071960374472149e-50
1.871737304648836975e-01 6.895841475705784409e-51
1.880316016098800835e-01 2.647837337088692777e-51
1.888914331528765145e-01 1.011130043872824831e-51
1.897532250938729903e-01 3.839993002169592320e-52
1.906169774328694833e-01 1.450299313077749873e-52
1.914826901698660766e-01 5.447343794748176690e-53
1.923503633048627148e-01 2.034736012585603098e-53
1.932199968378593979e-01 7.558293747960390584e-54
1.940915907688560982e-01 2.792082180822096665e-54
1.949651450978528711e-01 1.025693848256703172e-54
1.958406598248497166e-01 3.747044717966358037e-55
1.967181349498466070e-01 1.361250591492564515e-55
1.975975704728435423e-01 4.917698919612002945e-56
1.984789663938404669e-01 1.766676650970497908e-56
1.993623227128375197e-01 6.311319571432842332e-57
2.002476394298345896e-01 2.242063928693147814e-57
2.011349165448317322e-01 7.920221754103424766e-58
2.020241540578288642e-01 2.782179145237599835e-58
2.029153519688260965e-01 9.718252326903079401e-59
2.038085102778234015e-01 3.375542437947944281e-59
2.047036289848207236e-01 1.165865217521484389e-59
2.056007080898180628e-01 4.004051009002617651e-60
2.064997475928155024e-01 1.367396644229005237e-60
2.074007474938129869e-01 4.643338022317187891e-61
2.083037077928105441e-01 1.567849104065274922e-61
2.092086284898081183e-01 5.263974100747886098e-62
2.101155095848057097e-01 1.757341450483196550e-62
2.110243510778034015e-01 5.833496690305477255e-63
2.119351529688011382e-01 1.925438617513723090e-63
2.128479152577989197e-01 6.319109825531563227e-64
2.137626379447967184e-01 2.062078881998933011e-64
2.146793210297945897e-01 6.690760622614601720e-65
2.155979645127925337e-01 2.158560945938287329e-65
2.165185683937905226e-01 6.924199309107076264e-66
2.174411326727885563e-01 2.208457783528119490e-66
2.183656573497865794e-01 7.003592541661756636e-67
2.192921424247847306e-01 2.208324337325084773e-67
2.202205878977829268e-01 6.923299338717436400e-68
2.211509937687811678e-01 2.158090864681146577e-68
2.220833600377793982e-01 6.688532922274220304e-69
2.230176867047777289e-01 2.061079545289138973e-69
2.239539737697761046e-01 6.314800730831506720e-70
2.248922212327745529e-01 1.923640395439349754e-70
2.258324290937730461e-01 5.826206185024303451e-71
2.267745973527715286e-01 1.754462027863092841e-71
2.277187260097701116e-01 5.252871190322067625e-72
2.286648150647687394e-01 1.563661459939486008e-72
2.296128645177674399e-01 4.627863254810944062e-73
2.305628743687661297e-01 1.361785685417066918e-73
2.315148446177649200e-01 3.984062867145789086e-74
2.324687752647637551e-01 1.158861502132204930e-74
2.334246663097626351e-01 3.351379740168091222e-75
2.343825177527615322e-01 9.636101483886732361e-76
2.353423295937605020e-01 2.754632286851133503e-76
2.363041018327595444e-01 7.829056355500885349e-77
2.372678344697586317e-01 2.212268056745221447e-77
2.382335275047577638e-01 6.215093966913095953e-78
2.392011809377569131e-01 1.735954748553163143e-78
2.401707947687561351e-01 4.820688076674587000e-79
2.411423689977554297e-01 1.330941058885922273e-79
2.421159036247547691e-01 3.653314461170158310e-80
2.430913986497540979e-01 9.969951842044048188e-81
2.440688540727535549e-01 2.705055728440854935e-81
2.450482698937530290e-01 7.296858986688671071e-82
2.460296461127525758e-01 1.956914038697548207e-82
2.470129827297521674e-01 5.217748344642538762e-83
2.479982797447517484e-01 1.383151232984209492e-83
2.489855371577514298e-01 3.645280804088599613e-84
2.499747549687511561e-01 9.551393981442494938e-85
2.509659331777509550e-01 2.488150793316262212e-85
2.519590717847506878e-01 6.444074671189526289e-86
2.529541707897505765e-01 1.659274236381743744e-86
2.539512301927505100e-01 4.247656306169193286e-87
2.549502499937504885e-01 1.081070612936797149e-87
2.559512301927505673e-01 2.735471496548913608e-88
2.569541707897506355e-01 6.881510148030878164e-89
2.579590717847507486e-01 1.721110597577011499e-89
2.589659331777509621e-01 4.279641046140017538e-90
2.599747549687512205e-01 1.057985151803330189e-90
2.609855371577514682e-01 2.600313010369911066e-91
2.619982797447518164e-01 6.353978199554084023e-92
2.630129827297520984e-01 1.543618934013238504e-92
2.640296461127525363e-01 3.728284542792505577e-93
2.650482698937530190e-01 8.952676951769429785e-94
2.660688540727535467e-01 2.137332361842878095e-94
2.670913986497541748e-01 5.073023908102110567e-95
2.681159036247547922e-01 1.197120620778118021e-95
2.691423689977554545e-01 2.808572020635637759e-96
2.701707947687562172e-01 6.551042305316778690e-97
2.712011809377570248e-01 1.519193182888817312e-97
2.722335275047577108e-01 3.502627673889474919e-98
2.732678344697586081e-01 8.028861580338725477e-99
2.743041018327595504e-01 1.829758107376542641e-99
2.753423295937605375e-01 4.145852339902110791e-100
2.763825177527615695e-01 9.339318457638880501e-101
2.774246663097627019e-01 2.091695895960518453e-101
2.784687752647638237e-01 4.657627440192530192e-102
2.795148446177649904e-01 1.031132950041383443e-102
2.805628743687662574e-01 2.269599400507287265e-103
2.816128645177674028e-01 4.966715913309422383e-104
2.826648150647687596e-01 1.080627410436893046e-104
2.837187260097701613e-01 2.337600006259158968e-105
2.847745973527716079e-01 5.027510987500197148e-106
2.858324290937730994e-01 1.075042283613527594e-106
2.868922212327746357e-01 2.285540216510461102e-107
2.879539737697762170e-01 4.831079000143704305e-108
2.890176867047778431e-01 1.015295686629111192e-108
2.900833600377795141e-01 2.121462134694296019e-109
2.911509937687811744e-01 4.407310143768273953e-110
2.922205878977829352e-01 9.103508479843705756e-111
2.932921424247847964e-01 1.869571824511709139e-111
2.943656573497866469e-01 3.817464517032017836e-112
2.954411326727885978e-01 7.750125430996509346e-113
2.965185683937905936e-01 1.564388870084924648e-113
2.975979645127926343e-01 3.139672817288722408e-114
2.986793210297947199e-01 6.265117383709941190e-115
2.997626379447967393e-01 1.243027277292890990e-115
3.008479152577989146e-01 2.452111671199553482e-116
3.019351529688011904e-01 4.809606082586925863e-117
3.030243510778034555e-01 9.379723090311250867e-118
3.041155095848058210e-01 1.818793385202327419e-118
3.052086284898081758e-01 3.506639944887998936e-119
3.063037077928106311e-01 6.722256715290804449e-120
3.074007474938131312e-01 1.281317606605180424e-120
3.084997475928156763e-01 2.428387427119275577e-121
3.096007080898180996e-01 4.576151184892158100e-122
3.107036289848207899e-01 8.574438879909540048e-123
3.118085102778234696e-01 1.597481307472374163e-123
3.129153519688261942e-01 2.959323149120386319e-124
3.140241540578289636e-01 5.451014671746383973e-125
3.151349165448318335e-01 9.983722713610012665e-126
3.162476394298346927e-01 1.818191989193216552e-126
3.173623227128376523e-01 3.292463222007781761e-127
3.184789663938406568e-01 5.928406892713785253e-128
3.195975704728435396e-01 1.061433746670564989e-128
3.207181349498466338e-01 1.889676905855889571e-129
3.218406598248497730e-01 3.345214556242846878e-130
3.229651450978529570e-01 5.888492975892268002e-131
3.240915907688562414e-01 1.030694906291865878e-131
3.252199968378595152e-01 1.793923535820248153e-132
3.263503633048628338e-01 3.104757037816884559e-133
3.274826901698662529e-01 5.343222904714026215e-134
3.286169774328696613e-01 9.143933274314407091e-135
3.297532250938730591e-01 1.556033750313370715e-135
3.308914331528765573e-01 2.633075598665233464e-136
3.320316016098801559e-01 4.430657278068522912e-137
3.331737304648837994e-01 7.413711483234192820e-138
3.343178197178874878e-01 1.233582206565174535e-138
3.354638693688912210e-01 2.041115689978573251e-139
3.366118794178950546e-01 3.358431456304210345e-140
3.377618498648988776e-01 5.495117098359935684e-141
3.389137807099027455e-01 8.941106684247815777e-142
3.400676719529066028e-01 1.446710888989969954e-142
3.412235235939105604e-01 2.327826850332827774e-143
3.423813356329146185e-01 3.724777741566400284e-144
3.435411080699187214e-01 5.926975802654827261e-145
3.447028409049228137e-01 9.378888973076383743e-146
3.458665341379270064e-01 1.475901755550918766e-146
3.470321877689312440e-01 2.309690017719031112e-147
3.481998017979355819e-01 3.594533479339215205e-148
3.493693762249399093e-01 5.563221666147842484e-149
3.505409110499441705e-01 8.562638621927448698e-150
3.517144062729485876e-01 1.310656005569501754e-150
3.528898618939531051e-01 1.995134297149555072e-151
3.540672779129576120e-01 3.020371175186758399e-152
3.552466543299622193e-01 4.547322402663490484e-153
3.564279911449668714e-01 6.808648484981323629e-154
3.576112883579715684e-01 1.013860770885764475e-154
3.587965459689763104e-01 1.501448637364235804e-155
3.599837639779809306e-01 2.211362409258761529e-156
3.611729423849858178e-01 3.239136026179578222e-157
3.623640811899906944e-01 4.718683209581055823e-158
3.635571803929956158e-01 6.836556246942636228e-159
3.647522399940006377e-01 9.851026065841013275e-160
3.659492599930056489e-01 1.411742980949439298e-160
3.671482403900107605e-01 2.012159916084782155e-161
3.683491811850159170e-01 2.852362001343765458e-162
3.695520823780210629e-01 4.021468767226078341e-163
3.707569439690261981e-01 5.639041528644017783e-164
3.719637659580314892e-01 7.864462695289378354e-165
3.731725483450368253e-01 1.090884163133422358e-165
3.743832911300422062e-01 1.505000653859681464e-166
3.755959943130476320e-01 2.065122773077346845e-167
3.768106578940531581e-01 2.818440506863732362e-168
3.780272818730586737e-01 3.825853700278928900e-169
3.792458662500642896e-01 5.165436495867262891e-170
3.804664110250698950e-01 6.936614745422492537e-171
3.816889161980754896e-01 9.265155444543483353e-172
3.829133817690812402e-01 1.230906733508246709e-172
3.841398077380869802e-01 1.626550718477678711e-173
3.853681941050928206e-01 2.137877553962226776e-174
3.865985408700987613e-01 2.794946752118116078e-175
3.878308480331046915e-01 3.634481705695914302e-176
3.890651155941106665e-01 4.701023540533653291e-177
3.903013435531166864e-01 6.048199576619320006e-178
3.915395319101228067e-01 7.740095426740582360e-179
3.927796806651288053e-01 9.852712326469763439e-180
3.940217898181350153e-01 1.247548258962524283e-180
3.952658593691412148e-01 1.571280621988120131e-181
3.965118893181475146e-01 1.968556087781184782e-182
3.977598796651538593e-01 2.453252590832122574e-183
3.990098304101602489e-01 3.041164939973951922e-184
4.002617415531666833e-01 3.750107581907098241e-185
4.015156130941732182e-01 4.599984131327087116e-186
4.027714450331797424e-01 5.612813505589727854e-187
4.040292373701862005e-01 6.812701890763579075e-188
4.052889901051928145e-01 8.225749505342173549e-189
4.065507032381995289e-01 9.879881308826921558e-190
4.078143767692062882e-01 1.180459151078088495e-190
4.090800106982130369e-01 1.403059304625676652e-191
4.103476050252198859e-01 1.658936515174447680e-192
4.116171597502267798e-01 1.951259483240341176e-193
4.128886748732337186e-01 2.283151135435029743e-194
4.141621503942407023e-01 2.657611688475060971e-195
4.154375863132476199e-01 3.077432095402770045e-196
4.167149826302546933e-01 3.545099139979173929e-197
4.179943393452618672e-01 4.062693969680245145e-198
4.192756564582690304e-01 4.631786386472841582e-199
4.205589339692762940e-01 5.253327722288789999e-200
4.218441718782836025e-01 5.927545584934620386e-201
4.231313701852909004e-01 6.653844140784162667e-202
4.244205288902982987e-01 7.430713873898499485e-203
4.257116479933056308e-01 8.255654900031395932e-204
4.270047274943131188e-01 9.125117894919626260e-205
4.282997673933206517e-01 1.003446650156123591e-205
4.295967676903282295e-01 1.097796470040630645e-206
4.308957283853359077e-01 1.194879205782450577e-207
4.321966494783435753e-01 1.293908901993717977e-208
4.334995309693513432e-01 1.394003350924404367e-209
4.348043728583591006e-01 1.494194903894640731e-210
4.361111751453669583e-01 1.593444342241102949e-211
4.374199378303746943e-01 1.690657596880290274e-212
4.387306609133826418e-01 1.784704987253062736e-213
4.400433443943906342e-01 1.874442537926389576e-214
4.413579882733986715e-01 1.958734830092007543e-215
4.426745925504067536e-01 2.036478760960382831e-216
4.439931572254149361e-01 2.106627521368513563e-217
4.453136822984231080e-01 2.168214064694171935e-218
4.466361677694313248e-01 2.220373331157255033e-219
4.479606136384396420e-01 2.262362512218997429e-220
4.492870199054478375e-01 2.293578690031879706e-221
4.506153865704562445e-01 2.313573265218052231e-222
4.519457136334646408e-01 2.322062689682316611e-223
4.532780010944731375e-01 2.318935145404218195e-224
4.546122489534816791e-01 2.304252949814675385e-225
4.559484572104903211e-01 2.278250617249631570e-226
4.572866258654989524e-01 2.241328657418260504e-227
4.586267549185076287e-01 2.194043339051106764e-228
4.599688443695163498e-01 2.137092783391658643e-229
4.613128942185250048e-01 2.071299872063852880e-230
4.626589044655338712e-01 1.997592552111348981e-231
4.640068751105427269e-01 1.916982193857405506e-232
4.653568061535516831e-01 1.830540702218576164e-233
4.667086975945606842e-01 1.739377098200004351e-234
4.680625494335697301e-01 1.644614274924457394e-235
4.694183616705788209e-01 1.547366593481624779e-236
4.707761343055879566e-01 1.448718921114116003e-237
4.721358673385971372e-01 1.349707631754634921e-238
4.734975607696062516e-01 1.251303991391932580e-239
4.748612145986155220e-01 1.154400243302491051e-240
4.762268288256248927e-01 1.059798596109319447e-241
4.775944034506342528e-01 9.682032060403258539e-243
4.789639384736437133e-01 8.802151383744319901e-244
4.803354338946532187e-01 7.963301959843422009e-245
4.817088897136627690e-01 7.169394184313382830e-246
4.830843059306723641e-01 6.423319856763719708e-247
4.844616825456818376e-01 5.727002076503155726e-248
4.858410195586915226e-01 5.081462452632187400e-249
4.872223169697012524e-01 4.486901896591464388e-250
4.886055747787110826e-01 3.942791236162065173e-251
4.899907929857209021e-01 3.447968003061884575e-252
4.913779715907308221e-01 3.000735980523590644e-253
4.927671105937407314e-01 2.598964428384083443e-254
4.941582099947507412e-01 2.240184305597673496e-255
4.955512697937607958e-01 1.921679258039161464e-256
4.969462899907707287e-01 1.640569608607246270e-257
4.983432705857808731e-01 1.393888054923484434e-258
4.997422115787910624e-01 1.178646228405784011e-259
5.011431129698012965e-01 9.918916818449729728e-261
5.025459747588115755e-01 8.307552393356656105e-262
5.039507969458218994e-01 6.924889548479037800e-263
5.053575795308323793e-01 5.744951798318512570e-264
5.067663225138427929e-01 4.743474352272870690e-265
5.081770258948532515e-01 3.898039210640197879e-266
5.095896896738636439e-01 3.188145816545068852e-267
5.110043138508743032e-01 2.595226819891365338e-268
5.124208984258848965e-01 2.102618482045107319e-269
5.138394433988955345e-01 1.695494893053865881e-270
5.152599487699063285e-01 1.360774561691427282e-271
5.166824145389171674e-01 1.087007144468961508e-272
5.181068407059279401e-01 8.642471691828075592e-274
5.195332272709388688e-01 6.839206399492058782e-275
5.209615742339498423e-01 5.386894333147322799e-276
5.223918815949606387e-01 4.223174486451065026e-277
5.238241493539717020e-01 3.295415907926587440e-278
5.252583775109828101e-01 2.559498602765820458e-279
5.266945660659939632e-01 1.978681190743545821e-280
5.281327150190051611e-01 1.522564948708766041e-281
5.295728243700164040e-01 1.166158837856178791e-282
5.310148941190276917e-01 8.890460727473222227e-284
5.324589242660390243e-01 6.746496589109873715e-285
5.339049148110504017e-01 5.095920150221934340e-286
5.353528657540617131e-01 3.831421979484296077e-287
5.368027770950731803e-01 2.867432536045460656e-288
5.382546488340846924e-01 2.136117144436213468e-289
5.397084809710962494e-01 1.584011526341535048e-290
5.411642735061079623e-01 1.169218830333008238e-291
5.426220264391196091e-01 8.590930976052392019e-293
5.440817397701314118e-01 6.283395446574408595e-294
5.455434134991431483e-01 4.574683543044005756e-295
5.470070476261550407e-01 3.315453822449596402e-296
5.484726421511667560e-01 2.391899518343398121e-297
5.499401970741787382e-01 1.717764626845773351e-298
5.514097123951906543e-01 1.228026973354169476e-299
5.528811881142027262e-01 8.739335879893499306e-301
5.543546242312148431e-01 6.191244755529515434e-302
5.558300207462270048e-01 4.366256769084831941e-303
5.573073776592392115e-01 3.065314664939746908e-304
5.587866949702514630e-01 2.142289097946496134e-305
5.602679726792635373e-01 1.490462466113834819e-306
5.617512107862758786e-01 1.032301800730456371e-307
5.632364092912882647e-01 7.117667902037439651e-309
5.647235681943006957e-01 4.885588298859681364e-310
5.662126874953131717e-01 3.338465056699513316e-311
5.677037671943258035e-01 2.271069015472255521e-312
5.691968072913383692e-01 1.538048609455653296e-313
5.706918077863509797e-01 1.036976313111130082e-314
5.721887686793637462e-01 6.960325673158480175e-316
5.736876899703762245e-01 4.650971442352013197e-317
5.751885716593890807e-01 3.093844014914344272e-318
5.766914137464018708e-01 2.050125397418252535e-319
5.781962162314148168e-01 1.341388228458984367e-320
5.797029791144278077e-01 0.000000000000000000e+00
5.812117023954407324e-01 0.000000000000000000e+00
5.827223860744538131e-01 0.000000000000000000e+00
5.842350301514669386e-01 0.000000000000000000e+00
5.857496346264799980e-01 0.000000000000000000e+00
5.872661994994931023e-01 0.000000000000000000e+00
5.887847247705062514e-01 0.000000000000000000e+00
5.903052104395195565e-01 0.000000000000000000e+00
5.918276565065329065e-01 0.000000000000000000e+00
5.933520629715463013e-01 0.000000000000000000e+00
5.948784298345597410e-01 0.000000000000000000e+00
5.964067570955732256e-01 0.000000000000000000e+00
5.979370447545868661e-01 0.000000000000000000e+00
5.994692928116004405e-01 0.000000000000000000e+00
6.010035012666138377e-01 0.000000000000000000e+00
6.025396701196276128e-01 0.000000000000000000e+00
6.040777993706413218e-01 0.000000000000000000e+00
6.056178890196550757e-01 0.000000000000000000e+00
6.071599390666689855e-01 0.000000000000000000e+00
6.087039495116828292e-01 0.000000000000000000e+00
6.102499203546968287e-01 0.000000000000000000e+00
6.117978515957107621e-01 0.000000000000000000e+00
6.133477432347248515e-01 0.000000000000000000e+00
6.148995952717387636e-01 0.000000000000000000e+00
6.164534077067529427e-01 0.000000000000000000e+00
6.180091805397671667e-01 0.000000000000000000e+00
6.195669137707813245e-01 0.000000000000000000e+00
6.211266073997956383e-01 0.000000000000000000e+00
6.226882614268099969e-01 0.000000000000000000e+00
6.242518758518244004e-01 0.000000000000000000e+00
6.258174506748388488e-01 0.000000000000000000e+00
6.273849858958533421e-01 0.000000000000000000e+00
6.289544815148676582e-01 0.000000000000000000e+00
6.305259375318823523e-01 0.000000000000000000e+00
6.320993539468969802e-01 0.000000000000000000e+00
6.336747307599116530e-01 0.000000000000000000e+00
6.352520679709263707e-01 0.000000000000000000e+00
6.368313655799411332e-01 0.000000000000000000e+00
6.384126235869560517e-01 0.000000000000000000e+00
6.399958419919709041e-01 0.000000000000000000e+00
6.415810207949856903e-01 0.000000000000000000e+00
6.431681599960007434e-01 0.000000000000000000e+00
6.447572595950157304e-01 0.000000000000000000e+00
6.463483195920308733e-01 0.000000000000000000e+00
6.479413399870459500e-01 0.000000000000000000e+00
6.495363207800611827e-01 0.000000000000000000e+00
6.511332619710764602e-01 0.000000000000000000e+00
6.527321635600916716e-01 0.000000000000000000e+00
6.543330255471070389e-01 0.000000000000000000e+00
6.559358479321222291e-01 0.000000000000000000e+00
6.575406307151376861e-01 0.000000000000000000e+00
6.591473738961531881e-01 0.000000000000000000e+00
6.607560774751687349e-01 0.000000000000000000e+00
6.623667414521843266e-01 0.000000000000000000e+00
6.639793658271999632e-01 0.000000000000000000e+00
6.655939506002157557e-01 0.000000000000000000e+00
6.672104957712314821e-01 0.000000000000000000e+00
6.688290013402472534e-01 0.000000000000000000e+00
6.704494673072629585e-01 0.000000000000000000e+00
6.720718936722788195e-01 0.000000000000000000e+00
6.736962804352947254e-01 0.000000000000000000e+00
6.753226275963107872e-01 0.000000000000000000e+00
6.769509351553267829e-01 0.000000000000000000e+00
6.785812031123429344e-01 0.000000000000000000e+00
6.802134314673590199e-01 0.000000000000000000e+00
6.818476202203752612e-01 0.000000000000000000e+00
6.834837693713914364e-01 0.000000000000000000e+00
6.851218789204075454e-01 0.000000000000000000e+00
6.867619488674239214e-01 0.000000000000000000e+00
6.884039792124403423e-01 0.000000000000000000e+00
6.900479699554568080e-01 0.000000000000000000e+00
6.916939210964733187e-01 0.000000000000000000e+00
6.933418326354898742e-01 0.000000000000000000e+00
6.949917045725064746e-01 0.000000000000000000e+00
6.966435369075231199e-01 0.000000000000000000e+00
6.982973296405398100e-01 0.000000000000000000e+00
6.999530827715563230e-01 0.000000000000000000e+00
7.016107963005731030e-01 0.000000000000000000e+00
7.032704702275899278e-01 0.000000000000000000e+00
7.049321045526069085e-01 0.000000000000000000e+00
7.065956992756238231e-01 0.000000000000000000e+00
7.082612543966407825e-01 0.000000000000000000e+00
7.099287699156578979e-01 0.000000000000000000e+00
7.115982458326749471e-01 0.000000000000000000e+00
7.132696821476921523e-01 0.000000000000000000e+00
7.149430788607090692e-01 0.000000000000000000e+00
7.166184359717263641e-01 0.000000000000000000e+00
7.182957534807437039e-01 0.000000000000000000e+00
7.199750313877609775e-01 0.000000000000000000e+00
7.216562696927784071e-01 0.000000000000000000e+00
7.233394683957958815e-01 0.000000000000000000e+00
7.250246274968132898e-01 0.000000000000000000e+00
7.267117469958308540e-01 0.000000000000000000e+00
7.284008268928482410e-01 0.000000000000000000e+00
7.300918671878658950e-01 0.000000000000000000e+00
7.317848678808835938e-01 0.000000000000000000e+00
7.334798289719013376e-01 0.000000000000000000e+00
7.351767504609192372e-01 0.000000000000000000e+00
7.368756323479370707e-01 0.000000000000000000e+00
7.385764746329549491e-01 0.000000000000000000e+00
7.402792773159728723e-01 0.000000000000000000e+00
7.419840403969908404e-01 0.000000000000000000e+00
7.436907638760087425e-01 0.000000000000000000e+00
7.453994477530268004e-01 0.000000000000000000e+00
7.471100920280450142e-01 0.000000000000000000e+00
7.488226967010631618e-01 0.000000000000000000e+00
7.505372617720814654e-01 0.000000000000000000e+00
7.522537872410997029e-01 0.000000000000000000e+00
7.539722731081180962e-01 0.000000000000000000e+00
7.556927193731364234e-01 0.000000000000000000e+00
7.574151260361549065e-01 0.000000000000000000e+00
7.591394930971732125e-01 0.000000000000000000e+00
7.608658205561917853e-01 0.000000000000000000e+00
7.625941084132104031e-01 0.000000000000000000e+00
7.643243566682289547e-01 0.000000000000000000e+00
7.660565653212476622e-01 0.000000000000000000e+00
7.677907343722664146e-01 0.000000000000000000e+00
7.695268638212852119e-01 0.000000000000000000e+00
7.712649536683040541e-01 0.000000000000000000e+00
7.730050039133229411e-01 0.000000000000000000e+00
7.747470145563417621e-01 0.000000000000000000e+00
7.764909855973607389e-01 0.000000000000000000e+00
7.782369170363797606e-01 0.000000000000000000e+00
7.799848088733989382e-01 0.000000000000000000e+00
7.817346611084180497e-01 0.000000000000000000e+00
7.834864737414372060e-01 0.000000000000000000e+00
7.852402467724565183e-01 0.000000000000000000e+00
7.869959802014757644e-01 0.000000000000000000e+00
7.887536740284951664e-01 0.000000000000000000e+00
7.905133282535142802e-01 0.000000000000000000e+00
7.922749428765337720e-01 0.000000000000000000e+00
7.940385178975533087e-01 0.000000000000000000e+00
7.958040533165727792e-01 0.000000000000000000e+00
7.975715491335924057e-01 0.000000000000000000e+00
7.993410053486120770e-01 0.000000000000000000e+00
8.011124219616317932e-01 0.000000000000000000e+00
8.028857989726515543e-01 0.000000000000000000e+00
8.046611363816711382e-01 0.000000000000000000e+00
8.064384341886909890e-01 0.000000000000000000e+00
8.082176923937108848e-01 0.000000000000000000e+00
8.099989109967308254e-01 0.000000000000000000e+00
8.117820899977508109e-01 0.000000000000000000e+00
8.135672293967708413e-01 0.000000000000000000e+00
8.153543291937909165e-01 0.000000000000000000e+00
8.171433893888111477e-01 0.000000000000000000e+00
8.189344099818313127e-01 0.000000000000000000e+00
8.207273909728513006e-01 0.000000000000000000e+00
8.225223323618716664e-01 0.000000000000000000e+00
8.243192341488919661e-01 0.000000000000000000e+00
8.261180963339124217e-01 0.000000000000000000e+00
8.279189189169328111e-01 0.000000000000000000e+00
8.297217018979533565e-01 0.000000000000000000e+00
8.315264452769738357e-01 0.000000000000000000e+00
8.333331490539944708e-01 0.000000000000000000e+00
8.351418132290151508e-01 0.000000000000000000e+00
8.369524378020356536e-01 0.000000000000000000e+00
8.387650227730564234e-01 0.000000000000000000e+00
8.405795681420771270e-01 0.000000000000000000e+00
8.423960739090979866e-01 0.000000000000000000e+00
8.442145400741188910e-01 0.000000000000000000e+00
8.460349666371398403e-01 0.000000000000000000e+00
8.478573535981608345e-01 0.000000000000000000e+00
8.496817009571818735e-01 0.000000000000000000e+00
8.515080087142030685e-01 0.000000000000000000e+00
8.533362768692239753e-01 0.000000000000000000e+00
8.551665054222451490e-01 0.000000000000000000e+00
8.569986943732663676e-01 0.000000000000000000e+00
8.588328437222877421e-01 0.000000000000000000e+00
8.606689534693090504e-01 0.000000000000000000e+00
8.625070236143304037e-01 0.000000000000000000e+00
8.643470541573519128e-01 0.000000000000000000e+00
8.661890450983733558e-01 0.000000000000000000e+00
8.680329964373949547e-01 0.000000000000000000e+00
8.698789081744163765e-01 0.000000000000000000e+00
8.717267803094379541e-01 0.000000000000000000e+00
8.735766128424596877e-01 0.000000000000000000e+00
8.754284057734814661e-01 0.000000000000000000e+00
8.772821591025032895e-01 0.000000000000000000e+00
8.791378728295250466e-01 0.000000000000000000e+00
8.809955469545469597e-01 0.000000000000000000e+00
8.828551814775689177e-01 0.000000000000000000e+00
8.847167763985909206e-01 0.000000000000000000e+00
8.865803317176127463e-01 0.000000000000000000e+00
8.884458474346348389e-01 0.000000000000000000e+00
8.903133235496569764e-01 0.000000000000000000e+00
8.921827600626792698e-01 0.000000000000000000e+00
8.940541569737014971e-01 0.000000000000000000e+00
8.959275142827237692e-01 0.000000000000000000e+00
8.978028319897460863e-01 0.000000000000000000e+00
8.996801100947685592e-01 0.000000000000000000e+00
9.015593485977907440e-01 0.000000000000000000e+00
9.034405474988133067e-01 0.000000000000000000e+00
9.053237067978358033e-01 0.000000000000000000e+00
9.072088264948584557e-01 0.000000000000000000e+00
9.090959065898810421e-01 0.000000000000000000e+00
9.109849470829037843e-01 0.000000000000000000e+00
9.128759479739264604e-01 0.000000000000000000e+00
9.147689092629492924e-01 0.000000000000000000e+00
9.166638309499721693e-01 0.000000000000000000e+00
9.185607130349948690e-01 0.000000000000000000e+00
9.204595555180178357e-01 0.000000000000000000e+00
9.223603583990407362e-01 0.000000000000000000e+00
9.242631216780637926e-01 0.000000000000000000e+00
9.261678453550868939e-01 0.000000000000000000e+00
9.280745294301100401e-01 0.000000000000000000e+00
9.299831739031333422e-01 0.000000000000000000e+00
9.318937787741565781e-01 0.000000000000000000e+00
9.338063440431798590e-01 0.000000000000000000e+00
9.357208697102029626e-01 0.000000000000000000e+00
9.376373557752263332e-01 0.000000000000000000e+00
9.395558022382498597e-01 0.000000000000000000e+00
9.414762090992733201e-01 0.000000000000000000e+00
9.433985763582968254e-01 0.000000000000000000e+00
9.453229040153204865e-01 0.000000000000000000e+00
9.472491920703440815e-01 0.000000000000000000e+00
9.491774405233678324e-01 0.000000000000000000e+00
9.511076493743915172e-01 0.000000000000000000e+00
9.530398186234151359e-01 0.000000000000000000e+00
9.549739482704390214e-01 0.000000000000000000e+00
9.569100383154629519e-01 0.000000000000000000e+00
9.588480887584868162e-01 0.000000000000000000e+00
9.607880995995108364e-01 0.000000000000000000e+00
9.627300708385349015e-01 0.000000000000000000e+00
9.646740024755590115e-01 0.000000000000000000e+00
9.666198945105831664e-01 0.000000000000000000e+00
9.685677469436073661e-01 0.000000000000000000e+00
9.705175597746313887e-01 0.000000000000000000e+00
9.724693330036556782e-01 0.000000000000000000e+00
9.744230666306800126e-01 0.000000000000000000e+00
9.763787606557043919e-01 0.000000000000000000e+00
9.783364150787289271e-01 0.000000000000000000e+00
9.802960298997533961e-01 0.000000000000000000e+00
9.822576051187779100e-01 0.000000000000000000e+00
9.842211407358025799e-01 0.000000000000000000e+00
9.861866367508271836e-01 0.000000000000000000e+00
9.881540931638517211e-01 0.000000000000000000e+00
9.901235099748764146e-01 0.000000000000000000e+00
9.920948871839012639e-01 0.000000000000000000e+00
9.940682247909260472e-01 0.000000000000000000e+00
9.960435227959509863e-01 0.000000000000000000e+00
9.980207811989759703e-01 0.000000000000000000e+00
1.000000000000000666e+00 0.000000000000000000e+00
